30 183.75 169.00 20.50 50.00 1.181285
30 -0.35 170.82 28.92 70.53 -0.148319
30 429.23 166.15 126.15 307.69 -0.812547
60 183.75 169.00 20.50 50.00 -0.067039
60 5.29 170.82 28.92 70.53 -0.379186
60 613.77 206.27 26.57 64.81 -1.104364
60 262.86 133.74 37.52 91.50 -1.587120
90 183.21 162.55 22.38 54.58 0.354411
90 -0.35 173.65 28.92 70.53 -0.238581
90 163.75 167.00 20.50 50.00 -1.419635
90 619.75 139.00 20.50 50.00 -1.874238
120 181.75 167.00 20.50 50.00 0.922051
120 2.47 170.82 28.92 70.53 0.316958
120 161.49 165.15 24.37 59.45 -1.488007
150 185.75 169.00 20.50 50.00 0.739608
150 -0.35 170.82 28.92 70.53 -0.785819
150 264.29 139.30 34.37 83.83 -1.485522
150 167.75 165.00 20.50 50.00 -1.526211
150 69.75 129.00 20.50 50.00 -1.695531
180 171.75 169.00 20.50 50.00 -0.829427
180 -0.50 146.00 41.00 100.00 -1.826801
180 587.36 181.78 24.37 59.45 -1.893339
180 615.91 212.67 24.37 59.45 -2.094360
210 213.75 167.00 20.50 50.00 0.438910
210 -0.46 152.06 37.52 91.50 -0.785739
210 195.75 177.00 20.50 50.00 -1.129419
210 119.86 171.27 22.38 54.58 -1.326859
210 257.75 69.00 20.50 50.00 -2.237847
210 105.75 29.00 20.50 50.00 -3.686635
210 395.75 7.00 20.50 50.00 -4.204898
240 85.77 173.85 31.54 76.92 -0.857960
240 209.42 173.45 22.38 54.58 -1.377797
240 617.88 214.91 22.38 54.58 -1.505014
240 21.75 201.00 20.50 50.00 -1.928786
270 70.39 183.08 31.54 76.92 2.708866
270 177.75 177.00 20.50 50.00 -0.894777
270 82.69 176.92 31.54 76.92 -1.446183
270 561.75 249.00 20.50 50.00 -2.006091
270 619.75 77.00 20.50 50.00 -2.146682
270 34.68 201.82 22.38 54.58 -2.155480
300 6.86 188.70 37.52 91.50 3.954330
300 82.69 161.54 31.54 76.92 -1.550151
300 557.75 181.00 20.50 50.00 -2.143883
330 615.91 181.78 24.37 59.45 -0.910337
330 251.01 131.03 26.57 64.81 -1.447943
330 52.15 175.64 22.38 54.58 -1.825021
330 482.46 245.45 22.38 54.58 -2.032146
330 83.75 67.00 20.50 50.00 -2.463652
360 619.75 151.00 20.50 50.00 -0.489943
360 175.75 159.00 20.50 50.00 -1.276830
360 605.75 157.00 20.50 50.00 -1.646840
360 154.35 60.59 24.37 59.45 -2.570578
390 355.75 149.00 20.50 50.00 0.261676
390 271.74 175.14 26.57 64.81 -0.349504
390 608.85 180.00 31.54 76.92 -0.685007
390 157.73 177.73 26.57 64.81 -1.399825
390 398.70 136.22 26.57 64.81 -1.811437
390 4.10 134.18 22.38 54.58 -2.131712
390 121.04 41.58 24.37 59.45 -3.112414
390 613.77 32.43 26.57 64.81 -3.875949
390 619.75 11.00 20.50 50.00 -4.768157
390 619.75 355.00 20.50 50.00 -7.496668
420 413.68 117.62 24.37 59.45 -0.773499
420 608.85 167.69 31.54 76.92 -0.887675
420 141.15 161.54 31.54 76.92 -1.336094
420 513.75 141.00 20.50 50.00 -1.608350
420 98.08 13.85 31.54 76.92 -4.302528
450 138.51 155.73 37.52 91.50 -0.373118
450 6.28 125.87 34.37 83.83 -1.298877
450 542.47 65.45 89.69 218.76 -2.059235
450 69.75 43.00 20.50 50.00 -3.289133
480 587.30 121.09 22.38 54.58 -0.911452
480 471.26 118.05 26.57 64.81 -1.996545
510 605.77 103.08 31.54 76.92 -0.058828
510 450.53 180.32 26.57 64.81 -1.160185
510 118.66 150.89 24.37 59.45 -1.471193
510 406.48 182.92 26.57 64.81 -1.901767
540 619.75 155.00 20.50 50.00 -0.515970
540 23.00 138.81 26.57 64.81 -0.604372
540 387.51 131.88 24.37 59.45 -1.024408
540 19.38 111.53 28.92 70.53 -1.301162
540 328.03 110.50 24.37 59.45 -1.652803
540 59.50 82.00 41.00 100.00 -2.741059
600 606.07 166.15 34.37 83.83 -0.329591
600 91.47 267.27 22.38 54.58 -2.619849
630 554.17 110.27 26.57 64.81 -1.668484
630 599.50 306.00 41.00 100.00 -3.260228
660 446.00 88.00 164.00 400.00 0.131990
660 255.75 183.00 20.50 50.00 -0.780341
660 3.75 245.00 20.50 50.00 -1.055460
660 427.21 237.41 26.57 64.81 -1.831822
660 11.75 211.00 20.50 50.00 -2.295424
660 1.91 49.09 22.38 54.58 -3.274886
690 591.56 237.82 44.67 108.95 0.009584
690 515.22 223.64 22.38 54.58 -0.412376
690 274.95 145.09 22.38 54.58 -0.921096
690 608.85 121.54 31.54 76.92 -1.294613
690 369.75 65.00 20.50 50.00 -1.321499
690 523.96 265.09 22.38 54.58 -2.079106
690 468.69 52.03 34.37 83.83 -2.972602
690 537.06 42.55 22.38 54.58 -3.336523
690 606.07 310.49 34.37 83.83 -3.901176
690 577.75 329.00 20.50 50.00 -5.331153
720 487.75 161.00 20.50 50.00 -0.831826
720 532.70 140.73 22.38 54.58 -1.269324
720 554.54 53.45 22.38 54.58 -1.627210
720 563.52 32.47 28.92 70.53 -3.440828
750 561.09 142.91 22.38 54.58 -0.839901
750 362.32 160.36 22.38 54.58 -0.867682
750 301.16 125.45 22.38 54.58 -1.653740
750 619.75 123.00 20.50 50.00 -1.737961
750 619.75 161.00 20.50 50.00 -1.767753
750 599.50 10.00 41.00 100.00 -4.584192
780 317.75 175.00 20.50 50.00 0.036643
780 431.75 171.00 20.50 50.00 -0.633193
780 215.97 175.64 22.38 54.58 -0.874978
780 57.75 155.00 20.50 50.00 -1.132442
780 471.75 103.00 20.50 50.00 -2.062240
780 606.96 55.64 22.38 54.58 -2.262700
780 619.75 33.00 20.50 50.00 -3.563126
810 415.75 175.00 20.50 50.00 -0.398606
810 205.05 182.18 22.38 54.58 -0.414542
810 283.50 134.00 41.00 100.00 -1.018705
810 -0.27 173.45 22.38 54.58 -1.321572
810 613.77 125.84 26.57 64.81 -1.541370
810 33.75 159.00 20.50 50.00 -1.632432
810 470.38 112.31 31.54 76.92 -1.846319
810 585.26 149.19 26.57 64.81 -1.930665
810 21.11 169.90 24.37 59.45 -1.980730
840 486.83 92.73 22.38 54.58 0.105644
840 410.38 166.91 22.38 54.58 -0.847136
840 495.75 101.00 20.50 50.00 -1.889810
870 477.75 169.00 20.50 50.00 -0.448279
870 507.75 173.00 20.50 50.00 -0.863112
870 544.54 81.98 24.37 59.45 -0.911351
870 361.34 150.89 24.37 59.45 -1.688769
870 427.96 93.86 24.37 59.45 -2.207898
870 567.75 89.00 20.50 50.00 -2.401328
900 -0.38 198.46 31.54 76.92 -2.031398
900 317.75 65.00 20.50 50.00 -2.240762
930 145.83 188.70 37.52 91.50 -0.770357
930 443.23 198.71 52.90 129.03 -1.057999
930 238.06 232.22 26.57 64.81 -1.505377
930 277.70 21.82 34.37 83.83 -3.887385
960 191.50 162.00 41.00 100.00 -1.310976
960 423.77 67.79 37.52 91.50 -2.398559
960 207.33 38.60 34.37 83.83 -2.893979
960 522.30 52.03 34.37 83.83 -3.010141
960 143.89 36.00 22.38 54.58 -3.214765
990 207.33 135.94 34.37 83.83 -0.449845
1020 593.75 141.00 20.50 50.00 0.190210
1020 343.50 110.00 41.00 100.00 -0.691929
1020 611.17 149.19 26.57 64.81 -1.244962
1050 544.54 181.78 24.37 59.45 -0.377442
1050 256.65 141.39 24.37 59.45 -1.095066
1050 67.05 151.78 26.57 64.81 -1.598610
1050 599.50 142.00 41.00 100.00 -1.631902
1050 2.47 196.24 28.92 70.53 -1.861240
1080 41.75 201.00 20.50 50.00 -0.797625
1080 473.75 161.00 20.50 50.00 -1.484086
1080 613.77 141.41 26.57 64.81 -1.531223
1080 235.63 116.73 22.38 54.58 -1.660227
1080 171.00 165.15 24.37 59.45 -1.682804
1080 403.75 65.00 20.50 50.00 -2.597703
1080 613.77 71.35 26.57 64.81 -2.919103
1080 328.74 -1.30 26.57 64.81 -4.116110
1110 408.38 132.59 34.37 83.83 -0.306912
1110 541.21 141.41 26.57 64.81 -1.089255
1110 130.78 164.73 22.38 54.58 -1.743223
1140 586.08 114.35 28.92 70.53 -1.041379
1140 611.45 117.18 28.92 70.53 -1.221805
1140 598.22 123.24 26.57 64.81 -1.477891
1140 85.18 149.19 26.57 64.81 -1.524361
1140 341.75 37.00 20.50 50.00 -2.808183
1140 353.75 39.00 20.50 50.00 -3.068955
1140 95.75 37.00 20.50 50.00 -3.097930
1170 617.88 195.27 22.38 54.58 -1.135659
1170 333.75 23.00 20.50 50.00 -4.071303
1170 318.51 5.94 24.37 59.45 -4.567003
1200 41.75 41.00 20.50 50.00 -3.571297
1230 475.54 148.51 24.37 59.45 -0.316367
1230 291.75 151.00 20.50 50.00 -0.816988
1230 602.97 133.74 37.52 91.50 -1.160998
1260 261.85 131.29 28.92 70.53 1.354383
1260 159.75 159.00 20.50 50.00 0.432535
1260 419.75 129.00 20.50 50.00 -0.702425
1260 543.75 159.00 20.50 50.00 -0.801455
1260 301.32 136.94 28.92 70.53 -0.887982
1260 383.54 126.41 37.52 91.50 -1.167269
1260 273.46 127.69 31.54 76.92 -1.603047
1260 36.30 60.71 28.92 70.53 -2.306466
1260 28.25 51.09 24.37 59.45 -2.734416
1290 273.83 119.08 37.52 91.50 0.020716
1290 143.75 133.00 20.50 50.00 -0.947723
1290 608.85 146.15 31.54 76.92 -1.118865
1290 115.49 156.00 22.38 54.58 -1.387636
1290 298.50 131.29 28.92 70.53 -1.741991
1290 407.75 167.00 20.50 50.00 -1.846192
1290 339.75 103.00 20.50 50.00 -1.913058
1320 69.75 153.00 20.50 50.00 -0.440089
1320 278.10 111.27 44.67 108.95 -0.681606
1320 619.75 139.00 20.50 50.00 -1.273144
1320 121.46 128.43 26.57 64.81 -1.309816
1320 115.49 162.55 22.38 54.58 -1.508024
1320 191.75 169.00 20.50 50.00 -1.533689
1320 321.75 151.00 20.50 50.00 -1.631397
1320 611.45 97.41 28.92 70.53 -2.006427
1350 351.75 155.00 20.50 50.00 -0.493951
1350 602.97 108.09 37.52 91.50 -0.501990
1350 34.68 147.27 22.38 54.58 -0.627636
1350 321.37 97.10 37.52 91.50 -1.832676
1350 267.74 69.68 52.90 129.03 -1.835672
1350 594.50 141.39 24.37 59.45 -2.005910
1350 83.66 82.44 37.52 91.50 -2.036047
1350 3.81 111.27 44.67 108.95 -2.047550
1350 201.93 24.95 24.37 59.45 -4.021127
1380 367.75 149.00 20.50 50.00 -0.793845
1380 381.75 161.00 20.50 50.00 -1.222826
1380 125.80 136.63 24.37 59.45 -1.257843
1380 615.91 117.62 24.37 59.45 -2.099396
1380 -0.46 97.10 37.52 91.50 -2.213372
1380 484.64 57.82 22.38 54.58 -2.586763
1380 182.90 5.94 24.37 59.45 -4.394875
1410 575.46 143.76 24.37 59.45 -0.170058
1410 95.00 121.54 31.54 76.92 -0.922034
1410 151.97 141.39 24.37 59.45 -0.994850
1410 436.59 153.82 22.38 54.58 -1.822078
1410 75.77 125.65 28.92 70.53 -1.893285
1410 261.41 62.97 24.37 59.45 -2.461179
1410 -0.42 62.10 34.37 83.83 -3.128377
1440 602.97 137.40 37.52 91.50 -0.703516
1440 501.71 134.26 24.37 59.45 -0.722531
1440 421.30 158.18 22.38 54.58 -1.821629
1440 -0.42 102.38 34.37 83.83 -2.028379
1440 39.62 109.23 31.54 76.92 -2.234078
1440 264.67 40.94 28.92 70.53 -2.658353
1470 531.75 187.00 20.50 50.00 -1.029535
1470 478.37 146.18 44.67 108.95 -1.382622
1470 619.75 129.00 20.50 50.00 -1.479684
1470 505.55 156.08 34.37 83.83 -1.567967
1470 92.95 133.62 26.57 64.81 -1.990777
1470 619.75 51.00 20.50 50.00 -2.155716
1470 601.75 45.00 20.50 50.00 -3.309015
1470 351.75 19.00 20.50 50.00 -3.416995
1470 609.75 37.00 20.50 50.00 -3.705577
1470 248.85 20.00 31.54 76.92 -3.911328
1470 617.88 22.91 22.38 54.58 -3.989527
1470 388.27 15.11 34.37 83.83 -4.415276
1470 357.75 9.00 20.50 50.00 -4.503310
1500 337.75 133.00 20.50 50.00 -0.213974
1500 87.75 135.00 20.50 50.00 -1.213273
1500 46.32 131.03 26.57 64.81 -1.717050
1500 524.29 28.57 117.14 285.71 -3.099387
1530 325.75 135.00 20.50 50.00 -0.319615
1530 181.75 157.00 20.50 50.00 -0.407380
1530 443.14 145.09 22.38 54.58 -1.368240
1530 523.12 153.27 24.37 59.45 -1.897604
1530 467.75 73.00 20.50 50.00 -2.047245
1530 613.77 245.19 26.57 64.81 -2.871167
1530 75.75 35.00 20.50 50.00 -3.326046
1560 499.33 155.64 24.37 59.45 0.376800
1560 470.78 165.15 24.37 59.45 0.263428
1560 315.75 145.00 20.50 50.00 -1.264890
1560 574.20 145.09 22.38 54.58 -1.492489
1560 543.81 6.49 26.57 64.81 -3.593145
1590 461.75 181.00 20.50 50.00 0.519907
1590 449.75 157.00 20.50 50.00 -1.399712
1590 543.67 146.18 44.67 108.95 -1.426240
1620 397.75 163.00 20.50 50.00 0.299051
1620 619.75 161.00 20.50 50.00 -0.031331
1620 619.75 135.00 20.50 50.00 -0.385060
1620 519.75 167.00 20.50 50.00 -0.549154
1620 531.75 163.00 20.50 50.00 -1.116979
1620 615.91 60.59 24.37 59.45 -2.050198
1650 438.77 140.73 22.38 54.58 0.705907
1650 601.75 123.00 20.50 50.00 0.325305
1650 434.40 127.64 22.38 54.58 -0.371428
1650 515.75 131.00 20.50 50.00 -0.404700
1650 29.75 135.00 20.50 50.00 -1.145017
1650 480.30 127.13 24.37 59.45 -1.489286
1650 521.75 97.00 20.50 50.00 -1.613425
1650 -0.46 115.42 37.52 91.50 -1.856414
1650 599.50 42.00 41.00 100.00 -2.647576
1650 470.78 43.96 24.37 59.45 -3.474943
1680 470.38 152.31 31.54 76.92 -0.167097
1680 353.75 149.00 20.50 50.00 -0.532651
1680 135.75 141.00 20.50 50.00 -0.766748
1680 475.39 119.16 34.37 83.83 -0.906165
1680 111.13 149.45 22.38 54.58 -1.151037
1680 125.75 139.00 20.50 50.00 -1.722006
1680 577.69 70.77 63.08 153.85 -1.786076
1710 363.75 157.00 20.50 50.00 0.589021
1710 371.06 153.82 22.38 54.58 0.215851
1710 103.32 154.38 26.57 64.81 -0.162637
1710 559.16 139.30 34.37 83.83 -0.637800
1710 473.72 164.73 22.38 54.58 -1.637669
1710 521.77 164.73 22.38 54.58 -1.709699
1710 606.07 75.52 34.37 83.83 -2.519418
1710 309.90 70.91 22.38 54.58 -2.663829
1740 410.38 171.27 22.38 54.58 0.436617
1740 401.78 160.40 24.37 59.45 -0.878329
1740 113.31 149.45 22.38 54.58 -1.003836
1740 602.97 122.75 37.52 91.50 -1.666348
1740 384.16 156.00 22.38 54.58 -1.750842
1740 619.75 75.00 20.50 50.00 -2.277448
1740 619.75 53.00 20.50 50.00 -3.018975
1740 316.13 32.08 24.37 59.45 -3.070078
1740 617.88 267.27 22.38 54.58 -3.163174
1770 361.75 5.00 20.50 50.00 -4.343320
1800 599.50 90.00 41.00 100.00 -1.035322
1800 223.75 159.00 20.50 50.00 -1.101896
1830 204.31 162.77 24.37 59.45 0.251957
1830 602.97 152.06 37.52 91.50 -0.465435
1830 153.75 163.00 20.50 50.00 -0.587639
1830 515.99 84.36 24.37 59.45 -2.479085
