30 611.15 181.78 24.37 59.45 5.147107
30 457.75 177.00 20.50 50.00 2.992471
30 3.20 247.33 37.52 91.50 0.480171
30 424.62 154.38 26.57 64.81 -0.176460
30 475.90 180.00 22.38 54.58 -0.200109
30 367.50 142.00 41.00 100.00 -0.981865
30 61.59 104.47 57.98 141.42 -1.522445
30 -0.25 77.00 20.50 50.00 -2.857838
30 523.96 53.45 22.38 54.58 -3.082436
60 611.15 179.41 24.37 59.45 4.860151
60 467.75 177.00 20.50 50.00 1.551584
60 2.93 256.78 34.37 83.83 0.693491
60 475.75 183.00 20.50 50.00 0.302107
60 424.62 154.38 26.57 64.81 0.200025
60 365.17 133.09 44.67 108.95 -0.677819
60 61.59 104.47 57.98 141.42 -1.164334
60 155.75 193.00 20.50 50.00 -1.240672
60 -0.42 85.59 34.37 83.83 -2.145169
60 549.29 36.83 24.37 59.45 -3.379261
60 3.75 317.00 20.50 50.00 -5.927851
90 613.53 181.78 24.37 59.45 4.961257
90 477.75 179.00 20.50 50.00 4.199019
90 3.20 250.99 37.52 91.50 1.046057
90 369.75 133.00 20.50 50.00 -0.169678
90 422.02 154.38 26.57 64.81 -0.585871
90 604.01 184.16 24.37 59.45 -0.953259
90 481.75 191.00 20.50 50.00 -1.140368
90 368.85 164.62 31.54 76.92 -1.308889
90 -0.25 75.00 20.50 50.00 -2.399438
90 435.75 389.00 20.50 50.00 -9.704822
120 611.15 181.78 24.37 59.45 5.003868
120 477.92 174.65 24.37 59.45 3.162170
120 3.20 254.66 37.52 91.50 0.384068
120 368.85 164.62 31.54 76.92 -0.950330
120 369.75 131.00 20.50 50.00 -1.053110
120 422.02 154.38 26.57 64.81 -1.216355
120 438.53 387.69 34.37 83.83 -10.022785
150 613.52 186.55 22.38 54.58 4.401404
150 495.75 177.00 20.50 50.00 2.910517
150 477.75 187.00 20.50 50.00 1.344325
150 3.20 254.66 37.52 91.50 0.272571
150 424.62 156.97 26.57 64.81 0.215754
150 364.44 130.69 48.64 118.64 -0.621159
150 95.75 195.00 20.50 50.00 -1.416514
150 139.60 255.57 26.57 64.81 -2.886764
180 505.75 197.00 20.50 50.00 3.983882
180 151.75 213.00 20.50 50.00 0.582711
180 619.75 213.00 20.50 50.00 0.113828
180 157.53 162.35 28.92 70.53 -0.704927
180 511.75 191.00 20.50 50.00 -0.770976
180 424.62 172.54 26.57 64.81 -0.779342
180 478.09 199.64 22.38 54.58 -1.323423
180 368.87 151.64 22.38 54.58 -1.574737
180 461.75 121.00 20.50 50.00 -1.650335
180 365.02 185.51 26.57 64.81 -1.688368
180 143.75 209.00 20.50 50.00 -1.767712
180 -0.38 275.38 31.54 76.92 -1.897359
210 519.75 209.00 20.50 50.00 3.713288
210 481.75 215.00 20.50 50.00 1.207713
210 419.74 184.94 28.92 70.53 0.226828
210 368.17 156.08 34.37 83.83 -0.620643
210 44.91 129.50 24.37 59.45 -0.905541
210 95.75 149.00 20.50 50.00 -1.021770
210 239.50 190.00 41.00 100.00 -1.254269
210 461.75 133.00 20.50 50.00 -1.476656
210 356.54 207.69 31.54 76.92 -1.889162
210 -0.42 273.57 34.37 83.83 -3.407794
240 541.75 209.00 20.50 50.00 6.043400
240 424.23 176.92 31.54 76.92 0.685312
240 491.75 215.00 20.50 50.00 0.296645
240 547.75 203.00 20.50 50.00 0.184538
240 435.18 159.44 34.37 83.83 -0.737252
240 41.13 120.65 26.57 64.81 -0.928393
240 368.99 151.06 28.92 70.53 -1.109184
240 -0.71 262.59 57.98 141.42 -2.847516
270 569.75 199.00 20.50 50.00 4.997560
270 507.75 205.00 20.50 50.00 0.981204
270 436.54 167.69 31.54 76.92 0.540371
270 432.71 139.01 24.37 59.45 -0.737995
270 372.57 137.40 37.52 91.50 -1.018785
270 33.75 109.00 20.50 50.00 -1.371781
270 3.75 125.00 20.50 50.00 -1.836729
270 447.50 142.00 41.00 100.00 -1.904986
270 84.23 249.88 28.92 70.53 -3.066413
270 27.75 297.00 20.50 50.00 -4.029669
270 17.20 308.73 22.38 54.58 -4.952047
300 615.75 189.00 20.50 50.00 4.488853
300 438.77 134.18 22.38 54.58 0.417913
300 382.75 139.01 24.37 59.45 -0.722404
300 619.75 171.00 20.50 50.00 -1.192200
300 47.75 93.00 20.50 50.00 -1.364531
300 527.88 198.42 24.37 59.45 -1.598582
300 27.84 88.94 28.92 70.53 -2.484853
300 571.75 41.00 20.50 50.00 -2.742870
330 427.75 147.00 20.50 50.00 -0.311337
330 568.85 189.23 31.54 76.92 -1.398603
330 395.75 193.00 20.50 50.00 -1.405156
330 455.71 120.65 26.57 64.81 -1.659688
330 12.98 85.59 34.37 83.83 -1.689927
330 478.22 121.19 48.64 118.64 -1.785182
330 35.95 79.14 26.57 64.81 -1.872095
330 5.75 115.00 20.50 50.00 -1.889860
330 571.79 57.47 69.16 168.67 -1.970169
330 5.75 239.00 20.50 50.00 -2.002460
330 511.75 17.00 20.50 50.00 -3.468995
360 484.21 118.05 26.57 64.81 -0.962625
360 -0.27 73.09 22.38 54.58 -1.152100
360 67.50 258.00 41.00 100.00 -1.502975
360 500.00 116.13 52.90 129.03 -1.712021
360 36.86 84.00 22.38 54.58 -1.712486
360 -0.35 165.18 28.92 70.53 -1.796248
360 79.75 183.00 20.50 50.00 -1.852926
360 615.91 67.72 24.37 59.45 -2.201237
360 577.69 89.23 63.08 153.85 -2.319731
360 21.11 74.85 24.37 59.45 -2.409105
360 461.75 69.00 20.50 50.00 -2.440265
360 217.33 89.51 26.57 64.81 -2.463869
360 511.75 31.00 20.50 50.00 -3.052912
360 -0.59 316.04 48.64 118.64 -5.509083
390 23.00 156.00 82.00 200.00 -0.529505
390 571.79 84.51 69.16 168.67 -0.539774
390 136.22 60.00 176.63 430.80 -0.678958
390 481.75 185.00 20.50 50.00 -0.927817
390 541.75 113.00 20.50 50.00 -1.848253
390 -0.35 55.06 28.92 70.53 -1.849966
390 55.76 -9.60 197.95 482.80 -2.552618
390 19.39 55.64 22.38 54.58 -2.681721
420 238.33 140.00 136.67 333.33 1.287698
420 501.75 193.00 20.50 50.00 0.849349
420 286.00 72.00 164.00 400.00 -0.091896
420 -0.32 188.11 26.57 64.81 -0.408355
420 45.60 180.00 22.38 54.58 -1.500187
420 585.97 146.01 34.37 83.83 -1.893943
420 -0.27 228.00 22.38 54.58 -2.633687
420 75.84 46.34 24.37 59.45 -2.824946
420 36.86 51.27 22.38 54.58 -3.216013
420 18.74 36.83 24.37 59.45 -3.438020
420 8.46 20.73 22.38 54.58 -3.462477
420 615.91 8.32 24.37 59.45 -4.332823
450 565.46 151.64 22.38 54.58 0.072017
450 446.99 217.43 24.37 59.45 -1.151133
450 187.75 183.00 20.50 50.00 -1.198548
450 263.75 181.00 20.50 50.00 -1.886867
450 584.23 161.54 31.54 76.92 -1.980649
450 458.88 205.54 24.37 59.45 -2.316867
450 456.51 231.68 24.37 59.45 -2.413638
450 59.18 13.07 24.37 59.45 -3.765117
450 6.28 5.45 22.38 54.58 -3.962661
480 587.31 149.23 31.54 76.92 0.206394
480 113.31 180.00 22.38 54.58 -1.002758
480 281.50 138.55 22.38 54.58 -1.208160
480 167.75 189.00 20.50 50.00 -1.298021
480 550.38 164.62 31.54 76.92 -1.584491
480 619.75 143.00 20.50 50.00 -1.806717
480 589.75 111.00 20.50 50.00 -1.928322
480 565.86 162.80 34.37 83.83 -1.982435
480 205.75 69.00 20.50 50.00 -2.310256
510 615.91 186.53 24.37 59.45 0.466845
510 -0.65 162.58 52.90 129.03 -0.520169
510 606.39 191.29 24.37 59.45 -0.954104
510 447.75 187.00 20.50 50.00 -1.309891
510 59.18 155.64 24.37 59.45 -2.018636
510 615.91 29.70 24.37 59.45 -2.407412
510 47.09 56.79 37.52 91.50 -2.418559
510 489.86 21.82 89.69 218.76 -3.555384
540 427.96 196.04 24.37 59.45 -0.046471
540 595.75 209.00 20.50 50.00 -0.099667
540 107.75 177.00 20.50 50.00 -0.219484
540 587.74 110.97 52.90 129.03 -0.707036
540 35.75 139.00 20.50 50.00 -1.375311
540 59.75 207.00 20.50 50.00 -1.842263
540 -0.32 156.97 26.57 64.81 -1.970325
540 574.90 14.27 26.57 64.81 -2.137787
540 605.81 201.88 28.92 70.53 -2.168285
540 77.75 199.00 20.50 50.00 -2.216216
540 524.05 60.71 28.92 70.53 -2.601110
540 420.11 16.49 37.52 91.50 -3.480865
540 9.75 25.00 20.50 50.00 -3.838959
570 494.57 231.68 24.37 59.45 -0.247002
570 39.75 181.00 20.50 50.00 -0.979790
570 2.08 89.11 24.37 59.45 -1.658961
570 389.75 105.00 20.50 50.00 -1.662770
570 403.75 121.00 20.50 50.00 -1.676366
570 445.75 103.00 20.50 50.00 -1.820559
570 507.53 35.03 26.57 64.81 -3.186163
600 109.75 139.00 20.50 50.00 -0.235639
600 175.75 187.00 20.50 50.00 -0.723638
600 341.15 173.85 31.54 76.92 -0.983680
600 558.16 166.15 75.52 184.20 -1.112214
600 489.81 70.10 24.37 59.45 -1.190867
600 434.40 92.73 22.38 54.58 -1.268496
600 19.75 179.00 20.50 50.00 -1.620593
600 99.75 137.00 20.50 50.00 -1.733052
600 422.02 76.54 26.57 64.81 -1.994656
600 436.65 60.71 28.92 70.53 -2.346480
600 524.29 -5.71 117.14 285.71 -4.518740
630 449.37 177.71 37.52 91.50 -0.785464
630 95.75 123.00 20.50 50.00 -0.969027
630 567.75 139.00 20.50 50.00 -1.425857
630 619.75 135.00 20.50 50.00 -1.447032
630 222.53 182.18 22.38 54.58 -1.746537
630 608.85 56.92 31.54 76.92 -3.046566
630 606.07 8.39 34.37 83.83 -4.309814
630 571.50 10.00 41.00 100.00 -4.457348
660 175.75 139.00 20.50 50.00 -0.389509
660 551.23 48.00 89.69 218.76 -1.339400
660 212.79 150.55 44.67 108.95 -1.385533
660 137.75 121.00 20.50 50.00 -1.894863
660 444.61 77.23 24.37 59.45 -2.454530
660 619.75 297.00 20.50 50.00 -3.212890
660 595.92 -2.18 44.67 108.95 -4.008183
690 585.12 195.27 22.38 54.58 -0.488921
690 116.28 136.22 26.57 64.81 -1.233691
690 215.50 154.00 41.00 100.00 -1.673676
690 51.75 67.00 20.50 50.00 -2.000525
690 543.67 150.55 44.67 108.95 -2.133368
690 576.38 38.18 22.38 54.58 -2.500058
690 530.85 66.16 26.57 64.81 -2.516591
690 615.91 43.96 24.37 59.45 -2.690597
720 500.14 154.91 44.67 108.95 0.964544
720 439.62 167.69 31.54 76.92 -0.244903
720 23.75 101.00 20.50 50.00 -0.415753
720 458.30 175.14 26.57 64.81 -0.420376
720 35.39 160.40 24.37 59.45 -0.650549
720 49.75 175.00 20.50 50.00 -0.706736
720 511.75 135.00 20.50 50.00 -0.998873
720 602.97 283.97 37.52 91.50 -1.185315
720 585.12 256.36 22.38 54.58 -3.234425
750 419.74 184.94 28.92 70.53 1.631425
750 601.75 187.00 20.50 50.00 -0.201799
750 431.01 187.76 28.92 70.53 -0.413065
750 115.75 157.00 20.50 50.00 -0.846444
750 414.10 168.00 28.92 70.53 -0.978875
750 368.87 169.09 22.38 54.58 -1.229299
750 105.75 161.00 20.50 50.00 -1.398909
750 602.97 122.75 37.52 91.50 -1.658194
750 25.14 56.79 37.52 91.50 -2.223483
780 433.75 173.00 20.50 50.00 3.696183
780 481.75 155.00 20.50 50.00 0.005030
780 -0.38 136.92 31.54 76.92 -0.094799
780 427.75 179.00 20.50 50.00 -1.015343
780 498.68 213.18 28.92 70.53 -1.257451
780 29.75 167.00 20.50 50.00 -1.261133
780 41.23 149.45 22.38 54.58 -1.404770
780 33.75 141.00 20.50 50.00 -1.773855
780 212.79 172.36 44.67 108.95 -1.951415
780 437.75 187.00 20.50 50.00 -1.983992
780 93.75 83.00 20.50 50.00 -2.114053
780 1.75 53.00 20.50 50.00 -2.305485
780 619.75 235.00 20.50 50.00 -2.365480
810 436.54 164.62 31.54 76.92 2.741132
810 565.52 121.85 75.52 184.20 -0.921272
810 525.75 127.00 20.50 50.00 -1.231855
810 577.69 58.46 63.08 153.85 -1.782988
810 615.91 281.58 24.37 59.45 -1.872152
810 366.69 158.18 22.38 54.58 -1.922606
810 61.75 71.00 20.50 50.00 -2.093370
810 49.75 53.00 20.50 50.00 -2.200440
810 -0.50 58.00 41.00 100.00 -2.696959
810 73.99 68.73 22.38 54.58 -2.801595
810 548.99 250.38 26.57 64.81 -3.145730
840 487.50 162.00 41.00 100.00 4.327758
840 617.75 195.00 20.50 50.00 0.469667
840 430.33 172.28 24.37 59.45 0.215818
840 414.74 149.45 22.38 54.58 -0.082126
840 598.22 138.81 26.57 64.81 -0.935299
840 375.75 167.00 20.50 50.00 -1.060913
840 392.90 166.91 22.38 54.58 -1.245609
840 545.75 181.00 20.50 50.00 -1.358668
840 56.80 162.77 24.37 59.45 -1.606726
840 475.39 179.58 34.37 83.83 -1.659261
840 58.85 55.06 28.92 70.53 -2.090943
840 40.15 58.22 24.37 59.45 -2.898741
840 21.11 41.58 24.37 59.45 -3.799677
870 571.54 150.77 63.08 153.85 4.820266
870 476.54 180.00 31.54 76.92 1.999634
870 409.07 164.76 26.57 64.81 0.789386
870 466.07 188.11 26.57 64.81 0.119003
870 391.75 177.00 20.50 50.00 -0.175762
870 25.59 159.57 26.57 64.81 -0.192059
870 211.75 163.00 20.50 50.00 -0.208247
870 121.75 163.00 20.50 50.00 -1.151978
870 401.75 173.00 20.50 50.00 -1.429834
870 523.08 227.03 26.57 64.81 -1.519309
870 92.49 148.51 24.37 59.45 -1.626456
870 617.88 55.64 22.38 54.58 -2.868539
870 -0.42 38.60 34.37 83.83 -3.140166
870 33.46 47.69 31.54 76.92 -3.504075
900 571.79 138.59 69.16 168.67 0.462171
900 411.85 116.44 48.64 118.64 -0.088648
900 147.21 162.77 24.37 59.45 -0.160362
900 582.65 81.88 57.98 141.42 -1.458558
900 199.75 171.00 20.50 50.00 -1.501755
900 539.32 185.45 44.67 108.95 -1.558462
900 383.75 171.00 20.50 50.00 -1.654543
900 401.64 186.55 22.38 54.58 -1.782404
900 -0.42 11.75 34.37 83.83 -4.513017
930 424.23 186.15 31.54 76.92 2.333352
930 191.75 175.00 20.50 50.00 0.353692
930 128.18 167.52 24.37 59.45 -1.235744
930 421.15 164.62 31.54 76.92 -1.666756
930 109.75 97.00 20.50 50.00 -1.831066
960 494.84 178.06 52.90 129.03 4.292602
960 402.82 165.18 28.92 70.53 -0.319906
960 121.75 185.00 20.50 50.00 -0.572471
960 183.75 177.00 20.50 50.00 -0.830062
960 518.95 129.23 34.37 83.83 -0.972835
960 35.75 187.00 20.50 50.00 -0.989558
960 465.31 150.55 44.67 108.95 -1.029119
960 375.75 169.00 20.50 50.00 -1.553176
960 480.30 67.72 24.37 59.45 -2.734037
960 595.92 24.00 44.67 108.95 -3.802493
990 83.75 177.00 20.50 50.00 1.372482
990 377.75 175.00 20.50 50.00 -0.188373
990 537.14 174.05 37.52 91.50 -0.353315
990 483.75 159.00 20.50 50.00 -0.949506
990 163.87 169.90 24.37 59.45 -1.021768
990 495.78 172.36 44.67 108.95 -1.104889
990 577.69 126.15 63.08 153.85 -1.136781
990 526.17 188.70 37.52 91.50 -1.185109
990 69.64 159.57 26.57 64.81 -1.411777
990 -1.00 156.00 82.00 200.00 -1.489897
990 611.45 278.12 28.92 70.53 -1.563855
990 582.65 76.23 57.98 141.42 -1.796549
990 497.75 83.00 20.50 50.00 -2.031839
990 466.02 84.36 24.37 59.45 -2.213037
990 548.03 6.55 44.67 108.95 -4.789163
1020 407.50 138.00 41.00 100.00 0.130550
1020 390.93 162.16 26.57 64.81 -0.255479
1020 478.09 219.27 22.38 54.58 -0.918328
1020 371.81 156.71 28.92 70.53 -1.003772
1020 61.59 172.24 57.98 141.42 -1.008791
1020 149.07 159.53 28.92 70.53 -1.711570
1020 542.16 36.83 24.37 59.45 -3.116340
1020 567.50 14.00 41.00 100.00 -3.770263
1050 595.63 182.92 26.57 64.81 4.053234
1050 401.75 187.00 20.50 50.00 0.435902
1050 392.90 180.00 22.38 54.58 0.125983
1050 15.00 156.00 82.00 200.00 0.016276
1050 385.75 179.00 20.50 50.00 -0.365024
1050 606.07 176.22 34.37 83.83 -0.677828
1050 445.75 181.00 20.50 50.00 -0.835568
1050 541.29 105.81 52.90 129.03 -0.988860
1050 523.12 186.53 24.37 59.45 -1.136247
1050 427.75 185.00 20.50 50.00 -1.199648
1050 213.92 165.18 28.92 70.53 -1.333753
1050 203.75 187.00 20.50 50.00 -1.880332
1050 617.88 88.36 22.38 54.58 -2.554760
1050 599.50 10.00 41.00 100.00 -3.543425
1050 463.00 28.00 82.00 200.00 -4.023462
1050 513.20 15.27 44.67 108.95 -4.587587
1080 417.75 185.00 20.50 50.00 1.028192
1080 468.40 172.28 24.37 59.45 -0.354373
1080 587.74 95.48 52.90 129.03 -0.815038
1080 507.75 181.00 20.50 50.00 -1.211956
1080 455.71 167.35 26.57 64.81 -1.299415
1080 617.88 206.18 22.38 54.58 -1.333490
1080 27.61 183.53 57.98 141.42 -1.465200
1080 408.19 182.18 22.38 54.58 -1.499426
1080 43.41 132.00 22.38 54.58 -2.045192
1110 499.93 193.09 22.38 54.58 0.386915
1110 432.90 116.13 52.90 129.03 0.096562
1110 417.75 179.00 20.50 50.00 -0.195733
1110 39.58 158.87 69.16 168.67 -0.429521
1110 561.94 167.35 26.57 64.81 -0.527635
1110 191.75 177.00 20.50 50.00 -0.847089
1110 504.23 155.38 31.54 76.92 -0.875484
1110 -0.32 149.19 26.57 64.81 -1.565114
1110 486.80 180.32 26.57 64.81 -1.588067
1140 440.16 164.76 26.57 64.81 0.112429
1140 607.75 197.00 20.50 50.00 -0.065086
1140 401.64 123.27 22.38 54.58 -0.553438
1140 538.08 186.15 31.54 76.92 -0.942845
1140 31.00 132.00 82.00 200.00 -1.093208
1140 123.75 131.00 20.50 50.00 -1.450844
1140 181.75 169.00 20.50 50.00 -1.469824
1140 506.47 215.05 24.37 59.45 -1.496464
1140 463.72 104.47 57.98 141.42 -1.665884
1140 449.69 184.36 22.38 54.58 -2.100445
1140 585.12 70.91 22.38 54.58 -2.702055
1170 532.51 190.59 28.92 70.53 1.055984
1170 14.84 188.39 52.90 129.03 -0.474017
1170 447.89 133.09 44.67 108.95 -0.532079
1170 559.00 68.00 82.00 200.00 -0.773282
1170 172.29 171.27 22.38 54.58 -0.804181
1170 463.87 116.13 52.90 129.03 -0.808697
1170 547.99 199.64 22.38 54.58 -0.947196
1170 427.85 105.82 22.38 54.58 -1.061989
1170 411.30 105.74 24.37 59.45 -1.474032
1170 501.71 186.53 24.37 59.45 -1.625588
1170 -0.35 232.94 28.92 70.53 -2.557615
1170 42.07 263.76 48.64 118.64 -3.201741
1170 510.85 22.91 22.38 54.58 -3.607415
1200 577.75 185.00 20.50 50.00 2.060118
1200 586.08 179.29 28.92 70.53 1.133938
1200 6.86 192.37 37.52 91.50 -0.867145
1200 565.46 149.45 22.38 54.58 -0.963554
1200 553.75 193.00 20.50 50.00 -1.244676
1200 476.12 60.71 28.92 70.53 -1.602245
1200 592.00 106.93 48.64 118.64 -1.659187
1200 602.97 170.38 37.52 91.50 -1.752405
1200 375.00 143.08 31.54 76.92 -1.776840
1200 409.75 199.00 20.50 50.00 -1.783655
1200 580.22 200.79 24.37 59.45 -2.029704
1200 499.33 91.48 24.37 59.45 -2.079816
1200 30.31 127.64 22.38 54.58 -2.091282
1200 573.75 13.00 20.50 50.00 -3.811029
1230 460.95 181.09 44.67 108.95 -0.622244
1230 -0.92 151.38 75.52 184.20 -1.319889
1230 98.14 154.38 26.57 64.81 -1.612587
1230 167.92 175.64 22.38 54.58 -1.642906
1230 613.75 39.00 20.50 50.00 -2.239950
1230 556.72 38.18 22.38 54.58 -2.920052
1230 497.17 14.27 26.57 64.81 -3.587920
1260 56.80 141.39 24.37 59.45 -0.198757
1260 391.62 149.37 34.37 83.83 -0.465443
1260 177.75 171.00 20.50 50.00 -0.492036
1260 477.75 91.00 20.50 50.00 -1.158106
1260 -0.46 126.41 37.52 91.50 -1.894924
1260 517.89 177.73 26.57 64.81 -1.924292
1260 553.75 61.00 20.50 50.00 -2.906541
1260 602.97 16.49 37.52 91.50 -3.429382
1260 19.39 262.91 22.38 54.58 -3.665604
1260 521.75 25.00 20.50 50.00 -3.887445
1290 165.73 164.73 22.38 54.58 1.035164
1290 617.88 153.82 22.38 54.58 -0.358061
1290 438.77 142.91 22.38 54.58 -0.612162
1290 608.77 158.02 24.37 59.45 -0.820125
1290 8.46 129.82 22.38 54.58 -0.956490
1290 585.75 159.00 20.50 50.00 -1.543421
1290 541.75 15.00 20.50 50.00 -3.128650
1290 -0.25 327.00 20.50 50.00 -5.748805
1320 489.01 132.00 22.38 54.58 -1.035877
1320 149.75 163.00 20.50 50.00 -1.305953
1320 619.75 201.00 20.50 50.00 -1.457002
1320 357.75 155.00 20.50 50.00 -1.548902
1320 17.75 115.00 20.50 50.00 -1.655643
1320 373.24 147.27 22.38 54.58 -1.660139
1320 5.29 153.88 28.92 70.53 -2.015012
1320 504.23 201.54 31.54 76.92 -2.213029
1320 608.85 35.38 31.54 76.92 -2.917431
1320 585.75 35.00 20.50 50.00 -2.931993
1320 575.75 33.00 20.50 50.00 -3.347029
1350 431.75 167.00 20.50 50.00 0.532362
1350 176.66 175.64 22.38 54.58 -0.581734
1350 449.75 173.00 20.50 50.00 -0.829932
1350 373.88 93.82 44.67 108.95 -1.050597
1350 571.79 91.27 69.16 168.67 -1.103267
1350 -0.25 131.00 20.50 50.00 -1.278479
1350 19.39 182.18 22.38 54.58 -2.225120
1350 558.32 57.47 69.16 168.67 -2.711015
1350 608.85 53.85 31.54 76.92 -3.062067
1350 499.75 7.00 20.50 50.00 -3.691831
1350 535.33 -1.41 28.92 70.53 -4.877638
1380 495.56 175.64 22.38 54.58 1.509049
1380 113.75 153.00 20.50 50.00 -0.078736
1380 382.59 89.45 44.67 108.95 -1.073526
1380 181.75 181.00 20.50 50.00 -1.399044
1380 455.00 146.15 31.54 76.92 -1.459033
1380 543.28 14.40 98.11 239.31 -2.628659
1410 572.31 175.14 26.57 64.81 -0.228402
1410 483.75 93.00 20.50 50.00 -0.239545
1410 530.85 164.76 26.57 64.81 -0.396491
1410 619.75 169.00 20.50 50.00 -0.486049
1410 406.01 153.82 22.38 54.58 -0.650493
1410 89.75 143.00 20.50 50.00 -0.768606
1410 560.70 168.00 28.92 70.53 -0.885274
1410 69.62 142.91 22.38 54.58 -1.123238
1410 373.75 143.00 20.50 50.00 -1.550045
1410 399.41 139.01 24.37 59.45 -1.784964
1440 544.23 170.77 31.54 76.92 -0.035614
1440 504.09 153.27 24.37 59.45 -0.533570
1440 2.47 179.29 28.92 70.53 -0.732424
1440 18.08 130.77 31.54 76.92 -0.751115
1440 575.00 164.62 31.54 76.92 -1.121177
1440 393.75 149.00 20.50 50.00 -1.157334
1440 411.92 133.85 31.54 76.92 -1.176622
1440 419.75 105.00 20.50 50.00 -1.990920
1440 599.50 86.00 41.00 100.00 -2.262468
1470 543.75 157.00 20.50 50.00 0.907775
1470 595.92 128.73 44.67 108.95 0.652197
1470 -0.59 135.45 48.64 118.64 0.213998
1470 217.75 141.00 20.50 50.00 -0.507588
1470 185.16 183.23 52.90 129.03 -1.234186
1470 515.22 151.64 22.38 54.58 -1.238028
1470 169.75 145.00 20.50 50.00 -1.396648
1470 501.71 155.64 24.37 59.45 -1.510862
1470 431.75 111.00 20.50 50.00 -1.865704
1500 12.73 94.55 149.09 363.64 0.222592
1500 183.64 167.35 26.57 64.81 -0.110919
1500 485.06 167.52 24.37 59.45 -0.637651
1500 572.31 146.59 26.57 64.81 -0.666849
1500 445.75 99.00 20.50 50.00 -0.907148
1500 535.75 141.00 20.50 50.00 -1.593185
1500 217.75 133.00 20.50 50.00 -1.672906
1500 601.64 136.63 24.37 59.45 -2.111878
1500 -0.30 91.48 24.37 59.45 -2.335028
1500 425.75 19.00 20.50 50.00 -4.236011
1530 209.07 136.63 24.37 59.45 0.037121
1530 547.75 147.00 20.50 50.00 -0.314523
1530 -0.30 146.14 24.37 59.45 -0.711396
1530 301.75 173.00 20.50 50.00 -0.752531
1530 123.75 159.00 20.50 50.00 -0.910822
1530 377.75 123.00 20.50 50.00 -1.107294
1530 135.75 165.00 20.50 50.00 -1.444360
1530 435.09 110.50 24.37 59.45 -1.459605
1530 361.34 141.39 24.37 59.45 -1.712591
1560 15.02 166.91 22.38 54.58 3.545426
1560 -0.27 166.91 22.38 54.58 0.054496
1560 167.75 171.00 20.50 50.00 -0.882494
1560 372.79 115.46 26.57 64.81 -0.948936
1560 25.02 145.41 28.92 70.53 -1.068521
1560 355.77 129.82 22.38 54.58 -1.070289
1560 411.75 121.00 20.50 50.00 -1.517874
1560 599.50 90.00 41.00 100.00 -1.768913
1560 463.75 81.00 20.50 50.00 -2.432606
1590 3.75 181.00 20.50 50.00 2.629546
1590 11.75 175.00 20.50 50.00 -0.057491
1590 -0.25 171.00 20.50 50.00 -0.932537
1590 100.10 142.66 34.37 83.83 -1.170170
1590 471.75 91.00 20.50 50.00 -1.369008
1590 458.88 5.94 24.37 59.45 -3.581666
1620 202.87 149.45 22.38 54.58 0.841855
1620 538.62 177.73 26.57 64.81 -0.742835
1620 131.75 153.00 20.50 50.00 -0.747934
1620 471.75 91.00 20.50 50.00 -1.508104
1620 109.75 163.00 20.50 50.00 -1.685281
1620 492.15 172.87 34.37 83.83 -1.948943
1620 461.26 5.94 24.37 59.45 -4.054896
1650 6.28 180.00 22.38 54.58 2.861541
1650 -0.25 187.00 20.50 50.00 0.260360
1650 196.31 149.45 22.38 54.58 -0.105380
1650 163.87 172.28 24.37 59.45 -0.530522
1650 205.05 151.64 22.38 54.58 -0.555150
1650 591.56 176.73 44.67 108.95 -0.803957
1650 41.23 180.00 22.38 54.58 -0.874469
1650 357.95 147.27 22.38 54.58 -1.410054
1650 19.75 157.00 20.50 50.00 -1.610887
1650 460.89 6.49 26.57 64.81 -4.362816
1680 3.75 191.00 20.50 50.00 1.980077
1680 -0.25 181.00 20.50 50.00 0.796987
1680 7.75 177.00 20.50 50.00 0.248947
1680 489.60 170.38 37.52 91.50 -0.438805
1680 537.06 190.91 22.38 54.58 -0.577044
1680 41.75 183.00 20.50 50.00 -0.729917
1680 103.46 146.01 34.37 83.83 -1.008800
1680 351.40 153.82 22.38 54.58 -1.603623
1680 8.85 133.85 31.54 76.92 -1.850173
1710 162.91 172.54 26.57 64.81 0.924105
1710 203.75 155.00 20.50 50.00 0.063780
1710 -0.25 167.00 20.50 50.00 -0.421767
1710 535.33 179.29 28.92 70.53 -0.621002
1710 10.62 138.35 57.98 141.42 -0.810078
1710 174.45 168.00 28.92 70.53 -0.865488
1710 486.37 132.71 57.98 141.42 -1.104508
1710 465.31 146.18 44.67 108.95 -1.574351
1710 263.79 162.77 24.37 59.45 -1.729895
1710 469.75 93.00 20.50 50.00 -1.748913
1710 571.75 167.00 20.50 50.00 -1.997206
1740 3.75 187.00 20.50 50.00 2.486308
1740 41.75 185.00 20.50 50.00 -0.348518
1740 11.75 185.00 20.50 50.00 -0.415872
1740 349.75 161.00 20.50 50.00 -1.140006
1740 106.76 169.09 22.38 54.58 -1.155252
1740 471.75 97.00 20.50 50.00 -1.363910
1740 208.28 142.59 28.92 70.53 -1.393278
1740 232.86 162.77 24.37 59.45 -1.824633
1770 3.75 187.00 20.50 50.00 1.994473
1770 -0.25 177.00 20.50 50.00 -0.100478
1770 101.15 149.23 31.54 76.92 -0.584739
1770 170.69 164.76 26.57 64.81 -0.594241
1770 9.75 177.00 20.50 50.00 -0.702907
1770 471.75 97.00 20.50 50.00 -1.068960
1770 182.90 169.90 24.37 59.45 -1.200018
1770 31.75 159.00 20.50 50.00 -1.518308
1770 231.70 144.95 48.64 118.64 -1.924016
1800 4.10 184.36 22.38 54.58 2.414140
1800 202.87 153.82 22.38 54.58 0.680317
1800 465.75 177.00 20.50 50.00 0.258009
1800 13.75 183.00 20.50 50.00 -0.082901
1800 469.75 97.00 20.50 50.00 -0.374387
1800 100.10 149.37 34.37 83.83 -0.902525
1800 453.12 180.32 26.57 64.81 -0.928464
1800 31.75 161.00 20.50 50.00 -1.000952
1830 455.00 149.23 31.54 76.92 -0.040352
1830 390.72 151.64 22.38 54.58 -0.324365
1830 470.48 151.06 28.92 70.53 -0.449760
1830 408.19 153.82 22.38 54.58 -0.535671
1830 600.41 177.82 22.38 54.58 -0.883962
1830 357.95 151.64 22.38 54.58 -1.174600
1830 471.75 97.00 20.50 50.00 -1.282646
1830 344.85 171.27 22.38 54.58 -1.503047
