30 501.75 181.00 20.50 50.00 2.478385
30 469.75 183.00 20.50 50.00 1.555659
30 525.77 164.62 31.54 76.92 1.516885
30 487.75 183.00 20.50 50.00 0.932470
30 439.75 175.00 20.50 50.00 0.062984
30 549.43 184.94 28.92 70.53 -0.869576
30 55.75 201.00 20.50 50.00 -0.902987
30 479.75 177.00 20.50 50.00 -1.894601
30 587.74 69.68 52.90 129.03 -1.896739
30 7.50 174.00 41.00 100.00 -2.007221
30 613.77 16.86 26.57 64.81 -4.073216
60 571.75 185.00 20.50 50.00 6.086380
60 511.75 181.00 20.50 50.00 4.476759
60 455.75 179.00 20.50 50.00 2.423477
60 538.62 177.73 26.57 64.81 2.178436
60 608.85 158.46 31.54 76.92 0.898835
60 523.08 172.54 26.57 64.81 0.315866
60 507.75 191.00 20.50 50.00 0.194848
60 503.75 179.00 20.50 50.00 -0.121615
60 209.75 181.00 20.50 50.00 -0.327839
60 485.75 183.00 20.50 50.00 -0.557563
60 441.75 177.00 20.50 50.00 -0.697288
60 416.06 167.52 24.37 59.45 -1.129733
60 309.75 193.00 20.50 50.00 -1.140552
60 51.75 203.00 20.50 50.00 -1.270845
60 461.75 173.00 20.50 50.00 -1.573250
60 387.75 177.00 20.50 50.00 -1.811382
60 619.75 211.00 20.50 50.00 -1.833665
60 599.26 160.40 24.37 59.45 -1.854884
90 565.77 176.92 31.54 76.92 7.365944
90 545.80 182.18 22.38 54.58 5.739805
90 503.75 175.00 20.50 50.00 5.252327
90 475.75 177.00 20.50 50.00 4.901860
90 455.75 179.00 20.50 50.00 2.388605
90 582.94 175.64 22.38 54.58 1.674615
90 559.62 158.46 31.54 76.92 0.227556
90 463.64 169.90 24.37 59.45 -0.523055
90 571.92 192.31 31.54 76.92 -0.889434
90 41.94 173.65 28.92 70.53 -1.161792
90 391.75 169.00 20.50 50.00 -1.251486
90 445.75 181.00 20.50 50.00 -1.671963
90 422.56 159.53 28.92 70.53 -1.792468
120 602.59 180.00 22.38 54.58 7.351486
120 539.75 173.00 20.50 50.00 4.831347
120 491.19 171.27 22.38 54.58 4.830428
120 515.30 162.16 26.57 64.81 3.975245
120 455.75 185.00 20.50 50.00 1.642007
120 482.46 171.27 22.38 54.58 1.063359
120 471.54 173.45 22.38 54.58 0.652405
120 36.30 165.18 28.92 70.53 -0.130387
120 435.18 139.30 34.37 83.83 -0.136742
120 289.96 174.65 24.37 59.45 -0.875428
120 502.35 164.76 26.57 64.81 -0.880790
120 345.75 187.00 20.50 50.00 -1.043685
120 525.67 159.57 26.57 64.81 -1.082371
120 461.75 177.00 20.50 50.00 -1.111101
120 174.32 165.63 69.16 168.67 -1.478025
120 567.75 165.00 20.50 50.00 -1.513418
120 599.50 102.00 41.00 100.00 -1.896228
120 -0.30 188.91 24.37 59.45 -2.153717
150 585.97 159.44 34.37 83.83 5.607369
150 555.07 168.00 28.92 70.53 4.025234
150 543.81 175.14 26.57 64.81 2.265079
150 499.75 181.00 20.50 50.00 1.658561
150 607.75 181.00 20.50 50.00 1.438603
150 521.77 180.00 22.38 54.58 -0.326258
150 419.75 169.00 20.50 50.00 -0.363311
150 237.75 165.00 20.50 50.00 -0.638562
150 487.43 193.66 24.37 59.45 -0.710188
150 352.06 185.51 26.57 64.81 -1.200761
150 38.64 185.45 44.67 108.95 -1.249207
150 507.14 168.00 28.92 70.53 -1.495048
150 532.51 168.00 28.92 70.53 -1.939922
150 75.75 105.00 20.50 50.00 -2.256031
150 619.75 51.00 20.50 50.00 -2.391884
150 499.76 40.22 26.57 64.81 -3.454468
180 606.07 172.87 34.37 83.83 1.395473
180 554.17 177.73 26.57 64.81 1.188261
180 459.75 181.00 20.50 50.00 0.949966
180 529.75 195.00 20.50 50.00 0.734767
180 36.54 164.62 31.54 76.92 0.595533
180 442.69 149.23 31.54 76.92 0.195373
180 209.75 173.00 20.50 50.00 0.117908
180 482.46 180.00 22.38 54.58 -0.381274
180 491.75 187.00 20.50 50.00 -0.594886
180 534.88 182.18 22.38 54.58 -1.027308
180 473.72 175.64 22.38 54.58 -1.181869
180 16.36 153.27 24.37 59.45 -1.550814
180 563.57 188.91 24.37 59.45 -1.623625
180 44.91 96.24 24.37 59.45 -1.771024
180 25.87 158.02 24.37 59.45 -1.800972
180 36.54 118.46 31.54 76.92 -1.932209
180 435.75 5.00 20.50 50.00 -4.173565
210 501.75 181.00 20.50 50.00 1.599176
210 599.50 138.00 41.00 100.00 1.479917
210 559.35 172.54 26.57 64.81 0.161186
210 473.72 175.64 22.38 54.58 -0.492865
210 489.75 173.00 20.50 50.00 -0.597073
210 617.88 204.00 22.38 54.58 -0.658964
210 -0.30 74.85 24.37 59.45 -0.943085
210 135.50 118.00 41.00 100.00 -1.275531
210 525.75 183.00 20.50 50.00 -1.289182
210 513.75 161.00 20.50 50.00 -1.723841
240 567.13 182.92 26.57 64.81 2.839868
240 450.75 176.47 28.92 70.53 -0.332967
240 541.43 173.45 22.38 54.58 -0.520838
240 -0.42 146.01 34.37 83.83 -0.694360
240 504.30 142.91 22.38 54.58 -0.915946
240 435.75 201.00 20.50 50.00 -1.481574
240 499.33 165.15 24.37 59.45 -1.607203
240 577.49 185.51 26.57 64.81 -1.661851
240 138.78 115.64 44.67 108.95 -1.706076
270 517.55 176.73 44.67 108.95 0.029996
270 209.42 160.36 22.38 54.58 -0.553003
270 -0.46 152.06 37.52 91.50 -0.896007
270 427.31 173.85 31.54 76.92 -0.951750
270 127.16 104.79 69.16 168.67 -1.278121
270 599.50 98.00 41.00 100.00 -1.690249
270 108.30 124.36 44.67 108.95 -1.761243
270 555.75 51.00 20.50 50.00 -3.429163
300 593.75 171.00 20.50 50.00 0.541753
300 445.75 171.00 20.50 50.00 0.010103
300 167.75 175.00 20.50 50.00 -0.048128
300 481.75 193.00 20.50 50.00 -0.168786
300 205.05 156.00 22.38 54.58 -1.038216
300 477.75 183.00 20.50 50.00 -1.069909
300 381.75 183.00 20.50 50.00 -1.280562
300 -0.27 182.18 22.38 54.58 -1.630924
300 487.75 183.00 20.50 50.00 -1.659536
300 602.97 240.00 37.52 91.50 -2.689049
330 617.88 206.18 22.38 54.58 1.782943
330 477.75 175.00 20.50 50.00 1.487060
330 572.01 175.64 22.38 54.58 1.001129
330 608.85 161.54 31.54 76.92 0.988668
330 160.32 169.95 26.57 64.81 0.536825
330 554.05 188.91 24.37 59.45 0.376924
330 539.75 195.00 20.50 50.00 -0.018405
330 465.75 111.00 20.50 50.00 -0.209118
330 401.64 180.00 22.38 54.58 -0.762511
330 410.38 182.18 22.38 54.58 -1.131679
330 563.28 177.82 22.38 54.58 -1.268391
330 97.42 95.48 52.90 129.03 -1.308517
330 389.75 179.00 20.50 50.00 -1.349949
330 206.69 155.64 24.37 59.45 -1.503648
330 171.92 136.92 31.54 76.92 -1.780717
330 196.31 160.36 22.38 54.58 -1.842993
330 577.42 43.87 52.90 129.03 -2.522399
330 370.86 39.21 24.37 59.45 -3.450552
360 193.75 167.00 20.50 50.00 -0.226641
360 517.41 173.45 22.38 54.58 -0.344780
360 608.85 180.00 31.54 76.92 -0.699882
360 499.75 97.00 20.50 50.00 -0.826314
360 142.19 175.14 26.57 64.81 -1.135895
360 2.08 77.23 24.37 59.45 -1.143519
360 201.93 155.64 24.37 59.45 -1.228426
360 67.26 93.18 57.98 141.42 -1.487836
360 455.71 198.49 26.57 64.81 -2.256039
360 619.75 61.00 20.50 50.00 -2.446998
390 155.75 165.00 20.50 50.00 0.719818
390 431.75 177.00 20.50 50.00 -0.822385
390 171.50 118.00 41.00 100.00 -0.853420
390 69.95 125.87 34.37 83.83 -0.893782
390 108.94 166.91 22.38 54.58 -1.197598
390 549.75 71.00 20.50 50.00 -1.276116
390 468.69 179.58 34.37 83.83 -1.358069
390 619.75 143.00 20.50 50.00 -1.633703
390 197.17 150.89 24.37 59.45 -1.706363
390 421.30 175.64 22.38 54.58 -1.900291
390 4.52 100.65 52.90 129.03 -2.307172
390 63.25 229.93 34.37 83.83 -2.411160
420 141.75 163.00 20.50 50.00 0.496502
420 482.09 172.87 34.37 83.83 -0.263470
420 430.38 161.54 31.54 76.92 -0.891084
420 -0.46 119.08 37.52 91.50 -1.024330
420 178.46 138.81 26.57 64.81 -1.139205
420 163.17 131.29 28.92 70.53 -1.666343
420 531.75 231.00 20.50 50.00 -1.870884
420 85.75 179.00 20.50 50.00 -1.881250
420 508.67 223.64 22.38 54.58 -1.972490
420 599.50 34.00 41.00 100.00 -2.676763
450 571.79 145.35 69.16 168.67 0.039708
450 -0.59 87.92 48.64 118.64 -0.853384
450 117.93 97.43 48.64 118.64 -1.284280
450 456.25 101.45 22.38 54.58 -1.524770
450 447.75 93.00 20.50 50.00 -1.590680
450 554.05 226.93 24.37 59.45 -1.826471
450 587.74 80.00 52.90 129.03 -2.150851
480 453.75 179.00 20.50 50.00 -0.610345
480 73.30 169.51 34.37 83.83 -1.050921
480 599.50 90.00 41.00 100.00 -1.305069
480 -0.71 76.23 57.98 141.42 -1.728983
480 11.60 269.70 24.37 59.45 -3.162167
480 525.75 29.00 20.50 50.00 -3.260873
480 13.74 235.76 28.92 70.53 -3.431520
510 469.75 181.00 20.50 50.00 0.862542
510 137.00 146.59 26.57 64.81 0.050118
510 500.57 177.71 37.52 91.50 -0.563674
510 607.75 187.00 20.50 50.00 -0.641116
510 109.14 167.52 24.37 59.45 -0.708930
510 477.75 179.00 20.50 50.00 -0.766646
510 151.75 169.00 20.50 50.00 -1.428163
510 599.50 214.00 41.00 100.00 -1.708047
510 11.50 154.00 41.00 100.00 -2.195108
540 505.75 181.00 20.50 50.00 2.373550
540 528.33 180.00 22.38 54.58 0.282850
540 544.59 173.47 48.64 118.64 -0.428780
540 577.42 152.26 52.90 129.03 -0.581369
540 471.54 190.91 22.38 54.58 -1.421892
540 59.50 134.00 41.00 100.00 -1.817407
540 565.05 64.22 69.16 168.67 -3.027976
540 501.71 36.83 24.37 59.45 -3.420480
540 615.91 272.08 24.37 59.45 -4.136958
570 530.26 184.16 24.37 59.45 2.984634
570 574.20 175.64 22.38 54.58 1.951074
570 557.89 176.47 28.92 70.53 -0.089496
570 -0.59 111.68 48.64 118.64 -0.231376
570 517.89 175.14 26.57 64.81 -0.495066
570 549.75 179.00 20.50 50.00 -0.698269
570 405.77 167.69 31.54 76.92 -1.090381
570 49.75 109.00 20.50 50.00 -1.693263
570 507.75 185.00 20.50 50.00 -1.789585
570 615.91 79.60 24.37 59.45 -1.879197
600 595.63 172.54 26.57 64.81 3.098818
600 608.85 183.08 31.54 76.92 0.375187
600 15.22 167.35 26.57 64.81 0.370639
600 569.16 184.94 28.92 70.53 0.294667
600 538.08 170.77 31.54 76.92 -0.469367
600 580.44 168.00 28.92 70.53 -0.697624
600 45.81 95.48 52.90 129.03 -1.314645
600 413.75 151.00 20.50 50.00 -1.360592
600 220.97 165.15 24.37 59.45 -1.430792
600 383.75 191.00 20.50 50.00 -1.441237
600 93.75 123.00 20.50 50.00 -1.655508
600 530.85 195.89 26.57 64.81 -1.783024
630 619.75 193.00 20.50 50.00 1.803274
630 99.75 179.00 20.50 50.00 -0.028733
630 619.75 169.00 20.50 50.00 -0.779926
630 395.09 190.91 22.38 54.58 -1.005179
630 450.75 156.71 28.92 70.53 -1.021572
630 201.93 198.42 24.37 59.45 -1.612759
630 617.88 25.09 22.38 54.58 -3.261230
660 513.75 181.00 20.50 50.00 -0.272698
660 493.38 177.82 22.38 54.58 -1.054555
660 575.75 233.00 20.50 50.00 -1.061112
660 437.75 131.00 20.50 50.00 -1.287606
660 423.75 207.00 20.50 50.00 -1.476490
660 503.75 183.00 20.50 50.00 -1.864421
660 510.38 213.85 31.54 76.92 -1.892628
660 167.75 123.00 20.50 50.00 -2.084966
660 -0.32 92.11 26.57 64.81 -2.375243
660 11.54 76.92 63.08 153.85 -2.696106
660 615.91 286.34 24.37 59.45 -3.344981
660 587.36 279.21 24.37 59.45 -4.595876
690 569.16 170.82 28.92 70.53 2.232813
690 27.75 189.00 20.50 50.00 1.053148
690 582.94 206.18 22.38 54.58 0.675998
690 606.07 176.22 34.37 83.83 0.602033
690 587.75 191.00 20.50 50.00 0.107677
690 554.17 180.32 26.57 64.81 -0.105462
690 439.62 143.08 31.54 76.92 -0.499966
690 202.87 193.09 22.38 54.58 -0.513645
690 43.75 181.00 20.50 50.00 -0.941347
690 485.75 165.00 20.50 50.00 -1.012718
690 532.51 170.82 28.92 70.53 -1.373000
690 565.95 153.27 24.37 59.45 -1.416085
690 409.07 190.70 26.57 64.81 -1.470214
690 33.75 181.00 20.50 50.00 -1.541820
690 87.10 177.82 22.38 54.58 -1.616824
690 209.42 173.45 22.38 54.58 -1.689165
690 569.16 213.18 28.92 70.53 -1.734065
690 478.94 120.00 28.92 70.53 -1.825459
690 619.75 313.00 20.50 50.00 -4.079049
720 427.75 179.00 20.50 50.00 0.399636
720 9.75 191.00 20.50 50.00 0.179386
720 145.75 195.00 20.50 50.00 0.032438
720 526.17 133.74 37.52 91.50 -0.112101
720 416.93 171.27 22.38 54.58 -0.759570
720 499.50 126.00 41.00 100.00 -1.045626
720 19.38 165.18 28.92 70.53 -1.329870
720 613.77 123.24 26.57 64.81 -1.362058
720 107.50 130.00 41.00 100.00 -1.463452
720 398.32 135.94 34.37 83.83 -1.676943
720 83.75 109.00 20.50 50.00 -1.733668
720 487.75 75.00 20.50 50.00 -2.040956
720 379.75 191.00 20.50 50.00 -2.067665
720 619.75 9.00 20.50 50.00 -3.947972
750 439.75 181.00 20.50 50.00 3.177451
750 454.06 162.55 22.38 54.58 2.258433
750 430.03 169.09 22.38 54.58 1.050123
750 449.69 175.64 22.38 54.58 0.769603
750 535.75 155.00 20.50 50.00 -0.246875
750 543.75 153.00 20.50 50.00 -0.324947
750 493.75 179.00 20.50 50.00 -0.437487
750 421.75 181.00 20.50 50.00 -0.478255
750 552.25 184.94 28.92 70.53 -0.803033
750 443.14 158.18 22.38 54.58 -1.138420
750 611.45 94.59 28.92 70.53 -1.213783
750 -0.35 176.47 28.92 70.53 -1.278180
750 519.75 235.00 20.50 50.00 -1.456019
750 25.58 93.82 44.67 108.95 -2.173172
750 535.75 57.00 20.50 50.00 -2.897148
780 506.48 182.18 22.38 54.58 5.583349
780 462.80 180.00 22.38 54.58 4.396643
780 563.57 174.65 24.37 59.45 3.501900
780 485.75 177.00 20.50 50.00 3.398946
780 574.15 154.91 44.67 108.95 2.807116
780 535.02 174.65 24.37 59.45 2.081338
780 441.75 183.00 20.50 50.00 1.263513
780 604.78 177.82 22.38 54.58 0.633704
780 496.95 169.90 24.37 59.45 0.577506
780 478.09 166.91 22.38 54.58 0.378491
780 453.12 162.16 26.57 64.81 -0.856252
780 369.75 163.00 20.50 50.00 -0.983091
780 39.62 183.08 31.54 76.92 -1.213131
780 605.81 196.24 28.92 70.53 -1.476003
780 471.54 160.36 22.38 54.58 -1.489384
780 -0.25 237.00 20.50 50.00 -1.631757
780 492.19 181.78 24.37 59.45 -1.633938
780 253.39 207.53 28.92 70.53 -1.792154
780 377.75 165.00 20.50 50.00 -1.885993
780 -0.65 80.00 52.90 129.03 -2.310658
780 617.88 51.27 22.38 54.58 -2.620417
810 605.99 167.35 26.57 64.81 6.108839
810 554.17 175.14 26.57 64.81 5.974599
810 507.14 173.65 28.92 70.53 5.737277
810 538.08 161.54 31.54 76.92 4.118201
810 585.26 167.35 26.57 64.81 2.937274
810 499.75 169.00 20.50 50.00 2.100511
810 481.75 181.00 20.50 50.00 0.668866
810 473.75 181.00 20.50 50.00 -0.185937
810 595.63 169.95 26.57 64.81 -0.304110
810 457.75 183.00 20.50 50.00 -0.411446
810 515.22 156.00 22.38 54.58 -1.586816
810 149.75 95.00 20.50 50.00 -2.006197
810 437.47 51.09 24.37 59.45 -2.470275
840 554.05 165.15 24.37 59.45 4.944218
840 575.92 166.15 34.37 83.83 3.804508
840 613.77 172.54 26.57 64.81 2.265665
840 497.75 180.00 22.38 54.58 0.071320
840 389.75 155.00 20.50 50.00 -0.075131
840 532.70 182.18 22.38 54.58 -0.638637
840 589.32 169.51 34.37 83.83 -1.030196
840 347.75 147.00 20.50 50.00 -1.044845
840 587.21 111.27 44.67 108.95 -1.197183
840 535.71 112.45 34.37 83.83 -1.400267
840 563.28 162.55 22.38 54.58 -1.601360
840 619.75 131.00 20.50 50.00 -1.657838
840 5.75 195.00 20.50 50.00 -1.799985
840 167.75 159.00 20.50 50.00 -1.898769
840 94.87 184.16 24.37 59.45 -1.980528
840 559.75 91.00 20.50 50.00 -2.108241
840 619.75 67.00 20.50 50.00 -2.596016
840 455.50 2.00 41.00 100.00 -3.531828
840 506.48 18.55 22.38 54.58 -4.077603
870 611.45 199.06 28.92 70.53 0.673566
870 615.91 81.98 24.37 59.45 -0.878248
870 47.78 195.27 22.38 54.58 -1.069904
870 578.50 128.73 44.67 108.95 -1.103617
870 608.85 133.85 31.54 76.92 -1.762938
870 425.75 161.00 20.50 50.00 -1.799373
870 491.19 173.45 22.38 54.58 -1.813544
870 16.87 146.18 44.67 108.95 -1.831681
870 576.38 199.64 22.38 54.58 -1.913388
870 512.78 77.65 28.92 70.53 -2.281700
900 615.91 203.17 24.37 59.45 0.733526
900 469.35 177.82 22.38 54.58 0.323856
900 606.96 177.82 22.38 54.58 0.273296
900 429.80 151.78 26.57 64.81 -0.340673
900 615.91 174.65 24.37 59.45 -0.388564
900 565.46 175.64 22.38 54.58 -0.431725
900 455.75 173.00 20.50 50.00 -1.028539
900 100.73 159.57 26.57 64.81 -1.357095
900 354.20 155.64 24.37 59.45 -1.371867
900 607.75 207.00 20.50 50.00 -1.647867
900 115.75 173.00 20.50 50.00 -1.862252
900 589.75 209.00 20.50 50.00 -2.024394
900 599.50 42.00 41.00 100.00 -3.543779
900 475.75 29.00 20.50 50.00 -3.739512
930 463.48 159.57 26.57 64.81 -0.669495
930 619.75 155.00 20.50 50.00 -0.678063
930 499.75 185.00 20.50 50.00 -1.716461
930 149.75 161.00 20.50 50.00 -1.762672
930 558.81 5.94 24.37 59.45 -4.692987
960 497.75 183.00 20.50 50.00 0.814202
960 508.85 174.65 24.37 59.45 0.024221
960 473.75 181.00 20.50 50.00 -1.083111
960 -0.30 181.78 24.37 59.45 -1.122024
960 -0.35 134.12 28.92 70.53 -1.178072
960 460.61 188.73 22.38 54.58 -1.484669
960 519.59 180.00 22.38 54.58 -1.510783
960 602.97 174.05 37.52 91.50 -1.572902
960 587.75 211.00 20.50 50.00 -1.999139
960 399.41 191.29 24.37 59.45 -2.159153
960 619.75 47.00 20.50 50.00 -2.633420
990 608.85 173.85 31.54 76.92 1.815633
990 577.75 201.00 20.50 50.00 -0.623567
990 564.53 185.51 26.57 64.81 -0.914421
990 559.35 172.54 26.57 64.81 -1.692155
990 606.07 85.59 34.37 83.83 -2.034926
990 585.75 205.00 20.50 50.00 -2.082601
990 583.75 189.00 20.50 50.00 -2.251016
1020 563.28 112.36 22.38 54.58 -0.628009
1020 386.35 151.64 22.38 54.58 -1.615795
1020 401.64 166.91 22.38 54.58 -1.628465
1020 538.15 105.88 28.92 70.53 -1.980552
1020 49.97 40.36 22.38 54.58 -3.078060
1050 56.52 182.18 22.38 54.58 -0.806359
1050 615.91 91.48 24.37 59.45 -1.201933
1050 608.85 140.00 31.54 76.92 -1.624688
1050 343.78 42.86 176.63 430.80 -1.781830
1050 611.45 187.76 28.92 70.53 -1.861466
1050 617.88 276.00 22.38 54.58 -4.316870
1080 554.05 174.65 24.37 59.45 0.311044
1080 6.84 188.91 24.37 59.45 -0.040693
1080 303.75 165.00 20.50 50.00 -1.004319
1080 566.34 159.53 28.92 70.53 -1.103201
1080 617.88 77.45 22.38 54.58 -1.862104
1080 15.02 182.18 22.38 54.58 -1.976235
1080 543.75 177.00 20.50 50.00 -2.227450
1080 552.46 250.07 34.37 83.83 -2.515892
1080 571.75 243.00 20.50 50.00 -2.710007
1080 608.85 10.77 31.54 76.92 -4.771114
1110 599.37 169.51 34.37 83.83 4.455478
1110 617.88 206.18 22.38 54.58 -0.209356
1110 108.94 173.45 22.38 54.58 -0.621077
1110 553.75 219.00 20.50 50.00 -1.251321
1110 77.75 175.00 20.50 50.00 -1.642378
1110 445.75 195.00 20.50 50.00 -2.011688
1110 491.19 79.64 22.38 54.58 -2.410091
1110 608.85 35.38 31.54 76.92 -3.297673
1140 12.63 172.54 26.57 64.81 -0.701682
1140 461.75 165.00 20.50 50.00 -0.993134
1140 451.75 181.00 20.50 50.00 -1.224968
1140 392.27 172.28 24.37 59.45 -1.617738
1140 619.75 61.00 20.50 50.00 -1.998729
1140 -0.25 189.00 20.50 50.00 -2.090664
1140 478.09 49.09 22.38 54.58 -2.096114
1170 403.82 177.82 22.38 54.58 -1.070454
1170 1.75 187.00 20.50 50.00 -1.449332
1170 167.75 195.00 20.50 50.00 -1.616059
1170 520.49 154.38 26.57 64.81 -2.045528
1170 565.52 55.38 75.52 184.20 -2.612283
1170 608.77 222.18 24.37 59.45 -2.617416
1170 611.45 7.06 28.92 70.53 -3.987409
1170 519.59 18.55 22.38 54.58 -4.029158
1200 606.39 150.89 24.37 59.45 -0.592881
1200 104.57 153.82 22.38 54.58 -1.159061
1200 611.45 105.88 28.92 70.53 -1.682699
1200 467.66 119.08 37.52 91.50 -1.787777
1200 619.75 49.00 20.50 50.00 -3.060688
1200 619.75 15.00 20.50 50.00 -3.563632
1230 595.92 106.91 44.67 108.95 -0.240776
1230 251.75 191.00 20.50 50.00 -0.623732
1230 400.00 151.06 28.92 70.53 -1.565418
1230 507.75 21.00 20.50 50.00 -4.103094
1260 479.35 126.45 52.90 129.03 -0.502098
1260 -0.38 253.85 31.54 76.92 -0.680034
1260 408.85 146.15 31.54 76.92 -1.050710
1260 619.75 139.00 20.50 50.00 -1.440814
1260 611.45 266.82 28.92 70.53 -1.976800
1260 619.75 53.00 20.50 50.00 -2.894261
1290 435.75 137.00 20.50 50.00 -0.211127
1290 1.75 187.00 20.50 50.00 -0.568242
1290 409.75 179.00 20.50 50.00 -0.620216
1290 613.75 261.00 20.50 50.00 -0.642642
1290 575.46 174.65 24.37 59.45 -1.270599
1290 519.75 109.00 20.50 50.00 -1.287935
1290 408.19 156.00 22.38 54.58 -1.435827
1290 565.75 193.00 20.50 50.00 -1.827308
1290 538.08 213.85 31.54 76.92 -1.842471
1290 497.75 213.00 20.50 50.00 -2.101123
1290 522.69 32.31 31.54 76.92 -3.022072
1290 36.30 247.06 28.92 70.53 -3.408078
1290 619.75 19.00 20.50 50.00 -3.811977
1320 -0.42 146.01 34.37 83.83 -0.372512
1320 433.75 133.00 20.50 50.00 -0.548449
1320 528.26 123.24 26.57 64.81 -0.560863
1320 422.02 144.00 26.57 64.81 -0.637947
1320 401.78 148.51 24.37 59.45 -0.738768
1320 609.75 93.00 20.50 50.00 -1.096415
1320 189.04 159.21 48.64 118.64 -1.440518
1320 615.70 99.27 22.38 54.58 -1.518415
1320 137.00 185.51 26.57 64.81 -1.708958
1320 225.75 193.00 20.50 50.00 -2.057179
1320 49.97 241.09 22.38 54.58 -2.421431
1320 558.81 8.32 24.37 59.45 -3.557383
1320 608.85 -1.54 31.54 76.92 -4.600135
1320 427.96 -1.19 24.37 59.45 -4.991031
1350 571.92 149.23 31.54 76.92 -0.115783
1350 417.75 149.00 20.50 50.00 -0.645706
1350 574.20 88.36 22.38 54.58 -0.837145
1350 -0.30 162.77 24.37 59.45 -1.215338
1350 599.50 82.00 41.00 100.00 -1.414978
1350 113.68 185.51 26.57 64.81 -1.422690
1350 393.75 153.00 20.50 50.00 -1.517747
1350 577.84 67.72 24.37 59.45 -2.008422
1350 43.73 224.43 26.57 64.81 -2.194824
1350 35.95 232.22 26.57 64.81 -2.847098
1380 399.75 151.00 20.50 50.00 0.258645
1380 617.88 105.82 22.38 54.58 -0.662628
1380 611.45 60.71 28.92 70.53 -1.403753
1380 75.84 198.42 24.37 59.45 -1.533249
1380 525.75 165.00 20.50 50.00 -1.565471
1380 23.75 234.55 22.38 54.58 -1.682333
1380 546.91 226.93 24.37 59.45 -1.835150
1380 506.47 212.67 24.37 59.45 -1.962394
1380 619.75 289.00 20.50 50.00 -2.618285
1380 617.88 5.45 22.38 54.58 -4.409476
1410 569.16 153.88 28.92 70.53 1.129678
1410 404.16 148.51 24.37 59.45 0.200004
1410 606.07 122.52 34.37 83.83 -0.771633
1410 395.75 155.00 20.50 50.00 -1.254720
1410 551.67 234.06 24.37 59.45 -1.292426
1410 619.75 231.00 20.50 50.00 -1.701130
1410 210.97 178.06 52.90 129.03 -1.815785
1410 470.38 180.00 31.54 76.92 -1.877172
1410 17.75 89.00 20.50 50.00 -2.359231
1440 503.85 150.77 63.08 153.85 3.623096
1440 619.75 161.00 20.50 50.00 2.200261
1440 606.07 240.00 34.37 83.83 1.495199
1440 406.54 150.89 24.37 59.45 -0.054621
1440 423.20 143.76 24.37 59.45 -1.454701
1440 397.03 148.51 24.37 59.45 -1.524593
1440 484.52 141.94 52.90 129.03 -1.923421
1440 71.00 196.00 82.00 200.00 -2.002469
1440 229.75 259.00 20.50 50.00 -3.437967
1470 477.47 138.59 69.16 168.67 2.819488
1470 520.35 155.29 57.98 141.42 0.385639
1470 403.89 149.19 26.57 64.81 0.322729
1470 419.43 149.19 26.57 64.81 -0.291182
1470 395.09 156.00 22.38 54.58 -0.382262
1470 605.99 146.59 26.57 64.81 -1.296712
1470 98.96 201.98 48.64 118.64 -1.681896
1470 229.75 263.00 20.50 50.00 -3.072010
1500 490.95 152.11 69.16 168.67 3.800673
1500 405.64 145.41 28.92 70.53 0.542368
1500 423.20 150.89 24.37 59.45 -0.189984
1500 397.27 156.00 22.38 54.58 -0.360298
1500 -0.30 158.02 24.37 59.45 -0.897318
1500 524.29 40.00 117.14 285.71 -1.613383
1530 524.63 145.35 69.16 168.67 4.312502
1530 490.95 158.87 69.16 168.67 1.337576
1530 571.79 152.11 69.16 168.67 0.574326
1530 421.15 143.08 31.54 76.92 -0.689276
1530 306.15 178.46 126.15 307.69 -1.287330
1530 398.70 151.78 26.57 64.81 -1.301066
1530 9.75 173.00 20.50 50.00 -1.390733
1530 549.11 260.14 34.37 83.83 -1.606648
1530 15.02 81.82 22.38 54.58 -2.281926
1530 600.41 289.09 22.38 54.58 -3.086133
1530 617.88 31.64 22.38 54.58 -3.500042
1530 547.99 9.82 22.38 54.58 -4.404065
1560 537.35 166.59 57.98 141.42 0.664103
1560 416.84 151.78 26.57 64.81 -0.458041
1560 145.00 140.00 136.67 333.33 -0.677902
1560 608.85 158.46 31.54 76.92 -1.866128
1560 10.65 81.82 22.38 54.58 -1.884765
1560 580.75 256.36 22.38 54.58 -2.056427
1560 479.62 93.85 31.54 76.92 -2.096826
1560 587.75 51.00 20.50 50.00 -2.746338
1560 619.75 299.00 20.50 50.00 -2.924395
1560 617.88 5.45 22.38 54.58 -4.204460
1590 424.62 151.78 26.57 64.81 0.724386
1590 617.88 182.18 22.38 54.58 -0.302104
1590 605.75 49.00 20.50 50.00 -1.513785
1590 613.75 29.00 20.50 50.00 -2.440183
1590 541.75 19.00 20.50 50.00 -3.166240
1590 607.75 35.00 20.50 50.00 -3.203849
1590 568.85 29.23 31.54 76.92 -3.525264
1620 463.75 177.00 20.50 50.00 1.189180
1620 433.83 145.41 28.92 70.53 -0.270532
1620 602.97 133.74 37.52 91.50 -0.626076
1620 76.18 156.00 22.38 54.58 -0.758972
1620 17.75 79.00 20.50 50.00 -1.708521
1620 409.75 157.00 20.50 50.00 -1.830235
1620 521.77 90.55 22.38 54.58 -2.053042
1620 485.94 71.45 37.52 91.50 -2.199806
1620 615.91 29.70 24.37 59.45 -2.769981
1620 565.75 5.00 20.50 50.00 -4.417904
1650 481.75 179.00 20.50 50.00 2.092920
1650 465.75 177.00 20.50 50.00 0.755888
1650 451.75 173.00 20.50 50.00 0.514335
1650 421.30 158.18 22.38 54.58 0.044043
1650 443.14 160.36 22.38 54.58 -1.152792
1650 619.75 153.00 20.50 50.00 -1.535238
1650 479.75 23.00 20.50 50.00 -2.220988
1650 577.75 85.00 20.50 50.00 -2.394967
1650 477.75 5.00 20.50 50.00 -3.217495
1650 514.69 31.06 57.98 141.42 -3.511634
1650 606.07 15.11 34.37 83.83 -4.540315
1650 589.74 -1.19 24.37 59.45 -4.655320
1680 459.75 175.00 20.50 50.00 2.403104
1680 493.75 181.00 20.50 50.00 2.325601
1680 475.75 177.00 20.50 50.00 1.396128
1680 467.75 173.00 20.50 50.00 1.327296
1680 421.30 158.18 22.38 54.58 0.168629
1680 501.75 185.00 20.50 50.00 -0.239043
1680 175.75 173.00 20.50 50.00 -0.526404
1680 9.22 77.23 24.37 59.45 -1.523786
1680 571.79 84.51 69.16 168.67 -2.012171
1680 565.46 20.73 22.38 54.58 -2.870679
1710 471.75 181.00 20.50 50.00 5.044588
1710 487.75 183.00 20.50 50.00 3.204748
1710 509.75 183.00 20.50 50.00 2.988721
1710 515.22 190.91 22.38 54.58 -0.148690
1710 481.75 175.00 20.50 50.00 -0.545582
1710 3.75 81.00 20.50 50.00 -1.617537
1710 533.75 117.00 20.50 50.00 -1.926582
1740 495.75 181.00 20.50 50.00 6.556913
1740 513.75 183.00 20.50 50.00 5.689297
1740 537.06 182.18 22.38 54.58 2.809946
1740 505.75 179.00 20.50 50.00 0.670061
1740 544.54 186.53 24.37 59.45 -0.431320
1740 469.75 133.00 20.50 50.00 -0.633266
1740 222.51 138.81 26.57 64.81 -1.366935
1740 565.46 105.82 22.38 54.58 -2.001514
1740 -0.30 74.85 24.37 59.45 -2.244772
1740 199.62 253.85 31.54 76.92 -2.589760
1770 554.54 180.00 22.38 54.58 8.619820
1770 528.33 177.82 22.38 54.58 7.599603
1770 577.84 181.78 24.37 59.45 3.626313
1770 537.06 177.82 22.38 54.58 -0.736473
1770 565.46 180.00 22.38 54.58 -1.066290
1770 587.36 198.42 24.37 59.45 -1.677303
1770 606.07 75.52 34.37 83.83 -1.679984
1770 168.85 186.15 31.54 76.92 -1.719761
1770 613.77 50.59 26.57 64.81 -3.362699
