30 541.43 188.73 22.38 54.58 1.922591
30 206.69 167.52 24.37 59.45 0.938344
30 615.91 203.17 24.37 59.45 0.497460
30 3.81 137.45 44.67 108.95 -0.220593
30 418.39 70.15 75.52 184.20 -1.039649
30 -0.32 99.89 26.57 64.81 -1.487446
30 149.59 84.36 24.37 59.45 -1.705059
60 543.62 186.55 22.38 54.58 2.473106
60 207.24 166.91 22.38 54.58 1.112154
60 611.45 184.94 28.92 70.53 -0.145667
60 -0.42 159.44 34.37 83.83 -0.347698
60 535.75 195.00 20.50 50.00 -0.734488
60 151.75 97.00 20.50 50.00 -1.055688
60 423.58 50.70 69.16 168.67 -1.273913
60 437.05 91.27 69.16 168.67 -1.463259
60 583.26 179.29 28.92 70.53 -1.687291
60 401.42 64.94 57.98 141.42 -1.701359
90 541.43 188.73 22.38 54.58 0.739110
90 -0.46 155.73 37.52 91.50 -0.011487
90 209.75 173.00 20.50 50.00 -0.319462
90 617.88 210.55 22.38 54.58 -0.419823
90 402.19 56.73 89.69 218.76 -1.195635
90 561.94 182.92 26.57 64.81 -1.352714
90 582.65 104.47 57.98 141.42 -1.372738
90 379.80 151.64 22.38 54.58 -1.572078
90 551.75 199.00 20.50 50.00 -1.820680
120 548.99 188.11 26.57 64.81 1.907830
120 201.78 167.35 26.57 64.81 0.212314
120 1.75 205.00 20.50 50.00 -0.580240
120 185.28 169.90 24.37 59.45 -0.776489
120 430.00 70.77 63.08 153.85 -0.890693
120 168.85 143.08 31.54 76.92 -1.062985
120 -0.46 144.73 37.52 91.50 -1.139713
120 452.39 98.82 57.98 141.42 -1.235896
120 571.79 84.51 69.16 168.67 -1.405180
120 401.42 70.59 57.98 141.42 -1.502770
120 539.78 198.42 24.37 59.45 -1.957372
150 578.08 183.08 31.54 76.92 2.290231
150 602.97 170.38 37.52 91.50 1.516146
150 194.19 165.18 28.92 70.53 -0.906720
150 418.36 57.39 107.29 261.69 -1.481313
150 65.75 181.00 20.50 50.00 -1.499322
150 100.73 94.70 26.57 64.81 -1.854058
150 137.70 81.98 24.37 59.45 -2.095431
150 118.87 79.14 26.57 64.81 -2.114384
150 586.08 204.71 28.92 70.53 -2.132483
180 79.75 181.00 20.50 50.00 -0.041705
180 582.65 104.47 57.98 141.42 -0.679564
180 4.96 98.82 57.98 141.42 -1.290400
180 570.71 198.42 24.37 59.45 -2.101763
180 481.10 39.27 89.69 218.76 -2.207887
180 596.88 48.71 24.37 59.45 -3.101183
180 411.03 33.23 75.52 184.20 -3.274069
210 611.45 190.59 28.92 70.53 -0.919998
210 27.84 165.18 28.92 70.53 -0.941100
210 18.74 174.65 24.37 59.45 -1.105868
210 378.22 129.23 34.37 83.83 -1.442497
210 558.32 91.27 69.16 168.67 -1.856223
210 516.16 21.82 89.69 218.76 -3.125250
210 466.87 4.80 98.11 239.31 -4.021130
240 153.14 155.73 37.52 91.50 -0.274238
240 379.89 122.75 37.52 91.50 -0.788532
240 215.97 180.00 22.38 54.58 -1.847882
240 359.50 114.00 41.00 100.00 -1.936064
240 565.52 70.15 75.52 184.20 -2.425411
240 1.91 60.00 22.38 54.58 -2.619865
240 463.56 21.82 89.69 218.76 -3.130636
240 551.75 235.00 20.50 50.00 -3.310620
240 66.60 28.53 34.37 83.83 -3.385977
270 123.89 152.06 37.52 91.50 0.742211
270 157.00 160.36 22.38 54.58 -0.047763
270 391.29 106.91 44.67 108.95 -0.086975
270 359.50 114.00 41.00 100.00 -1.912910
270 47.29 39.21 24.37 59.45 -1.952021
270 439.62 90.77 31.54 76.92 -2.233031
300 80.00 156.97 26.57 64.81 -0.570099
300 401.94 80.00 52.90 129.03 -1.059251
300 47.50 162.00 41.00 100.00 -1.451679
300 -0.84 91.27 69.16 168.67 -1.940622
300 423.85 52.31 63.08 153.85 -2.535740
330 32.49 162.55 22.38 54.58 -0.475976
330 5.29 151.06 28.92 70.53 -0.860573
330 43.14 139.30 34.37 83.83 -0.991261
330 391.29 106.91 44.67 108.95 -1.120791
330 433.10 33.23 75.52 184.20 -1.785356
330 56.55 132.59 34.37 83.83 -1.844679
330 60.89 86.18 22.38 54.58 -1.858234
330 187.75 175.00 20.50 50.00 -1.884164
330 412.74 76.23 57.98 141.42 -1.922533
330 476.42 4.80 98.11 239.31 -4.277658
360 402.37 87.92 48.64 118.64 -0.542803
360 173.75 175.00 20.50 50.00 -1.273531
360 619.75 209.00 20.50 50.00 -1.368828
360 35.75 155.00 20.50 50.00 -1.373348
360 430.00 70.77 63.08 153.85 -1.377122
360 502.30 -5.22 107.29 261.69 -3.769926
390 606.07 166.15 34.37 83.83 -0.301769
390 426.12 124.36 44.67 108.95 -0.723384
390 113.68 172.54 26.57 64.81 -0.759744
390 132.16 165.18 28.92 70.53 -1.244710
390 459.75 187.00 20.50 50.00 -1.300472
390 492.19 188.91 24.37 59.45 -1.562190
390 -0.35 131.29 28.92 70.53 -1.724679
390 -0.38 176.92 31.54 76.92 -1.856319
390 474.01 37.09 44.67 108.95 -2.674110
390 498.63 21.82 89.69 218.76 -3.333570
420 2.47 196.24 28.92 70.53 -0.597642
420 617.88 214.91 22.38 54.58 -0.749591
420 615.91 67.72 24.37 59.45 -1.727070
420 617.88 103.64 22.38 54.58 -1.761207
420 133.75 185.00 20.50 50.00 -1.842385
420 543.75 199.00 20.50 50.00 -1.907136
420 580.44 213.18 28.92 70.53 -2.150777
450 -0.32 94.70 26.57 64.81 -0.897499
450 619.75 223.00 20.50 50.00 -1.268165
450 611.45 55.06 28.92 70.53 -2.595454
450 103.75 81.00 20.50 50.00 -2.629019
480 501.50 187.76 28.92 70.53 0.670300
480 484.64 190.91 22.38 54.58 -0.615614
480 -0.38 192.31 31.54 76.92 -0.720397
480 211.66 137.40 37.52 91.50 -0.961758
480 592.00 159.21 48.64 118.64 -1.120116
510 475.54 184.16 24.37 59.45 -0.217294
510 383.75 151.00 20.50 50.00 -0.916616
510 431.75 163.00 20.50 50.00 -1.693532
510 615.91 -1.19 24.37 59.45 -4.303366
540 592.00 73.66 48.64 118.64 -2.309430
570 47.09 67.79 37.52 91.50 -3.025384
600 339.66 188.70 37.52 91.50 -0.595995
600 383.16 118.05 26.57 64.81 -1.390597
600 401.75 153.00 20.50 50.00 -1.563865
630 -0.54 32.73 44.67 108.95 -4.068719
660 617.88 186.55 22.38 54.58 -0.961530
660 206.69 181.78 24.37 59.45 -1.897469
660 15.02 116.73 22.38 54.58 -2.097845
660 -0.32 37.62 26.57 64.81 -3.403729
690 135.75 157.00 20.50 50.00 -1.166952
690 523.96 46.91 22.38 54.58 -1.911342
690 -0.32 219.24 26.57 64.81 -2.409995
720 105.75 163.00 20.50 50.00 -1.876876
720 17.20 7.64 22.38 54.58 -4.497271
750 -0.32 120.65 26.57 64.81 -0.914050
750 595.92 137.45 44.67 108.95 -1.482685
750 400.00 159.53 28.92 70.53 -1.520193
750 615.91 103.37 24.37 59.45 -1.948753
780 127.75 199.00 20.50 50.00 0.002970
780 49.97 204.00 22.38 54.58 -0.873163
780 393.75 193.00 20.50 50.00 -1.956154
810 128.60 195.27 22.38 54.58 -0.855687
810 80.59 177.03 24.37 59.45 -1.269060
810 619.75 221.00 20.50 50.00 -2.326331
840 379.75 201.00 20.50 50.00 0.142347
840 39.75 187.00 20.50 50.00 -1.095775
870 123.75 213.00 20.50 50.00 -1.043563
870 392.27 193.66 24.37 59.45 -1.094862
870 487.40 165.18 28.92 70.53 -1.816161
870 16.44 74.18 89.69 218.76 -1.822374
870 183.75 207.00 20.50 50.00 -2.076726
900 71.81 156.00 22.38 54.58 0.369270
900 615.91 200.79 24.37 59.45 -1.037894
900 395.75 199.00 20.50 50.00 -1.181170
900 -0.50 194.00 41.00 100.00 -1.459946
900 594.50 67.72 24.37 59.45 -2.715305
930 545.80 140.73 22.38 54.58 0.082073
930 545.80 166.91 22.38 54.58 -0.339381
930 529.75 133.00 20.50 50.00 -0.862121
930 409.75 197.00 20.50 50.00 -1.629259
930 395.09 184.36 22.38 54.58 -1.711294
930 613.77 240.00 26.57 64.81 -1.926735
930 554.34 121.41 57.98 141.42 -2.018105
930 537.75 137.00 20.50 50.00 -2.112893
930 602.97 64.12 37.52 91.50 -3.118457
960 567.65 116.73 22.38 54.58 -0.431821
960 582.65 104.47 57.98 141.42 -0.605416
960 340.48 195.27 22.38 54.58 -0.981545
960 393.46 167.69 31.54 76.92 -1.013447
960 405.49 159.39 37.52 91.50 -1.309424
960 602.97 207.02 37.52 91.50 -1.582746
960 596.88 15.45 24.37 59.45 -4.227558
990 368.99 179.29 28.92 70.53 -0.197994
990 447.75 197.00 20.50 50.00 -0.705974
990 407.75 205.00 20.50 50.00 -0.811143
990 207.75 207.00 20.50 50.00 -0.930188
990 219.56 187.76 28.92 70.53 -1.331198
990 351.75 195.00 20.50 50.00 -1.340640
990 606.07 172.87 34.37 83.83 -1.418683
990 611.45 142.59 28.92 70.53 -2.147962
1020 451.88 190.91 22.38 54.58 0.602389
1020 499.93 186.55 22.38 54.58 -0.011988
1020 138.08 207.69 31.54 76.92 -0.366209
1020 465.75 193.00 20.50 50.00 -1.403571
1020 379.80 182.18 22.38 54.58 -1.621685
1050 512.71 182.92 26.57 64.81 -0.273874
1050 581.75 197.00 20.50 50.00 -0.888744
1050 446.99 136.63 24.37 59.45 -1.182966
1050 613.77 164.76 26.57 64.81 -1.440830
1050 490.22 179.29 28.92 70.53 -1.666178
1050 541.21 180.32 26.57 64.81 -1.896772
1050 571.75 205.00 20.50 50.00 -2.186165
1080 527.88 127.13 24.37 59.45 -0.545118
1080 606.07 142.66 34.37 83.83 -0.716474
1080 515.59 111.53 28.92 70.53 -2.014368
1110 563.28 190.91 22.38 54.58 -1.581850
1140 301.75 195.00 20.50 50.00 0.553904
1140 487.75 199.00 20.50 50.00 0.276690
1140 425.75 191.00 20.50 50.00 -0.621816
1140 510.12 190.70 26.57 64.81 -0.806916
1140 481.75 205.00 20.50 50.00 -1.626011
1170 360.14 182.18 22.38 54.58 0.076360
1170 527.75 191.00 20.50 50.00 -1.106643
1170 401.64 177.82 22.38 54.58 -1.357262
1170 619.75 193.00 20.50 50.00 -1.893958
1170 339.11 92.11 26.57 64.81 -1.967844
1170 85.35 200.79 24.37 59.45 -2.522687
1200 405.75 177.00 20.50 50.00 -0.298452
1200 459.75 157.00 20.50 50.00 -0.532896
1200 439.75 191.00 20.50 50.00 -0.560393
1200 619.75 167.00 20.50 50.00 -0.765592
1200 592.12 177.03 24.37 59.45 -1.026582
1200 496.95 153.27 24.37 59.45 -1.098657
1200 314.27 160.36 22.38 54.58 -1.416516
1200 467.75 191.00 20.50 50.00 -1.725492
1200 619.75 113.00 20.50 50.00 -1.731196
1200 499.33 131.88 24.37 59.45 -1.735458
1230 56.80 191.29 24.37 59.45 -0.127477
1230 600.41 206.18 22.38 54.58 -0.967857
1230 563.52 120.00 28.92 70.53 -1.432472
1230 611.45 94.59 28.92 70.53 -1.720640
1230 546.40 193.30 26.57 64.81 -1.934708
1260 606.07 162.80 34.37 83.83 -0.038762
1260 619.75 135.00 20.50 50.00 -0.691453
1260 578.08 90.77 31.54 76.92 -1.776426
1290 3.75 165.00 20.50 50.00 -0.567450
1290 366.69 158.18 22.38 54.58 -1.096763
1290 573.75 187.00 20.50 50.00 -1.442382
1290 611.45 156.71 28.92 70.53 -1.579202
1290 399.45 166.91 22.38 54.58 -1.856046
1320 477.92 169.90 24.37 59.45 -0.559898
1320 427.96 165.15 24.37 59.45 -1.077853
1320 606.07 115.80 34.37 83.83 -1.315357
1320 463.48 164.76 26.57 64.81 -1.728653
1380 584.98 167.52 24.37 59.45 0.739315
1380 379.75 169.00 20.50 50.00 0.403494
1380 611.45 159.53 28.92 70.53 0.368060
1380 563.57 160.40 24.37 59.45 -0.165694
1380 547.99 162.55 22.38 54.58 -1.419046
1380 388.53 160.36 22.38 54.58 -1.432929
1380 597.75 177.00 20.50 50.00 -1.538197
1380 438.77 169.09 22.38 54.58 -1.801620
1380 587.74 74.84 52.90 129.03 -2.221720
1410 450.53 167.35 26.57 64.81 -0.109165
1410 553.75 187.00 20.50 50.00 -1.361097
1410 617.88 156.00 22.38 54.58 -1.568408
1410 439.75 181.00 20.50 50.00 -1.656916
1410 341.75 167.00 20.50 50.00 -1.876740
1440 599.50 158.00 41.00 100.00 0.246251
1440 417.75 181.00 20.50 50.00 -0.246492
1440 515.60 166.15 34.37 83.83 -1.831431
1470 455.71 144.00 26.57 64.81 -0.639359
1470 -0.46 126.41 37.52 91.50 -1.134002
1470 549.43 179.29 28.92 70.53 -1.253696
1470 579.75 203.00 20.50 50.00 -1.616759
1470 375.43 164.73 22.38 54.58 -1.878579
1470 427.21 125.84 26.57 64.81 -1.993252
1470 617.88 44.73 22.38 54.58 -3.364512
1470 3.75 27.00 20.50 50.00 -3.823536
1500 442.29 156.71 28.92 70.53 -0.571296
1500 399.41 146.14 24.37 59.45 -1.208686
1500 255.75 151.00 20.50 50.00 -1.622766
1500 539.75 37.00 20.50 50.00 -3.109021
1500 602.97 23.82 37.52 91.50 -3.488707
1500 2.08 10.69 24.37 59.45 -4.641090
1530 602.97 133.74 37.52 91.50 -0.699022
1530 471.31 130.08 37.52 91.50 -1.265283
1530 7.75 173.00 20.50 50.00 -1.646931
1530 41.23 36.00 22.38 54.58 -2.970473
1530 7.45 29.84 26.57 64.81 -3.247515
1560 552.46 135.94 34.37 83.83 -1.147710
1560 463.48 167.35 26.57 64.81 -1.468460
1560 25.94 16.36 22.38 54.58 -3.655238
1560 15.02 36.00 22.38 54.58 -3.683525
1560 11.75 21.00 20.50 50.00 -4.202032
1560 1.91 14.18 22.38 54.58 -4.255856
1590 596.02 179.58 34.37 83.83 0.364537
1590 373.24 160.36 22.38 54.58 -0.617720
1590 347.03 147.27 22.38 54.58 -0.767597
1590 459.75 181.00 20.50 50.00 -1.836781
1620 599.50 142.00 41.00 100.00 -0.524600
1620 165.73 158.18 22.38 54.58 -1.037831
1620 437.75 179.00 20.50 50.00 -1.514809
1620 377.44 142.59 28.92 70.53 -1.737292
1620 544.54 179.41 24.37 59.45 -1.871651
1650 430.03 166.91 22.38 54.58 -0.910002
1650 355.75 139.00 20.50 50.00 -1.258569
1650 589.49 180.00 22.38 54.58 -1.356946
1650 602.97 100.76 37.52 91.50 -1.417627
1680 611.75 219.00 20.50 50.00 -0.685677
1680 561.75 185.00 20.50 50.00 -1.008734
1680 113.90 143.76 24.37 59.45 -1.111607
1680 464.98 180.00 22.38 54.58 -1.950888
1710 602.97 170.38 37.52 91.50 0.442302
1710 483.50 134.00 41.00 100.00 -1.077757
1710 36.44 129.23 34.37 83.83 -1.719210
1740 599.50 166.00 41.00 100.00 0.942796
1740 446.99 165.15 24.37 59.45 -1.036780
1740 240.00 153.27 24.37 59.45 -1.103706
1740 589.49 149.45 22.38 54.58 -1.763583
1740 509.96 170.82 28.92 70.53 -2.137175
1740 569.75 141.00 20.50 50.00 -2.146895
1740 619.75 11.00 20.50 50.00 -4.675804
1770 481.75 169.00 20.50 50.00 -0.022256
1770 617.88 171.27 22.38 54.58 -0.730211
1770 619.75 49.00 20.50 50.00 -3.137741
