30 427.50 118.00 41.00 100.00 0.067077
30 398.32 122.52 34.37 83.83 -0.157586
30 487.50 114.00 41.00 100.00 -1.146583
30 105.75 141.00 20.50 50.00 -1.485063
60 416.46 111.76 37.52 91.50 0.281350
60 366.17 134.12 28.92 70.53 -0.414645
60 434.74 126.41 37.52 91.50 -1.039391
60 405.03 125.87 34.37 83.83 -1.188084
60 87.73 153.27 24.37 59.45 -1.519661
60 558.91 173.45 22.38 54.58 -2.056464
60 -0.59 11.88 48.64 118.64 -3.804572
90 469.38 87.53 57.98 141.42 -0.983484
90 -0.32 84.32 26.57 64.81 -2.190331
120 423.75 137.00 20.50 50.00 -1.008674
120 565.52 62.77 75.52 184.20 -1.710834
120 87.73 160.40 24.37 59.45 -1.726295
120 484.52 100.65 52.90 129.03 -2.008164
120 602.97 23.82 37.52 91.50 -3.521194
150 395.65 111.27 44.67 108.95 -0.327172
150 289.75 149.00 20.50 50.00 -1.165894
150 608.85 115.38 31.54 76.92 -1.219527
150 507.89 89.77 37.52 91.50 -1.422721
150 572.31 112.86 26.57 64.81 -1.628236
180 577.69 89.23 63.08 153.85 -0.266424
180 482.69 100.00 31.54 76.92 -1.066822
180 283.69 140.73 22.38 54.58 -1.349759
180 355.75 143.00 20.50 50.00 -1.620028
180 467.17 9.82 22.38 54.58 -4.468413
210 259.75 147.00 20.50 50.00 -0.266603
210 577.69 89.23 63.08 153.85 -1.120521
240 617.88 90.55 22.38 54.58 -1.202294
240 531.75 61.00 20.50 50.00 -2.649882
240 581.75 55.00 20.50 50.00 -3.174183
270 -0.25 147.00 20.50 50.00 -0.767489
270 159.75 135.00 20.50 50.00 -1.176830
270 69.75 175.00 20.50 50.00 -1.607066
270 617.88 44.73 22.38 54.58 -1.685492
270 526.14 99.27 22.38 54.58 -1.877440
270 617.88 25.09 22.38 54.58 -3.344678
300 147.21 146.14 24.37 59.45 -1.833076
300 538.15 77.65 28.92 70.53 -1.933356
300 12.83 110.18 22.38 54.58 -2.007856
300 595.92 15.27 44.67 108.95 -4.237529
330 589.75 103.00 20.50 50.00 -1.120319
330 619.75 77.00 20.50 50.00 -2.109565
330 619.75 59.00 20.50 50.00 -3.257433
360 565.52 33.23 75.52 184.20 -2.766507
390 11.60 169.90 24.37 59.45 0.756346
390 606.07 139.30 34.37 83.83 -0.018825
390 539.32 120.00 44.67 108.95 -0.612661
390 18.74 177.03 24.37 59.45 -1.150423
390 595.75 63.00 20.50 50.00 -1.689663
390 602.97 177.71 37.52 91.50 -1.740499
390 589.75 55.00 20.50 50.00 -3.088384
420 417.75 161.00 20.50 50.00 -1.101179
420 183.21 162.55 22.38 54.58 -2.084241
450 451.75 165.00 20.50 50.00 -1.309855
450 587.85 29.84 26.57 64.81 -3.258720
480 486.80 159.57 26.57 64.81 -1.589510
510 369.75 183.00 20.50 50.00 -0.884591
510 608.85 149.23 31.54 76.92 -1.363913
510 129.34 139.76 28.92 70.53 -1.402104
540 599.50 146.00 41.00 100.00 -1.416228
540 619.75 123.00 20.50 50.00 -1.747605
570 87.10 171.27 22.38 54.58 -1.023495
570 213.75 147.00 20.50 50.00 -1.129454
600 608.85 130.77 31.54 76.92 -0.142376
600 292.34 141.39 24.37 59.45 -1.450884
630 401.75 151.00 20.50 50.00 -0.802255
630 602.97 119.08 37.52 91.50 -0.955179
660 388.34 138.81 26.57 64.81 -0.048268
660 518.36 105.74 24.37 59.45 -0.948506
660 -0.27 169.09 22.38 54.58 -1.000720
660 523.75 167.00 20.50 50.00 -1.203985
690 383.16 138.81 26.57 64.81 -0.692126
690 367.75 121.00 20.50 50.00 -1.309870
690 595.92 124.36 44.67 108.95 -1.389307
720 185.75 133.00 20.50 50.00 -0.742336
720 529.69 148.24 28.92 70.53 -0.886496
720 606.07 129.23 34.37 83.83 -1.093236
720 3.75 161.00 20.50 50.00 -1.381380
720 382.75 165.15 24.37 59.45 -1.645758
750 606.07 135.94 34.37 83.83 -0.335718
750 185.75 137.00 20.50 50.00 -1.196793
750 529.01 142.66 34.37 83.83 -1.217776
750 378.22 139.30 34.37 83.83 -1.667082
780 606.07 139.30 34.37 83.83 -0.444619
780 526.87 156.71 28.92 70.53 -1.137535
780 396.54 210.77 31.54 76.92 -2.248231
810 378.22 146.01 34.37 83.83 -1.059644
810 615.91 131.88 24.37 59.45 -1.213061
810 528.85 155.38 31.54 76.92 -1.799614
810 611.15 143.76 24.37 59.45 -2.025846
840 531.75 183.00 20.50 50.00 -0.085644
840 602.97 133.74 37.52 91.50 -0.549934
840 -0.35 184.94 28.92 70.53 -1.535211
870 533.75 185.00 20.50 50.00 -0.433913
870 606.07 139.30 34.37 83.83 -0.715107
870 4.10 169.09 22.38 54.58 -1.868760
900 602.97 137.40 37.52 91.50 -0.335397
900 533.75 181.00 20.50 50.00 -0.701071
900 185.75 149.00 20.50 50.00 -1.394148
900 527.75 187.00 20.50 50.00 -1.915950
930 532.70 184.36 22.38 54.58 -0.406567
930 383.75 171.00 20.50 50.00 -0.613567
930 606.07 139.30 34.37 83.83 -0.626971
960 531.75 191.00 20.50 50.00 -0.496017
960 602.97 141.07 37.52 91.50 -1.246792
960 4.10 175.64 22.38 54.58 -1.839301
990 606.07 146.01 34.37 83.83 -0.579121
990 380.37 167.52 24.37 59.45 -1.008710
990 528.85 164.62 31.54 76.92 -1.603878
1020 608.85 158.46 31.54 76.92 -0.721687
1020 523.96 171.27 22.38 54.58 -1.589418
1050 602.97 144.73 37.52 91.50 -0.078392
1050 21.75 189.00 20.50 50.00 -1.071351
1050 355.50 130.00 41.00 100.00 -1.674489
1080 619.75 185.00 20.50 50.00 0.732851
1080 519.75 185.00 20.50 50.00 -1.090971
1080 551.75 181.00 20.50 50.00 -1.580067
1110 527.75 187.00 20.50 50.00 0.558377
1110 180.09 162.35 28.92 70.53 -0.210900
1110 385.13 167.52 24.37 59.45 -0.491724
1110 553.75 185.00 20.50 50.00 -1.236543
1110 399.75 175.00 20.50 50.00 -1.565587
1110 589.74 191.29 24.37 59.45 -1.976749
1140 380.37 169.90 24.37 59.45 1.891809
1140 541.43 186.55 22.38 54.58 1.222659
1140 391.75 179.00 20.50 50.00 0.237239
1140 399.75 177.00 20.50 50.00 -0.824856
1140 613.77 198.49 26.57 64.81 -0.994089
1140 535.75 177.00 20.50 50.00 -1.743991
1140 592.00 144.73 37.52 91.50 -2.173541
1170 382.75 174.65 24.37 59.45 1.727621
1170 160.35 162.35 28.92 70.53 -0.516120
1170 615.91 143.76 24.37 59.45 -1.693795
1170 537.75 185.00 20.50 50.00 -1.991675
1170 577.78 111.68 48.64 118.64 -2.330260
1200 391.54 165.18 28.92 70.53 1.305481
1200 595.75 183.00 20.50 50.00 -1.011094
1200 157.53 159.53 28.92 70.53 -1.056383
1200 478.63 141.07 37.52 91.50 -1.893050
1200 549.75 189.00 20.50 50.00 -2.254751
1230 411.66 172.54 26.57 64.81 1.099371
1230 598.23 186.55 22.38 54.58 0.125888
1230 587.75 189.00 20.50 50.00 -1.152013
1230 451.92 161.54 31.54 76.92 -1.157183
1230 509.75 187.00 20.50 50.00 -1.200277
1260 421.75 187.00 20.50 50.00 0.610041
1260 502.12 180.00 22.38 54.58 -0.561311
1260 487.75 183.00 20.50 50.00 -0.668919
1260 149.96 154.38 26.57 64.81 -0.763812
1260 401.68 149.37 34.37 83.83 -0.814551
1260 617.88 171.27 22.38 54.58 -0.844359
1260 33.75 189.00 20.50 50.00 -1.174305
1260 521.75 183.00 20.50 50.00 -1.746185
1260 255.75 181.00 20.50 50.00 -1.799270
1290 523.12 179.41 24.37 59.45 1.341327
1290 442.23 184.16 24.37 59.45 1.284952
1290 589.32 159.44 34.37 83.83 -0.847907
1290 143.44 151.06 28.92 70.53 -1.434228
1290 615.91 91.48 24.37 59.45 -1.628128
1290 25.14 141.07 37.52 91.50 -1.905510
1290 481.75 55.00 20.50 50.00 -2.826175
1320 473.46 176.92 31.54 76.92 0.944317
1320 131.92 143.08 31.54 76.92 -0.572782
1320 573.71 163.05 37.52 91.50 -1.303193
1320 -0.25 179.00 20.50 50.00 -1.821400
1320 615.91 193.66 24.37 59.45 -1.896336
1350 537.14 174.05 37.52 91.50 0.397330
1350 111.75 133.00 20.50 50.00 -0.752743
1350 362.43 190.70 26.57 64.81 -2.112272
1350 -0.59 116.44 48.64 118.64 -2.209809
1350 554.54 60.00 22.38 54.58 -3.023171
1380 487.40 165.18 28.92 70.53 -1.337652
1380 596.04 212.73 22.38 54.58 -1.349668
1380 617.88 186.55 22.38 54.58 -1.397997
1380 82.18 106.91 44.67 108.95 -1.713568
1380 463.75 185.00 20.50 50.00 -1.758090
1380 485.75 141.00 20.50 50.00 -1.759491
1380 556.77 126.45 52.90 129.03 -2.282749
1410 526.17 166.72 37.52 91.50 -0.877673
1410 559.09 104.43 37.52 91.50 -1.102656
1410 582.65 132.71 57.98 141.42 -1.387148
1410 75.50 122.00 41.00 100.00 -1.858087
1410 606.07 88.95 34.37 83.83 -1.948760
1440 51.56 102.18 48.64 118.64 -0.210974
1440 401.30 180.32 26.57 64.81 -0.982422
1440 587.36 141.39 24.37 59.45 -1.043304
1470 617.88 175.64 22.38 54.58 -1.195026
1470 606.07 256.78 34.37 83.83 -1.585774
1470 361.75 169.00 20.50 50.00 -1.634859
1470 187.58 177.82 22.38 54.58 -1.658100
1470 582.52 116.44 48.64 118.64 -1.836135
1470 592.12 269.70 24.37 59.45 -3.009169
1500 414.25 162.16 26.57 64.81 1.137360
1500 398.70 151.78 26.57 64.81 0.116797
1500 377.75 161.00 20.50 50.00 -0.204954
1500 569.83 182.18 22.38 54.58 -0.909594
1500 599.50 130.00 41.00 100.00 -0.970978
1500 493.26 148.40 37.52 91.50 -1.631660
1500 85.75 167.00 20.50 50.00 -1.644320
1500 365.75 173.00 20.50 50.00 -1.918865
1500 -0.84 98.03 69.16 168.67 -2.589354
1500 598.23 291.27 22.38 54.58 -3.417263
1500 609.75 293.00 20.50 50.00 -5.111240
1530 429.75 187.00 20.50 50.00 5.426410
1530 571.79 165.63 69.16 168.67 0.815693
1530 420.82 150.89 24.37 59.45 0.520656
1530 441.06 104.47 57.98 141.42 0.265145
1530 82.97 179.41 24.37 59.45 0.090123
1530 428.19 103.06 28.92 70.53 -0.394641
1530 383.41 97.43 48.64 118.64 -0.847310
1530 75.75 187.00 20.50 50.00 -1.402355
1530 514.69 166.59 57.98 141.42 -1.982603
1530 473.72 75.27 22.38 54.58 -2.370035
1560 477.92 181.78 24.37 59.45 5.619433
1560 4.10 197.45 22.38 54.58 0.821497
1560 487.43 184.16 24.37 59.45 0.296868
1560 503.00 52.00 82.00 200.00 -0.327267
1560 571.79 64.22 69.16 168.67 -0.514690
1560 441.88 125.87 34.37 83.83 -0.613954
1560 1.75 181.00 20.50 50.00 -1.335009
1560 25.87 165.15 24.37 59.45 -1.488712
1560 536.09 62.77 75.52 184.20 -1.522095
1560 467.17 186.55 22.38 54.58 -1.557670
1560 13.75 141.00 20.50 50.00 -1.804136
1560 375.00 36.00 82.00 200.00 -2.467835
1560 619.75 9.00 20.50 50.00 -4.083723
1590 591.50 178.00 41.00 100.00 8.114038
1590 394.65 177.03 24.37 59.45 -0.145858
1590 619.75 83.00 20.50 50.00 -1.180914
1590 407.75 183.00 20.50 50.00 -1.489392
1590 72.95 142.59 28.92 70.53 -1.765136
1590 617.88 225.82 22.38 54.58 -1.949795
1590 580.22 74.85 24.37 59.45 -2.549479
1590 447.76 14.40 98.11 239.31 -3.023192
1590 602.97 9.16 37.52 91.50 -4.362591
1620 103.75 173.00 20.50 50.00 1.560670
1620 555.75 135.00 20.50 50.00 -0.057748
1620 539.25 134.18 22.38 54.58 -0.261225
1620 415.08 166.15 34.37 83.83 -0.881915
1620 463.75 181.00 20.50 50.00 -1.324659
1620 532.70 177.82 22.38 54.58 -1.526127
1620 165.51 154.38 26.57 64.81 -1.536836
1620 573.04 121.19 48.64 118.64 -1.835333
1620 16.28 98.82 57.98 141.42 -1.841741
1620 475.50 126.00 41.00 100.00 -1.956301
1620 606.07 260.14 34.37 83.83 -2.272946
1650 31.75 187.00 20.50 50.00 1.832999
1650 414.74 182.18 22.38 54.58 0.411797
1650 193.75 155.00 20.50 50.00 -1.086558
1650 423.75 167.00 20.50 50.00 -1.228004
1650 -0.42 129.23 34.37 83.83 -1.235357
1650 542.47 74.18 89.69 218.76 -1.364274
1650 60.89 160.36 22.38 54.58 -1.377427
1650 93.40 122.52 34.37 83.83 -1.460984
1650 85.75 133.00 20.50 50.00 -1.760576
1650 36.44 129.23 34.37 83.83 -1.863699
1650 606.07 62.10 34.37 83.83 -1.997847
1680 543.28 81.60 98.11 239.31 -0.651367
1680 467.67 153.88 28.92 70.53 -0.878096
1680 436.65 179.29 28.92 70.53 -0.887442
1680 71.75 177.00 20.50 50.00 -1.661845
1680 243.75 153.00 20.50 50.00 -1.855212
1680 577.84 41.58 24.37 59.45 -2.445672
1680 556.54 44.62 31.54 76.92 -3.301654
1680 619.75 25.00 20.50 50.00 -3.708795
1710 15.02 180.00 22.38 54.58 1.429872
1710 615.91 281.58 24.37 59.45 -3.145572
1740 509.75 183.00 20.50 50.00 0.460390
1740 521.77 175.64 22.38 54.58 -0.192175
1740 167.92 153.82 22.38 54.58 -0.691830
1740 339.75 137.00 20.50 50.00 -0.743602
1740 293.75 169.00 20.50 50.00 -1.508482
1740 6.28 118.91 22.38 54.58 -1.782158
1740 599.50 74.00 41.00 100.00 -2.195503
1770 613.77 141.41 26.57 64.81 -0.902196
1770 597.36 179.29 28.92 70.53 -1.030023
1770 606.07 203.08 34.37 83.83 -1.324506
1770 144.83 134.26 24.37 59.45 -1.605660
1770 270.38 140.00 31.54 76.92 -1.684942
1800 359.75 171.00 20.50 50.00 1.041245
1800 162.69 133.85 31.54 76.92 -1.137409
1800 613.52 236.73 22.38 54.58 -1.826612
1830 250.92 162.55 22.38 54.58 2.942984
