30 123.75 147.00 20.50 50.00 -0.693091
30 371.81 120.00 28.92 70.53 -0.880082
60 547.75 145.00 20.50 50.00 -0.753646
60 154.19 85.16 52.90 129.03 -2.308475
90 364.51 184.36 22.38 54.58 0.197604
90 311.75 183.00 20.50 50.00 -1.746742
120 464.86 42.86 176.63 430.80 -2.031580
150 54.42 158.02 24.37 59.45 -1.112299
150 295.75 175.00 20.50 50.00 -1.137077
150 352.06 133.62 26.57 64.81 -1.440852
150 370.86 141.39 24.37 59.45 -1.691492
150 528.33 190.91 22.38 54.58 -1.715062
150 21.15 -1.54 31.54 76.92 -5.090884
180 287.22 168.00 28.92 70.53 0.475038
180 608.63 165.18 28.92 70.53 -0.423644
180 439.75 153.00 20.50 50.00 -1.696083
180 387.75 119.00 20.50 50.00 -1.856751
180 5.38 52.31 63.08 153.85 -2.231710
180 98.96 92.67 48.64 118.64 -2.420292
180 619.75 71.00 20.50 50.00 -2.668496
180 535.00 28.00 82.00 200.00 -3.621900
180 117.68 22.91 22.38 54.58 -3.643642
180 555.50 354.00 41.00 100.00 -8.082864
210 281.59 170.82 28.92 70.53 0.552194
210 459.75 159.00 20.50 50.00 0.340272
210 605.99 144.00 26.57 64.81 0.227496
210 -0.32 151.78 26.57 64.81 -0.545689
210 18.74 153.27 24.37 59.45 -1.179282
210 368.48 105.74 24.37 59.45 -1.381181
210 558.91 188.73 22.38 54.58 -1.458351
210 453.75 153.00 20.50 50.00 -1.895040
210 407.11 92.67 48.64 118.64 -2.124519
210 -0.46 56.79 37.52 91.50 -2.370466
210 119.75 7.00 20.50 50.00 -3.510912
210 111.13 9.82 22.38 54.58 -4.208992
240 473.75 161.00 20.50 50.00 3.176484
240 526.87 170.82 28.92 70.53 2.121411
240 599.50 154.00 41.00 100.00 0.426140
240 432.71 148.51 24.37 59.45 -0.050257
240 518.41 159.53 28.92 70.53 -0.099259
240 197.17 181.78 24.37 59.45 -0.694459
240 161.75 65.00 20.50 50.00 -0.849504
240 92.95 154.38 26.57 64.81 -0.880650
240 -0.27 156.00 22.38 54.58 -1.248820
240 484.64 138.55 22.38 54.58 -1.499086
240 482.46 153.82 22.38 54.58 -1.550003
240 574.20 156.00 22.38 54.58 -1.614041
240 51.75 171.00 20.50 50.00 -1.713861
240 215.75 181.00 20.50 50.00 -1.910304
240 370.20 102.49 26.57 64.81 -1.913687
240 111.75 13.00 20.50 50.00 -4.173126
270 493.75 169.00 20.50 50.00 4.013354
270 278.07 177.03 24.37 59.45 -0.127107
270 59.27 146.59 26.57 64.81 -0.166282
270 572.57 196.36 34.37 83.83 -1.065390
270 432.22 112.36 22.38 54.58 -1.119800
270 126.91 166.15 34.37 83.83 -1.339787
270 594.50 165.15 24.37 59.45 -1.612317
270 484.64 145.09 22.38 54.58 -1.691182
270 6.86 111.76 37.52 91.50 -1.817176
270 608.85 78.46 31.54 76.92 -2.176195
270 107.75 11.00 20.50 50.00 -3.291763
270 129.75 13.00 20.50 50.00 -3.690128
300 519.59 171.27 22.38 54.58 5.600536
300 552.35 171.27 22.38 54.58 0.470691
300 174.45 179.29 28.92 70.53 -0.245531
300 51.50 151.78 26.57 64.81 -0.513969
300 -0.35 170.82 28.92 70.53 -0.590069
300 442.23 115.25 24.37 59.45 -0.904736
300 43.75 171.00 20.50 50.00 -0.914594
300 512.71 146.59 26.57 64.81 -0.941196
300 229.75 185.00 20.50 50.00 -1.033293
300 384.16 105.82 22.38 54.58 -1.303081
300 608.85 198.46 31.54 76.92 -1.321015
300 429.80 112.86 26.57 64.81 -1.379848
300 492.19 98.61 24.37 59.45 -1.682166
300 240.00 195.27 22.38 54.58 -1.734541
300 606.07 75.52 34.37 83.83 -2.268289
300 107.75 15.00 20.50 50.00 -4.201238
330 549.43 179.29 28.92 70.53 6.127079
330 561.09 137.45 44.67 108.95 -0.363448
330 430.32 77.75 69.16 168.67 -0.967788
330 44.76 156.71 28.92 70.53 -1.383413
330 151.97 167.52 24.37 59.45 -1.432003
330 200.69 181.37 37.52 91.50 -1.545952
330 526.17 144.73 37.52 91.50 -1.601088
330 356.58 122.38 24.37 59.45 -1.712030
330 619.75 177.00 20.50 50.00 -2.029791
360 593.46 189.23 31.54 76.92 5.177593
360 427.43 155.73 37.52 91.50 0.551292
360 291.75 203.00 20.50 50.00 0.179660
360 606.07 152.73 34.37 83.83 -0.364342
360 377.44 120.00 28.92 70.53 -0.690605
360 368.87 134.18 22.38 54.58 -0.818353
360 45.77 167.69 31.54 76.92 -1.242669
360 549.11 159.44 34.37 83.83 -1.513747
390 229.51 182.61 107.29 261.69 0.748169
390 113.90 191.29 24.37 59.45 0.266228
390 378.22 112.45 34.37 83.83 -0.598697
390 590.38 176.92 31.54 76.92 -0.983788
390 367.75 151.00 20.50 50.00 -1.250895
390 411.92 161.54 31.54 76.92 -1.353300
390 386.94 124.36 44.67 108.95 -1.375995
390 429.73 93.18 57.98 141.42 -1.829594
420 195.38 166.15 126.15 307.69 0.570682
420 400.00 133.09 44.67 108.95 0.006958
420 376.13 105.81 52.90 129.03 -1.105931
420 3.50 178.00 41.00 100.00 -1.230959
420 519.50 134.00 41.00 100.00 -1.294497
420 543.81 94.70 26.57 64.81 -1.363131
420 479.35 105.81 52.90 129.03 -1.945889
420 -0.38 152.31 31.54 76.92 -1.989673
420 104.57 199.64 22.38 54.58 -2.234764
420 573.71 82.44 37.52 91.50 -2.346555
420 615.91 48.71 24.37 59.45 -2.471028
450 395.75 183.00 20.50 50.00 -0.902799
450 137.75 191.00 20.50 50.00 -1.326082
450 431.75 187.00 20.50 50.00 -1.557518
450 359.75 151.00 20.50 50.00 -1.735121
450 77.75 197.00 20.50 50.00 -2.263562
450 533.70 30.55 89.69 218.76 -2.513720
450 472.33 21.82 89.69 218.76 -3.149429
480 397.75 185.00 20.50 50.00 1.740085
480 56.68 180.32 26.57 64.81 0.229099
480 381.75 183.00 20.50 50.00 0.101154
480 117.68 184.36 22.38 54.58 -0.382153
480 611.17 118.05 26.57 64.81 -0.650912
480 43.73 180.32 26.57 64.81 -0.762866
480 611.45 142.59 28.92 70.53 -1.110373
480 530.97 121.29 52.90 129.03 -1.448694
480 291.92 186.15 31.54 76.92 -1.610032
480 591.50 50.00 41.00 100.00 -1.797676
480 619.75 19.00 20.50 50.00 -2.268703
480 613.77 40.22 26.57 64.81 -3.697926
510 77.75 191.00 20.50 50.00 1.779766
510 53.75 193.00 20.50 50.00 1.051960
510 101.75 187.00 20.50 50.00 -0.475667
510 595.92 141.82 44.67 108.95 -0.719338
510 27.75 195.00 20.50 50.00 -0.894169
510 8.46 193.09 22.38 54.58 -1.338701
510 455.71 162.16 26.57 64.81 -1.391448
510 496.95 143.76 24.37 59.45 -1.614691
510 495.00 183.08 31.54 76.92 -1.858955
510 408.19 173.45 22.38 54.58 -1.887897
510 611.75 37.00 20.50 50.00 -3.137579
540 565.52 99.69 75.52 184.20 0.101698
540 12.83 195.27 22.38 54.58 -0.043153
540 33.01 184.16 24.37 59.45 -0.165404
540 464.98 171.27 22.38 54.58 -0.742700
540 87.75 187.00 20.50 50.00 -1.252433
540 54.42 186.53 24.37 59.45 -1.376786
540 423.75 95.00 20.50 50.00 -1.850813
540 606.07 21.82 34.37 83.83 -3.615263
540 556.43 20.20 24.37 59.45 -4.213418
570 -0.42 169.51 34.37 83.83 0.227940
570 419.75 179.00 20.50 50.00 0.107860
570 491.98 169.95 26.57 64.81 -0.478932
570 50.40 170.82 28.92 70.53 -0.565956
570 585.75 105.00 20.50 50.00 -0.831657
570 269.63 116.44 48.64 118.64 -0.939196
570 105.91 162.16 26.57 64.81 -1.216433
570 365.26 144.73 37.52 91.50 -1.445253
570 31.75 193.00 20.50 50.00 -1.716025
600 436.59 180.00 22.38 54.58 0.377450
600 475.75 185.00 20.50 50.00 -0.542003
600 537.14 152.06 37.52 91.50 -0.603999
600 100.10 179.58 34.37 83.83 -1.184278
600 282.83 188.91 24.37 59.45 -1.224775
600 388.53 173.45 22.38 54.58 -1.520584
600 497.69 95.39 63.08 153.85 -1.773644
600 -0.25 191.00 20.50 50.00 -1.947092
630 525.50 188.91 24.37 59.45 1.074501
630 606.07 172.87 34.37 83.83 0.081123
630 -0.46 188.70 37.52 91.50 -0.334924
630 499.76 180.32 26.57 64.81 -1.381908
630 554.34 121.41 57.98 141.42 -1.901014
630 613.77 35.03 26.57 64.81 -2.890116
630 427.85 20.73 22.38 54.58 -3.646014
630 415.75 27.00 20.50 50.00 -3.860570
630 427.75 1.00 20.50 50.00 -4.158317
660 599.50 170.00 41.00 100.00 2.349909
660 512.71 180.32 26.57 64.81 -0.330216
660 351.75 179.00 20.50 50.00 -0.343189
660 498.08 170.77 31.54 76.92 -1.533472
660 606.07 135.94 34.37 83.83 -1.620099
690 615.75 111.00 20.50 50.00 2.421924
690 619.75 197.00 20.50 50.00 0.112369
690 289.88 169.95 26.57 64.81 -0.562747
690 226.89 156.00 22.38 54.58 -1.236883
690 575.00 173.85 31.54 76.92 -1.278293
690 131.75 185.00 20.50 50.00 -1.416783
690 39.58 70.99 69.16 168.67 -2.380715
690 617.88 25.09 22.38 54.58 -3.862888
720 219.75 169.00 20.50 50.00 0.512467
720 571.79 37.18 69.16 168.67 -3.379810
720 16.44 48.00 89.69 218.76 -3.610429
750 67.31 173.65 28.92 70.53 0.067041
750 380.37 177.03 24.37 59.45 -0.658178
750 370.20 151.78 26.57 64.81 -0.741063
750 450.75 12.71 28.92 70.53 -3.499207
780 109.14 160.40 24.37 59.45 -1.936037
780 38.94 25.41 57.98 141.42 -3.710621
810 467.50 166.00 41.00 100.00 -0.968986
810 361.47 142.66 34.37 83.83 -1.297160
810 494.57 175.14 26.57 64.81 -1.418456
810 519.75 137.00 20.50 50.00 -1.856058
810 146.26 105.88 28.92 70.53 -1.902249
810 526.14 20.73 22.38 54.58 -3.136571
810 571.79 23.66 69.16 168.67 -3.342725
810 534.88 22.91 22.38 54.58 -3.629995
810 -0.92 25.85 75.52 184.20 -4.360773
840 482.72 168.00 44.67 108.95 -0.266042
840 579.50 174.00 41.00 100.00 -0.611395
840 197.17 153.27 24.37 59.45 -1.394716
840 522.69 130.77 31.54 76.92 -1.766343
840 66.60 99.02 34.37 83.83 -1.904887
840 619.75 75.00 20.50 50.00 -1.970450
840 619.75 125.00 20.50 50.00 -1.976359
870 510.38 146.15 31.54 76.92 -0.705650
870 35.75 175.00 20.50 50.00 -1.214305
870 498.68 193.41 28.92 70.53 -1.654424
870 606.07 78.88 34.37 83.83 -1.932269
870 576.38 60.00 22.38 54.58 -2.182626
870 180.00 69.68 52.90 129.03 -2.615054
900 595.92 93.82 44.67 108.95 -0.949922
900 34.68 171.27 22.38 54.58 -1.098105
900 187.66 162.77 24.37 59.45 -1.128112
900 -0.32 164.76 26.57 64.81 -1.648937
900 577.75 151.00 20.50 50.00 -1.899357
900 529.83 75.11 37.52 91.50 -2.586511
900 617.88 68.73 22.38 54.58 -2.937989
900 172.29 22.91 22.38 54.58 -3.966624
930 78.59 114.35 28.92 70.53 -0.545572
930 285.75 151.00 20.50 50.00 -0.590277
930 15.00 161.54 31.54 76.92 -0.786868
930 619.75 191.00 20.50 50.00 -0.893698
930 429.75 145.00 20.50 50.00 -0.944543
930 92.69 159.53 28.92 70.53 -1.323663
930 611.45 213.18 28.92 70.53 -1.431189
930 619.75 85.00 20.50 50.00 -1.925498
930 104.11 4.36 89.69 218.76 -4.374158
960 557.75 169.00 20.50 50.00 0.121170
960 469.75 159.00 20.50 50.00 -1.183379
960 615.70 108.00 22.38 54.58 -1.875624
960 78.59 91.77 28.92 70.53 -1.890711
960 583.75 29.00 20.50 50.00 -3.377206
990 602.97 243.66 37.52 91.50 1.298035
990 505.75 175.00 20.50 50.00 -1.525280
990 392.90 164.73 22.38 54.58 -1.532878
990 255.00 133.85 31.54 76.92 -1.788638
990 553.75 259.00 20.50 50.00 -2.305183
990 571.79 37.18 69.16 168.67 -3.153982
990 -1.19 4.80 98.11 239.31 -3.941227
1020 449.37 124.75 24.37 59.45 -1.042587
1020 381.75 173.00 20.50 50.00 -1.124102
1020 577.69 89.23 63.08 153.85 -2.101775
1020 611.33 38.18 22.38 54.58 -2.125526
1020 541.43 25.09 22.38 54.58 -3.119886
1020 533.75 27.00 20.50 50.00 -3.751449
1050 410.38 160.36 22.38 54.58 -0.663463
1050 545.80 88.36 22.38 54.58 -1.183778
1050 481.75 101.00 20.50 50.00 -1.515566
1050 617.88 140.73 22.38 54.58 -1.892864
1050 619.75 89.00 20.50 50.00 -2.475723
1050 481.75 33.00 20.50 50.00 -3.116253
1050 473.75 37.00 20.50 50.00 -3.404598
1050 489.01 31.64 22.38 54.58 -3.542985
1050 157.73 22.05 26.57 64.81 -3.657316
1080 505.00 140.00 136.67 333.33 -0.389269
1080 449.69 175.64 22.38 54.58 -1.145398
1080 565.46 81.82 22.38 54.58 -1.209041
1080 187.66 160.40 24.37 59.45 -1.426709
1080 120.21 149.37 34.37 83.83 -1.783135
1080 73.99 16.36 22.38 54.58 -3.910381
1080 505.75 19.00 20.50 50.00 -3.953273
1080 561.75 3.00 20.50 50.00 -4.765534
1110 611.45 136.94 28.92 70.53 1.788906
1110 163.87 155.64 24.37 59.45 0.069131
1110 373.24 138.55 22.38 54.58 0.026145
1110 606.07 162.80 34.37 83.83 -0.475484
1110 515.50 142.00 41.00 100.00 -0.501749
1110 522.51 86.11 37.52 91.50 -0.743925
1110 421.30 164.73 22.38 54.58 -1.107476
1110 588.90 145.41 28.92 70.53 -1.236437
1110 355.75 179.00 20.50 50.00 -1.328535
1110 507.89 78.78 37.52 91.50 -2.044872
1110 606.07 78.88 34.37 83.83 -2.178952
1110 591.50 94.00 41.00 100.00 -2.385647
1110 595.92 15.27 44.67 108.95 -4.190035
1110 61.75 13.00 20.50 50.00 -4.447363
1140 387.75 125.00 20.50 50.00 1.442240
1140 602.97 126.41 37.52 91.50 0.063256
1140 548.67 81.88 57.98 141.42 -0.880542
1140 409.75 183.00 20.50 50.00 -0.908149
1140 401.75 181.00 20.50 50.00 -1.533910
1140 125.71 128.73 44.67 108.95 -1.619801
1140 445.34 175.14 26.57 64.81 -1.660997
1140 99.75 31.00 20.50 50.00 -2.422404
1140 619.75 51.00 20.50 50.00 -3.041480
1140 161.75 11.00 20.50 50.00 -4.210237
1170 602.97 115.42 37.52 91.50 -0.231355
1170 414.74 121.09 22.38 54.58 -0.656529
1170 447.51 182.18 22.38 54.58 -0.900544
1170 432.22 180.00 22.38 54.58 -1.646071
1170 423.75 189.00 20.50 50.00 -1.761323
1170 613.77 60.97 26.57 64.81 -1.884914
1170 619.75 37.00 20.50 50.00 -2.574999
1200 447.94 172.54 26.57 64.81 0.266288
1200 497.19 125.94 48.64 118.64 0.213165
1200 445.75 121.00 20.50 50.00 0.074642
1200 571.33 127.06 57.98 141.42 -0.658346
1200 340.00 162.58 52.90 129.03 -0.692181
1200 464.85 165.18 28.92 70.53 -0.841273
1200 441.75 109.00 20.50 50.00 -0.847988
1200 52.05 129.50 24.37 59.45 -1.165267
1200 532.70 197.45 22.38 54.58 -1.637122
1200 608.85 112.31 31.54 76.92 -1.760136
1200 389.75 185.00 20.50 50.00 -1.870236
1200 103.75 15.00 20.50 50.00 -4.407008
1230 611.45 210.35 28.92 70.53 0.835067
1230 41.75 177.00 20.50 50.00 0.501240
1230 23.75 173.00 20.50 50.00 0.265085
1230 447.94 167.35 26.57 64.81 -0.156816
1230 571.79 84.51 69.16 168.67 -0.569795
1230 363.50 178.00 41.00 100.00 -0.628995
1230 143.89 173.45 22.38 54.58 -0.918276
1230 451.75 98.61 24.37 59.45 -0.948059
1230 490.22 165.18 28.92 70.53 -1.597690
1230 465.34 149.37 34.37 83.83 -1.764893
1230 447.75 87.00 20.50 50.00 -2.054837
1260 532.70 140.73 22.38 54.58 0.932217
1260 2.08 167.52 24.37 59.45 0.454297
1260 475.75 91.00 20.50 50.00 -0.824448
1260 551.23 109.09 89.69 218.76 -0.863345
1260 478.63 137.40 37.52 91.50 -0.939909
1260 37.75 173.00 20.50 50.00 -1.182136
1260 525.75 149.00 20.50 50.00 -1.241896
1260 455.75 75.00 20.50 50.00 -1.578177
1260 461.26 98.61 24.37 59.45 -1.896230
1290 497.75 171.27 22.38 54.58 0.268297
1290 529.83 144.73 37.52 91.50 -0.143792
1290 487.43 172.28 24.37 59.45 -0.731652
1290 460.61 151.64 22.38 54.58 -0.737561
1290 529.01 109.09 34.37 83.83 -1.046613
1290 476.44 156.97 26.57 64.81 -1.142053
1290 331.67 86.67 136.67 333.33 -1.203348
1290 455.75 73.00 20.50 50.00 -1.264174
1290 608.85 180.00 31.54 76.92 -1.488314
1290 462.03 86.12 28.92 70.53 -1.614455
1290 357.75 63.00 20.50 50.00 -1.796855
1290 606.07 82.24 34.37 83.83 -2.144566
1290 602.97 23.82 37.52 91.50 -3.901629
1320 488.80 152.73 34.37 83.83 1.386334
1320 542.16 143.76 24.37 59.45 -0.714347
1320 347.27 80.00 149.09 363.64 -0.896399
1320 -0.35 156.71 28.92 70.53 -1.206812
1320 599.50 82.00 41.00 100.00 -1.508063
1320 529.01 169.51 34.37 83.83 -1.912333
1350 476.54 164.62 31.54 76.92 1.376846
1350 345.00 113.33 136.67 333.33 0.304583
1350 523.50 162.00 41.00 100.00 -0.299054
1350 619.75 177.00 20.50 50.00 -0.919158
1350 606.07 95.66 34.37 83.83 -1.122743
1350 535.00 130.77 31.54 76.92 -1.183937
1350 466.07 175.14 26.57 64.81 -1.521625
1350 360.14 70.91 22.38 54.58 -1.597350
1350 479.75 85.00 20.50 50.00 -2.051790
1380 476.44 169.95 26.57 64.81 0.384184
1380 467.75 189.00 20.50 50.00 -0.098616
1380 515.60 169.51 34.37 83.83 -0.100388
1380 602.97 188.70 37.52 91.50 -0.301717
1380 -0.35 168.00 28.92 70.53 -1.478880
1380 357.95 75.27 22.38 54.58 -1.545440
1380 565.38 113.85 63.08 153.85 -1.721183
1380 582.65 76.23 57.98 141.42 -2.083205
1380 163.55 5.45 22.38 54.58 -4.854683
1410 464.85 170.82 28.92 70.53 1.817341
1410 498.68 182.12 28.92 70.53 -0.004286
1410 318.00 72.00 164.00 400.00 -0.221268
1410 606.07 102.38 34.37 83.83 -1.047152
1410 -0.35 170.82 28.92 70.53 -1.287806
1410 477.92 100.99 24.37 59.45 -1.993778
1410 570.06 181.37 37.52 91.50 -2.088037
1440 479.62 173.85 31.54 76.92 0.009182
1440 318.00 72.00 164.00 400.00 -0.627486
1440 606.07 189.65 34.37 83.83 -1.260631
1440 617.88 55.64 22.38 54.58 -2.959235
1440 163.55 9.82 22.38 54.58 -4.140823
1470 602.97 196.03 37.52 91.50 1.351109
1470 318.00 72.00 164.00 400.00 -0.388964
1470 470.48 179.29 28.92 70.53 -0.773143
1470 592.12 222.18 24.37 59.45 -1.699764
1470 602.97 97.10 37.52 91.50 -1.880161
1470 579.75 125.00 20.50 50.00 -2.038591
1470 36.36 -9.60 197.95 482.80 -3.867856
1500 565.52 92.31 75.52 184.20 -0.052875
1500 318.00 72.00 164.00 400.00 -0.351396
1500 3.75 201.00 20.50 50.00 -1.015269
1500 473.75 201.00 20.50 50.00 -1.412703
1500 521.75 147.00 20.50 50.00 -1.784485
1500 619.75 13.00 20.50 50.00 -3.967226
1530 332.73 109.09 149.09 363.64 1.063469
1530 100.00 109.09 149.09 363.64 -1.022777
1530 543.62 210.55 22.38 54.58 -1.294922
1530 565.05 98.03 69.16 168.67 -1.508946
1530 613.77 11.68 26.57 64.81 -4.746970
1560 347.27 94.55 149.09 363.64 0.490337
1560 576.99 121.41 57.98 141.42 -0.838402
1560 3.75 199.00 20.50 50.00 -1.249478
1560 602.97 97.10 37.52 91.50 -2.308312
1560 517.41 199.64 22.38 54.58 -2.509170
1560 154.11 300.85 69.16 168.67 -5.293262
1590 330.77 166.15 126.15 307.69 -0.096730
1590 30.31 217.09 22.38 54.58 -0.104167
1590 571.79 118.31 69.16 168.67 -0.242680
1590 190.00 72.00 164.00 400.00 -0.907358
1590 359.84 79.14 26.57 64.81 -1.756643
1590 471.75 181.00 20.50 50.00 -1.809032
1590 619.75 23.00 20.50 50.00 -4.165103
1620 602.97 104.43 37.52 91.50 -0.369456
1620 334.43 213.91 107.29 261.69 -0.714886
1620 489.75 205.00 20.50 50.00 -1.115405
1620 411.75 147.00 20.50 50.00 -1.260732
1620 565.44 176.73 44.67 108.95 -1.329831
1620 499.75 211.00 20.50 50.00 -2.359846
1620 582.65 19.77 57.98 141.42 -3.208008
1650 611.45 114.35 28.92 70.53 -0.109004
1650 289.09 109.09 149.09 363.64 -0.301734
1650 480.27 101.45 22.38 54.58 -1.125987
1650 475.54 188.91 24.37 59.45 -1.186952
1650 520.89 154.46 48.64 118.64 -1.684782
1650 188.11 42.86 176.63 430.80 -1.917803
1650 -0.38 180.00 31.54 76.92 -2.099403
1650 619.75 211.00 20.50 50.00 -2.172539
1650 619.75 21.00 20.50 50.00 -4.274249
1680 602.97 214.35 37.52 91.50 0.135584
1680 595.92 98.18 44.67 108.95 -0.220612
1680 468.40 181.78 24.37 59.45 -1.317784
1680 468.40 115.25 24.37 59.45 -1.569429
1680 529.75 191.00 20.50 50.00 -1.665554
1680 475.90 97.09 22.38 54.58 -1.701292
1680 445.24 156.08 34.37 83.83 -1.867300
1680 210.91 -9.60 197.95 482.80 -2.805853
1710 487.40 184.94 28.92 70.53 -0.533236
1710 608.85 78.46 31.54 76.92 -0.602411
1710 305.75 115.00 20.50 50.00 -0.715761
1710 465.75 187.00 20.50 50.00 -0.728952
1710 475.90 180.00 22.38 54.58 -1.219474
1710 528.33 136.36 22.38 54.58 -1.517127
1710 552.25 187.76 28.92 70.53 -1.611817
1710 562.74 163.05 37.52 91.50 -1.693932
1740 456.25 86.18 22.38 54.58 -0.682206
1740 465.75 183.00 20.50 50.00 -1.116340
1740 372.57 229.01 37.52 91.50 -1.272635
1740 344.85 73.09 22.38 54.58 -1.580846
1740 530.26 160.40 24.37 59.45 -1.608893
1740 599.50 86.00 41.00 100.00 -2.031190
1740 465.75 93.00 20.50 50.00 -2.266302
1740 619.75 51.00 20.50 50.00 -3.438562
1770 473.30 165.18 28.92 70.53 -0.341435
1770 303.64 94.55 149.09 363.64 -0.379860
1770 535.02 155.64 24.37 59.45 -0.629940
1770 537.06 127.64 22.38 54.58 -1.060272
1770 571.92 158.46 31.54 76.92 -1.087207
1770 473.16 96.24 24.37 59.45 -1.133003
1770 607.75 85.00 20.50 50.00 -1.916266
1770 95.51 148.24 28.92 70.53 -2.018497
1770 463.48 86.92 26.57 64.81 -2.154577
1770 338.29 64.36 22.38 54.58 -2.628936
1770 197.17 283.96 24.37 59.45 -4.549492
1800 617.88 177.82 22.38 54.58 0.688260
1800 303.64 94.55 149.09 363.64 0.583416
1800 476.44 167.35 26.57 64.81 0.246887
1800 569.72 120.65 26.57 64.81 -0.998295
1800 546.61 162.35 28.92 70.53 -1.137827
1800 333.93 58.38 26.57 64.81 -1.167308
1800 528.33 151.64 22.38 54.58 -1.429916
1800 505.55 169.51 34.37 83.83 -1.830478
1800 539.78 122.38 24.37 59.45 -1.945547
1800 611.45 207.53 28.92 70.53 -2.073896
1800 460.89 79.14 26.57 64.81 -2.544831
1800 592.00 64.16 48.64 118.64 -2.619976
1800 124.14 284.31 75.52 184.20 -4.206390
1830 477.92 167.52 24.37 59.45 0.521425
1830 599.50 182.00 41.00 100.00 -0.434030
1830 538.08 152.31 31.54 76.92 -0.684096
1830 286.00 72.00 164.00 400.00 -0.743362
1830 571.98 111.53 28.92 70.53 -1.635883
1830 485.75 151.00 20.50 50.00 -1.655404
1830 611.45 122.82 28.92 70.53 -1.730575
1830 619.75 251.00 20.50 50.00 -3.469982
