30 619.75 217.00 20.50 50.00 0.507301
30 416.84 172.54 26.57 64.81 -0.432330
30 93.75 193.00 20.50 50.00 -0.725897
30 347.75 125.00 20.50 50.00 -0.857990
30 407.75 183.00 20.50 50.00 -1.835427
30 591.50 210.00 41.00 100.00 -1.924724
30 -0.25 209.00 20.50 50.00 -2.181941
60 443.75 197.00 20.50 50.00 -0.853574
60 505.75 171.00 20.50 50.00 -1.182848
60 320.89 110.50 24.37 59.45 -1.469589
60 4.10 199.64 22.38 54.58 -1.472706
60 425.75 189.00 20.50 50.00 -1.582289
60 619.75 63.00 20.50 50.00 -2.776632
90 463.48 180.32 26.57 64.81 -0.755963
90 595.92 124.36 44.67 108.95 -1.738514
90 303.75 45.00 20.50 50.00 -1.971126
90 485.06 198.42 24.37 59.45 -2.045233
120 463.64 196.04 24.37 59.45 -0.145706
120 121.75 181.00 20.50 50.00 -0.326301
120 602.97 221.68 37.52 91.50 -0.614012
120 619.75 75.00 20.50 50.00 -1.661724
120 565.75 111.00 20.50 50.00 -2.172785
120 615.91 93.86 24.37 59.45 -2.218665
120 381.75 65.00 20.50 50.00 -2.246017
120 520.74 217.43 24.37 59.45 -2.818969
120 532.70 46.91 22.38 54.58 -3.463387
120 298.98 1.09 22.38 54.58 -4.691188
150 549.11 193.01 34.37 83.83 -0.189132
150 599.50 214.00 41.00 100.00 -0.654218
150 91.47 177.82 22.38 54.58 -1.000220
150 619.75 65.00 20.50 50.00 -1.031621
150 60.41 133.09 44.67 108.95 -1.666353
150 163.54 93.18 57.98 141.42 -1.945855
150 584.69 203.36 37.52 91.50 -2.165464
150 606.39 41.58 24.37 59.45 -3.369574
150 521.77 -1.09 22.38 54.58 -4.012054
150 469.75 5.00 20.50 50.00 -4.070828
150 617.88 5.45 22.38 54.58 -4.286359
150 592.12 22.57 24.37 59.45 -4.381284
180 543.50 166.00 41.00 100.00 -0.035478
180 4.52 126.45 52.90 129.03 -2.047056
180 46.32 48.00 26.57 64.81 -3.458694
180 54.40 16.49 37.52 91.50 -3.958450
180 15.50 10.00 41.00 100.00 -4.752252
210 592.00 154.46 48.64 118.64 -0.420261
210 171.50 126.00 41.00 100.00 -0.963451
210 444.61 177.03 24.37 59.45 -1.974479
210 582.60 207.92 24.37 59.45 -2.148076
210 56.30 125.94 48.64 118.64 -2.157644
210 30.31 44.73 22.38 54.58 -2.962855
210 -0.46 9.16 37.52 91.50 -4.671409
240 613.77 169.95 26.57 64.81 -1.075694
240 445.71 108.09 37.52 91.50 -1.307922
240 155.50 122.00 41.00 100.00 -1.414838
240 171.50 122.00 41.00 100.00 -1.496995
240 391.29 93.82 44.67 108.95 -1.642800
240 4.10 180.00 22.38 54.58 -1.697658
240 531.75 133.00 20.50 50.00 -1.949323
240 401.64 5.45 22.38 54.58 -4.715416
270 160.59 106.93 48.64 118.64 -1.082864
270 363.72 34.45 24.37 59.45 -3.093793
300 569.16 114.35 28.92 70.53 -1.794791
300 141.63 111.68 48.64 118.64 -1.920844
300 112.90 105.81 52.90 129.03 -2.046212
300 137.75 23.00 20.50 50.00 -3.042904
300 358.96 27.33 24.37 59.45 -3.298776
300 375.38 27.24 26.57 64.81 -3.609920
300 406.01 5.45 22.38 54.58 -4.696918
330 475.75 165.00 20.50 50.00 -0.574101
330 421.15 136.92 31.54 76.92 -1.040156
330 459.75 165.00 20.50 50.00 -1.385178
330 387.75 167.00 20.50 50.00 -1.590446
330 95.58 98.82 57.98 141.42 -2.065868
330 118.23 93.18 57.98 141.42 -2.174641
330 576.99 53.65 57.98 141.42 -2.690624
330 131.75 15.00 20.50 50.00 -2.967650
330 371.06 22.91 22.38 54.58 -3.741000
360 125.80 167.52 24.37 59.45 -0.511803
360 422.56 142.59 28.92 70.53 -0.552673
360 599.50 94.00 41.00 100.00 -0.861493
360 473.30 151.06 28.92 70.53 -1.342231
360 461.75 165.00 20.50 50.00 -1.484935
360 136.89 111.68 48.64 118.64 -1.538319
360 370.20 14.27 26.57 64.81 -3.684214
360 362.32 7.64 22.38 54.58 -4.241187
390 418.43 139.30 34.37 83.83 -0.379578
390 590.38 115.38 31.54 76.92 -1.213377
390 475.75 171.00 20.50 50.00 -1.539212
390 619.75 95.00 20.50 50.00 -1.648567
390 118.06 105.81 52.90 129.03 -1.895446
390 373.23 20.20 24.37 59.45 -3.346076
390 358.96 5.94 24.37 59.45 -3.783923
420 602.97 104.43 37.52 91.50 -0.531342
420 123.23 110.97 52.90 129.03 -1.534504
420 39.12 162.35 28.92 70.53 -2.057393
420 206.69 81.98 24.37 59.45 -2.244205
420 373.23 24.95 24.37 59.45 -3.352338
420 131.75 21.00 20.50 50.00 -3.631570
450 613.77 172.54 26.57 64.81 -0.276841
450 461.75 167.00 20.50 50.00 -0.384218
450 606.07 109.09 34.37 83.83 -0.999177
450 595.63 118.05 26.57 64.81 -1.349313
450 421.15 140.00 31.54 76.92 -1.486691
450 615.91 86.73 24.37 59.45 -2.435607
450 160.35 258.35 28.92 70.53 -2.925726
450 368.85 7.69 31.54 76.92 -3.645223
450 357.71 12.71 28.92 70.53 -3.673641
450 130.56 20.20 24.37 59.45 -3.757342
450 441.75 5.00 20.50 50.00 -4.569947
480 572.26 121.29 52.90 129.03 0.201023
480 606.07 109.09 34.37 83.83 -0.831487
480 424.23 186.15 31.54 76.92 -1.515785
480 118.23 104.47 57.98 141.42 -1.943767
480 523.96 204.00 22.38 54.58 -2.476525
480 371.81 18.35 28.92 70.53 -3.875375
480 360.53 15.53 28.92 70.53 -4.099028
510 461.75 169.00 20.50 50.00 -0.598604
510 411.28 156.71 28.92 70.53 -0.789028
510 602.97 104.43 37.52 91.50 -0.981391
510 477.75 175.00 20.50 50.00 -1.178770
510 421.15 143.08 31.54 76.92 -1.260314
510 288.05 241.09 22.38 54.58 -1.698270
510 591.72 117.18 28.92 70.53 -1.753669
510 -0.25 197.00 20.50 50.00 -2.175274
510 269.75 223.00 20.50 50.00 -2.258605
510 372.79 22.05 26.57 64.81 -2.536234
510 131.75 19.00 20.50 50.00 -3.231529
510 131.92 253.85 31.54 76.92 -3.291970
510 362.32 16.36 22.38 54.58 -3.453682
510 4.86 -1.30 26.57 64.81 -5.064090
540 599.50 102.00 41.00 100.00 -0.610747
540 461.75 171.00 20.50 50.00 -1.342778
540 475.90 171.27 22.38 54.58 -1.624504
540 131.75 23.00 20.50 50.00 -2.783747
540 373.24 25.09 22.38 54.58 -3.190004
570 602.72 112.45 34.37 83.83 -0.436962
570 462.80 166.91 22.38 54.58 -0.890865
570 418.43 139.30 34.37 83.83 -1.145057
570 118.23 104.47 57.98 141.42 -1.293295
570 473.30 159.53 28.92 70.53 -1.476747
570 590.38 121.54 31.54 76.92 -2.009788
570 373.23 22.57 24.37 59.45 -3.370830
600 411.66 159.57 26.57 64.81 -0.794797
600 602.97 104.43 37.52 91.50 -1.067726
600 461.75 175.00 20.50 50.00 -1.267652
600 37.77 165.15 24.37 59.45 -1.714128
600 102.58 110.97 52.90 129.03 -1.767998
600 128.39 110.97 52.90 129.03 -1.810097
600 359.62 10.77 31.54 76.92 -3.577214
600 378.08 16.92 31.54 76.92 -4.198173
630 602.97 104.43 37.52 91.50 -0.817254
630 422.56 151.06 28.92 70.53 -1.232986
630 131.75 183.00 20.50 50.00 -1.381723
630 390.38 146.15 31.54 76.92 -1.661829
630 111.09 94.70 26.57 64.81 -1.879337
630 373.23 22.57 24.37 59.45 -3.514374
630 443.75 5.00 20.50 50.00 -4.242729
660 461.75 171.00 20.50 50.00 -0.596983
660 602.97 108.09 37.52 91.50 -0.864277
660 479.75 175.00 20.50 50.00 -0.921303
660 421.78 142.66 34.37 83.83 -1.441941
660 95.58 104.47 57.98 141.42 -2.076597
660 373.23 24.95 24.37 59.45 -3.171520
660 133.75 23.00 20.50 50.00 -3.832464
690 461.75 169.00 20.50 50.00 -0.234605
690 130.78 180.00 22.38 54.58 -0.475732
690 602.97 104.43 37.52 91.50 -0.587812
690 413.75 173.00 20.50 50.00 -1.515887
690 421.15 146.15 31.54 76.92 -1.921038
690 211.60 84.00 22.38 54.58 -2.008535
690 372.79 22.05 26.57 64.81 -3.568880
720 419.43 154.38 26.57 64.81 -0.240946
720 606.07 105.73 34.37 83.83 -0.645200
720 461.75 171.00 20.50 50.00 -0.882333
720 477.75 175.00 20.50 50.00 -1.072342
720 128.39 110.97 52.90 129.03 -1.716688
720 593.46 115.38 31.54 76.92 -2.128936
720 372.79 22.05 26.57 64.81 -3.182528
720 360.53 18.35 28.92 70.53 -3.651875
750 462.80 166.91 22.38 54.58 -0.009276
750 599.50 106.00 41.00 100.00 -0.538685
750 422.56 151.06 28.92 70.53 -0.713013
750 478.09 171.27 22.38 54.58 -1.373771
750 118.23 98.82 57.98 141.42 -2.323794
750 375.43 22.91 22.38 54.58 -3.370356
750 363.72 20.20 24.37 59.45 -4.073298
750 132.16 15.53 28.92 70.53 -4.320284
780 461.75 173.00 20.50 50.00 -0.193359
780 597.36 120.00 28.92 70.53 -0.405580
780 422.56 151.06 28.92 70.53 -1.400164
780 608.63 117.18 28.92 70.53 -1.599911
780 131.75 23.00 20.50 50.00 -2.773400
780 371.81 18.35 28.92 70.53 -3.322769
780 362.43 22.05 26.57 64.81 -3.682845
810 594.54 120.00 28.92 70.53 -0.473639
810 606.07 112.45 34.37 83.83 -0.478685
810 478.09 171.27 22.38 54.58 -1.576259
810 362.32 14.18 22.38 54.58 -3.983289
840 606.07 109.09 34.37 83.83 -0.376056
840 422.56 151.06 28.92 70.53 -0.468658
840 461.75 171.00 20.50 50.00 -0.698840
840 91.75 189.00 20.50 50.00 -0.895242
840 149.96 175.14 26.57 64.81 -1.070858
840 401.75 91.00 20.50 50.00 -1.408938
840 481.75 175.00 20.50 50.00 -1.442361
840 357.71 7.06 28.92 70.53 -3.088360
840 372.79 19.46 26.57 64.81 -3.931919
870 421.15 146.15 31.54 76.92 -0.681636
870 92.95 177.73 26.57 64.81 -0.766636
870 606.07 115.80 34.37 83.83 -0.778810
870 463.75 173.00 20.50 50.00 -0.862138
870 479.75 179.00 20.50 50.00 -1.026127
870 36.86 201.82 22.38 54.58 -1.557133
870 371.81 18.35 28.92 70.53 -4.117206
900 469.35 173.45 22.38 54.58 0.231352
900 12.98 159.44 34.37 83.83 -0.366682
900 608.85 118.46 31.54 76.92 -0.593210
900 430.03 180.00 22.38 54.58 -0.637169
900 -0.32 195.89 26.57 64.81 -0.861910
900 154.81 20.73 22.38 54.58 -3.823062
930 90.11 188.91 24.37 59.45 0.035364
930 476.12 179.29 28.92 70.53 -1.091856
930 -0.50 170.00 41.00 100.00 -1.499692
930 595.92 72.00 44.67 108.95 -1.539811
930 432.71 191.29 24.37 59.45 -1.586169
930 80.00 180.32 26.57 64.81 -2.177526
930 382.75 24.95 24.37 59.45 -3.600482
960 65.75 201.00 20.50 50.00 -0.371844
960 446.99 191.29 24.37 59.45 -0.639326
960 604.78 127.64 22.38 54.58 -0.975648
960 240.00 181.78 24.37 59.45 -1.509054
960 519.75 205.00 20.50 50.00 -1.894437
960 615.91 86.73 24.37 59.45 -2.333935
960 528.74 55.38 75.52 184.20 -2.620250
990 582.65 144.00 57.98 141.42 0.490211
990 178.84 206.18 22.38 54.58 0.121548
990 460.34 188.70 37.52 91.50 -0.160146
990 426.07 144.95 48.64 118.64 -0.377543
990 421.75 97.00 20.50 50.00 -1.255124
990 170.10 210.55 22.38 54.58 -1.575624
990 14.00 56.00 164.00 400.00 -1.980778
990 543.62 25.09 22.38 54.58 -3.567091
1020 443.79 104.79 69.16 168.67 0.179093
1020 475.04 144.00 57.98 141.42 -1.386965
1020 191.75 183.00 20.50 50.00 -1.413075
1020 169.75 189.00 20.50 50.00 -1.459993
1020 587.30 20.73 22.38 54.58 -3.378376
1020 608.77 24.95 24.37 59.45 -3.699309
1020 539.78 36.83 24.37 59.45 -3.723207
1050 543.28 52.80 98.11 239.31 -0.798470
1050 173.82 176.22 34.37 83.83 -1.102997
1050 94.63 159.39 37.52 91.50 -1.310649
1050 199.75 163.00 20.50 50.00 -1.403093
1050 201.75 21.00 20.50 50.00 -2.559271
1050 495.52 33.60 98.11 239.31 -2.674700
1050 449.75 21.00 20.50 50.00 -3.610851
1050 209.75 15.00 20.50 50.00 -3.800123
1080 413.68 96.24 24.37 59.45 -0.440579
1080 534.97 150.55 44.67 108.95 -0.620617
1080 513.46 180.00 31.54 76.92 -0.695900
1080 451.88 127.64 22.38 54.58 -0.696616
1080 572.57 182.94 34.37 83.83 -0.810247
1080 559.62 186.15 31.54 76.92 -1.075446
1080 587.74 95.48 52.90 129.03 -1.212500
1080 154.81 147.27 22.38 54.58 -1.263039
1080 414.74 123.27 22.38 54.58 -1.279190
1110 595.92 141.82 44.67 108.95 -0.944829
1110 516.54 84.61 31.54 76.92 -1.141238
1110 582.62 115.80 34.37 83.83 -1.557136
1110 535.75 141.00 20.50 50.00 -1.930506
1110 51.67 46.67 136.67 333.33 -2.584635
1110 25.14 75.11 37.52 91.50 -2.796837
1110 424.23 50.77 31.54 76.92 -3.086547
1140 3.50 78.00 41.00 100.00 -1.004869
1140 571.98 66.35 28.92 70.53 -1.975417
1140 543.67 32.73 44.67 108.95 -2.110435
1140 -0.25 49.00 20.50 50.00 -2.148203
1140 608.85 53.85 31.54 76.92 -2.747652
1140 609.75 15.00 20.50 50.00 -2.963087
1140 492.15 45.31 34.37 83.83 -3.133209
1140 438.40 27.48 37.52 91.50 -3.195329
1140 479.75 35.00 20.50 50.00 -3.400618
1140 512.78 21.18 28.92 70.53 -3.566866
1140 8.46 16.36 22.38 54.58 -4.056109
1170 613.53 79.60 24.37 59.45 -1.210703
1170 447.75 101.00 20.50 50.00 -1.277177
1170 1.91 138.55 22.38 54.58 -1.305933
1170 475.50 62.00 41.00 100.00 -1.752506
1170 515.60 75.52 34.37 83.83 -1.828698
1170 494.57 41.58 24.37 59.45 -1.962557
1170 485.06 36.83 24.37 59.45 -2.453915
1170 551.75 33.00 20.50 50.00 -2.660415
1170 599.31 23.82 37.52 91.50 -2.692806
1170 539.25 55.64 22.38 54.58 -3.005025
1170 502.35 32.43 26.57 64.81 -3.052345
1170 291.75 7.00 20.50 50.00 -3.932506
1170 575.92 8.39 34.37 83.83 -4.645721
1170 563.28 -1.09 22.38 54.58 -4.777053
1200 565.52 25.85 75.52 184.20 -2.529264
1260 460.34 137.40 37.52 91.50 -0.998606
1260 617.75 193.00 20.50 50.00 -1.730073
1260 248.23 20.15 37.52 91.50 -3.720944
1290 347.06 174.65 24.37 59.45 0.707289
1290 392.27 169.90 24.37 59.45 -0.064653
1290 319.50 142.00 41.00 100.00 -0.862342
1290 447.75 181.00 20.50 50.00 -1.497764
1320 351.40 177.82 22.38 54.58 -0.216445
1320 230.84 168.00 28.92 70.53 -0.996597
1350 608.85 183.08 31.54 76.92 0.132430
1350 242.38 181.78 24.37 59.45 -0.221072
1350 214.74 175.14 26.57 64.81 -0.705025
1380 56.80 196.04 24.37 59.45 3.330706
1380 66.32 196.04 24.37 59.45 0.152408
1380 534.88 171.27 22.38 54.58 -0.071999
1380 587.74 126.45 52.90 129.03 -1.335537
1380 47.29 196.04 24.37 59.45 -1.361245
1380 125.80 120.00 24.37 59.45 -1.434261
1380 123.75 103.00 20.50 50.00 -1.532520
1380 93.75 195.00 20.50 50.00 -1.570830
1380 139.75 115.00 20.50 50.00 -1.587308
1380 573.75 177.00 20.50 50.00 -1.619933
1410 111.13 186.55 22.38 54.58 -1.301692
1410 535.02 110.50 24.37 59.45 -1.422995
1410 599.50 134.00 41.00 100.00 -1.428285
1410 73.46 96.24 24.37 59.45 -1.585192
1410 -0.32 193.30 26.57 64.81 -1.626644
1410 25.94 77.45 22.38 54.58 -2.445672
1440 556.76 156.97 26.57 64.81 0.280969
1440 517.89 151.78 26.57 64.81 -0.839390
1440 580.22 158.02 24.37 59.45 -1.512284
1470 572.31 159.57 26.57 64.81 0.484455
1470 530.85 154.38 26.57 64.81 -0.315570
1470 111.13 184.36 22.38 54.58 -1.008755
1470 595.92 106.91 44.67 108.95 -1.361758
1470 572.01 127.64 22.38 54.58 -1.745086
1500 595.50 130.00 41.00 100.00 -0.385355
1500 543.81 154.38 26.57 64.81 -0.850783
1500 380.37 165.15 24.37 59.45 -1.229696
1530 602.97 137.40 37.52 91.50 0.549461
1530 541.15 149.23 31.54 76.92 -0.608351
1560 599.50 138.00 41.00 100.00 0.525510
1560 619.75 113.00 20.50 50.00 0.036556
1560 542.41 149.37 34.37 83.83 -0.393996
1560 609.75 119.00 20.50 50.00 -0.682419
1560 471.75 185.00 20.50 50.00 -1.719432
1560 5.75 185.00 20.50 50.00 -1.876355
1590 602.97 144.73 37.52 91.50 0.248557
1590 542.41 152.73 34.37 83.83 -0.373700
1590 611.33 118.91 22.38 54.58 -1.681393
1620 606.07 156.08 34.37 83.83 1.431735
1620 617.75 117.00 20.50 50.00 -0.310964
1620 542.41 156.08 34.37 83.83 -0.408710
1620 609.75 125.00 20.50 50.00 -1.596275
1650 547.50 158.00 41.00 100.00 -0.615389
1650 599.62 176.92 31.54 76.92 -1.043053
1650 11.75 183.00 20.50 50.00 -1.374714
1650 198.50 134.18 22.38 54.58 -1.470566
1650 61.86 193.30 26.57 64.81 -1.550495
1650 619.75 77.00 20.50 50.00 -2.278982
1650 53.75 215.00 20.50 50.00 -2.463886
1680 469.75 211.00 20.50 50.00 0.364656
1680 602.97 163.05 37.52 91.50 -0.029092
1680 497.75 213.00 20.50 50.00 -0.043684
1680 571.50 162.00 41.00 100.00 -1.434952
1710 477.75 209.00 20.50 50.00 0.700999
1710 491.19 206.18 22.38 54.58 0.139868
1710 530.26 207.92 24.37 59.45 -0.654571
1710 12.98 169.51 34.37 83.83 -0.844790
1710 501.75 211.00 20.50 50.00 -1.220067
1710 543.62 214.91 22.38 54.58 -1.235395
1710 448.59 179.58 34.37 83.83 -1.439041
1710 -0.42 176.22 34.37 83.83 -1.719696
1710 582.65 240.00 57.98 141.42 -2.190373
1740 502.35 198.49 26.57 64.81 -0.870764
1740 582.52 182.97 48.64 118.64 -1.156994
1740 143.89 190.91 22.38 54.58 -2.147689
1770 83.75 181.00 20.50 50.00 1.305540
1770 383.41 121.19 48.64 118.64 0.144573
1770 91.47 171.27 22.38 54.58 -0.641225
1770 -0.42 142.66 34.37 83.83 -1.675463
1800 33.48 173.65 28.92 70.53 0.404130
1800 99.63 177.03 24.37 59.45 -1.393578
1800 617.88 73.09 22.38 54.58 -1.471311
1800 46.32 175.14 26.57 64.81 -1.610698
1800 413.75 191.00 20.50 50.00 -1.645733
1830 417.75 121.00 20.50 50.00 -1.173015
