30 554.17 175.14 26.57 64.81 -0.352359
30 363.72 150.89 24.37 59.45 -0.425308
30 47.09 144.73 37.52 91.50 -0.718669
30 360.53 190.59 28.92 70.53 -1.027632
30 -0.46 148.40 37.52 91.50 -1.241675
30 375.38 198.49 26.57 64.81 -1.751553
30 478.74 193.01 34.37 83.83 -1.788562
30 66.53 260.28 69.16 168.67 -3.601102
60 489.86 161.45 89.69 218.76 -0.573737
60 523.28 130.43 107.29 261.69 -1.246058
60 417.41 172.36 44.67 108.95 -1.306397
60 -0.38 155.38 31.54 76.92 -1.508844
60 381.75 187.00 20.50 50.00 -1.940336
60 139.52 177.82 22.38 54.58 -2.070485
60 42.74 248.73 89.69 218.76 -3.062540
90 524.18 148.80 98.11 239.31 -0.680262
90 343.75 157.00 20.50 50.00 -0.957591
90 43.43 148.40 37.52 91.50 -1.602817
90 47.00 252.00 82.00 200.00 -1.684291
90 418.44 205.54 24.37 59.45 -2.163635
90 467.17 62.18 22.38 54.58 -2.690317
90 497.19 282.77 48.64 118.64 -4.265450
120 135.75 183.00 20.50 50.00 -0.649655
120 422.02 203.68 26.57 64.81 -1.155619
120 485.45 196.36 34.37 83.83 -1.163107
120 323.50 162.00 41.00 100.00 -1.184629
120 505.07 148.80 98.11 239.31 -1.219627
120 438.77 175.64 22.38 54.58 -1.565008
120 -0.50 146.00 41.00 100.00 -1.569899
120 416.84 242.59 26.57 64.81 -1.772317
120 381.98 186.55 22.38 54.58 -1.897202
120 551.75 63.00 20.50 50.00 -2.258041
120 29.75 291.00 20.50 50.00 -4.866525
150 135.75 181.00 20.50 50.00 -0.499678
150 512.79 151.30 107.29 261.69 -0.787610
150 416.84 206.27 26.57 64.81 -1.385331
150 336.52 177.73 26.57 64.81 -1.734145
150 67.26 262.59 57.98 141.42 -3.011455
150 29.75 301.00 20.50 50.00 -4.794248
180 514.63 158.40 98.11 239.31 -0.778574
180 -0.46 148.40 37.52 91.50 -0.905850
180 320.82 171.27 22.38 54.58 -1.055787
180 335.15 173.65 28.92 70.53 -1.057683
180 50.74 152.06 37.52 91.50 -1.220312
180 416.84 206.27 26.57 64.81 -1.295437
180 47.00 268.00 82.00 200.00 -2.738620
210 12.98 162.80 34.37 83.83 -1.434786
210 67.44 160.36 22.38 54.58 -1.464296
210 42.74 240.00 89.69 218.76 -2.101118
210 416.92 218.82 28.92 70.53 -2.468823
210 -0.25 243.00 20.50 50.00 -3.048576
210 606.07 21.82 34.37 83.83 -4.113013
240 491.80 161.74 107.29 261.69 -0.552045
240 -1.54 141.54 126.15 307.69 -1.374244
240 416.84 206.27 26.57 64.81 -1.844277
270 505.00 140.00 136.67 333.33 0.839034
270 325.99 124.36 44.67 108.95 -1.224956
270 43.43 144.73 37.52 91.50 -1.243624
270 89.28 169.09 22.38 54.58 -1.707546
270 17.91 235.20 98.11 239.31 -1.842109
270 606.07 21.82 34.37 83.83 -3.956140
300 505.00 140.00 136.67 333.33 2.295708
300 344.85 182.18 22.38 54.58 -0.628968
300 389.75 201.00 20.50 50.00 -0.637665
300 56.55 156.08 34.37 83.83 -1.702299
300 349.75 207.00 20.50 50.00 -2.089604
300 473.72 60.00 22.38 54.58 -2.921848
300 95.58 262.59 57.98 141.42 -3.445144
330 543.28 139.20 98.11 239.31 0.331011
330 121.75 167.00 20.50 50.00 -0.791993
330 349.47 188.11 26.57 64.81 -1.213263
330 443.50 246.00 41.00 100.00 -2.883140
330 119.50 286.00 41.00 100.00 -3.984055
330 575.92 337.34 34.37 83.83 -7.139912
360 116.54 158.46 31.54 76.92 0.770867
360 355.75 191.00 20.50 50.00 -0.192867
360 203.98 139.30 34.37 83.83 -0.565951
360 407.75 213.00 20.50 50.00 -0.582510
360 381.98 160.36 22.38 54.58 -1.036459
360 196.31 171.27 22.38 54.58 -1.227620
360 -0.27 162.55 22.38 54.58 -1.510602
360 464.00 226.48 69.16 168.67 -1.593619
360 107.75 185.00 20.50 50.00 -1.798228
390 525.75 193.00 20.50 50.00 -0.747282
390 224.71 166.91 22.38 54.58 -1.023557
390 582.65 132.71 57.98 141.42 -1.134542
390 617.88 99.27 22.38 54.58 -1.231258
390 128.60 166.91 22.38 54.58 -1.528210
390 357.94 130.08 37.52 91.50 -1.659442
390 433.83 170.82 28.92 70.53 -1.963264
390 565.66 172.24 57.98 141.42 -2.059694
390 507.50 218.00 41.00 100.00 -2.353094
390 125.75 197.00 20.50 50.00 -2.392866
390 619.75 35.00 20.50 50.00 -3.037495
390 606.07 300.42 34.37 83.83 -3.699739
420 -1.31 224.35 107.29 261.69 -0.293397
420 401.64 160.36 22.38 54.58 -0.736254
420 442.69 201.54 31.54 76.92 -1.172873
420 459.50 186.00 41.00 100.00 -1.182132
420 362.69 109.23 31.54 76.92 -1.363301
420 97.75 171.00 20.50 50.00 -1.394319
420 599.26 43.96 24.37 59.45 -2.929907
450 477.75 183.00 20.50 50.00 1.384679
450 492.73 123.64 149.09 363.64 1.209763
450 451.75 193.00 20.50 50.00 0.205098
450 390.72 158.18 22.38 54.58 -0.545045
450 357.95 208.36 22.38 54.58 -1.117149
450 -1.00 268.00 82.00 200.00 -1.182922
450 140.63 185.92 69.16 168.67 -1.536937
450 481.75 169.00 20.50 50.00 -1.753402
480 483.75 187.00 20.50 50.00 3.780816
480 470.78 179.41 24.37 59.45 2.632651
480 458.43 188.73 22.38 54.58 1.415317
480 523.75 179.00 20.50 50.00 0.434030
480 511.23 188.91 24.37 59.45 0.280611
480 545.80 206.18 22.38 54.58 -0.058954
480 608.85 312.31 31.54 76.92 -0.167559
480 238.06 151.78 26.57 64.81 -0.615043
480 525.50 198.42 24.37 59.45 -1.143878
480 456.25 173.45 22.38 54.58 -1.405780
480 477.75 167.00 20.50 50.00 -1.461471
480 599.50 150.00 41.00 100.00 -1.779480
480 349.22 193.09 22.38 54.58 -2.045405
480 563.75 199.00 20.50 50.00 -2.157770
480 550.17 195.27 22.38 54.58 -2.306583
480 523.96 280.36 22.38 54.58 -3.831646
480 608.63 275.29 28.92 70.53 -4.194316
510 473.30 176.47 28.92 70.53 1.814449
510 545.80 182.18 22.38 54.58 1.590232
510 497.17 175.14 26.57 64.81 0.930458
510 571.75 187.00 20.50 50.00 0.851335
510 383.16 146.59 26.57 64.81 0.356424
510 554.17 198.49 26.57 64.81 -0.023854
510 507.75 157.00 20.50 50.00 -0.534153
510 225.75 201.00 20.50 50.00 -0.928989
510 597.75 189.00 20.50 50.00 -0.984109
510 486.80 180.32 26.57 64.81 -0.999694
510 438.77 182.18 22.38 54.58 -1.041766
510 322.12 93.18 57.98 141.42 -1.257238
510 366.69 134.18 22.38 54.58 -1.680757
510 226.89 136.36 22.38 54.58 -1.943542
540 590.45 182.92 26.57 64.81 5.232906
540 602.72 176.22 34.37 83.83 4.907674
540 456.51 186.53 24.37 59.45 0.688333
540 483.75 169.00 20.50 50.00 0.387156
540 512.78 187.76 28.92 70.53 0.261930
540 541.21 167.35 26.57 64.81 0.105015
540 380.26 148.24 28.92 70.53 -0.348419
540 493.75 171.00 20.50 50.00 -0.538614
540 187.58 217.09 22.38 54.58 -0.794830
540 470.48 176.47 28.92 70.53 -1.009333
540 322.12 98.82 57.98 141.42 -1.388956
540 453.12 156.97 26.57 64.81 -1.420372
540 545.75 223.00 20.50 50.00 -1.723159
540 524.05 170.82 28.92 70.53 -1.975330
570 611.17 167.35 26.57 64.81 0.065352
570 588.34 155.73 37.52 91.50 -0.230993
570 563.57 165.15 24.37 59.45 -0.453037
570 391.62 135.94 34.37 83.83 -0.750222
570 435.75 153.00 20.50 50.00 -1.024386
570 522.51 166.72 37.52 91.50 -1.400480
570 615.91 210.30 24.37 59.45 -1.449883
570 447.94 138.81 26.57 64.81 -1.458091
570 508.90 169.51 34.37 83.83 -1.786451
570 570.06 185.04 37.52 91.50 -2.089006
600 559.75 157.00 20.50 50.00 2.562726
600 567.75 155.00 20.50 50.00 1.783255
600 575.75 155.00 20.50 50.00 1.185603
600 551.75 155.00 20.50 50.00 -0.508611
600 590.45 133.62 26.57 64.81 -1.081484
600 427.50 118.00 41.00 100.00 -1.318017
600 380.26 139.76 28.92 70.53 -1.689401
600 521.23 134.12 28.92 70.53 -1.871612
600 346.97 78.78 37.52 91.50 -2.492559
630 617.88 145.09 22.38 54.58 0.469764
630 443.23 90.32 52.90 129.03 -1.019818
630 565.46 123.27 22.38 54.58 -1.054387
630 572.01 145.09 22.38 54.58 -1.102294
630 538.08 118.46 31.54 76.92 -1.321652
630 500.57 100.76 37.52 91.50 -1.522696
630 599.50 78.00 41.00 100.00 -1.827051
630 354.29 56.79 37.52 91.50 -2.571908
660 549.75 109.00 20.50 50.00 0.237494
660 603.75 161.00 20.50 50.00 0.120734
660 371.50 90.00 41.00 100.00 -0.587314
660 78.36 186.55 22.38 54.58 -1.535586
660 561.09 92.73 22.38 54.58 -2.239450
660 360.82 50.18 44.67 108.95 -3.109977
690 575.92 135.94 34.37 83.83 -0.474658
690 547.99 158.18 22.38 54.58 -0.658327
690 611.45 114.35 28.92 70.53 -0.902865
690 365.81 64.52 52.90 129.03 -1.511070
720 587.75 157.00 20.50 50.00 0.669321
720 376.23 119.08 37.52 91.50 0.192191
720 102.39 169.09 22.38 54.58 -1.515162
720 445.04 97.43 48.64 118.64 -2.187100
720 373.10 19.77 57.98 141.42 -3.492574
750 572.01 166.91 22.38 54.58 -0.375431
750 395.75 76.23 57.98 141.42 -0.474158
750 371.50 118.00 41.00 100.00 -1.085339
750 59.75 183.00 20.50 50.00 -1.201992
750 458.88 91.48 24.37 59.45 -1.459477
750 381.75 59.00 20.50 50.00 -2.772459
780 457.75 181.00 20.50 50.00 2.321208
780 451.75 187.00 20.50 50.00 0.294118
780 155.75 179.00 20.50 50.00 -0.901975
780 611.45 199.06 28.92 70.53 -1.196858
780 489.01 77.45 22.38 54.58 -1.677156
780 424.07 70.59 57.98 141.42 -1.893474
780 83.75 195.00 20.50 50.00 -2.075453
780 596.88 210.30 24.37 59.45 -2.326658
780 394.97 15.11 34.37 83.83 -4.461321
810 508.85 191.29 24.37 59.45 0.476662
810 476.54 164.62 31.54 76.92 -0.015044
810 427.75 165.00 20.50 50.00 -1.176344
810 2.69 173.85 31.54 76.92 -1.353348
810 469.38 25.41 57.98 141.42 -2.062915
810 565.52 40.62 75.52 184.20 -2.791547
810 500.14 15.27 44.67 108.95 -3.992803
810 445.71 12.82 37.52 91.50 -4.078034
840 502.35 172.54 26.57 64.81 1.954639
840 615.91 217.43 24.37 59.45 0.686411
840 577.78 159.21 48.64 118.64 0.363279
840 371.75 157.00 20.50 50.00 -0.562909
840 456.60 115.64 44.67 108.95 -1.533117
840 113.31 166.91 22.38 54.58 -1.999570
840 516.16 39.27 89.69 218.76 -2.606956
840 558.16 40.62 75.52 184.20 -2.762427
840 592.00 11.88 48.64 118.64 -3.531933
870 547.99 173.45 22.38 54.58 4.712676
870 4.46 179.41 24.37 59.45 0.077655
870 554.54 166.91 22.38 54.58 -0.183277
870 451.75 161.00 20.50 50.00 -0.745297
870 568.33 200.79 24.37 59.45 -0.904166
870 395.09 151.64 22.38 54.58 -1.167280
870 613.77 11.68 26.57 64.81 -4.440527
900 615.91 184.16 24.37 59.45 1.864985
900 274.33 182.92 26.57 64.81 -1.491912
900 368.87 156.00 22.38 54.58 -1.832133
900 608.85 16.92 31.54 76.92 -3.903333
930 495.00 115.38 31.54 76.92 -0.113770
930 481.75 121.00 20.50 50.00 -0.807827
930 385.13 141.39 24.37 59.45 -1.161744
930 347.06 146.14 24.37 59.45 -1.337501
930 59.75 165.00 20.50 50.00 -2.113084
930 587.74 18.07 52.90 129.03 -4.517982
960 374.87 132.59 34.37 83.83 -1.075090
960 537.35 70.59 57.98 141.42 -1.308184
960 527.88 172.28 24.37 59.45 -1.508105
960 -0.35 162.35 28.92 70.53 -1.516781
960 602.97 130.08 37.52 91.50 -1.995406
990 577.69 101.54 63.08 153.85 0.244617
990 551.58 138.81 26.57 64.81 -0.598503
990 359.75 155.00 20.50 50.00 -0.779618
990 577.84 60.59 24.37 59.45 -1.340391
990 383.41 135.45 48.64 118.64 -1.588088
990 367.61 133.62 26.57 64.81 -1.916313
990 518.41 108.71 28.92 70.53 -2.265368
1020 149.75 175.00 20.50 50.00 0.084489
1020 606.07 102.38 34.37 83.83 -0.038276
1020 604.78 169.09 22.38 54.58 -0.572602
1020 381.15 130.77 31.54 76.92 -0.749630
1020 398.32 129.23 34.37 83.83 -1.395017
1020 613.77 164.76 26.57 64.81 -1.402706
1020 448.39 178.06 52.90 129.03 -2.019329
1020 491.75 59.00 20.50 50.00 -2.245719
1020 521.75 183.00 20.50 50.00 -2.337336
1050 119.75 177.00 20.50 50.00 -0.067761
1050 129.75 175.00 20.50 50.00 -0.387628
1050 474.01 111.27 44.67 108.95 -0.720936
1050 381.75 157.00 20.50 50.00 -1.033740
1050 -0.50 130.00 41.00 100.00 -1.163697
1050 599.50 274.00 41.00 100.00 -1.668400
1050 399.23 64.61 63.08 153.85 -2.383469
1080 89.75 175.00 20.50 50.00 0.866900
1080 5.75 189.00 20.50 50.00 -0.479947
1080 484.21 91.27 69.16 168.67 -0.535051
1080 423.75 185.00 20.50 50.00 -0.590799
1080 377.99 150.89 24.37 59.45 -0.703777
1080 599.50 114.00 41.00 100.00 -0.895198
1080 77.75 179.00 20.50 50.00 -1.118786
1110 437.75 179.00 20.50 50.00 -0.486552
1110 375.38 149.19 26.57 64.81 -0.788898
1110 592.00 92.67 48.64 118.64 -1.842239
1110 512.79 46.96 107.29 261.69 -2.215305
1140 476.12 182.12 28.92 70.53 0.578985
1140 370.86 162.77 24.37 59.45 0.325206
1140 357.25 156.97 26.57 64.81 -1.325626
1140 487.75 95.00 20.50 50.00 -1.539341
1140 28.18 185.51 26.57 64.81 -1.643828
1140 383.08 153.88 28.92 70.53 -1.731557
1140 565.75 33.00 20.50 50.00 -2.668199
1140 613.77 1.30 26.57 64.81 -3.375791
1140 603.40 6.49 26.57 64.81 -4.277539
1170 199.75 187.00 20.50 50.00 0.231289
1170 531.50 166.00 41.00 100.00 -0.126188
1170 527.75 59.00 20.50 50.00 -0.342641
1170 374.63 156.71 28.92 70.53 -1.096661
1170 421.75 121.00 20.50 50.00 -1.662979
1170 535.00 36.00 82.00 200.00 -3.077595
1170 -0.59 254.26 48.64 118.64 -3.387953
1170 615.91 13.07 24.37 59.45 -4.340277
1200 384.16 153.82 22.38 54.58 -0.244647
1200 211.10 168.00 28.92 70.53 -0.333969
1200 370.20 156.97 26.57 64.81 -1.043296
1200 165.73 162.55 22.38 54.58 -1.060696
1200 145.75 161.00 20.50 50.00 -1.457980
1200 435.09 96.24 24.37 59.45 -2.167762
1200 442.75 86.92 26.57 64.81 -2.185473
1200 595.63 19.46 26.57 64.81 -2.211776
1200 32.49 188.73 22.38 54.58 -2.300868
1200 518.36 22.57 24.37 59.45 -3.631525
1200 585.26 6.49 26.57 64.81 -4.299533
1200 617.88 -1.09 22.38 54.58 -4.684656
1230 369.75 167.00 20.50 50.00 -1.030947
1230 454.13 86.73 24.37 59.45 -1.563912
1230 479.03 84.32 26.57 64.81 -1.570458
1230 423.75 189.00 20.50 50.00 -1.787914
1230 19.75 121.00 20.50 50.00 -2.181340
1230 463.48 84.32 26.57 64.81 -2.465013
1260 526.87 184.94 28.92 70.53 -1.061573
1260 147.21 172.28 24.37 59.45 -1.063017
1260 425.75 183.00 20.50 50.00 -1.231323
1260 369.75 193.00 20.50 50.00 -1.490744
1260 515.50 58.00 41.00 100.00 -1.610441
1260 584.98 215.05 24.37 59.45 -2.756123
1260 535.71 25.18 34.37 83.83 -3.629883
1260 603.40 1.30 26.57 64.81 -4.699042
1290 500.57 42.14 37.52 91.50 -3.228753
1290 591.56 10.91 44.67 108.95 -4.565937
1320 67.75 221.00 20.50 50.00 -0.760596
1320 123.70 182.12 28.92 70.53 -1.235068
1320 553.75 63.00 20.50 50.00 -1.647593
1320 139.52 199.64 22.38 54.58 -1.822747
1320 585.75 35.00 20.50 50.00 -3.552173
1350 499.93 186.55 22.38 54.58 0.494198
1350 65.75 159.00 20.50 50.00 -1.293185
1350 540.97 38.12 28.92 70.53 -2.930399
1380 560.70 184.94 28.92 70.53 2.743340
1380 611.45 218.82 28.92 70.53 -0.105430
1380 -0.27 212.73 22.38 54.58 -0.798187
1380 23.85 113.85 63.08 153.85 -0.888167
1380 115.24 187.76 28.92 70.53 -1.605953
1410 -0.71 127.06 57.98 141.42 -0.920913
1410 397.75 191.00 20.50 50.00 -1.013006
1410 170.10 195.27 22.38 54.58 -1.449288
1410 592.00 26.14 48.64 118.64 -3.399182
1440 393.75 189.00 20.50 50.00 -1.236484
1440 73.99 199.64 22.38 54.58 -1.413105
1440 350.38 207.69 31.54 76.92 -1.756835
1470 25.94 212.73 22.38 54.58 -1.323089
1470 90.11 207.92 24.37 59.45 -1.942076
1500 457.75 205.00 20.50 50.00 -0.261720
1500 388.34 175.14 26.57 64.81 -0.333018
1500 589.75 29.00 20.50 50.00 -3.473739
1530 400.00 170.82 28.92 70.53 -0.137918
1530 420.82 184.16 24.37 59.45 -0.194028
1530 371.75 179.00 20.50 50.00 -1.222557
1530 515.22 221.45 22.38 54.58 -1.625984
1530 51.75 199.00 20.50 50.00 -1.781260
1530 619.75 59.00 20.50 50.00 -2.850703
1560 411.50 142.00 41.00 100.00 -0.508306
1560 455.75 195.00 20.50 50.00 -0.751501
1560 43.75 205.00 20.50 50.00 -1.413705
1560 82.97 177.03 24.37 59.45 -1.415706
1560 -0.38 189.23 31.54 76.92 -1.620394
1560 365.75 175.00 20.50 50.00 -1.658080
1560 513.04 184.36 22.38 54.58 -1.891645
1560 606.07 15.11 34.37 83.83 -3.639600
1590 429.80 167.35 26.57 64.81 -0.929733
1590 466.07 180.32 26.57 64.81 -1.139959
1620 459.75 191.00 20.50 50.00 0.498511
1620 528.33 204.00 22.38 54.58 -0.762582
1620 608.85 207.69 31.54 76.92 -2.050746
1620 530.26 65.35 24.37 59.45 -2.609931
1650 477.75 177.00 20.50 50.00 -0.518199
1650 81.75 183.00 20.50 50.00 -1.251292
1650 615.91 181.78 24.37 59.45 -1.564545
1680 436.59 166.91 22.38 54.58 -0.211322
1680 244.76 158.02 24.37 59.45 -1.621625
1680 27.75 201.00 20.50 50.00 -1.884846
1710 1.75 199.00 20.50 50.00 0.523404
1710 413.68 155.64 24.37 59.45 -0.182744
1710 395.09 162.55 22.38 54.58 -0.735495
1710 386.35 171.27 22.38 54.58 -0.874446
1710 9.75 197.00 20.50 50.00 -1.009070
1710 567.75 95.00 20.50 50.00 -1.268275
1740 479.75 179.00 20.50 50.00 -0.614305
1740 517.89 188.11 26.57 64.81 -0.770319
1740 606.07 159.44 34.37 83.83 -0.857580
1740 484.64 195.27 22.38 54.58 -1.786856
1770 582.65 177.88 57.98 141.42 -1.202125
1770 439.75 181.00 20.50 50.00 -1.598134
1770 530.85 177.73 26.57 64.81 -1.675134
1800 459.26 102.18 48.64 118.64 -0.130194
1800 -0.50 146.00 41.00 100.00 -0.737626
1800 383.75 171.00 20.50 50.00 -1.088421
1800 586.08 159.53 28.92 70.53 -1.155565
1800 617.88 162.55 22.38 54.58 -1.260329
1830 467.75 185.00 20.50 50.00 -0.449891
1830 397.27 164.73 22.38 54.58 -0.473124
1830 494.84 95.48 52.90 129.03 -0.488147
1830 1.91 193.09 22.38 54.58 -0.906238
1830 478.94 114.35 28.92 70.53 -1.304929
1830 361.60 133.74 37.52 91.50 -1.419306
1830 408.19 171.27 22.38 54.58 -1.841594
1830 535.33 60.71 28.92 70.53 -1.863177
1830 515.48 95.48 52.90 129.03 -1.920924
