30 460.61 182.18 22.38 54.58 -0.681516
30 509.03 93.18 57.98 141.42 -0.906806
30 505.00 153.33 136.67 333.33 -1.153993
30 481.76 108.71 28.92 70.53 -1.441475
30 565.52 77.54 75.52 184.20 -1.642132
30 449.75 195.00 20.50 50.00 -2.208910
30 -0.77 95.39 63.08 153.85 -2.537670
30 597.36 38.12 28.92 70.53 -2.574649
30 608.63 9.88 28.92 70.53 -3.955076
30 587.31 10.77 31.54 76.92 -4.104655
60 411.66 180.32 26.57 64.81 0.129010
60 401.64 193.09 22.38 54.58 -0.403182
60 476.54 180.00 31.54 76.92 -0.428820
60 527.88 105.74 24.37 59.45 -0.861196
60 507.75 205.00 20.50 50.00 -0.888426
60 551.23 56.73 89.69 218.76 -0.904338
60 519.59 114.55 22.38 54.58 -0.996681
60 349.75 199.00 20.50 50.00 -1.068433
60 519.75 91.00 20.50 50.00 -1.358670
60 525.67 66.16 26.57 64.81 -1.800885
60 285.87 195.27 22.38 54.58 -1.921612
90 442.69 198.46 31.54 76.92 -0.715893
90 357.95 169.09 22.38 54.58 -0.883232
90 431.75 201.00 20.50 50.00 -0.915234
90 555.75 89.00 20.50 50.00 -1.287094
90 347.03 195.27 22.38 54.58 -1.457090
90 615.91 41.58 24.37 59.45 -1.572554
90 533.75 175.00 20.50 50.00 -1.583352
90 577.69 64.61 63.08 153.85 -1.808274
90 571.98 210.35 28.92 70.53 -1.886831
90 532.36 196.36 34.37 83.83 -2.277701
90 571.98 49.41 28.92 70.53 -2.603713
90 601.75 45.00 20.50 50.00 -3.485527
90 615.91 13.07 24.37 59.45 -3.849395
120 171.00 179.41 24.37 59.45 -0.732162
120 367.75 171.00 20.50 50.00 -0.812537
120 491.92 192.31 31.54 76.92 -1.052581
120 512.25 206.43 34.37 83.83 -1.793600
120 352.06 182.92 26.57 64.81 -1.825049
150 373.75 167.00 20.50 50.00 -0.262071
150 565.52 129.23 75.52 184.20 -0.524004
150 392.27 177.03 24.37 59.45 -0.958654
150 279.32 190.91 22.38 54.58 -1.003678
150 83.50 166.00 41.00 100.00 -1.588162
150 9.75 151.00 20.50 50.00 -1.754153
150 541.75 249.00 20.50 50.00 -2.348328
150 471.54 29.45 22.38 54.58 -3.958697
180 377.75 167.00 20.50 50.00 -0.071070
180 250.92 162.55 22.38 54.58 -0.668484
180 362.32 195.27 22.38 54.58 -1.224422
180 414.10 168.00 28.92 70.53 -1.229691
180 399.75 161.00 20.50 50.00 -1.285344
180 199.75 177.00 20.50 50.00 -1.310339
180 461.75 131.00 20.50 50.00 -1.649242
180 577.75 281.00 20.50 50.00 -3.754557
210 377.75 167.00 20.50 50.00 -0.302643
210 415.08 166.15 34.37 83.83 -0.306959
210 230.48 162.77 24.37 59.45 -0.313107
210 87.75 197.00 20.50 50.00 -1.042414
210 240.00 182.18 22.38 54.58 -1.413323
210 535.50 126.00 41.00 100.00 -1.707684
210 168.62 167.52 24.37 59.45 -1.743522
210 537.06 49.09 22.38 54.58 -1.959587
240 371.92 155.38 31.54 76.92 0.288945
240 589.75 173.00 20.50 50.00 0.194520
240 220.34 184.36 22.38 54.58 -0.088446
240 407.75 165.00 20.50 50.00 -0.221873
240 571.75 209.00 20.50 50.00 -0.315207
240 597.75 173.00 20.50 50.00 -0.957293
240 170.69 182.92 26.57 64.81 -1.154724
240 561.09 228.00 22.38 54.58 -1.438111
240 613.77 123.24 26.57 64.81 -1.521654
240 615.91 43.96 24.37 59.45 -1.831204
240 608.85 66.15 31.54 76.92 -2.862428
240 587.75 23.00 20.50 50.00 -3.504308
270 115.49 180.00 22.38 54.58 0.940788
270 389.75 165.00 20.50 50.00 0.825566
270 553.75 167.00 20.50 50.00 0.615737
270 608.85 109.23 31.54 76.92 -0.664880
270 126.64 188.11 26.57 64.81 -0.772235
270 475.54 153.27 24.37 59.45 -1.292890
270 103.75 189.00 20.50 50.00 -1.453651
270 368.85 149.23 31.54 76.92 -1.712519
270 56.52 199.64 22.38 54.58 -2.468129
300 395.09 164.73 22.38 54.58 0.432602
300 156.73 167.52 24.37 59.45 -0.135337
300 485.75 171.00 20.50 50.00 -0.142623
300 25.94 190.91 22.38 54.58 -0.637822
300 61.15 192.31 31.54 76.92 -0.696329
300 187.50 166.00 41.00 100.00 -1.335105
300 580.22 158.02 24.37 59.45 -1.391026
300 388.53 156.00 22.38 54.58 -1.436197
300 595.92 255.27 44.67 108.95 -1.952282
300 619.75 73.00 20.50 50.00 -2.318988
300 35.75 201.00 20.50 50.00 -2.408821
330 480.30 172.28 24.37 59.45 1.274736
330 85.75 195.00 20.50 50.00 -0.233346
330 587.36 162.77 24.37 59.45 -0.482273
330 475.75 163.00 20.50 50.00 -0.559852
330 399.45 162.55 22.38 54.58 -0.699949
330 453.75 157.00 20.50 50.00 -0.777822
330 49.97 182.18 22.38 54.58 -1.008907
330 605.99 156.97 26.57 64.81 -1.061876
330 383.16 154.38 26.57 64.81 -1.418492
330 150.44 219.27 22.38 54.58 -1.464438
330 520.74 155.64 24.37 59.45 -1.553634
330 489.39 164.76 26.57 64.81 -1.595132
330 415.00 149.23 31.54 76.92 -1.813745
360 484.64 175.64 22.38 54.58 1.314367
360 505.75 165.00 20.50 50.00 0.544988
360 195.75 193.00 20.50 50.00 0.146722
360 478.09 169.09 22.38 54.58 0.036420
360 90.05 216.50 34.37 83.83 -0.339694
360 127.75 161.00 20.50 50.00 -0.548811
360 402.69 149.23 31.54 76.92 -0.729448
360 523.96 177.82 22.38 54.58 -1.212152
360 -0.50 150.00 41.00 100.00 -1.227668
360 587.30 164.73 22.38 54.58 -1.439495
360 507.75 181.00 20.50 50.00 -1.588481
360 93.75 117.00 20.50 50.00 -1.613897
360 52.15 210.55 22.38 54.58 -1.784075
360 599.50 118.00 41.00 100.00 -2.184004
360 4.10 73.09 22.38 54.58 -2.583451
390 519.75 165.00 20.50 50.00 3.170488
390 31.75 103.00 20.50 50.00 0.537184
390 511.75 165.00 20.50 50.00 0.012326
390 434.74 137.40 37.52 91.50 -0.695855
390 403.82 156.00 22.38 54.58 -0.780750
390 615.75 125.00 20.50 50.00 -0.817285
390 70.13 196.24 28.92 70.53 -0.982115
390 11.50 234.00 41.00 100.00 -1.237324
390 609.75 169.00 20.50 50.00 -1.304968
390 421.78 146.01 34.37 83.83 -1.332301
390 538.08 161.54 31.54 76.92 -1.621729
390 412.56 149.45 22.38 54.58 -1.767813
420 521.75 167.00 20.50 50.00 1.868928
420 529.75 165.00 20.50 50.00 0.363354
420 19.50 194.00 41.00 100.00 0.180896
420 414.25 144.00 26.57 64.81 0.068604
420 602.97 115.42 37.52 91.50 -0.305196
420 443.75 177.00 20.50 50.00 -1.157542
420 511.75 163.00 20.50 50.00 -1.188748
420 555.50 142.00 41.00 100.00 -1.386897
420 -0.32 190.70 26.57 64.81 -1.688606
450 525.75 163.00 20.50 50.00 1.412432
450 439.50 138.00 41.00 100.00 -0.799271
450 617.88 112.36 22.38 54.58 -1.205311
450 403.82 158.18 22.38 54.58 -1.247354
450 -0.42 229.93 34.37 83.83 -1.420403
450 554.54 127.64 22.38 54.58 -1.618400
450 535.75 169.00 20.50 50.00 -1.666009
450 573.75 193.00 20.50 50.00 -1.748103
450 -0.38 192.31 31.54 76.92 -2.551920
480 527.75 165.00 20.50 50.00 1.185167
480 619.75 169.00 20.50 50.00 0.580117
480 433.75 165.00 20.50 50.00 -0.635975
480 553.46 136.92 31.54 76.92 -1.057710
480 443.54 133.09 44.67 108.95 -1.289113
480 578.57 190.91 22.38 54.58 -1.419100
510 529.75 167.00 20.50 50.00 1.754583
510 35.75 183.00 20.50 50.00 -1.193603
510 561.75 161.00 20.50 50.00 -1.231728
510 443.54 133.09 44.67 108.95 -1.428051
510 579.75 199.00 20.50 50.00 -1.719306
510 33.01 238.81 24.37 59.45 -3.230440
540 527.75 171.00 20.50 50.00 2.253553
540 617.88 171.27 22.38 54.58 -0.143935
540 559.75 167.00 20.50 50.00 -1.139117
540 556.43 131.88 24.37 59.45 -1.321748
540 456.39 145.41 28.92 70.53 -1.901914
540 340.74 83.17 48.64 118.64 -1.957312
540 30.63 241.19 24.37 59.45 -2.369115
570 529.75 171.00 20.50 50.00 1.368554
570 443.50 142.00 41.00 100.00 -0.024632
570 563.75 167.00 20.50 50.00 -1.574091
570 340.74 83.17 48.64 118.64 -1.726718
570 37.75 187.00 20.50 50.00 -1.927191
570 521.75 173.00 20.50 50.00 -2.067222
600 529.75 169.00 20.50 50.00 1.095508
600 619.75 173.00 20.50 50.00 0.905314
600 447.50 142.00 41.00 100.00 -1.161062
600 579.75 201.00 20.50 50.00 -1.185346
600 340.74 83.17 48.64 118.64 -1.808746
600 563.28 160.36 22.38 54.58 -1.987639
600 554.05 131.88 24.37 59.45 -1.998680
600 30.63 241.19 24.37 59.45 -2.300886
630 529.75 173.00 20.50 50.00 1.564950
630 617.88 171.27 22.38 54.58 -0.350844
630 443.54 137.45 44.67 108.95 -0.995407
630 563.75 165.00 20.50 50.00 -1.219840
630 340.74 83.17 48.64 118.64 -1.719543
630 583.75 197.00 20.50 50.00 -2.361348
660 529.75 173.00 20.50 50.00 1.589824
660 -0.35 207.53 28.92 70.53 -0.060219
660 443.54 137.45 44.67 108.95 -0.812736
660 552.25 120.00 28.92 70.53 -1.417731
660 17.20 228.00 22.38 54.58 -1.754311
660 25.59 234.81 26.57 64.81 -1.936658
690 529.75 173.00 20.50 50.00 1.002172
690 443.50 146.00 41.00 100.00 -0.676004
690 563.75 167.00 20.50 50.00 -1.482850
690 573.09 167.52 24.37 59.45 -2.211269
690 345.48 83.17 48.64 118.64 -2.377990
690 28.25 245.94 24.37 59.45 -2.423799
720 529.75 173.00 20.50 50.00 1.665405
720 431.75 179.00 20.50 50.00 -0.484591
720 443.54 137.45 44.67 108.95 -0.631862
720 581.75 203.00 20.50 50.00 -1.714144
750 527.75 173.00 20.50 50.00 0.167382
750 447.50 146.00 41.00 100.00 -0.696172
750 435.75 175.00 20.50 50.00 -1.200047
750 617.75 175.00 20.50 50.00 -1.311778
750 554.17 131.03 26.57 64.81 -1.432000
750 340.74 87.92 48.64 118.64 -1.525968
750 123.75 149.00 20.50 50.00 -1.759896
750 563.28 164.73 22.38 54.58 -1.852661
750 25.59 237.41 26.57 64.81 -2.791347
780 527.75 171.00 20.50 50.00 1.668006
780 519.75 169.00 20.50 50.00 -0.583504
780 443.54 137.45 44.67 108.95 -1.052508
780 12.73 109.09 149.09 363.64 -1.090944
810 529.75 171.00 20.50 50.00 1.189479
810 443.54 137.45 44.67 108.95 -0.916229
810 521.75 171.00 20.50 50.00 -1.215069
810 608.85 109.23 31.54 76.92 -1.542798
810 539.75 171.00 20.50 50.00 -1.701086
810 563.28 162.55 22.38 54.58 -1.751880
810 604.01 165.15 24.37 59.45 -2.064279
810 556.76 131.03 26.57 64.81 -2.171595
840 529.75 173.00 20.50 50.00 1.022407
840 617.88 173.45 22.38 54.58 -0.146092
840 443.54 137.45 44.67 108.95 -1.222636
840 556.54 140.00 31.54 76.92 -1.601316
840 340.74 83.17 48.64 118.64 -2.424063
840 30.31 247.64 22.38 54.58 -3.225448
870 531.75 173.00 20.50 50.00 1.775913
870 617.88 166.91 22.38 54.58 -0.756603
870 443.54 137.45 44.67 108.95 -0.939480
870 554.17 128.43 26.57 64.81 -1.070182
870 523.75 173.00 20.50 50.00 -1.945789
900 529.75 173.00 20.50 50.00 0.582118
900 619.75 171.00 20.50 50.00 -0.009921
900 607.75 171.00 20.50 50.00 -1.010823
900 443.54 137.45 44.67 108.95 -1.231805
900 579.75 203.00 20.50 50.00 -1.395457
900 556.76 131.03 26.57 64.81 -1.414439
900 561.19 160.40 24.37 59.45 -1.602286
900 619.75 125.00 20.50 50.00 -1.830994
930 525.75 173.00 20.50 50.00 1.807140
930 619.75 171.00 20.50 50.00 0.032668
930 443.54 137.45 44.67 108.95 -0.523931
930 563.28 162.55 22.38 54.58 -1.288537
930 340.74 83.17 48.64 118.64 -1.773121
930 27.75 191.00 20.50 50.00 -2.133608
960 615.91 169.90 24.37 59.45 -0.037328
960 523.75 171.00 20.50 50.00 -0.256937
960 438.06 136.77 52.90 129.03 -0.610560
960 565.75 167.00 20.50 50.00 -1.330402
960 606.07 119.16 34.37 83.83 -2.159553
960 340.00 74.84 52.90 129.03 -2.559332
990 521.75 173.00 20.50 50.00 0.219569
990 443.54 141.82 44.67 108.95 -0.544732
990 617.88 153.82 22.38 54.58 -1.098657
990 529.75 175.00 20.50 50.00 -1.304319
990 39.75 185.00 20.50 50.00 -2.228263
1020 523.75 173.00 20.50 50.00 0.602351
1020 619.75 175.00 20.50 50.00 0.169549
1020 443.54 137.45 44.67 108.95 -0.577401
1020 563.28 164.73 22.38 54.58 -1.361583
1020 547.75 175.00 20.50 50.00 -1.838728
1020 340.74 87.92 48.64 118.64 -2.037634
1020 9.75 201.00 20.50 50.00 -2.433732
1050 443.54 137.45 44.67 108.95 0.130802
1050 527.75 173.00 20.50 50.00 -0.481735
1050 617.75 173.00 20.50 50.00 -0.829930
1050 619.75 125.00 20.50 50.00 -1.048448
1050 561.19 160.40 24.37 59.45 -1.716517
1080 525.75 173.00 20.50 50.00 0.835665
1080 619.75 171.00 20.50 50.00 -0.426583
1080 613.77 120.65 26.57 64.81 -0.435415
1080 443.54 137.45 44.67 108.95 -0.858394
1080 556.76 128.43 26.57 64.81 -1.431334
1080 340.74 83.17 48.64 118.64 -1.561209
1080 563.28 164.73 22.38 54.58 -1.630229
1080 -0.30 196.04 24.37 59.45 -2.415896
1110 529.75 173.00 20.50 50.00 0.793905
1110 443.54 137.45 44.67 108.95 -0.245909
1110 619.75 169.00 20.50 50.00 -0.843194
1110 25.00 140.00 136.67 333.33 -1.219597
1110 340.74 83.17 48.64 118.64 -1.778527
1110 548.99 123.24 26.57 64.81 -1.843020
1110 563.28 164.73 22.38 54.58 -1.916485
1140 531.75 173.00 20.50 50.00 0.314962
1140 561.75 167.00 20.50 50.00 -0.443703
1140 556.76 131.03 26.57 64.81 -1.376885
1140 443.50 146.00 41.00 100.00 -1.382861
1140 340.00 74.84 52.90 129.03 -2.517967
1140 23.00 234.81 26.57 64.81 -3.172437
1170 529.75 173.00 20.50 50.00 1.095189
1170 443.54 141.82 44.67 108.95 -0.740632
1170 552.25 122.82 28.92 70.53 -1.392374
1170 340.74 87.92 48.64 118.64 -1.464458
1170 563.75 169.00 20.50 50.00 -1.679614
1170 537.75 175.00 20.50 50.00 -2.013194
1200 529.75 173.00 20.50 50.00 1.101907
1200 433.75 179.00 20.50 50.00 0.784349
1200 619.75 173.00 20.50 50.00 0.082802
1200 443.54 137.45 44.67 108.95 -0.629111
1200 563.28 164.73 22.38 54.58 -1.471434
1200 70.13 108.71 28.92 70.53 -2.159791
1200 583.75 199.00 20.50 50.00 -2.284982
1200 25.59 237.41 26.57 64.81 -3.121832
1230 529.75 173.00 20.50 50.00 0.987096
1230 619.75 177.00 20.50 50.00 0.278575
1230 443.54 141.82 44.67 108.95 -0.605842
1230 25.75 213.00 20.50 50.00 -1.394945
1230 -0.27 204.00 22.38 54.58 -1.742401
1230 431.75 173.00 20.50 50.00 -1.844484
1230 99.63 226.93 24.37 59.45 -2.809091
1230 31.75 249.00 20.50 50.00 -3.265244
1260 525.75 173.00 20.50 50.00 1.541607
1260 617.88 173.45 22.38 54.58 0.460992
1260 563.75 167.00 20.50 50.00 -0.857092
1260 556.43 136.63 24.37 59.45 -1.170158
1260 585.75 205.00 20.50 50.00 -1.943491
1290 525.75 175.00 20.50 50.00 1.748475
1290 619.75 173.00 20.50 50.00 0.085681
1290 443.54 141.82 44.67 108.95 -0.267809
1290 606.07 193.01 34.37 83.83 -1.140655
1290 561.75 167.00 20.50 50.00 -1.269608
1290 556.76 131.03 26.57 64.81 -2.168415
1320 527.75 171.00 20.50 50.00 1.013878
1320 438.06 136.77 52.90 129.03 -0.995003
1320 554.17 128.43 26.57 64.81 -1.111354
1320 419.75 147.00 20.50 50.00 -1.499948
1320 587.75 199.00 20.50 50.00 -1.851533
1350 527.75 171.00 20.50 50.00 1.733204
1350 548.99 125.84 26.57 64.81 -1.003399
1350 581.75 203.00 20.50 50.00 -1.868568
1380 529.75 173.00 20.50 50.00 0.617310
1380 617.88 173.45 22.38 54.58 -0.535442
1380 549.43 120.00 28.92 70.53 -0.919989
1380 525.50 146.14 24.37 59.45 -1.026483
1380 561.19 158.02 24.37 59.45 -1.691588
1410 535.75 171.00 20.50 50.00 0.398118
1410 552.25 122.82 28.92 70.53 -0.458562
1410 443.50 146.00 41.00 100.00 -1.454431
1410 580.75 201.82 22.38 54.58 -1.547575
1410 561.19 158.02 24.37 59.45 -1.813741
1410 28.25 241.19 24.37 59.45 -2.944111
1440 551.58 125.84 26.57 64.81 -0.318222
1440 537.75 173.00 20.50 50.00 -0.834575
1440 443.54 141.82 44.67 108.95 -1.006616
1440 561.19 158.02 24.37 59.45 -1.558213
1470 554.05 131.88 24.37 59.45 -0.974286
1470 443.54 141.82 44.67 108.95 -1.065241
1470 -0.25 229.00 20.50 50.00 -1.803566
1500 619.75 171.00 20.50 50.00 -0.893794
1500 548.99 125.84 26.57 64.81 -1.028597
1500 443.54 141.82 44.67 108.95 -1.395116
1500 519.75 171.00 20.50 50.00 -1.780288
1530 527.75 173.00 20.50 50.00 0.049171
1530 556.43 127.13 24.37 59.45 -0.483423
1530 559.75 167.00 20.50 50.00 -1.058285
1530 443.50 146.00 41.00 100.00 -1.251074
1530 581.75 203.00 20.50 50.00 -2.253921
1560 531.75 173.00 20.50 50.00 0.998189
1560 617.75 173.00 20.50 50.00 -0.187612
1560 556.76 131.03 26.57 64.81 -1.152898
1560 443.54 137.45 44.67 108.95 -1.287769
1560 563.28 164.73 22.38 54.58 -1.325894
1560 30.63 243.56 24.37 59.45 -1.949537
1590 525.75 173.00 20.50 50.00 0.317036
1590 619.75 173.00 20.50 50.00 0.192614
1590 443.50 146.00 41.00 100.00 -0.919529
1590 554.17 125.84 26.57 64.81 -0.979052
1590 581.75 203.00 20.50 50.00 -1.106719
1620 443.54 141.82 44.67 108.95 -0.611812
1620 527.75 171.00 20.50 50.00 -0.962835
1620 563.75 165.00 20.50 50.00 -1.427399
1620 548.99 125.84 26.57 64.81 -1.596053
1620 605.75 171.00 20.50 50.00 -1.681846
1620 -0.42 156.08 34.37 83.83 -2.037537
1620 30.31 245.45 22.38 54.58 -2.552422
1650 523.75 173.00 20.50 50.00 0.142787
1650 557.75 169.00 20.50 50.00 -0.621961
1650 581.75 203.00 20.50 50.00 -1.037615
1650 556.76 131.03 26.57 64.81 -1.203583
1650 439.18 141.82 44.67 108.95 -1.368209
1650 535.75 171.00 20.50 50.00 -1.608527
1650 615.70 173.45 22.38 54.58 -1.896680
1680 529.75 173.00 20.50 50.00 2.139005
1680 617.88 173.45 22.38 54.58 0.064476
1680 25.75 213.00 20.50 50.00 -1.098339
1680 554.17 125.84 26.57 64.81 -1.161240
1680 443.54 141.82 44.67 108.95 -1.366527
1680 581.75 203.00 20.50 50.00 -2.022820
1710 531.75 171.00 20.50 50.00 1.119228
1710 617.88 173.45 22.38 54.58 0.579246
1710 556.43 131.88 24.37 59.45 -0.454053
1710 443.50 146.00 41.00 100.00 -1.101939
1710 526.14 151.64 22.38 54.58 -1.289811
1710 539.75 173.00 20.50 50.00 -1.383324
1710 30.63 243.56 24.37 59.45 -2.503885
1710 593.75 201.00 20.50 50.00 -2.551868
1740 527.75 173.00 20.50 50.00 2.352190
1740 619.75 175.00 20.50 50.00 0.324269
1740 581.75 203.00 20.50 50.00 -0.949728
1740 443.50 146.00 41.00 100.00 -1.294279
1740 563.75 169.00 20.50 50.00 -1.473844
1740 553.75 171.00 20.50 50.00 -1.754177
1770 531.75 169.00 20.50 50.00 -0.236775
1770 619.75 171.00 20.50 50.00 -0.281619
1770 435.40 132.71 57.98 141.42 -1.102188
1770 561.19 158.02 24.37 59.45 -1.739212
1770 339.05 89.45 44.67 108.95 -2.189078
1800 531.75 173.00 20.50 50.00 2.086154
1800 619.75 175.00 20.50 50.00 0.041667
1800 443.54 141.82 44.67 108.95 -0.102798
1800 563.28 164.73 22.38 54.58 -1.468806
1800 554.17 131.03 26.57 64.81 -1.836476
1800 -0.35 235.76 28.92 70.53 -1.877862
1800 -0.35 204.71 28.92 70.53 -2.369072
1830 529.75 171.00 20.50 50.00 1.129814
1830 617.88 173.45 22.38 54.58 0.425684
1830 -0.65 193.55 52.90 129.03 -0.185245
1830 537.75 175.00 20.50 50.00 -0.617741
1830 435.40 132.71 57.98 141.42 -0.672375
1830 580.75 201.82 22.38 54.58 -1.138246
1830 413.68 165.15 24.37 59.45 -1.449535
1830 596.02 112.45 34.37 83.83 -1.624950
1830 563.28 164.73 22.38 54.58 -1.868171
