30 615.91 212.67 24.37 59.45 -1.419821
30 102.01 39.21 24.37 59.45 -2.214442
30 42.69 20.00 31.54 76.92 -4.013024
60 539.78 207.92 24.37 59.45 1.786695
60 189.75 69.00 20.50 50.00 -2.637835
90 107.75 179.00 20.50 50.00 -0.090969
90 582.60 231.68 24.37 59.45 -0.146614
90 498.85 196.36 34.37 83.83 -0.158089
90 606.07 209.79 34.37 83.83 -0.507652
90 562.69 207.69 31.54 76.92 -0.842563
90 161.49 165.15 24.37 59.45 -1.155691
90 115.24 162.35 28.92 70.53 -1.371580
90 134.86 137.40 37.52 91.50 -1.656135
90 547.75 231.00 20.50 50.00 -1.854267
90 525.65 189.65 34.37 83.83 -2.061745
120 173.28 156.97 26.57 64.81 0.015269
120 388.53 193.09 22.38 54.58 -0.248256
120 159.18 169.09 22.38 54.58 -0.618740
120 606.07 152.73 34.37 83.83 -1.069631
120 144.78 159.57 26.57 64.81 -1.182294
120 219.75 167.00 20.50 50.00 -1.436038
120 313.75 179.00 20.50 50.00 -1.693594
120 399.75 195.00 20.50 50.00 -1.912232
120 369.75 191.00 20.50 50.00 -2.024607
150 150.38 140.00 31.54 76.92 -0.577662
150 185.73 148.24 28.92 70.53 -0.603468
150 440.16 193.30 26.57 64.81 -0.692088
150 170.10 164.73 22.38 54.58 -0.711904
150 337.75 175.00 20.50 50.00 -1.530953
150 413.68 196.04 24.37 59.45 -1.794397
150 478.09 184.36 22.38 54.58 -1.834996
150 353.75 181.00 20.50 50.00 -2.070478
180 355.77 180.00 22.38 54.58 1.117853
180 375.43 180.00 22.38 54.58 -0.381869
180 145.83 130.08 37.52 91.50 -0.944582
180 237.75 163.00 20.50 50.00 -1.237514
180 160.59 106.93 48.64 118.64 -1.567361
180 599.37 25.18 34.37 83.83 -2.934186
180 85.35 27.33 24.37 59.45 -3.232942
210 375.75 167.00 20.50 50.00 0.194859
210 149.96 146.59 26.57 64.81 -0.337637
210 380.57 177.73 26.57 64.81 -0.823454
210 247.75 165.00 20.50 50.00 -1.134370
210 171.00 160.40 24.37 59.45 -1.618690
210 139.60 154.38 26.57 64.81 -1.627891
210 301.75 153.00 20.50 50.00 -1.685398
210 559.75 265.00 20.50 50.00 -3.013943
210 73.99 9.82 22.38 54.58 -3.985902
210 259.75 1.00 20.50 50.00 -4.829548
240 373.23 160.40 24.37 59.45 0.217614
240 97.42 95.48 52.90 129.03 -0.468583
240 -0.30 186.53 24.37 59.45 -0.705603
240 173.82 132.59 34.37 83.83 -0.841426
240 444.61 212.67 24.37 59.45 -1.292679
240 147.48 106.91 44.67 108.95 -1.324300
240 567.65 125.45 22.38 54.58 -1.388489
240 366.10 150.89 24.37 59.45 -1.399920
240 399.45 204.00 22.38 54.58 -1.635330
240 599.50 230.00 41.00 100.00 -2.428024
240 491.19 232.36 22.38 54.58 -2.618673
240 244.93 43.77 28.92 70.53 -2.973661
240 205.46 7.06 28.92 70.53 -3.993229
240 2.93 5.04 34.37 83.83 -4.576327
270 386.35 153.82 22.38 54.58 1.361946
270 394.65 150.89 24.37 59.45 0.312136
270 78.58 81.88 57.98 141.42 -0.653242
270 389.75 113.00 20.50 50.00 -0.893370
270 177.17 129.23 34.37 83.83 -0.923882
270 -0.38 146.15 31.54 76.92 -0.924335
270 405.77 136.92 31.54 76.92 -0.928893
270 240.00 153.82 22.38 54.58 -0.986109
270 121.04 127.13 24.37 59.45 -1.260759
270 35.39 167.52 24.37 59.45 -1.724424
270 522.51 261.98 37.52 91.50 -2.376804
270 237.62 34.45 24.37 59.45 -2.481776
300 557.75 179.00 20.50 50.00 1.787151
300 195.75 167.00 20.50 50.00 1.109260
300 375.75 163.00 20.50 50.00 0.923182
300 215.97 164.73 22.38 54.58 0.748466
300 567.13 175.14 26.57 64.81 0.635508
300 473.16 172.28 24.37 59.45 0.473439
300 97.75 137.00 20.50 50.00 0.312458
300 413.75 149.00 20.50 50.00 -0.249161
300 87.73 122.38 24.37 59.45 -0.553787
300 561.94 190.70 26.57 64.81 -0.806543
300 434.83 106.91 44.67 108.95 -1.641051
300 215.75 15.00 20.50 50.00 -3.665826
300 -1.10 21.82 89.69 218.76 -4.163817
330 463.64 103.37 24.37 59.45 1.031280
330 49.75 137.00 20.50 50.00 0.958810
330 398.70 154.38 26.57 64.81 0.182900
330 445.77 81.54 31.54 76.92 -0.209827
330 617.88 221.45 22.38 54.58 -0.370684
330 56.52 129.82 22.38 54.58 -0.455193
330 478.09 86.18 22.38 54.58 -0.593007
330 559.16 166.15 34.37 83.83 -0.657540
330 443.75 137.00 20.50 50.00 -0.969865
330 434.98 94.70 26.57 64.81 -0.988419
330 408.46 148.24 28.92 70.53 -1.483156
330 467.17 84.00 22.38 54.58 -1.898650
330 8.85 90.77 31.54 76.92 -2.196463
330 240.65 3.89 26.57 64.81 -4.355590
360 497.75 121.00 20.50 50.00 1.441083
360 2.47 114.35 28.92 70.53 1.247139
360 242.38 150.89 24.37 59.45 0.107493
360 487.75 103.00 20.50 50.00 -0.333557
360 454.52 121.19 48.64 118.64 -0.403149
360 217.75 163.00 20.50 50.00 -0.475172
360 539.75 89.00 20.50 50.00 -0.905784
360 451.75 93.00 20.50 50.00 -1.039701
360 152.63 140.73 22.38 54.58 -1.052264
360 416.93 188.73 22.38 54.58 -1.057608
360 232.86 146.14 24.37 59.45 -1.155987
360 549.75 89.00 20.50 50.00 -1.185822
360 504.23 75.39 31.54 76.92 -1.736442
360 455.75 81.00 20.50 50.00 -1.750289
360 497.75 66.55 22.38 54.58 -1.827489
360 195.75 163.00 20.50 50.00 -1.933072
360 477.75 53.00 20.50 50.00 -2.263348
360 432.22 44.73 22.38 54.58 -2.795992
360 479.75 23.00 20.50 50.00 -3.368444
390 501.71 91.48 24.37 59.45 0.448442
390 159.62 130.77 31.54 76.92 -0.152679
390 257.75 155.00 20.50 50.00 -0.636662
390 483.75 117.00 20.50 50.00 -0.902613
390 477.75 105.00 20.50 50.00 -0.940763
390 482.29 144.73 37.52 91.50 -0.962161
390 565.52 173.54 75.52 184.20 -1.021388
390 455.29 82.24 34.37 83.83 -1.037381
390 181.75 161.00 20.50 50.00 -1.074037
390 404.16 181.78 24.37 59.45 -1.455236
390 205.75 159.00 20.50 50.00 -1.496819
390 534.88 51.27 22.38 54.58 -1.581587
390 222.38 136.94 28.92 70.53 -1.641910
390 565.95 65.35 24.37 59.45 -1.713680
390 445.34 211.46 26.57 64.81 -2.110618
390 499.93 53.45 22.38 54.58 -2.473423
390 481.76 52.23 28.92 70.53 -2.484911
390 595.92 19.64 44.67 108.95 -2.517460
390 491.75 233.00 20.50 50.00 -2.708321
390 451.92 47.69 31.54 76.92 -3.245453
390 481.75 23.00 20.50 50.00 -3.538942
390 451.75 20.20 24.37 59.45 -3.556670
390 335.75 31.00 20.50 50.00 -3.630905
390 273.75 23.00 20.50 50.00 -3.848081
390 283.69 20.73 22.38 54.58 -3.922124
390 427.21 16.86 26.57 64.81 -4.148710
390 489.01 18.55 22.38 54.58 -4.289214
390 589.74 10.69 24.37 59.45 -4.500024
390 250.92 5.45 22.38 54.58 -4.526529
390 599.50 314.00 41.00 100.00 -5.828466
420 401.64 158.18 22.38 54.58 0.582570
420 439.50 174.00 41.00 100.00 0.031560
420 411.75 159.00 20.50 50.00 -0.135571
420 569.16 80.47 28.92 70.53 -0.962334
420 210.68 115.80 34.37 83.83 -1.027059
420 581.75 35.00 20.50 50.00 -1.617780
420 60.89 171.27 22.38 54.58 -1.942530
420 527.75 195.00 20.50 50.00 -2.100563
420 575.00 53.85 31.54 76.92 -2.453236
420 473.72 230.18 22.38 54.58 -2.554561
420 599.31 27.48 37.52 91.50 -2.918440
420 560.70 66.35 28.92 70.53 -3.016611
420 565.46 256.36 22.38 54.58 -3.586411
420 563.52 12.71 28.92 70.53 -3.896079
420 366.69 7.64 22.38 54.58 -3.904103
420 587.30 -1.09 22.38 54.58 -4.618268
420 525.75 1.00 20.50 50.00 -4.743527
450 -0.32 167.35 26.57 64.81 0.323285
450 619.75 83.00 20.50 50.00 -0.758816
450 247.14 158.02 24.37 59.45 -0.803486
450 433.75 161.00 20.50 50.00 -1.205777
450 43.43 119.08 37.52 91.50 -1.215568
450 606.07 156.08 34.37 83.83 -1.281077
450 414.25 149.19 26.57 64.81 -1.708099
450 106.76 118.91 22.38 54.58 -1.844024
450 210.68 129.23 34.37 83.83 -1.869943
450 617.88 278.18 22.38 54.58 -1.911493
450 611.15 65.35 24.37 59.45 -2.753449
450 -0.84 37.18 69.16 168.67 -3.892324
480 457.75 169.00 20.50 50.00 0.584962
480 489.75 153.00 20.50 50.00 0.139527
480 599.37 142.66 34.37 83.83 -0.961812
480 -0.30 105.74 24.37 59.45 -1.052545
480 508.67 123.27 22.38 54.58 -1.115955
480 593.86 64.36 22.38 54.58 -1.172526
480 4.10 140.73 22.38 54.58 -1.580376
480 435.18 129.23 34.37 83.83 -1.629879
480 532.70 18.55 22.38 54.58 -3.908325
510 543.81 151.78 26.57 64.81 -1.121646
510 529.69 148.24 28.92 70.53 -1.236394
510 504.23 149.23 31.54 76.92 -1.582630
510 65.75 97.00 20.50 50.00 -1.610523
510 135.75 167.00 20.50 50.00 -1.729209
510 169.68 85.16 52.90 129.03 -1.762513
510 27.75 93.00 20.50 50.00 -1.801412
510 537.06 108.00 22.38 54.58 -1.849874
540 375.75 165.00 20.50 50.00 -0.512183
540 421.78 122.52 34.37 83.83 -0.735064
540 527.75 161.00 20.50 50.00 -0.943185
540 170.10 127.64 22.38 54.58 -1.796645
540 602.97 71.45 37.52 91.50 -1.869192
540 87.75 173.00 20.50 50.00 -1.901404
540 613.77 198.49 26.57 64.81 -2.074001
540 1.91 273.82 22.38 54.58 -2.136491
540 602.97 12.82 37.52 91.50 -4.194048
540 297.65 -1.30 26.57 64.81 -4.361774
570 390.72 169.09 22.38 54.58 0.123612
570 551.58 214.05 26.57 64.81 -0.475459
570 508.67 121.09 22.38 54.58 -1.049218
570 483.75 103.00 20.50 50.00 -1.695859
570 608.85 152.31 31.54 76.92 -1.846056
570 139.18 56.73 89.69 218.76 -2.030840
570 15.75 73.00 20.50 50.00 -2.197682
600 47.78 158.18 22.38 54.58 -0.313594
600 214.51 132.71 57.98 141.42 -1.841700
600 113.68 50.70 69.16 168.67 -2.409190
600 602.97 64.12 37.52 91.50 -2.541503
600 615.91 41.58 24.37 59.45 -3.258493
600 619.75 13.00 20.50 50.00 -3.403533
600 583.75 17.00 20.50 50.00 -4.139915
630 4.46 181.78 24.37 59.45 -1.870291
630 617.88 197.45 22.38 54.58 -1.877229
630 303.34 73.09 22.38 54.58 -2.289592
630 55.00 36.00 82.00 200.00 -2.912695
660 217.75 175.00 20.50 50.00 -0.171196
660 541.15 155.38 31.54 76.92 -0.329452
660 555.81 149.37 34.37 83.83 -0.929405
660 545.76 88.95 34.37 83.83 -1.109097
660 495.78 185.45 44.67 108.95 -1.120988
660 534.88 88.36 22.38 54.58 -1.830799
660 475.54 165.15 24.37 59.45 -1.880352
660 504.49 211.64 44.67 108.95 -2.379421
660 302.83 29.84 26.57 64.81 -3.183093
660 -0.92 33.23 75.52 184.20 -3.317538
690 386.35 164.73 22.38 54.58 -0.776108
690 377.75 175.00 20.50 50.00 -0.830996
690 606.07 172.87 34.37 83.83 -0.851198
690 467.67 148.24 28.92 70.53 -1.427262
690 423.50 166.00 41.00 100.00 -1.431581
690 615.91 129.50 24.37 59.45 -1.756766
690 537.06 118.91 22.38 54.58 -1.781760
690 617.88 94.91 22.38 54.58 -2.226922
690 619.75 69.00 20.50 50.00 -3.037796
720 542.47 126.55 89.69 218.76 -0.593931
720 473.72 158.18 22.38 54.58 -0.759799
720 165.75 143.00 20.50 50.00 -1.075616
720 159.75 167.00 20.50 50.00 -1.153043
720 199.75 167.00 20.50 50.00 -1.200625
720 421.75 181.00 20.50 50.00 -1.220998
720 619.75 271.00 20.50 50.00 -2.565798
720 565.52 33.23 75.52 184.20 -2.597737
750 403.82 184.36 22.38 54.58 -0.638569
750 201.93 169.90 24.37 59.45 -0.994868
750 404.16 160.40 24.37 59.45 -1.393642
750 419.11 164.73 22.38 54.58 -1.524125
750 535.71 182.94 34.37 83.83 -2.272790
750 613.77 81.73 26.57 64.81 -2.365568
780 508.67 164.73 22.38 54.58 0.162856
780 411.30 181.78 24.37 59.45 -1.087296
780 582.67 63.57 26.57 64.81 -1.917538
780 600.41 57.82 22.38 54.58 -1.934333
780 427.96 193.66 24.37 59.45 -2.046675
780 619.75 67.00 20.50 50.00 -2.601404
780 619.75 11.00 20.50 50.00 -4.286973
810 617.88 166.91 22.38 54.58 0.114618
810 581.75 167.00 20.50 50.00 -1.126680
810 163.87 160.40 24.37 59.45 -1.324394
810 615.91 93.86 24.37 59.45 -1.432208
810 584.98 127.13 24.37 59.45 -1.761743
810 535.00 226.15 31.54 76.92 -2.818618
810 555.75 271.00 20.50 50.00 -3.057203
840 604.78 177.82 22.38 54.58 -0.674555
840 130.78 166.91 22.38 54.58 -1.604898
840 619.75 27.00 20.50 50.00 -3.660513
870 510.32 126.45 52.90 129.03 0.005704
870 595.92 89.45 44.67 108.95 -0.671407
870 425.58 155.64 24.37 59.45 -1.289196
870 171.75 179.00 20.50 50.00 -1.640794
870 181.75 175.00 20.50 50.00 -1.778899
870 615.75 271.00 20.50 50.00 -2.584361
870 608.85 290.77 31.54 76.92 -4.195479
870 617.88 9.82 22.38 54.58 -4.841092
900 412.56 158.18 22.38 54.58 -0.515412
900 608.85 149.23 31.54 76.92 -0.760573
900 -0.32 146.59 26.57 64.81 -0.934154
900 421.75 165.00 20.50 50.00 -1.118322
900 445.75 147.00 20.50 50.00 -1.217051
900 79.61 158.46 31.54 76.92 -1.297666
900 590.45 60.97 26.57 64.81 -2.140366
900 47.29 86.73 24.37 59.45 -2.212488
900 619.75 45.00 20.50 50.00 -2.803861
900 593.86 262.91 22.38 54.58 -2.844708
900 591.72 292.24 28.92 70.53 -4.833771
930 473.72 169.09 22.38 54.58 -0.105718
930 619.75 165.00 20.50 50.00 -0.360591
930 349.75 181.00 20.50 50.00 -1.255353
930 368.48 177.03 24.37 59.45 -2.004847
930 619.75 7.00 20.50 50.00 -3.771398
960 55.75 161.00 20.50 50.00 -0.592815
990 323.00 140.73 22.38 54.58 -0.699650
990 484.21 141.41 26.57 64.81 -0.763785
990 443.14 153.82 22.38 54.58 -1.742759
990 445.32 132.00 22.38 54.58 -1.786847
990 551.00 20.00 82.00 200.00 -3.885429
1020 102.39 97.09 22.38 54.58 -0.094862
1020 44.76 131.29 28.92 70.53 -0.798940
1020 546.40 154.38 26.57 64.81 -1.308831
1020 33.75 157.00 20.50 50.00 -1.828074
1050 593.86 125.45 22.38 54.58 -1.403525
1050 -0.42 132.59 34.37 83.83 -1.578059
1050 615.91 120.00 24.37 59.45 -1.662876
1050 542.16 65.35 24.37 59.45 -2.584472
1050 611.45 46.59 28.92 70.53 -3.216003
1050 613.77 14.27 26.57 64.81 -4.410068
1080 606.07 152.73 34.37 83.83 -0.020003
1080 487.75 123.00 20.50 50.00 -1.646275
1080 592.00 73.66 48.64 118.64 -2.010863
1080 608.63 43.77 28.92 70.53 -3.182693
1110 617.88 127.64 22.38 54.58 -0.261004
1110 611.45 148.24 28.92 70.53 -1.824626
1110 521.75 97.00 20.50 50.00 -2.035666
1140 414.74 186.55 22.38 54.58 -0.769040
1140 34.68 186.55 22.38 54.58 -1.065446
1140 619.75 189.00 20.50 50.00 -1.090875
1140 567.75 87.00 20.50 50.00 -1.185975
1140 502.12 97.09 22.38 54.58 -1.618511
1140 554.54 68.73 22.38 54.58 -1.807096
1140 73.75 153.00 20.50 50.00 -1.920664
1170 -0.35 145.41 28.92 70.53 -1.121680
1170 447.93 179.29 28.92 70.53 -1.168500
1170 529.75 51.00 20.50 50.00 -1.574106
1170 619.75 41.00 20.50 50.00 -1.731065
1170 534.88 38.18 22.38 54.58 -1.973666
1170 84.92 182.18 22.38 54.58 -2.080270
1170 521.75 69.00 20.50 50.00 -2.314979
1170 536.03 66.16 26.57 64.81 -2.402982
1170 603.75 43.00 20.50 50.00 -2.638682
1170 371.75 41.00 20.50 50.00 -2.980392
1200 562.69 232.31 31.54 76.92 -2.619203
1230 617.88 166.91 22.38 54.58 -0.064081
1260 441.75 165.00 20.50 50.00 -1.660695
1260 485.75 155.00 20.50 50.00 -2.045261
1260 619.75 53.00 20.50 50.00 -2.248779
1260 502.12 22.91 22.38 54.58 -3.311810
1260 390.72 7.64 22.38 54.58 -3.939265
1290 496.91 181.37 37.52 91.50 -0.768033
1290 551.61 110.97 52.90 129.03 -0.999878
1290 538.62 115.46 26.57 64.81 -1.724928
1290 515.20 122.75 37.52 91.50 -2.153011
1290 481.62 55.78 26.57 64.81 -2.618485
1290 583.50 2.00 41.00 100.00 -5.091339
1320 463.64 191.29 24.37 59.45 -0.189036
1320 437.57 188.11 26.57 64.81 -1.523909
1320 608.85 253.85 31.54 76.92 -1.744405
1320 454.13 193.66 24.37 59.45 -2.150387
1320 587.75 27.00 20.50 50.00 -3.677864
1350 416.84 162.16 26.57 64.81 0.115190
1350 515.30 177.73 26.57 64.81 -0.141515
1350 408.19 169.09 22.38 54.58 -0.920287
1350 579.27 166.15 34.37 83.83 -0.921872
1350 445.32 166.91 22.38 54.58 -0.966760
1350 547.75 171.00 20.50 50.00 -1.114329
1350 459.75 177.00 20.50 50.00 -1.364314
1350 499.75 73.00 20.50 50.00 -1.853412
1350 619.75 85.00 20.50 50.00 -2.237903
1350 -0.42 48.67 34.37 83.83 -2.450758
1380 433.83 153.88 28.92 70.53 -0.447867
1380 613.77 169.95 26.57 64.81 -0.608282
1380 31.75 181.00 20.50 50.00 -1.093893
1380 461.75 173.00 20.50 50.00 -1.137840
1380 572.31 164.76 26.57 64.81 -1.337027
1380 -0.27 180.00 22.38 54.58 -1.656457
1380 591.75 183.00 20.50 50.00 -1.956385
1410 617.88 180.00 22.38 54.58 -1.067417
1410 552.35 184.36 22.38 54.58 -1.403649
1440 425.58 169.90 24.37 59.45 0.286903
1440 541.75 167.00 20.50 50.00 -0.884225
1440 511.75 103.00 20.50 50.00 -0.919463
1440 507.75 117.00 20.50 50.00 -1.139254
1440 543.79 72.00 28.92 70.53 -1.672168
1440 608.85 173.85 31.54 76.92 -1.726283
1470 605.99 79.14 26.57 64.81 0.709347
1470 611.45 153.88 28.92 70.53 0.351019
1470 535.11 144.95 48.64 118.64 0.201799
1470 577.75 169.00 20.50 50.00 -0.568681
1470 606.07 109.09 34.37 83.83 -0.900223
1470 470.78 98.61 24.37 59.45 -1.300137
1470 505.75 97.00 20.50 50.00 -1.577530
1470 547.99 84.00 22.38 54.58 -1.851847
1470 597.36 88.94 28.92 70.53 -2.137362
1470 118.06 66.35 28.92 70.53 -2.193584
1470 579.75 49.00 20.50 50.00 -3.218761
1500 475.75 145.00 20.50 50.00 -0.064916
1500 608.85 66.15 31.54 76.92 -0.070560
1500 617.88 112.36 22.38 54.58 -0.334522
1500 427.85 142.91 22.38 54.58 -1.058538
1500 458.43 138.55 22.38 54.58 -1.214493
1500 67.75 75.00 20.50 50.00 -1.685274
1500 386.45 74.84 52.90 129.03 -1.940769
1530 525.75 149.00 20.50 50.00 -0.724480
1530 527.75 71.00 20.50 50.00 -0.943644
1530 467.75 157.00 20.50 50.00 -1.188422
1530 497.75 149.00 20.50 50.00 -1.240192
1530 36.86 53.45 22.38 54.58 -1.474331
1530 599.75 69.00 20.50 50.00 -1.638818
1530 617.75 87.00 20.50 50.00 -1.853900
1530 521.75 91.00 20.50 50.00 -2.136411
1530 407.08 53.65 57.98 141.42 -2.177281
1530 533.75 83.00 20.50 50.00 -2.438051
1530 65.75 59.00 20.50 50.00 -2.805726
1560 97.75 173.00 20.50 50.00 -0.851272
1560 602.97 111.76 37.52 91.50 -1.349898
1560 496.95 146.14 24.37 59.45 -1.430500
1560 458.71 74.84 52.90 129.03 -2.382154
1560 13.75 43.00 20.50 50.00 -2.552007
1560 617.88 40.36 22.38 54.58 -3.394805
1560 87.77 24.65 26.57 64.81 -3.403394
1560 615.91 5.94 24.37 59.45 -4.758903
1590 441.75 161.00 20.50 50.00 1.126204
1590 606.07 119.16 34.37 83.83 0.140902
1590 617.88 92.73 22.38 54.58 -2.041345
1590 121.75 79.00 20.50 50.00 -2.270508
1590 555.75 7.00 20.50 50.00 -3.588269
1590 617.88 18.55 22.38 54.58 -4.568342
1590 565.75 7.00 20.50 50.00 -4.664409
1620 515.75 169.00 20.50 50.00 3.988313
1620 460.61 184.36 22.38 54.58 -0.393610
1620 491.19 171.27 22.38 54.58 -0.611263
1620 129.75 93.00 20.50 50.00 -0.676605
1620 427.85 171.27 22.38 54.58 -1.379865
1620 619.75 157.00 20.50 50.00 -1.758358
1620 502.35 167.35 26.57 64.81 -2.088497
1620 64.23 63.08 31.54 76.92 -2.756171
1620 516.54 7.69 31.54 76.92 -4.556432
1650 595.92 141.82 44.67 108.95 0.791760
1650 580.75 223.64 22.38 54.58 -1.342200
1650 456.39 199.06 28.92 70.53 -1.687330
1650 598.22 35.03 26.57 64.81 -1.806961
1650 416.93 177.82 22.38 54.58 -1.847798
1650 93.75 81.00 20.50 50.00 -1.848527
1650 480.30 212.67 24.37 59.45 -2.502828
1650 608.58 32.43 26.57 64.81 -3.493558
1680 539.75 137.00 20.50 50.00 0.828281
1680 571.79 165.63 69.16 168.67 -0.140849
1680 531.75 131.00 20.50 50.00 -0.249377
1680 403.82 171.27 22.38 54.58 -0.394301
1680 423.48 175.64 22.38 54.58 -1.061847
1680 343.75 81.00 20.50 50.00 -1.822138
1680 577.69 46.15 63.08 153.85 -2.350965
1710 395.75 177.00 20.50 50.00 -0.448068
1710 439.47 179.29 28.92 70.53 -0.618094
1710 583.75 101.00 20.50 50.00 -2.174114
1740 392.90 180.00 22.38 54.58 -0.288412
1740 487.70 173.47 48.64 118.64 -0.387831
1740 408.85 158.46 31.54 76.92 -0.666035
1740 458.08 180.00 31.54 76.92 -1.382397
1740 562.74 144.73 37.52 91.50 -1.804330
1740 602.97 243.66 37.52 91.50 -3.259385
1770 442.69 186.15 31.54 76.92 -0.614195
1770 604.01 257.82 24.37 59.45 -0.777576
1770 484.52 152.26 52.90 129.03 -0.857704
1770 525.81 157.42 52.90 129.03 -1.186186
1770 461.26 203.17 24.37 59.45 -1.529579
1770 611.45 32.47 28.92 70.53 -3.026828
1770 615.91 3.56 24.37 59.45 -4.417475
1800 397.27 177.82 22.38 54.58 -0.449382
1800 539.75 193.00 20.50 50.00 -1.696241
1800 435.75 185.00 20.50 50.00 -1.972488
1800 556.76 35.03 26.57 64.81 -3.410175
1830 389.75 179.00 20.50 50.00 0.197749
1830 611.17 156.97 26.57 64.81 0.053921
1830 601.64 167.52 24.37 59.45 -0.685797
1830 571.98 162.35 28.92 70.53 -1.574979
1830 508.85 200.79 24.37 59.45 -1.675697
1830 87.75 53.00 20.50 50.00 -3.190550
