30 463.75 195.00 20.50 50.00 1.311114
30 619.75 201.00 20.50 50.00 0.514018
30 18.37 130.69 48.64 118.64 -0.102663
30 388.53 188.73 22.38 54.58 -0.550052
30 298.98 94.91 22.38 54.58 -0.624603
30 249.75 197.00 20.50 50.00 -0.732281
30 505.55 129.23 34.37 83.83 -1.060095
30 471.75 189.00 20.50 50.00 -1.445933
30 449.75 197.00 20.50 50.00 -1.604298
30 399.75 199.00 20.50 50.00 -1.680450
30 54.09 169.95 26.57 64.81 -1.918710
30 489.01 92.73 22.38 54.58 -1.924486
30 602.97 45.80 37.52 91.50 -2.370158
30 365.75 -1.00 20.50 50.00 -4.480671
30 399.75 11.00 20.50 50.00 -4.576468
60 487.75 189.00 20.50 50.00 2.315387
60 395.75 191.00 20.50 50.00 0.262870
60 599.50 106.00 41.00 100.00 -0.104320
60 127.75 177.00 20.50 50.00 -0.579853
60 387.75 195.00 20.50 50.00 -0.586105
60 567.10 100.65 52.90 129.03 -1.215001
60 23.75 177.00 20.50 50.00 -1.403859
60 479.75 185.00 20.50 50.00 -1.444233
60 574.90 63.57 26.57 64.81 -1.466401
60 294.61 92.73 22.38 54.58 -1.574109
60 435.75 195.00 20.50 50.00 -1.657022
60 449.75 195.00 20.50 50.00 -1.691875
60 518.86 122.75 37.52 91.50 -1.702776
60 549.43 60.71 28.92 70.53 -1.881942
60 250.92 204.00 22.38 54.58 -2.154321
90 549.29 181.78 24.37 59.45 4.504094
90 606.07 119.16 34.37 83.83 -0.315282
90 538.62 185.51 26.57 64.81 -0.739719
90 475.90 160.36 22.38 54.58 -1.155090
90 177.17 125.87 34.37 83.83 -1.929366
90 611.45 38.12 28.92 70.53 -3.069267
90 409.75 11.00 20.50 50.00 -3.305337
120 416.93 121.09 22.38 54.58 -0.176242
120 582.65 76.23 57.98 141.42 -0.499629
120 69.75 177.00 20.50 50.00 -0.704954
120 237.75 157.00 20.50 50.00 -1.241224
150 33.75 183.00 20.50 50.00 -0.952780
150 458.64 152.73 34.37 83.83 -1.003137
150 599.50 114.00 41.00 100.00 -1.325446
150 41.75 187.00 20.50 50.00 -1.340266
150 59.75 187.00 20.50 50.00 -1.367742
150 19.39 186.55 22.38 54.58 -1.663957
180 501.50 168.00 28.92 70.53 1.550947
180 88.85 155.38 31.54 76.92 0.053958
180 69.03 133.74 37.52 91.50 -1.089514
180 429.73 76.23 57.98 141.42 -1.737142
180 605.75 169.00 20.50 50.00 -1.832084
210 11.75 199.00 20.50 50.00 0.021598
210 561.09 150.55 44.67 108.95 -0.210873
210 87.10 190.91 22.38 54.58 -0.849010
210 429.73 76.23 57.98 141.42 -1.281675
210 552.35 204.00 22.38 54.58 -1.479161
210 423.77 42.14 37.52 91.50 -2.949636
240 213.75 177.00 20.50 50.00 -0.094026
240 473.75 161.00 20.50 50.00 -1.152054
240 412.80 141.07 37.52 91.50 -1.152131
240 456.25 142.91 22.38 54.58 -1.527271
240 -0.38 146.15 31.54 76.92 -1.630856
240 493.04 153.88 28.92 70.53 -1.770653
240 424.23 81.54 31.54 76.92 -1.891056
240 613.77 86.92 26.57 64.81 -2.299968
240 429.80 42.81 26.57 64.81 -2.301707
240 181.15 7.69 31.54 76.92 -4.700513
270 27.75 197.00 20.50 50.00 -0.409441
270 619.75 167.00 20.50 50.00 -0.886328
270 248.74 166.91 22.38 54.58 -0.953277
270 171.75 187.00 20.50 50.00 -1.032286
270 606.07 99.02 34.37 83.83 -1.390405
270 554.07 121.19 48.64 118.64 -1.400495
270 416.84 30.42 69.16 168.67 -3.366418
300 46.49 169.51 34.37 83.83 1.760161
300 571.79 91.27 69.16 168.67 -0.583316
300 207.24 175.64 22.38 54.58 -0.723827
300 515.22 186.55 22.38 54.58 -0.828787
300 615.91 67.72 24.37 59.45 -2.843626
300 355.41 5.22 107.29 261.69 -3.166618
330 587.75 175.00 20.50 50.00 1.387534
330 480.27 175.64 22.38 54.58 0.288534
330 253.11 132.00 22.38 54.58 -0.589450
330 530.85 185.51 26.57 64.81 -1.175771
330 392.90 129.82 22.38 54.58 -1.177992
330 154.81 164.73 22.38 54.58 -1.440572
330 403.82 145.09 22.38 54.58 -1.555655
330 121.04 100.99 24.37 59.45 -1.956392
330 342.66 55.64 22.38 54.58 -2.584062
330 595.92 32.73 44.67 108.95 -3.845795
330 377.75 -1.00 20.50 50.00 -4.777525
360 221.15 121.54 31.54 76.92 -0.204719
360 256.65 131.88 24.37 59.45 -0.744182
360 617.88 156.00 22.38 54.58 -0.752169
360 236.54 118.46 31.54 76.92 -1.169595
360 431.75 151.00 20.50 50.00 -1.953732
360 619.75 35.00 20.50 50.00 -2.878972
360 334.69 45.82 44.67 108.95 -2.922078
360 596.54 53.85 31.54 76.92 -3.273068
390 385.75 187.00 20.50 50.00 1.146473
390 264.03 140.73 22.38 54.58 -0.034048
390 387.75 155.00 20.50 50.00 -0.562291
390 436.59 99.27 22.38 54.58 -0.687994
390 185.39 164.73 22.38 54.58 -0.738010
390 443.75 87.00 20.50 50.00 -1.003060
390 347.76 37.09 44.67 108.95 -3.232847
390 121.04 10.69 24.37 59.45 -4.203634
420 411.73 176.22 34.37 83.83 3.294391
420 396.11 175.14 26.57 64.81 0.126739
420 617.88 175.64 22.38 54.58 0.076920
420 367.75 165.00 20.50 50.00 -0.488321
420 528.26 185.51 26.57 64.81 -0.541600
420 269.75 141.00 20.50 50.00 -0.575640
420 3.81 172.36 44.67 108.95 -0.647656
420 405.77 155.38 31.54 76.92 -0.717525
420 174.45 156.71 28.92 70.53 -0.907344
420 517.41 162.55 22.38 54.58 -1.451779
420 451.88 88.36 22.38 54.58 -2.172027
420 601.75 193.00 20.50 50.00 -2.378905
420 350.32 12.90 52.90 129.03 -3.634141
450 469.03 162.58 52.90 129.03 3.963876
450 274.95 138.55 22.38 54.58 0.494846
450 77.75 191.00 20.50 50.00 -0.391691
450 4.46 169.90 24.37 59.45 -0.522294
450 456.51 203.17 24.37 59.45 -1.792376
480 391.75 167.00 20.50 50.00 0.557667
480 270.58 136.36 22.38 54.58 0.087348
480 11.75 87.00 20.50 50.00 -0.973019
480 44.60 98.82 57.98 141.42 -1.220855
480 401.64 158.18 22.38 54.58 -1.720879
480 595.92 102.55 44.67 108.95 -2.206543
480 619.75 251.00 20.50 50.00 -2.488518
480 577.75 269.00 20.50 50.00 -3.809030
480 123.50 18.00 41.00 100.00 -4.286896
510 495.78 172.36 44.67 108.95 -1.217053
510 411.92 143.08 31.54 76.92 -1.335170
510 395.75 163.00 20.50 50.00 -1.449489
510 -0.77 95.39 63.08 153.85 -1.664761
510 258.79 125.84 26.57 64.81 -1.667238
510 609.75 295.00 20.50 50.00 -4.188677
510 360.82 10.91 44.67 108.95 -4.570203
540 387.75 163.00 20.50 50.00 0.790818
540 571.79 158.87 69.16 168.67 0.610189
540 19.75 191.00 20.50 50.00 -0.144671
540 199.55 172.28 24.37 59.45 -0.419781
540 438.77 169.09 22.38 54.58 -1.239414
540 615.91 122.38 24.37 59.45 -1.307085
540 331.74 99.27 22.38 54.58 -1.673658
540 247.75 143.00 20.50 50.00 -1.742154
540 523.75 109.00 20.50 50.00 -1.902857
540 92.49 53.47 24.37 59.45 -2.161479
570 397.27 160.36 22.38 54.58 1.059947
570 475.75 183.00 20.50 50.00 0.838032
570 619.75 187.00 20.50 50.00 -0.118905
570 487.07 111.27 44.67 108.95 -0.796684
570 568.33 167.52 24.37 59.45 -1.287027
570 593.86 166.91 22.38 54.58 -1.424479
570 233.75 179.00 20.50 50.00 -1.547716
570 387.75 167.00 20.50 50.00 -1.658806
570 -0.32 175.14 26.57 64.81 -1.816756
570 149.03 110.97 52.90 129.03 -2.132411
570 33.97 21.82 89.69 218.76 -3.168380
600 518.36 177.03 24.37 59.45 2.806576
600 236.48 120.00 28.92 70.53 0.284102
600 416.93 162.55 22.38 54.58 -0.843319
600 619.75 155.00 20.50 50.00 -1.057646
600 198.50 158.18 22.38 54.58 -1.140567
600 98.02 201.82 22.38 54.58 -1.264012
600 474.01 106.91 44.67 108.95 -1.296340
600 107.75 193.00 20.50 50.00 -1.392842
600 125.80 136.63 24.37 59.45 -1.822987
630 368.87 171.27 22.38 54.58 0.264148
630 448.85 140.00 31.54 76.92 0.150902
630 435.75 175.00 20.50 50.00 0.119589
630 594.50 186.53 24.37 59.45 0.049456
630 617.88 193.09 22.38 54.58 -0.937361
630 150.44 188.73 22.38 54.58 -1.093096
630 91.75 195.00 20.50 50.00 -1.254383
630 587.74 95.48 52.90 129.03 -1.437815
630 111.13 110.18 22.38 54.58 -1.711088
630 415.00 133.85 31.54 76.92 -1.823216
630 451.75 83.00 20.50 50.00 -1.863432
630 355.77 46.91 22.38 54.58 -2.121708
660 499.75 179.00 20.50 50.00 3.432632
660 437.75 175.00 20.50 50.00 1.762520
660 368.99 165.18 28.92 70.53 0.754051
660 3.81 154.91 44.67 108.95 0.529842
660 233.66 108.71 28.92 70.53 0.429379
660 469.35 175.64 22.38 54.58 0.104283
660 589.75 173.00 20.50 50.00 -0.494226
660 233.45 151.64 22.38 54.58 -1.511518
660 617.88 169.09 22.38 54.58 -1.600912
660 201.93 65.35 24.37 59.45 -1.706107
660 359.75 37.00 20.50 50.00 -2.805001
690 569.72 177.73 26.57 64.81 4.239319
690 467.67 162.35 28.92 70.53 0.439747
690 451.92 136.92 31.54 76.92 0.333689
690 401.75 187.00 20.50 50.00 -0.473929
690 181.75 163.00 20.50 50.00 -0.537727
690 491.50 118.00 41.00 100.00 -0.647813
690 225.20 111.53 28.92 70.53 -0.756213
690 537.40 188.91 24.37 59.45 -1.167384
690 47.29 115.25 24.37 59.45 -1.860550
690 4.96 81.88 57.98 141.42 -2.153172
690 327.00 36.00 82.00 200.00 -2.182131
690 180.52 65.35 24.37 59.45 -2.518281
720 544.46 152.06 37.52 91.50 0.290696
720 425.58 188.91 24.37 59.45 -0.278611
720 463.64 174.65 24.37 59.45 -1.087219
720 224.08 102.38 34.37 83.83 -1.432647
720 448.85 183.08 31.54 76.92 -1.655530
720 532.36 146.01 34.37 83.83 -1.685610
720 74.82 167.35 26.57 64.81 -1.805028
720 569.16 176.47 28.92 70.53 -1.893823
720 547.75 49.00 20.50 50.00 -3.086873
750 503.75 177.00 20.50 50.00 0.166146
750 393.75 161.00 20.50 50.00 0.035854
750 379.75 153.00 20.50 50.00 -0.046073
750 170.10 151.64 22.38 54.58 -0.516371
750 165.75 173.00 20.50 50.00 -0.562670
750 453.57 128.47 28.92 70.53 -1.034284
750 511.23 158.02 24.37 59.45 -1.324922
750 415.75 193.00 20.50 50.00 -1.341593
750 99.63 167.52 24.37 59.45 -1.359491
750 528.26 182.92 26.57 64.81 -1.685943
750 140.31 112.45 34.37 83.83 -1.854172
750 374.87 55.38 34.37 83.83 -2.317303
750 608.77 72.47 24.37 59.45 -2.375239
780 411.75 165.00 20.50 50.00 1.369005
780 -0.38 161.54 31.54 76.92 0.291010
780 119.62 173.85 31.54 76.92 -0.281448
780 465.34 119.16 34.37 83.83 -0.798476
780 535.75 143.00 20.50 50.00 -0.854936
780 483.50 178.00 41.00 100.00 -1.096084
780 115.49 158.18 22.38 54.58 -1.393376
780 254.28 120.00 24.37 59.45 -1.823252
780 485.06 150.89 24.37 59.45 -1.851216
780 362.31 40.00 63.08 153.85 -2.235622
780 327.79 -2.82 57.98 141.42 -4.592283
810 574.90 167.35 26.57 64.81 1.584736
810 492.44 97.43 48.64 118.64 0.108448
810 427.85 160.36 22.38 54.58 -0.457330
810 565.75 137.00 20.50 50.00 -0.887535
810 261.38 131.03 26.57 64.81 -1.140521
810 104.39 155.64 24.37 59.45 -1.573664
810 615.91 281.58 24.37 59.45 -1.819126
810 510.32 80.00 52.90 129.03 -1.889037
810 332.05 21.82 89.69 218.76 -2.729938
840 77.75 155.00 20.50 50.00 0.346336
840 406.01 149.45 22.38 54.58 0.332751
840 515.30 141.41 26.57 64.81 0.196441
840 415.75 157.00 20.50 50.00 0.192843
840 382.75 139.01 24.37 59.45 0.054406
840 587.74 85.16 52.90 129.03 -0.740583
840 551.58 50.70 69.16 168.67 -0.899825
840 69.75 153.00 20.50 50.00 -1.418889
840 528.46 58.46 63.08 153.85 -1.428433
840 447.75 161.00 20.50 50.00 -1.898618
840 427.75 33.00 20.50 50.00 -2.960512
840 606.07 48.67 34.37 83.83 -3.571525
840 539.78 24.95 24.37 59.45 -3.851044
870 425.75 157.00 20.50 50.00 0.402197
870 39.04 156.00 22.38 54.58 -0.186504
870 485.75 159.00 20.50 50.00 -0.342660
870 408.19 147.27 22.38 54.58 -0.812947
870 416.93 142.91 22.38 54.58 -1.117716
870 549.11 115.80 34.37 83.83 -1.818039
870 6.86 119.08 37.52 91.50 -2.227132
870 571.79 30.42 69.16 168.67 -2.353113
870 188.83 60.97 26.57 64.81 -2.763458
870 344.83 18.46 75.52 184.20 -4.348491
900 429.75 165.00 20.50 50.00 0.092305
900 37.77 165.15 24.37 59.45 -0.068685
900 435.09 148.51 24.37 59.45 -0.124196
900 167.92 156.00 22.38 54.58 -0.690345
900 449.69 158.18 22.38 54.58 -1.312490
900 520.89 111.68 48.64 118.64 -1.716508
900 58.70 160.36 22.38 54.58 -1.771401
900 457.26 30.42 69.16 168.67 -2.169427
900 569.21 35.24 34.37 83.83 -3.627109
930 493.04 153.88 28.92 70.53 0.117669
930 135.75 165.00 20.50 50.00 -0.723808
930 456.39 145.41 28.92 70.53 -1.117582
930 592.00 97.43 48.64 118.64 -1.161736
930 352.18 25.85 75.52 184.20 -2.642612
930 184.23 41.54 31.54 76.92 -2.898063
930 608.85 29.23 31.54 76.92 -3.685026
960 605.81 131.29 28.92 70.53 0.241122
960 95.84 164.73 22.38 54.58 -0.773239
960 458.05 81.88 57.98 141.42 -1.319120
960 504.23 144.73 37.52 91.50 -1.988020
960 617.88 66.55 22.38 54.58 -3.002082
960 352.18 18.46 75.52 184.20 -3.154407
960 170.47 31.89 34.37 83.83 -3.633014
990 478.94 153.88 28.92 70.53 0.816575
990 471.75 157.00 20.50 50.00 0.180391
990 602.97 111.76 37.52 91.50 -0.070198
990 213.79 164.73 22.38 54.58 -0.834802
990 47.75 177.00 20.50 50.00 -0.935582
990 510.85 145.09 22.38 54.58 -0.973248
990 3.75 183.00 20.50 50.00 -2.147905
990 150.38 32.31 31.54 76.92 -3.542996
990 337.69 21.54 63.08 153.85 -3.882652
1020 443.14 156.00 22.38 54.58 -0.498995
1020 529.01 139.30 34.37 83.83 -0.643849
1020 457.26 43.94 69.16 168.67 -2.241973
1020 537.06 276.00 22.38 54.58 -3.950608
1050 495.00 180.00 82.00 200.00 -1.650736
1050 121.46 172.54 26.57 64.81 -1.893746
1050 123.75 41.00 20.50 50.00 -3.144840
1080 484.64 208.36 22.38 54.58 -0.194916
1080 543.67 150.55 44.67 108.95 -1.029753
1080 105.91 180.32 26.57 64.81 -1.162910
1080 433.83 227.29 28.92 70.53 -1.688834
1080 117.75 37.00 20.50 50.00 -3.614470
1080 541.75 275.00 20.50 50.00 -3.789421
1080 577.84 295.84 24.37 59.45 -4.719861
1110 458.43 241.09 22.38 54.58 0.705219
1110 531.92 152.31 31.54 76.92 0.421243
1110 93.65 186.55 22.38 54.58 0.069034
1110 100.20 149.45 22.38 54.58 -0.084172
1110 571.98 156.71 28.92 70.53 -0.221323
1110 615.91 153.27 24.37 59.45 -0.230236
1110 414.25 84.32 26.57 64.81 -1.275339
1110 541.75 85.00 20.50 50.00 -2.183323
1110 451.88 228.00 22.38 54.58 -2.373145
1110 427.31 72.31 31.54 76.92 -2.428097
1110 447.51 243.27 22.38 54.58 -2.738757
1140 473.75 163.00 20.50 50.00 0.963561
1140 591.50 118.00 41.00 100.00 0.918974
1140 539.25 158.18 22.38 54.58 0.373953
1140 527.75 163.00 20.50 50.00 0.185377
1140 83.75 187.00 20.50 50.00 -0.330460
1140 547.99 164.73 22.38 54.58 -0.348152
1140 479.75 169.00 20.50 50.00 -0.774300
1140 519.59 166.91 22.38 54.58 -0.818544
1140 434.74 53.13 37.52 91.50 -1.895500
1140 593.46 75.39 31.54 76.92 -2.336648
1140 157.53 66.35 28.92 70.53 -2.517349
1140 424.62 79.14 26.57 64.81 -2.520789
1170 531.92 136.92 31.54 76.92 0.127971
1170 495.56 162.55 22.38 54.58 -0.092327
1170 77.75 187.00 20.50 50.00 -0.397448
1170 411.66 84.32 26.57 64.81 -0.908684
1170 105.91 14.27 26.57 64.81 -4.360885
1200 502.35 146.59 26.57 64.81 0.722603
1200 527.88 153.27 24.37 59.45 -1.332284
1200 386.45 85.16 52.90 129.03 -2.536878
1230 486.80 151.78 26.57 64.81 -0.117596
1230 506.48 166.91 22.38 54.58 -0.945475
1230 118.06 218.82 28.92 70.53 -1.556986
1230 515.22 166.91 22.38 54.58 -1.791017
1230 399.50 14.00 41.00 100.00 -4.622065
1260 503.75 173.00 20.50 50.00 2.544192
1260 10.65 190.91 22.38 54.58 0.049616
1260 521.75 169.00 20.50 50.00 -0.197836
1260 75.84 193.66 24.37 59.45 -0.380744
1260 478.94 142.59 28.92 70.53 -0.577664
1260 562.51 149.37 34.37 83.83 -1.730811
1260 341.70 27.24 26.57 64.81 -3.646832
1290 513.04 166.91 22.38 54.58 0.959751
1290 606.07 115.80 34.37 83.83 -0.795964
1290 570.71 115.25 24.37 59.45 -0.969660
1290 476.44 154.38 26.57 64.81 -1.483084
1290 497.75 191.00 20.50 50.00 -1.543405
1290 589.32 92.31 34.37 83.83 -1.560087
1290 602.97 163.05 37.52 91.50 -1.889523
1290 408.38 31.89 34.37 83.83 -3.651041
1320 512.71 133.62 26.57 64.81 0.832531
1320 582.65 177.88 57.98 141.42 -0.337974
1320 17.75 195.00 20.50 50.00 -0.443343
1320 489.01 169.09 22.38 54.58 -1.335671
1320 517.75 255.00 20.50 50.00 -2.133412
1320 76.18 195.27 22.38 54.58 -2.302688
1320 504.09 231.68 24.37 59.45 -2.357775
1320 569.72 242.59 26.57 64.81 -2.440218
1320 486.80 40.22 26.57 64.81 -3.402522
1320 339.12 31.06 57.98 141.42 -3.446989
1320 608.85 324.62 31.54 76.92 -4.054641
1350 533.77 161.74 107.29 261.69 0.939711
1350 478.57 177.14 117.14 285.71 -0.369115
1350 448.85 84.61 31.54 76.92 -1.810139
1380 559.00 244.00 82.00 200.00 1.609422
1380 571.79 158.87 69.16 168.67 1.086742
1380 460.77 175.38 63.08 153.85 -0.187290
1380 61.86 182.92 26.57 64.81 -0.544893
1380 427.75 105.00 20.50 50.00 -0.671223
1380 103.85 27.69 63.08 153.85 -3.334904
1380 334.69 19.64 44.67 108.95 -3.701006
1380 359.62 13.85 31.54 76.92 -4.325751
1410 -0.50 182.00 41.00 100.00 1.677067
1410 560.00 155.29 57.98 141.42 -0.660274
1410 77.75 195.00 20.50 50.00 -0.686474
1410 405.75 107.00 20.50 50.00 -1.731656
1410 617.88 151.64 22.38 54.58 -1.735574
1410 617.88 177.82 22.38 54.58 -2.029856
1410 71.75 173.00 20.50 50.00 -2.092916
1410 519.59 238.91 22.38 54.58 -2.444042
1410 340.79 57.88 28.92 70.53 -2.687751
1410 427.74 33.55 52.90 129.03 -3.035654
1440 516.15 159.21 48.64 118.64 0.355196
1440 556.77 152.26 52.90 129.03 -0.952752
1440 491.43 168.00 44.67 108.95 -1.030170
1440 449.69 99.27 22.38 54.58 -1.280443
1440 30.66 193.41 28.92 70.53 -2.100434
1440 77.75 195.00 20.50 50.00 -2.382401
1440 61.75 215.00 20.50 50.00 -2.433366
1440 463.75 269.00 20.50 50.00 -2.707778
1440 550.38 287.69 31.54 76.92 -3.082048
1440 325.38 -3.08 63.08 153.85 -4.928089
1440 592.12 312.48 24.37 59.45 -5.072593
1470 445.75 105.00 20.50 50.00 0.279895
1470 504.49 163.64 44.67 108.95 -0.324128
1470 49.84 182.94 34.37 83.83 -0.575761
1470 550.38 161.54 31.54 76.92 -0.619124
1470 93.75 151.00 20.50 50.00 -1.137713
1470 535.02 181.78 24.37 59.45 -1.952220
1470 613.77 323.03 26.57 64.81 -2.353870
1470 578.57 308.73 22.38 54.58 -3.072587
1470 326.52 21.39 48.64 118.64 -3.549024
1470 103.85 27.69 63.08 153.85 -3.625924
1470 619.75 287.00 20.50 50.00 -3.783392
1470 589.49 315.27 22.38 54.58 -3.850484
1470 537.75 285.00 20.50 50.00 -3.941252
1470 343.85 21.54 63.08 153.85 -4.083526
1470 569.83 304.36 22.38 54.58 -4.408361
1500 504.49 163.64 44.67 108.95 0.154857
1500 445.32 103.64 22.38 54.58 -0.027851
1500 535.02 179.41 24.37 59.45 -0.405112
1500 379.50 118.00 41.00 100.00 -1.320222
1500 92.49 153.27 24.37 59.45 -1.822145
1500 -0.32 203.68 26.57 64.81 -1.833832
1500 549.43 179.29 28.92 70.53 -1.869893
1500 463.50 230.00 41.00 100.00 -2.467797
1500 591.67 317.45 22.38 54.58 -2.796505
1500 103.85 27.69 63.08 153.85 -3.380584
1500 613.77 271.14 26.57 64.81 -3.703370
1500 326.52 21.39 48.64 118.64 -3.809582
1500 577.75 311.00 20.50 50.00 -4.037799
1530 512.86 177.14 117.14 285.71 1.728696
1530 445.32 101.45 22.38 54.58 0.021684
1530 494.84 152.26 52.90 129.03 -0.269467
1530 485.75 149.00 20.50 50.00 -1.172268
1530 125.75 207.00 20.50 50.00 -1.473014
1530 389.75 117.00 20.50 50.00 -1.804387
1530 468.69 240.00 34.37 83.83 -3.030715
1530 100.21 23.66 69.16 168.67 -3.373340
1530 329.68 12.90 52.90 129.03 -4.061450
1560 501.93 163.96 48.64 118.64 0.325814
1560 445.75 105.00 20.50 50.00 0.049315
1560 533.44 177.73 26.57 64.81 -0.206565
1560 485.75 149.00 20.50 50.00 -0.743643
1560 545.76 156.08 34.37 83.83 -1.015202
1560 76.18 197.45 22.38 54.58 -1.994551
1560 483.75 231.00 20.50 50.00 -2.464765
1560 408.71 58.91 44.67 108.95 -2.683497
1560 341.70 60.97 26.57 64.81 -2.879965
1560 100.21 23.66 69.16 168.67 -3.246981
1560 569.83 304.36 22.38 54.58 -4.523036
1560 590.45 310.05 26.57 64.81 -5.769902
1590 504.49 163.64 44.67 108.95 0.469473
1590 445.32 101.45 22.38 54.58 0.301232
1590 539.85 149.70 48.64 118.64 -1.089947
1590 468.69 240.00 34.37 83.83 -2.930305
1590 107.75 33.00 20.50 50.00 -3.121019
1590 572.31 302.27 26.57 64.81 -3.147589
1590 587.75 315.00 20.50 50.00 -3.957763
1590 596.04 317.45 22.38 54.58 -4.019371
1590 329.26 -3.38 69.16 168.67 -4.209500
1620 445.32 103.64 22.38 54.58 0.028898
1620 506.67 159.21 48.64 118.64 -0.546860
1620 464.00 159.21 48.64 118.64 -0.611730
1620 536.13 152.26 52.90 129.03 -0.672157
1620 38.94 166.59 57.98 141.42 -0.765591
1620 487.70 154.46 48.64 118.64 -1.163096
1620 95.75 177.00 20.50 50.00 -1.389323
1620 606.39 321.98 24.37 59.45 -2.751712
1620 611.45 261.18 28.92 70.53 -3.096576
1620 571.75 309.00 20.50 50.00 -3.226507
1620 598.23 319.64 22.38 54.58 -3.321410
1620 329.68 12.90 52.90 129.03 -3.692188
1620 585.75 315.00 20.50 50.00 -4.634008
1620 577.75 315.00 20.50 50.00 -5.243964
1650 504.49 168.00 44.67 108.95 -0.214220
1650 482.96 159.21 48.64 118.64 -0.743928
1650 445.75 107.00 20.50 50.00 -1.081116
1650 531.68 149.65 57.98 141.42 -1.087690
1650 339.93 77.23 24.37 59.45 -1.868849
1650 573.75 311.00 20.50 50.00 -2.202316
1650 449.75 261.00 20.50 50.00 -2.552364
1650 103.85 27.69 63.08 153.85 -3.691826
1650 346.43 12.71 28.92 70.53 -3.944577
1650 368.46 21.54 63.08 153.85 -4.262714
1680 469.66 168.00 44.67 108.95 -0.161663
1680 501.93 163.96 48.64 118.64 -0.403839
1680 242.18 121.09 22.38 54.58 -0.574226
1680 536.13 157.42 52.90 129.03 -1.258743
1680 83.50 170.00 41.00 100.00 -1.436831
1680 439.75 255.00 20.50 50.00 -1.862404
1680 571.75 311.00 20.50 50.00 -3.065289
1680 324.52 23.23 52.90 129.03 -3.591870
1710 464.00 159.21 48.64 118.64 -0.815310
1710 433.75 249.00 20.50 50.00 -0.961788
1710 504.49 172.36 44.67 108.95 -1.152577
1710 100.20 182.18 22.38 54.58 -1.276162
1710 242.18 123.27 22.38 54.58 -1.582110
1710 535.11 159.21 48.64 118.64 -2.045838
1710 337.97 66.35 28.92 70.53 -2.276419
1710 572.01 308.73 22.38 54.58 -2.396902
1710 447.51 247.64 22.38 54.58 -2.583157
1710 604.78 324.00 22.38 54.58 -3.085021
1710 563.75 319.00 20.50 50.00 -5.357114
1740 504.49 168.00 44.67 108.95 -0.545782
1740 429.75 249.00 20.50 50.00 -0.908566
1740 539.32 159.27 44.67 108.95 -1.072896
1740 486.80 219.24 26.57 64.81 -1.362777
1740 92.69 159.53 28.92 70.53 -1.746089
1740 573.09 307.72 24.37 59.45 -2.849595
1740 412.74 36.71 57.98 141.42 -3.642610
1740 335.00 20.00 82.00 200.00 -3.703388
1740 600.41 319.64 22.38 54.58 -4.180661
1770 429.75 245.00 20.50 50.00 0.399064
1770 536.13 152.26 52.90 129.03 -0.478494
1770 240.00 115.25 24.37 59.45 -0.659946
1770 393.75 115.00 20.50 50.00 -0.914018
1770 508.84 163.64 44.67 108.95 -1.918760
1770 486.80 219.24 26.57 64.81 -2.382598
1770 332.33 66.35 28.92 70.53 -2.584304
1770 572.01 306.55 22.38 54.58 -3.449672
1770 359.62 13.85 31.54 76.92 -3.750453
1770 349.25 9.88 28.92 70.53 -4.524795
1800 429.75 247.00 20.50 50.00 -0.197468
1800 503.50 170.00 41.00 100.00 -0.465836
1800 240.65 115.46 26.57 64.81 -0.504402
1800 387.51 120.00 24.37 59.45 -0.623291
1800 545.76 169.51 34.37 83.83 -1.360695
1800 489.81 219.80 24.37 59.45 -2.131900
1800 331.92 60.00 31.54 76.92 -2.829698
1800 569.75 309.00 20.50 50.00 -3.138688
1800 347.76 32.73 44.67 108.95 -3.183739
1800 412.74 36.71 57.98 141.42 -3.450325
1800 103.32 19.46 26.57 64.81 -3.994220
1800 346.43 9.88 28.92 70.53 -4.052686
1830 172.29 193.09 22.38 54.58 0.478996
1830 495.78 163.64 44.67 108.95 -0.158160
1830 438.77 252.00 22.38 54.58 -1.318856
1830 427.96 250.69 24.37 59.45 -1.622631
1830 335.15 63.53 28.92 70.53 -2.267370
1830 558.91 300.00 22.38 54.58 -2.815323
1830 354.89 9.88 28.92 70.53 -3.713484
1830 523.75 277.00 20.50 50.00 -4.050344
1830 116.28 8.32 24.37 59.45 -4.260901
