30 402.69 173.85 31.54 76.92 3.717255
30 437.47 188.91 24.37 59.45 1.698160
30 447.93 182.12 28.92 70.53 0.481525
30 387.20 152.06 37.52 91.50 0.117341
30 458.08 173.85 31.54 76.92 -0.434853
30 412.80 152.06 37.52 91.50 -0.885824
30 526.17 166.72 37.52 91.50 -1.051405
30 367.50 134.00 41.00 100.00 -1.145654
30 245.75 163.00 20.50 50.00 -1.167249
60 599.50 194.00 41.00 100.00 0.884037
60 458.71 121.29 52.90 129.03 0.156976
60 288.05 160.36 22.38 54.58 0.153850
60 595.92 146.18 44.67 108.95 -0.012608
60 290.04 176.47 28.92 70.53 -0.772074
60 505.16 116.13 52.90 129.03 -0.992486
60 495.78 159.27 44.67 108.95 -1.396281
60 439.47 165.18 28.92 70.53 -1.579711
60 147.75 193.00 20.50 50.00 -1.918732
60 -0.54 106.91 44.67 108.95 -2.169888
90 375.75 187.00 20.50 50.00 2.381828
90 328.85 155.38 31.54 76.92 0.521022
90 290.04 151.06 28.92 70.53 -0.937725
90 587.74 131.61 52.90 129.03 -1.166592
90 217.75 177.00 20.50 50.00 -1.180632
90 591.72 -1.41 28.92 70.53 -4.977774
120 483.50 174.00 41.00 100.00 1.958561
120 391.50 154.00 41.00 100.00 0.847120
120 407.50 150.00 41.00 100.00 0.570092
120 432.71 184.16 24.37 59.45 0.028000
120 375.00 155.38 31.54 76.92 -0.564243
120 346.43 156.71 28.92 70.53 -0.588748
120 615.91 219.80 24.37 59.45 -1.493542
120 99.75 93.00 20.50 50.00 -1.520129
120 548.99 198.49 26.57 64.81 -2.017916
150 489.60 170.38 37.52 91.50 1.123511
150 582.62 172.87 34.37 83.83 0.775262
150 617.88 180.00 22.38 54.58 -0.669604
150 37.77 117.62 24.37 59.45 -0.705102
150 464.00 159.39 37.52 91.50 -1.039813
150 183.21 142.91 22.38 54.58 -1.083167
150 406.01 175.64 22.38 54.58 -1.148066
150 435.75 183.00 20.50 50.00 -1.198767
150 503.50 162.00 41.00 100.00 -1.317533
150 135.15 197.45 22.38 54.58 -1.512379
150 -0.59 92.67 48.64 118.64 -1.538224
150 56.80 139.01 24.37 59.45 -1.684516
150 57.75 101.00 20.50 50.00 -1.827696
150 21.75 27.00 20.50 50.00 -3.336101
150 27.75 37.00 20.50 50.00 -3.874331
150 28.12 9.82 22.38 54.58 -4.280587
150 -0.25 7.00 20.50 50.00 -4.338192
180 502.12 140.73 22.38 54.58 0.191735
180 49.66 81.98 24.37 59.45 -0.300088
180 562.74 170.38 37.52 91.50 -0.435720
180 589.74 191.29 24.37 59.45 -0.477565
180 518.95 142.66 34.37 83.83 -0.675550
180 223.35 136.63 24.37 59.45 -0.996785
180 475.54 169.90 24.37 59.45 -1.419897
180 93.65 195.27 22.38 54.58 -1.681939
180 594.50 172.28 24.37 59.45 -1.958156
180 -0.59 68.91 48.64 118.64 -2.040597
180 41.94 43.77 28.92 70.53 -3.051014
210 561.09 137.45 44.67 108.95 0.582584
210 527.50 134.00 41.00 100.00 0.571882
210 185.75 197.00 20.50 50.00 -0.132668
210 578.50 150.55 44.67 108.95 -0.335827
210 442.23 184.16 24.37 59.45 -0.992021
210 59.50 102.00 41.00 100.00 -1.208292
210 106.76 193.09 22.38 54.58 -1.242605
210 615.91 191.29 24.37 59.45 -1.268957
210 40.15 146.14 24.37 59.45 -1.465029
210 -0.38 161.54 31.54 76.92 -1.660675
210 5.77 63.08 31.54 76.92 -2.316696
210 -0.27 53.45 22.38 54.58 -2.716385
210 125.80 36.83 24.37 59.45 -3.188444
210 130.78 16.36 22.38 54.58 -3.940410
240 17.83 82.44 37.52 91.50 -0.752468
240 47.58 105.88 28.92 70.53 -0.869630
240 373.24 184.36 22.38 54.58 -0.946520
240 273.75 135.00 20.50 50.00 -0.978079
240 207.24 108.00 22.38 54.58 -1.223061
240 195.75 115.00 20.50 50.00 -1.272215
240 434.40 175.64 22.38 54.58 -1.282888
240 425.67 166.91 22.38 54.58 -1.616715
240 -0.42 88.95 34.37 83.83 -1.912176
240 592.00 116.44 48.64 118.64 -2.017354
240 -0.27 16.36 22.38 54.58 -3.874430
240 125.75 7.00 20.50 50.00 -4.300373
270 15.75 155.00 20.50 50.00 0.360299
270 451.75 179.00 20.50 50.00 0.138194
270 279.32 173.45 22.38 54.58 -0.213143
270 375.75 187.00 20.50 50.00 -0.249010
270 606.07 219.86 34.37 83.83 -0.975485
270 595.92 137.45 44.67 108.95 -1.117820
270 92.95 182.92 26.57 64.81 -1.258530
270 173.38 96.24 24.37 59.45 -1.674042
270 185.75 105.00 20.50 50.00 -1.729657
270 16.56 117.18 28.92 70.53 -1.781144
270 541.29 147.10 52.90 129.03 -2.110760
270 473.72 175.64 22.38 54.58 -2.114371
300 272.76 173.45 22.38 54.58 0.244131
300 370.20 175.14 26.57 64.81 -0.116043
300 473.75 191.00 20.50 50.00 -0.493567
300 380.37 186.53 24.37 59.45 -0.697808
300 602.97 155.73 37.52 91.50 -0.823914
300 447.75 171.00 20.50 50.00 -0.982861
300 575.92 156.08 34.37 83.83 -1.085932
300 481.75 193.00 20.50 50.00 -1.186924
300 61.15 127.69 31.54 76.92 -1.253848
300 506.48 175.64 22.38 54.58 -1.260913
300 17.20 114.55 22.38 54.58 -1.793688
300 127.16 84.51 69.16 168.67 -2.036791
300 -0.25 83.00 20.50 50.00 -2.119907
300 213.92 86.12 28.92 70.53 -2.141291
330 373.24 177.82 22.38 54.58 0.174432
330 27.50 110.00 41.00 100.00 -0.089249
330 495.78 154.91 44.67 108.95 -0.805602
330 264.67 168.00 28.92 70.53 -0.875740
330 253.75 193.00 20.50 50.00 -0.936566
330 126.91 92.31 34.37 83.83 -0.973664
330 147.21 91.48 24.37 59.45 -1.246521
330 458.30 154.38 26.57 64.81 -1.560189
330 555.43 144.73 37.52 91.50 -1.614208
330 379.80 186.55 22.38 54.58 -1.630283
330 116.54 103.08 31.54 76.92 -1.760631
360 467.17 162.55 22.38 54.58 0.257261
360 375.38 175.14 26.57 64.81 0.203649
360 447.93 162.35 28.92 70.53 -0.092559
360 259.03 173.65 28.92 70.53 -0.202105
360 110.38 75.39 31.54 76.92 -0.432317
360 97.25 184.16 24.37 59.45 -0.482810
360 528.26 162.16 26.57 64.81 -0.593439
360 384.23 180.00 31.54 76.92 -0.843239
360 588.90 170.82 28.92 70.53 -0.932431
360 134.41 79.14 26.57 64.81 -1.168448
360 427.75 131.00 20.50 50.00 -1.329705
360 251.75 183.00 20.50 50.00 -2.101212
390 571.79 118.31 69.16 168.67 0.084396
390 250.57 168.00 28.92 70.53 -0.114988
390 65.26 145.09 22.38 54.58 -0.280438
390 110.16 88.95 34.37 83.83 -0.548879
390 76.65 85.59 34.37 83.83 -0.573480
390 465.34 152.73 34.37 83.83 -0.629496
390 23.75 83.00 20.50 50.00 -0.847672
390 378.08 180.00 31.54 76.92 -1.075602
390 54.33 145.09 22.38 54.58 -1.309271
390 49.75 75.00 20.50 50.00 -1.513318
390 67.75 85.00 20.50 50.00 -1.989718
390 122.05 190.91 22.38 54.58 -2.196033
390 67.75 65.00 20.50 50.00 -2.685013
420 474.97 152.06 37.52 91.50 -0.510767
420 569.80 133.09 44.67 108.95 -0.984413
420 205.75 181.00 20.50 50.00 -1.245980
420 145.75 69.00 20.50 50.00 -1.429470
420 75.77 139.76 28.92 70.53 -1.449888
420 505.75 173.00 20.50 50.00 -1.614727
420 66.60 85.59 34.37 83.83 -1.703815
420 59.18 143.76 24.37 59.45 -1.791219
420 548.03 137.45 44.67 108.95 -1.796561
420 388.53 186.55 22.38 54.58 -1.803928
420 247.75 195.00 20.50 50.00 -1.846711
420 155.75 77.00 20.50 50.00 -1.852982
420 457.75 121.00 20.50 50.00 -1.905693
420 587.74 105.81 52.90 129.03 -1.925816
420 -0.25 87.00 20.50 50.00 -2.211977
420 21.75 71.00 20.50 50.00 -2.279304
420 613.77 234.81 26.57 64.81 -2.698936
420 33.01 65.35 24.37 59.45 -2.976487
450 487.43 165.15 24.37 59.45 0.470232
450 592.00 125.94 48.64 118.64 0.386483
450 438.77 166.91 22.38 54.58 0.157310
450 505.55 169.51 34.37 83.83 -0.126692
450 64.45 149.19 26.57 64.81 -1.191509
450 233.75 191.00 20.50 50.00 -1.264182
450 56.80 143.76 24.37 59.45 -1.444898
450 395.09 186.55 22.38 54.58 -1.445280
450 261.85 173.65 28.92 70.53 -1.469873
450 139.60 146.59 26.57 64.81 -1.501818
450 473.72 164.73 22.38 54.58 -1.551976
450 5.75 89.00 20.50 50.00 -1.903847
450 491.75 103.00 20.50 50.00 -1.970534
450 574.15 137.45 44.67 108.95 -2.052334
450 -0.25 53.00 20.50 50.00 -2.225424
450 240.65 198.49 26.57 64.81 -2.261071
450 95.84 88.36 22.38 54.58 -2.279038
450 14.17 38.47 37.52 91.50 -2.890206
480 549.29 210.30 24.37 59.45 -0.044902
480 507.53 167.35 26.57 64.81 -0.192501
480 140.62 148.24 28.92 70.53 -0.707451
480 123.70 142.59 28.92 70.53 -0.940146
480 67.44 153.82 22.38 54.58 -1.039645
480 446.99 165.15 24.37 59.45 -1.334196
480 551.75 175.00 20.50 50.00 -1.480986
480 93.40 65.45 34.37 83.83 -1.553297
480 23.00 71.35 26.57 64.81 -1.633181
480 495.86 162.35 28.92 70.53 -1.680210
480 535.33 170.82 28.92 70.53 -1.733543
480 269.75 203.00 20.50 50.00 -2.064992
480 141.75 73.00 20.50 50.00 -2.476564
480 3.75 19.00 20.50 50.00 -3.898453
510 511.23 167.52 24.37 59.45 0.551808
510 592.00 130.69 48.64 118.64 0.090909
510 112.91 122.75 37.52 91.50 -0.093029
510 258.08 176.92 31.54 76.92 -0.348099
510 419.50 186.00 41.00 100.00 -0.879239
510 481.75 165.00 20.50 50.00 -1.075191
510 179.75 191.00 20.50 50.00 -1.430329
510 244.76 193.66 24.37 59.45 -1.564071
510 572.57 152.73 34.37 83.83 -1.685819
510 125.80 51.09 24.37 59.45 -1.771264
510 23.50 70.00 41.00 100.00 -1.917141
510 -0.25 65.00 20.50 50.00 -1.946705
510 578.08 204.62 31.54 76.92 -1.951496
510 550.38 164.62 31.54 76.92 -2.050692
510 9.75 67.00 20.50 50.00 -2.317232
510 86.70 55.38 34.37 83.83 -3.148726
540 582.65 138.35 57.98 141.42 0.059503
540 523.08 162.16 26.57 64.81 -0.032071
540 556.76 164.76 26.57 64.81 -0.588022
540 427.43 170.38 37.52 91.50 -0.735836
540 454.13 167.52 24.37 59.45 -1.076020
540 537.06 175.64 22.38 54.58 -1.081990
540 -0.84 158.87 69.16 168.67 -1.082132
540 245.83 195.89 26.57 64.81 -1.250045
540 58.70 75.27 22.38 54.58 -1.290973
540 118.06 136.94 28.92 70.53 -1.338165
540 486.83 162.55 22.38 54.58 -1.725019
540 67.44 57.82 22.38 54.58 -2.009137
540 -0.38 50.77 31.54 76.92 -2.120038
540 78.36 53.45 22.38 54.58 -2.440875
540 116.28 48.71 24.37 59.45 -2.597607
570 547.75 177.00 20.50 50.00 1.662056
570 602.72 162.80 34.37 83.83 0.652240
570 525.67 164.76 26.57 64.81 -0.208661
570 3.75 87.00 20.50 50.00 -0.349458
570 435.18 186.29 34.37 83.83 -0.398216
570 259.20 170.38 37.52 91.50 -0.426911
570 608.63 125.65 28.92 70.53 -0.430484
570 575.46 165.15 24.37 59.45 -0.470124
570 33.46 140.00 31.54 76.92 -0.681192
570 235.24 179.41 24.37 59.45 -0.709584
570 457.75 181.00 20.50 50.00 -0.953208
570 240.65 195.89 26.57 64.81 -1.066112
570 42.99 102.55 44.67 108.95 -1.207479
570 174.47 190.91 22.38 54.58 -1.539383
570 559.62 152.31 31.54 76.92 -1.604279
570 52.05 72.47 24.37 59.45 -1.707618
570 602.97 192.37 37.52 91.50 -1.896085
570 135.32 136.63 24.37 59.45 -1.902269
570 113.90 41.58 24.37 59.45 -1.977228
570 100.10 135.94 34.37 83.83 -2.070448
570 17.75 121.00 20.50 50.00 -2.139887
570 442.75 76.54 26.57 64.81 -2.384464
570 510.12 76.54 26.57 64.81 -2.472533
570 61.56 43.96 24.37 59.45 -2.515668
570 59.75 231.00 20.50 50.00 -2.843323
570 123.42 43.96 24.37 59.45 -3.241893
600 528.26 167.35 26.57 64.81 1.302841
600 606.07 166.15 34.37 83.83 0.620261
600 257.59 179.58 34.37 83.83 0.410195
600 235.24 184.16 24.37 59.45 -0.085035
600 458.30 167.35 26.57 64.81 -0.126611
600 615.91 127.13 24.37 59.45 -0.501181
600 437.75 191.00 20.50 50.00 -0.777019
600 65.37 130.08 37.52 91.50 -0.798625
600 538.15 170.82 28.92 70.53 -1.034621
600 43.14 55.38 34.37 83.83 -1.175957
600 599.37 139.30 34.37 83.83 -1.620725
600 8.16 63.27 44.67 108.95 -2.116267
600 118.06 38.12 28.92 70.53 -3.027694
630 611.45 179.29 28.92 70.53 1.333166
630 526.87 168.00 28.92 70.53 0.638369
630 541.21 175.14 26.57 64.81 0.404003
630 563.57 172.28 24.37 59.45 0.348455
630 615.91 124.75 24.37 59.45 -0.227615
630 258.08 186.15 31.54 76.92 -0.436806
630 170.10 197.45 22.38 54.58 -0.578698
630 440.30 178.22 48.64 118.64 -0.651915
630 270.38 183.08 31.54 76.92 -0.668087
630 128.85 146.15 31.54 76.92 -0.679652
630 92.49 153.27 24.37 59.45 -1.135326
630 150.38 198.46 31.54 76.92 -1.192340
630 32.46 97.10 37.52 91.50 -1.535755
630 582.67 164.76 26.57 64.81 -1.724560
630 232.86 184.16 24.37 59.45 -1.793356
630 39.77 53.13 37.52 91.50 -1.912787
630 108.50 40.22 26.57 64.81 -2.419959
630 68.70 53.47 24.37 59.45 -2.422185
630 442.75 76.54 26.57 64.81 -2.472006
630 123.42 67.72 24.37 59.45 -2.691886
660 608.85 173.85 31.54 76.92 1.751523
660 458.30 167.35 26.57 64.81 -0.123138
660 599.50 118.00 41.00 100.00 -0.197471
660 528.85 161.54 31.54 76.92 -0.334279
660 235.47 180.32 26.57 64.81 -0.549260
660 563.57 174.65 24.37 59.45 -0.599675
660 153.72 189.65 34.37 83.83 -0.645687
660 264.23 186.15 31.54 76.92 -0.687259
660 104.39 150.89 24.37 59.45 -0.797010
660 445.24 186.29 34.37 83.83 -1.006396
660 117.68 73.09 22.38 54.58 -1.454379
660 546.91 179.41 24.37 59.45 -1.466878
660 572.31 164.76 26.57 64.81 -1.786777
660 432.39 177.73 26.57 64.81 -1.831877
660 431.83 203.08 34.37 83.83 -2.165649
660 46.32 79.14 26.57 64.81 -2.177293
660 30.39 56.92 31.54 76.92 -3.152208
660 157.75 35.00 20.50 50.00 -3.492651
690 606.07 166.15 34.37 83.83 1.192148
690 528.85 161.54 31.54 76.92 1.047800
690 543.81 175.14 26.57 64.81 0.581339
690 112.90 162.58 52.90 129.03 -0.043463
690 461.26 167.52 24.37 59.45 -0.123146
690 259.20 177.71 37.52 91.50 -0.234347
690 615.91 127.13 24.37 59.45 -0.575567
690 561.94 169.95 26.57 64.81 -0.672363
690 457.75 195.00 20.50 50.00 -1.027442
690 439.47 193.41 28.92 70.53 -1.034856
690 168.62 196.04 24.37 59.45 -1.321826
690 233.66 182.12 28.92 70.53 -1.413570
690 117.68 73.09 22.38 54.58 -1.722893
690 103.96 83.29 28.92 70.53 -2.014811
690 69.62 60.00 22.38 54.58 -2.088452
690 606.07 206.43 34.37 83.83 -2.223919
690 109.60 38.12 28.92 70.53 -2.343198
690 44.76 74.82 28.92 70.53 -2.401292
690 51.92 35.38 31.54 76.92 -3.383138
720 529.69 168.00 28.92 70.53 1.446149
720 545.80 182.18 22.38 54.58 0.401810
720 605.77 176.92 31.54 76.92 0.189898
720 615.91 127.13 24.37 59.45 -0.001943
720 554.05 174.65 24.37 59.45 -0.047682
720 107.74 162.58 52.90 129.03 -0.129100
720 456.39 165.18 28.92 70.53 -0.131674
720 563.57 172.28 24.37 59.45 -0.306956
720 245.75 199.00 20.50 50.00 -0.601126
720 262.86 177.71 37.52 91.50 -0.711304
720 611.45 156.71 28.92 70.53 -1.053929
720 585.26 164.76 26.57 64.81 -1.102205
720 235.24 184.16 24.37 59.45 -1.601991
720 160.35 199.06 28.92 70.53 -1.658708
720 127.50 142.00 41.00 100.00 -1.760101
720 453.12 190.70 26.57 64.81 -1.825973
720 45.77 69.23 31.54 76.92 -1.844080
720 36.54 60.00 31.54 76.92 -1.877605
720 107.31 35.38 31.54 76.92 -2.762263
750 615.91 188.91 24.37 59.45 1.330766
750 533.44 169.95 26.57 64.81 0.384078
750 615.91 127.13 24.37 59.45 -0.022941
750 582.67 164.76 26.57 64.81 -0.282906
750 554.05 174.65 24.37 59.45 -0.306288
750 545.80 182.18 22.38 54.58 -0.598352
750 563.57 174.65 24.37 59.45 -0.644074
750 109.60 148.24 28.92 70.53 -0.731169
750 243.24 180.32 26.57 64.81 -0.805251
750 460.89 164.76 26.57 64.81 -1.192406
750 259.03 203.17 24.37 59.45 -1.325141
750 434.83 189.82 44.67 108.95 -1.402703
750 123.23 157.42 52.90 129.03 -1.413326
750 109.60 38.12 28.92 70.53 -1.962757
750 42.69 60.00 31.54 76.92 -2.300164
750 609.75 177.00 20.50 50.00 -2.373513
750 103.96 83.29 28.92 70.53 -2.437490
750 33.01 46.34 24.37 59.45 -2.806650
780 613.77 188.11 26.57 64.81 1.139472
780 528.85 161.54 31.54 76.92 0.575574
780 129.23 149.19 26.57 64.81 0.447250
780 563.57 172.28 24.37 59.45 0.248249
780 617.88 127.64 22.38 54.58 0.150004
780 -0.59 225.74 48.64 118.64 -0.013458
780 119.86 158.18 22.38 54.58 -0.059601
780 543.81 172.54 26.57 64.81 -0.085241
780 613.77 164.76 26.57 64.81 -0.288000
780 432.90 172.90 52.90 129.03 -0.822894
780 605.99 180.32 26.57 64.81 -1.506434
780 274.95 212.73 22.38 54.58 -1.553694
780 422.58 141.94 52.90 129.03 -1.952947
780 71.08 62.97 24.37 59.45 -2.252947
780 107.31 35.38 31.54 76.92 -2.461279
780 47.78 64.36 22.38 54.58 -2.595952
780 85.18 40.22 26.57 64.81 -3.541312
810 606.07 166.15 34.37 83.83 4.305669
810 554.54 177.82 22.38 54.58 0.511986
810 443.75 183.00 20.50 50.00 0.173075
810 135.32 153.27 24.37 59.45 0.011870
810 545.80 182.18 22.38 54.58 -0.212804
810 530.26 174.65 24.37 59.45 -0.368712
810 608.85 124.62 31.54 76.92 -0.444249
810 563.57 174.65 24.37 59.45 -0.767396
810 103.96 83.29 28.92 70.53 -1.283878
810 461.75 179.00 20.50 50.00 -1.358067
810 178.08 189.23 31.54 76.92 -1.410646
810 128.18 146.14 24.37 59.45 -1.540651
810 259.50 178.00 41.00 100.00 -1.613545
810 108.50 40.22 26.57 64.81 -2.047456
810 613.77 219.24 26.57 64.81 -2.266471
810 51.70 37.09 44.67 108.95 -2.284079
810 435.09 212.67 24.37 59.45 -2.536856
810 118.66 55.84 24.37 59.45 -2.685185
810 40.15 48.71 24.37 59.45 -3.003095
810 84.92 38.18 22.38 54.58 -3.286870
840 602.69 173.85 31.54 76.92 3.427393
840 532.51 170.82 28.92 70.53 -0.097961
840 563.57 172.28 24.37 59.45 -0.367399
840 617.88 162.55 22.38 54.58 -0.465514
840 608.85 118.46 31.54 76.92 -0.769466
840 554.05 174.65 24.37 59.45 -0.933656
840 438.06 172.90 52.90 129.03 -1.138324
840 146.37 163.96 48.64 118.64 -1.230836
840 39.79 55.38 34.37 83.83 -1.266713
840 260.94 182.94 34.37 83.83 -1.393211
840 422.58 141.94 52.90 129.03 -1.491602
840 108.50 40.22 26.57 64.81 -1.829006
840 183.87 189.65 34.37 83.83 -1.850103
840 30.31 55.64 22.38 54.58 -2.483017
840 66.32 51.09 24.37 59.45 -3.059619
840 58.08 244.62 31.54 76.92 -3.331260
870 599.37 169.51 34.37 83.83 4.309117
870 529.69 168.00 28.92 70.53 0.855194
870 613.75 129.00 20.50 50.00 -0.391533
870 543.81 172.54 26.57 64.81 -0.485470
870 465.75 127.00 20.50 50.00 -0.584836
870 568.33 169.90 24.37 59.45 -0.782643
870 157.75 161.00 20.50 50.00 -1.081453
870 469.75 179.00 20.50 50.00 -1.245901
870 246.55 184.36 22.38 54.58 -1.410258
870 241.75 197.00 20.50 50.00 -1.465987
870 47.75 191.00 20.50 50.00 -1.561785
870 619.75 165.00 20.50 50.00 -1.645741
870 264.29 179.58 34.37 83.83 -1.701826
870 39.77 53.13 37.52 91.50 -1.762814
870 445.77 192.31 31.54 76.92 -1.772281
870 556.76 172.54 26.57 64.81 -2.142360
870 118.66 58.22 24.37 59.45 -2.193081
870 67.05 60.97 26.57 64.81 -2.436722
870 617.88 225.82 22.38 54.58 -2.473081
900 608.85 176.92 31.54 76.92 3.226377
900 529.69 170.82 28.92 70.53 1.197833
900 541.21 177.73 26.57 64.81 0.072317
900 569.16 162.35 28.92 70.53 -0.147435
900 615.91 127.13 24.37 59.45 -0.301593
900 501.75 177.00 20.50 50.00 -0.349896
900 275.95 187.76 28.92 70.53 -0.623813
900 458.30 167.35 26.57 64.81 -0.652019
900 434.83 181.09 44.67 108.95 -0.695068
900 39.79 58.74 34.37 83.83 -0.824950
900 267.75 209.00 20.50 50.00 -0.828656
900 259.75 199.00 20.50 50.00 -0.962271
900 243.24 180.32 26.57 64.81 -1.026877
900 559.35 172.54 26.57 64.81 -1.601036
900 -1.00 140.00 82.00 200.00 -1.644852
900 103.96 86.12 28.92 70.53 -2.265807
900 58.06 45.80 37.52 91.50 -2.366446
900 611.45 224.47 28.92 70.53 -2.475982
900 174.47 221.45 22.38 54.58 -2.483134
900 107.31 38.46 31.54 76.92 -2.495737
900 30.31 55.64 22.38 54.58 -2.651864
930 606.07 172.87 34.37 83.83 3.772671
930 530.85 175.14 26.57 64.81 1.248942
930 257.75 201.00 20.50 50.00 -0.068605
930 546.91 181.78 24.37 59.45 -0.256760
930 460.89 169.95 26.57 64.81 -0.259754
930 418.43 179.58 34.37 83.83 -0.302128
930 578.57 182.18 22.38 54.58 -0.414016
930 565.46 177.82 22.38 54.58 -0.863828
930 430.48 176.73 44.67 108.95 -0.961527
930 267.31 204.62 31.54 76.92 -0.991737
930 193.75 209.00 20.50 50.00 -1.229013
930 242.38 184.16 24.37 59.45 -1.235662
930 43.73 73.95 26.57 64.81 -1.244241
930 163.50 174.00 41.00 100.00 -1.292385
930 6.86 133.74 37.52 91.50 -1.448596
930 288.05 201.82 22.38 54.58 -1.574267
930 104.23 78.46 31.54 76.92 -1.908875
930 482.96 111.68 48.64 118.64 -2.069648
930 63.94 60.59 24.37 59.45 -2.470524
930 95.55 247.78 26.57 64.81 -2.755221
930 107.31 38.46 31.54 76.92 -3.060193
930 12.63 40.22 26.57 64.81 -3.425691
960 532.64 179.41 24.37 59.45 0.463676
960 554.05 181.78 24.37 59.45 0.092698
960 253.75 199.00 20.50 50.00 -0.013870
960 591.75 169.00 20.50 50.00 -0.050211
960 611.45 193.41 28.92 70.53 -0.309192
960 109.75 141.00 20.50 50.00 -0.408714
960 260.94 196.36 34.37 83.83 -0.696373
960 606.07 125.87 34.37 83.83 -0.808654
960 152.63 158.18 22.38 54.58 -0.957194
960 435.56 178.22 48.64 118.64 -0.998452
960 291.75 209.00 20.50 50.00 -1.100428
960 468.40 181.78 24.37 59.45 -1.215476
960 57.75 179.00 20.50 50.00 -1.237631
960 36.86 75.27 22.38 54.58 -1.248187
960 561.94 172.54 26.57 64.81 -1.254708
960 579.75 185.00 20.50 50.00 -1.255255
960 -0.25 125.00 20.50 50.00 -1.340182
960 462.80 121.09 22.38 54.58 -1.445116
960 280.45 193.66 24.37 59.45 -1.468682
960 545.80 184.36 22.38 54.58 -1.670460
960 240.65 177.73 26.57 64.81 -1.750233
960 505.75 179.00 20.50 50.00 -1.843010
960 82.59 250.38 26.57 64.81 -2.165932
960 43.14 38.60 34.37 83.83 -2.380593
960 33.01 53.47 24.37 59.45 -2.438038
960 53.19 52.03 34.37 83.83 -2.701690
960 93.40 75.52 34.37 83.83 -2.752563
960 106.78 35.29 28.92 70.53 -3.055534
990 556.76 175.14 26.57 64.81 0.888914
990 535.00 164.62 31.54 76.92 0.367048
990 617.88 129.82 22.38 54.58 0.247139
990 458.30 169.95 26.57 64.81 -0.290824
990 233.66 176.47 28.92 70.53 -0.496133
990 588.90 156.71 28.92 70.53 -0.496904
990 137.75 161.00 20.50 50.00 -0.566293
990 615.70 177.82 22.38 54.58 -0.727041
990 261.15 180.00 31.54 76.92 -0.760163
990 566.34 168.00 28.92 70.53 -0.817153
990 102.39 129.82 22.38 54.58 -0.855237
990 25.59 66.16 26.57 64.81 -1.049206
990 248.74 195.27 22.38 54.58 -1.228983
990 -0.35 69.18 28.92 70.53 -1.398795
990 276.54 186.15 31.54 76.92 -1.447816
990 438.53 186.29 34.37 83.83 -1.458857
990 467.75 125.00 20.50 50.00 -1.644714
990 50.74 236.34 37.52 91.50 -2.122088
990 35.95 76.54 26.57 64.81 -2.141357
990 43.14 45.31 34.37 83.83 -2.486110
990 90.05 28.53 34.37 83.83 -3.270762
990 2.47 46.59 28.92 70.53 -3.278199
990 33.09 25.18 34.37 83.83 -3.421141
990 123.42 17.82 24.37 59.45 -4.127567
1020 260.94 179.58 34.37 83.83 0.409999
1020 530.37 121.19 48.64 118.64 0.089729
1020 121.04 148.51 24.37 59.45 0.076914
1020 467.75 179.00 20.50 50.00 -0.023942
1020 611.45 122.82 28.92 70.53 -0.072755
1020 454.06 190.91 22.38 54.58 -0.352919
1020 243.75 197.00 20.50 50.00 -0.364278
1020 586.08 153.88 28.92 70.53 -0.560253
1020 560.70 165.18 28.92 70.53 -0.761602
1020 130.56 148.51 24.37 59.45 -1.554968
1020 251.01 201.08 26.57 64.81 -1.743005
1020 274.35 179.58 34.37 83.83 -1.843496
1020 10.51 38.47 37.52 91.50 -2.407014
1020 -0.54 216.00 44.67 108.95 -2.538818
1020 23.50 26.00 41.00 100.00 -3.385022
1020 83.66 12.82 37.52 91.50 -3.463203
1020 121.75 15.00 20.50 50.00 -4.279592
1050 562.69 158.46 31.54 76.92 0.007177
1050 619.75 159.00 20.50 50.00 -0.141904
1050 247.62 168.00 44.67 108.95 -0.203086
1050 89.75 125.00 20.50 50.00 -0.458430
1050 466.02 184.16 24.37 59.45 -0.523321
1050 111.52 148.51 24.37 59.45 -0.595960
1050 541.15 161.54 31.54 76.92 -0.711932
1050 456.51 188.91 24.37 59.45 -1.192608
1050 235.75 195.00 20.50 50.00 -1.362289
1050 17.81 66.16 26.57 64.81 -1.487737
1050 504.30 166.91 22.38 54.58 -1.670042
1050 156.54 192.31 31.54 76.92 -1.776163
1050 -0.38 47.69 31.54 76.92 -2.121343
1050 81.75 67.00 20.50 50.00 -2.166719
1050 91.47 62.18 22.38 54.58 -2.279625
1050 -0.46 247.33 37.52 91.50 -2.731024
1050 27.84 29.65 28.92 70.53 -3.318187
1050 19.38 21.18 28.92 70.53 -3.546683
1080 559.62 158.46 31.54 76.92 0.456073
1080 243.27 168.00 44.67 108.95 0.177300
1080 617.88 123.27 22.38 54.58 -0.400360
1080 544.23 161.54 31.54 76.92 -0.432262
1080 85.75 121.00 20.50 50.00 -0.863691
1080 571.92 158.46 31.54 76.92 -1.059120
1080 1.91 136.36 22.38 54.58 -1.108254
1080 5.77 50.77 31.54 76.92 -1.160156
1080 89.91 144.00 57.98 141.42 -1.202285
1080 502.12 108.00 22.38 54.58 -1.926023
1080 17.83 31.14 37.52 91.50 -2.610955
1080 -0.38 35.38 31.54 76.92 -2.822371
1080 6.86 5.50 37.52 91.50 -3.876913
1080 36.15 15.38 63.08 153.85 -3.932160
1080 76.34 9.16 37.52 91.50 -4.273114
1110 571.75 187.00 20.50 50.00 0.869588
1110 238.91 168.00 44.67 108.95 -0.516965
1110 86.70 122.52 34.37 83.83 -0.752307
1110 535.11 116.44 48.64 118.64 -0.758961
1110 89.91 149.65 57.98 141.42 -0.838824
1110 581.03 137.40 37.52 91.50 -1.165482
1110 222.38 176.47 28.92 70.53 -1.298698
1110 79.75 67.00 20.50 50.00 -1.335477
1110 619.75 159.00 20.50 50.00 -1.411045
1110 224.23 198.46 31.54 76.92 -1.885187
1110 -0.46 38.47 37.52 91.50 -1.917080
1110 611.45 117.18 28.92 70.53 -2.136691
1110 15.50 26.00 41.00 100.00 -2.420917
1110 80.00 29.84 26.57 64.81 -2.953371
1110 33.27 14.12 57.98 141.42 -3.869726
1110 6.28 5.04 34.37 83.83 -3.951792
1140 566.40 148.40 37.52 91.50 0.758302
1140 238.91 168.00 44.67 108.95 0.060908
1140 85.77 127.69 31.54 76.92 -0.202448
1140 221.15 173.85 31.54 76.92 -0.964583
1140 89.91 155.29 57.98 141.42 -1.025222
1140 -0.42 45.31 34.37 83.83 -1.186412
1140 581.03 148.40 37.52 91.50 -1.425226
1140 536.13 116.13 52.90 129.03 -1.447420
1140 225.20 204.71 28.92 70.53 -1.754174
1140 468.66 138.81 26.57 64.81 -1.788336
1140 471.31 203.36 37.52 91.50 -2.033235
1140 28.12 42.55 22.38 54.58 -2.447766
1140 80.59 34.45 24.37 59.45 -2.630409
1140 76.18 68.73 22.38 54.58 -2.653192
1140 13.74 18.35 28.92 70.53 -3.010618
1140 105.91 -1.30 26.57 64.81 -5.084315
1170 575.46 177.03 24.37 59.45 0.827297
1170 236.44 168.71 48.64 118.64 -0.444680
1170 83.35 125.87 34.37 83.83 -0.556166
1170 89.91 155.29 57.98 141.42 -0.777099
1170 219.56 176.47 28.92 70.53 -0.812493
1170 560.70 165.18 28.92 70.53 -0.871139
1170 75.75 69.00 20.50 50.00 -1.445244
1170 466.07 107.68 26.57 64.81 -1.448532
1170 534.97 124.36 44.67 108.95 -1.494472
1170 -0.42 45.31 34.37 83.83 -1.723220
1170 144.23 198.46 31.54 76.92 -2.437113
1170 15.50 26.00 41.00 100.00 -3.019293
1170 6.28 8.39 34.37 83.83 -3.560428
1170 69.03 9.16 37.52 91.50 -3.743039
1170 35.48 28.39 52.90 129.03 -3.889730
1200 567.50 138.00 41.00 100.00 0.992269
1200 238.91 172.36 44.67 108.95 -0.269391
1200 539.75 183.00 20.50 50.00 -0.538462
1200 547.31 161.54 31.54 76.92 -0.703655
1200 83.35 129.23 34.37 83.83 -0.948109
1200 -0.42 45.31 34.37 83.83 -1.080050
1200 144.23 198.46 31.54 76.92 -1.105777
1200 91.54 150.77 63.08 153.85 -1.126929
1200 219.56 176.47 28.92 70.53 -1.160117
1200 73.75 69.00 20.50 50.00 -1.212280
1200 482.46 182.18 22.38 54.58 -1.529600
1200 606.07 122.52 34.37 83.83 -2.353295
1200 15.50 26.00 41.00 100.00 -2.398818
1200 82.59 35.03 26.57 64.81 -2.534882
1200 6.28 62.10 34.37 83.83 -2.824307
1200 -0.46 5.50 37.52 91.50 -4.488341
1230 569.21 156.08 34.37 83.83 0.761168
1230 515.75 175.00 20.50 50.00 -0.388901
1230 238.91 172.36 44.67 108.95 -0.393494
1230 615.91 122.38 24.37 59.45 -0.418725
1230 591.75 139.00 20.50 50.00 -0.714752
1230 544.46 152.06 37.52 91.50 -1.005169
1230 91.54 150.77 63.08 153.85 -1.013332
1230 82.69 127.69 31.54 76.92 -1.090849
1230 468.40 146.14 24.37 59.45 -1.232073
1230 535.75 177.00 20.50 50.00 -1.445385
1230 13.74 66.35 28.92 70.53 -1.567198
1230 -0.42 45.31 34.37 83.83 -1.771347
1230 81.75 71.00 20.50 50.00 -1.874353
1230 147.31 198.46 31.54 76.92 -2.305052
1230 19.38 29.65 28.92 70.53 -2.309483
1230 5.77 10.77 31.54 76.92 -3.519661
1230 69.03 9.16 37.52 91.50 -3.567009
1260 569.21 156.08 34.37 83.83 1.032392
1260 545.76 159.44 34.37 83.83 -0.302851
1260 86.70 125.87 34.37 83.83 -0.602597
1260 89.91 155.29 57.98 141.42 -0.644987
1260 593.75 139.00 20.50 50.00 -1.002429
1260 230.79 199.72 34.37 83.83 -1.064930
1260 -0.42 45.31 34.37 83.83 -1.145586
1260 13.74 66.35 28.92 70.53 -1.492065
1260 473.16 153.27 24.37 59.45 -1.609619
1260 28.12 44.73 22.38 54.58 -2.048779
1260 67.31 72.31 31.54 76.92 -2.584931
1260 82.97 36.83 24.37 59.45 -2.952419
1260 6.28 18.46 34.37 83.83 -3.091004
1260 103.96 -1.41 28.92 70.53 -4.599761
1290 569.16 170.82 28.92 70.53 0.162560
1290 479.75 183.00 20.50 50.00 0.058839
1290 483.75 203.00 20.50 50.00 -0.596140
1290 103.46 132.59 34.37 83.83 -0.712784
1290 226.45 152.26 52.90 129.03 -0.730600
1290 496.95 79.60 24.37 59.45 -0.990684
1290 89.75 123.00 20.50 50.00 -1.027492
1290 -0.42 45.31 34.37 83.83 -1.215474
1290 513.75 177.00 20.50 50.00 -1.326141
1290 542.41 156.08 34.37 83.83 -1.579838
1290 579.27 156.08 34.37 83.83 -1.833081
1290 13.74 69.18 28.92 70.53 -2.070427
1290 12.98 21.82 34.37 83.83 -2.666064
1290 82.97 34.45 24.37 59.45 -2.985527
1290 27.61 19.77 57.98 141.42 -4.356332
1290 -0.46 5.50 37.52 91.50 -4.390226
1320 118.87 149.19 26.57 64.81 0.720624
1320 571.92 167.69 31.54 76.92 0.228360
1320 556.54 164.62 31.54 76.92 -0.714655
1320 8.11 69.18 28.92 70.53 -1.058091
1320 449.37 163.05 37.52 91.50 -1.303876
1320 539.25 184.36 22.38 54.58 -1.463506
1320 433.75 97.00 20.50 50.00 -1.714253
1320 479.75 183.00 20.50 50.00 -1.746755
1320 -0.32 60.97 26.57 64.81 -1.817692
1320 15.00 38.46 31.54 76.92 -2.672112
1320 5.29 21.18 28.92 70.53 -2.749130
1320 73.46 29.23 31.54 76.92 -3.282100
1320 33.27 25.41 57.98 141.42 -3.994736
1350 579.50 150.00 41.00 100.00 0.277232
1350 475.90 195.27 22.38 54.58 -0.553150
1350 562.74 163.05 37.52 91.50 -0.811880
1350 304.50 179.58 34.37 83.83 -1.181096
1350 517.75 187.00 20.50 50.00 -1.402054
1350 7.45 45.41 26.57 64.81 -1.565876
1350 151.75 171.00 20.50 50.00 -1.936734
1350 17.20 160.36 22.38 54.58 -1.972442
1350 468.66 110.27 26.57 64.81 -2.036805
1350 51.50 10.00 41.00 100.00 -3.482232
1380 599.50 158.00 41.00 100.00 0.539154
1380 28.12 184.36 22.38 54.58 -0.260474
1380 36.54 152.31 31.54 76.92 -0.706200
1380 575.50 166.00 41.00 100.00 -0.980403
1380 -0.27 204.00 22.38 54.58 -1.307065
1380 313.75 210.30 24.37 59.45 -1.594750
1380 559.09 174.05 37.52 91.50 -1.667081
1380 41.13 66.16 26.57 64.81 -1.714323
1380 476.44 110.27 26.57 64.81 -1.902316
1380 25.94 25.09 22.38 54.58 -3.087971
1410 179.50 186.00 41.00 100.00 -0.042588
1410 433.75 209.00 20.50 50.00 -0.475780
1410 602.97 159.39 37.52 91.50 -1.646668
1410 539.78 98.61 24.37 59.45 -2.061675
1410 253.75 203.00 20.50 50.00 -2.291304
1410 578.57 70.91 22.38 54.58 -2.616489
1410 498.68 18.35 28.92 70.53 -4.121458
1440 430.33 198.42 24.37 59.45 0.945714
1440 608.85 180.00 31.54 76.92 0.380325
1440 414.25 180.32 26.57 64.81 -0.065562
1440 27.75 179.00 20.50 50.00 -0.242804
1440 558.91 206.18 22.38 54.58 -1.042200
1440 19.39 166.91 22.38 54.58 -1.275703
1440 167.50 182.00 41.00 100.00 -1.430003
1440 495.56 55.64 22.38 54.58 -2.136987
1440 494.57 74.85 24.37 59.45 -2.691225
1440 477.92 58.22 24.37 59.45 -2.803503
1440 589.75 63.00 20.50 50.00 -2.971474
1440 435.18 15.11 34.37 83.83 -3.735527
1470 414.10 179.29 28.92 70.53 0.151947
1470 567.65 103.64 22.38 54.58 0.015636
1470 598.23 105.82 22.38 54.58 -0.136671
1470 617.88 116.73 22.38 54.58 -0.196197
1470 446.99 184.16 24.37 59.45 -0.891853
1470 555.75 111.00 20.50 50.00 -1.288085
1470 606.07 62.10 34.37 83.83 -2.734182
1470 488.85 60.00 31.54 76.92 -2.934995
1470 497.75 39.00 20.50 50.00 -3.430026
1470 617.88 33.82 22.38 54.58 -3.548244
1470 559.75 25.00 20.50 50.00 -3.749152
1470 516.15 16.63 48.64 118.64 -3.960637
1470 435.50 10.00 41.00 100.00 -4.162585
1500 414.10 182.12 28.92 70.53 0.915612
1500 167.50 178.00 41.00 100.00 -1.539204
1500 619.75 225.00 20.50 50.00 -1.676216
1500 292.34 181.78 24.37 59.45 -1.860529
1500 504.09 193.66 24.37 59.45 -1.865068
1500 523.28 26.09 107.29 261.69 -2.947133
1500 611.45 24.00 28.92 70.53 -3.174566
1530 432.22 193.09 22.38 54.58 -0.546744
1530 615.70 68.73 22.38 54.58 -0.627403
1530 611.45 204.71 28.92 70.53 -0.717542
1530 594.54 207.53 28.92 70.53 -0.890328
1530 447.93 173.65 28.92 70.53 -0.978202
1530 397.75 185.00 20.50 50.00 -0.994014
1530 587.85 63.57 26.57 64.81 -1.371231
1530 479.75 51.00 20.50 50.00 -1.783881
1530 487.43 55.84 24.37 59.45 -2.209319
1530 583.75 37.00 20.50 50.00 -3.614130
1530 569.72 9.08 26.57 64.81 -4.197742
1560 584.98 193.66 24.37 59.45 0.883684
1560 398.70 175.14 26.57 64.81 0.852364
1560 600.41 201.82 22.38 54.58 0.094260
1560 546.91 200.79 24.37 59.45 -0.065453
1560 463.48 195.89 26.57 64.81 -0.188343
1560 315.79 180.32 26.57 64.81 -0.785529
1560 421.75 147.00 20.50 50.00 -1.285135
1560 247.75 97.00 20.50 50.00 -1.349986
1560 259.20 159.39 37.52 91.50 -1.446508
1560 295.00 140.00 31.54 76.92 -1.497408
1560 556.43 5.94 24.37 59.45 -2.604343
1560 617.88 5.45 22.38 54.58 -3.323715
1560 609.75 5.00 20.50 50.00 -4.048439
1560 547.75 1.00 20.50 50.00 -5.096028
1590 387.75 149.00 20.50 50.00 0.444111
1590 347.75 183.00 20.50 50.00 -0.092038
1590 399.75 143.00 20.50 50.00 -0.843835
1590 421.75 185.00 20.50 50.00 -0.980071
1590 197.17 86.73 24.37 59.45 -1.824774
1620 571.50 134.00 41.00 100.00 -0.372251
1620 269.15 185.51 26.57 64.81 -0.945486
1620 118.66 167.52 24.37 59.45 -1.968874
1620 125.80 74.85 24.37 59.45 -2.320824
1620 18.08 278.46 31.54 76.92 -4.758775
1650 585.12 121.09 22.38 54.58 0.288621
1650 283.50 158.00 41.00 100.00 0.222711
1650 556.43 129.50 24.37 59.45 0.110149
1650 546.40 149.19 26.57 64.81 -0.044448
1650 27.75 77.00 20.50 50.00 -0.387203
1650 310.40 126.41 37.52 91.50 -0.665489
1650 549.11 169.51 34.37 83.83 -1.225559
1650 355.77 129.82 22.38 54.58 -1.228772
1650 52.05 174.65 24.37 59.45 -1.469986
1650 42.53 177.03 24.37 59.45 -1.700733
1650 522.30 179.58 34.37 83.83 -1.786377
1650 461.26 196.04 24.37 59.45 -2.280583
1650 70.39 250.77 31.54 76.92 -3.578513
1680 519.50 130.00 41.00 100.00 0.878981
1680 224.23 118.46 31.54 76.92 0.062572
1680 175.75 169.00 20.50 50.00 -0.772433
1680 287.75 129.00 20.50 50.00 -0.859981
1680 295.06 180.32 26.57 64.81 -0.940616
1680 138.51 126.41 37.52 91.50 -1.954676
1680 283.69 186.55 22.38 54.58 -1.964575
1680 95.55 247.78 26.57 64.81 -1.986908
1680 -0.59 259.01 48.64 118.64 -2.517851
1710 535.50 138.00 41.00 100.00 1.431608
1710 143.13 106.91 44.67 108.95 0.189143
1710 109.75 167.00 20.50 50.00 -0.078379
1710 261.75 191.00 20.50 50.00 -0.117246
1710 202.87 121.09 22.38 54.58 -0.498460
1710 572.57 152.73 34.37 83.83 -0.666519
1710 414.74 169.09 22.38 54.58 -1.106551
1710 572.01 206.18 22.38 54.58 -1.586076
1710 257.75 85.00 20.50 50.00 -2.019163
1710 99.59 72.00 44.67 108.95 -2.351481
1710 -0.30 51.09 24.37 59.45 -3.306421
1740 113.51 135.94 34.37 83.83 -0.401784
1740 39.62 103.08 31.54 76.92 -0.501805
1740 553.75 191.00 20.50 50.00 -0.589052
1740 33.48 72.00 28.92 70.53 -1.171797
1740 132.16 88.94 28.92 70.53 -1.278284
1740 -1.00 140.00 82.00 200.00 -1.291904
1740 144.78 115.46 26.57 64.81 -1.477946
1740 49.66 79.60 24.37 59.45 -1.523111
1740 121.75 109.00 20.50 50.00 -1.567811
1740 457.75 183.00 20.50 50.00 -1.867175
1740 565.38 95.39 63.08 153.85 -1.913048
1740 484.60 55.38 75.52 184.20 -2.177148
1770 482.96 102.18 48.64 118.64 -0.167873
1770 108.94 112.36 22.38 54.58 -0.795945
1770 33.75 53.00 20.50 50.00 -1.406826
1770 16.87 76.36 44.67 108.95 -1.513925
1770 261.75 173.00 20.50 50.00 -1.785653
1770 551.23 21.82 89.69 218.76 -1.819790
1770 16.87 120.00 44.67 108.95 -1.835215
1770 45.75 29.00 20.50 50.00 -3.101515
1770 109.14 8.32 24.37 59.45 -3.765859
1770 99.63 13.07 24.37 59.45 -3.813186
1800 169.75 133.00 20.50 50.00 1.345439
1800 559.00 52.00 82.00 200.00 -0.252541
1800 127.75 131.00 20.50 50.00 -0.558370
1800 19.75 167.00 20.50 50.00 -0.772692
1800 138.51 119.08 37.52 91.50 -0.846819
1800 113.68 115.46 26.57 64.81 -1.563644
1800 527.75 183.00 20.50 50.00 -1.989338
1800 101.75 243.00 20.50 50.00 -2.745254
1830 149.49 115.42 37.52 91.50 -0.562060
1830 186.23 125.84 26.57 64.81 -1.019245
1830 113.19 92.67 48.64 118.64 -1.020133
1830 228.10 181.78 24.37 59.45 -1.114792
1830 613.75 185.00 20.50 50.00 -1.179192
1830 611.45 204.71 28.92 70.53 -1.343939
1830 176.66 94.91 22.38 54.58 -1.587393
1830 38.64 111.27 44.67 108.95 -2.253600
