30 167.92 180.00 22.38 54.58 0.018272
30 357.75 177.00 20.50 50.00 -0.940377
30 330.34 89.45 44.67 108.95 -1.602880
30 5.29 122.82 28.92 70.53 -1.638709
30 128.18 205.54 24.37 59.45 -2.247453
60 611.45 179.29 28.92 70.53 0.286085
60 163.87 179.41 24.37 59.45 -0.151415
60 5.77 136.92 31.54 76.92 -0.640280
60 95.55 133.62 26.57 64.81 -1.708468
60 379.80 97.09 22.38 54.58 -1.811757
90 163.87 179.41 24.37 59.45 -0.877735
90 -0.50 138.00 41.00 100.00 -1.358986
90 484.21 182.92 26.57 64.81 -2.029668
90 372.79 92.11 26.57 64.81 -2.214339
120 5.29 145.41 28.92 70.53 0.059625
120 15.75 181.00 20.50 50.00 -0.627766
120 331.50 94.00 41.00 100.00 -1.281660
120 613.77 172.54 26.57 64.81 -1.356488
120 460.61 118.91 22.38 54.58 -2.034146
150 331.50 98.00 41.00 100.00 -0.598281
150 608.85 170.77 31.54 76.92 -0.676529
150 11.60 141.39 24.37 59.45 -1.157685
150 478.74 132.59 34.37 83.83 -1.594112
180 2.69 140.00 31.54 76.92 -0.728787
180 602.97 155.73 37.52 91.50 -0.896795
180 331.50 94.00 41.00 100.00 -0.924435
180 95.55 131.03 26.57 64.81 -1.000559
180 124.23 171.27 22.38 54.58 -1.096141
180 499.75 133.00 20.50 50.00 -1.624733
180 592.00 40.40 48.64 118.64 -2.980210
210 261.75 133.00 20.50 50.00 -0.439392
210 331.50 90.00 41.00 100.00 -0.795641
210 -0.38 140.00 31.54 76.92 -1.144743
210 353.58 177.82 22.38 54.58 -1.325349
210 599.26 153.27 24.37 59.45 -1.347369
210 458.88 117.62 24.37 59.45 -1.607265
210 377.75 95.00 20.50 50.00 -1.707865
210 481.75 121.00 20.50 50.00 -1.791365
210 519.75 127.00 20.50 50.00 -2.109685
210 606.07 102.38 34.37 83.83 -2.154697
240 2.47 142.59 28.92 70.53 0.315247
240 323.50 90.00 41.00 100.00 -0.745065
240 602.59 158.18 22.38 54.58 -0.984233
240 499.75 129.00 20.50 50.00 -1.442100
240 375.75 93.00 20.50 50.00 -1.731542
240 6.28 177.82 22.38 54.58 -2.002136
240 617.88 123.27 22.38 54.58 -2.102964
240 611.75 161.00 20.50 50.00 -2.127622
240 124.05 216.65 26.57 64.81 -2.407434
270 313.75 141.00 20.50 50.00 0.547573
270 347.03 186.55 22.38 54.58 -0.171831
270 -0.25 191.00 20.50 50.00 -0.285414
270 259.75 143.00 20.50 50.00 -0.548738
270 613.52 166.91 22.38 54.58 -1.096779
270 125.80 210.30 24.37 59.45 -1.449553
270 140.62 153.88 28.92 70.53 -1.664016
270 41.75 149.00 20.50 50.00 -1.697740
300 117.68 223.64 22.38 54.58 -0.474975
300 619.75 173.00 20.50 50.00 -0.576912
300 109.14 141.39 24.37 59.45 -1.484656
300 314.27 142.91 22.38 54.58 -1.874651
300 341.75 191.00 20.50 50.00 -1.929144
300 322.12 76.23 57.98 141.42 -1.953737
330 494.57 118.05 26.57 64.81 -0.394599
330 173.75 159.00 20.50 50.00 -1.154455
330 503.50 130.00 41.00 100.00 -1.387472
330 10.04 146.59 26.57 64.81 -1.509312
330 418.44 108.12 24.37 59.45 -1.739171
330 39.04 149.45 22.38 54.58 -1.954819
330 592.12 205.54 24.37 59.45 -2.157173
330 74.82 224.43 26.57 64.81 -2.283168
360 87.05 165.18 28.92 70.53 -0.333321
360 183.75 151.00 20.50 50.00 -0.362237
360 177.75 145.00 20.50 50.00 -0.929209
360 537.40 124.75 24.37 59.45 -1.103463
360 2.47 227.29 28.92 70.53 -1.636415
360 534.88 99.27 22.38 54.58 -2.256439
360 425.58 67.72 24.37 59.45 -2.302942
360 330.11 40.62 75.52 184.20 -2.988848
390 197.75 149.00 20.50 50.00 0.735578
390 224.71 151.64 22.38 54.58 -0.696881
390 189.75 143.00 20.50 50.00 -1.086348
390 582.52 73.66 48.64 118.64 -1.735734
390 435.75 181.00 20.50 50.00 -1.740720
390 593.86 46.91 22.38 54.58 -2.057210
390 505.55 99.02 34.37 83.83 -2.247561
390 100.20 81.82 22.38 54.58 -2.361504
390 464.98 57.82 22.38 54.58 -2.718037
390 613.77 63.57 26.57 64.81 -3.155349
390 359.54 25.85 75.52 184.20 -3.369939
390 -1.10 30.55 89.69 218.76 -3.980574
420 213.75 149.00 20.50 50.00 0.751943
420 205.75 145.00 20.50 50.00 0.275156
420 174.45 139.76 28.92 70.53 -0.317990
420 405.75 159.00 20.50 50.00 -0.322949
420 366.69 153.82 22.38 54.58 -1.078255
420 86.53 98.18 44.67 108.95 -1.117830
420 161.75 135.00 20.50 50.00 -1.343849
420 421.75 167.00 20.50 50.00 -1.383307
420 613.77 107.68 26.57 64.81 -1.459309
420 606.07 162.80 34.37 83.83 -1.489741
420 430.00 76.92 63.08 153.85 -2.291394
420 453.03 16.49 37.52 91.50 -3.247884
420 15.00 36.00 82.00 200.00 -3.444014
450 595.92 133.09 44.67 108.95 -0.009557
450 394.97 189.65 34.37 83.83 -0.026479
450 181.05 190.70 26.57 64.81 -0.892637
450 567.10 183.23 52.90 129.03 -1.048118
450 211.75 199.00 20.50 50.00 -1.092369
450 76.18 97.09 22.38 54.58 -1.096395
450 581.75 101.00 20.50 50.00 -1.141783
450 255.75 193.00 20.50 50.00 -1.212748
450 479.23 107.69 63.08 153.85 -1.315952
450 375.75 201.00 20.50 50.00 -1.318392
450 271.75 203.00 20.50 50.00 -1.337641
450 10.62 104.47 57.98 141.42 -1.537364
450 153.75 217.00 20.50 50.00 -1.643857
450 441.88 189.65 34.37 83.83 -1.783780
450 -0.30 191.29 24.37 59.45 -2.163025
450 541.75 95.00 20.50 50.00 -2.179501
450 580.44 128.47 28.92 70.53 -2.201125
450 87.73 91.48 24.37 59.45 -2.201569
450 463.75 225.00 20.50 50.00 -2.253969
450 591.56 102.55 44.67 108.95 -2.302953
450 599.50 30.00 41.00 100.00 -3.215624
480 425.37 193.41 28.92 70.53 0.304478
480 219.75 189.00 20.50 50.00 0.207482
480 370.20 193.30 26.57 64.81 0.006504
480 487.75 197.00 20.50 50.00 -0.192209
480 599.50 206.00 41.00 100.00 -0.644721
480 181.05 177.73 26.57 64.81 -0.932328
480 43.75 101.00 20.50 50.00 -1.066887
480 45.60 68.73 22.38 54.58 -1.107848
480 135.32 155.64 24.37 59.45 -1.159321
480 147.02 166.15 34.37 83.83 -1.316427
480 367.61 219.24 26.57 64.81 -1.319565
480 389.75 187.00 20.50 50.00 -1.328575
480 482.68 167.52 24.37 59.45 -1.564923
480 497.75 219.27 22.38 54.58 -1.599000
480 -0.38 78.46 31.54 76.92 -1.621470
480 37.75 77.00 20.50 50.00 -1.630743
480 456.39 159.53 28.92 70.53 -1.842738
480 551.23 39.27 89.69 218.76 -2.003387
480 525.50 89.11 24.37 59.45 -2.541021
480 191.75 53.00 20.50 50.00 -2.647158
510 107.75 171.00 20.50 50.00 0.713783
510 495.75 179.00 20.50 50.00 0.486834
510 237.75 153.00 20.50 50.00 -0.206183
510 201.75 171.00 20.50 50.00 -0.506478
510 534.88 156.00 22.38 54.58 -0.564314
510 585.12 180.00 22.38 54.58 -0.564730
510 481.76 199.06 28.92 70.53 -0.723384
510 419.43 175.14 26.57 64.81 -0.825194
510 458.88 203.17 24.37 59.45 -1.083588
510 147.02 135.94 34.37 83.83 -1.490786
510 593.04 175.14 26.57 64.81 -1.597941
510 -0.30 65.35 24.37 59.45 -2.438063
540 117.01 181.09 44.67 108.95 0.730894
540 160.35 196.24 28.92 70.53 0.010446
540 227.75 209.00 20.50 50.00 -0.437353
540 551.75 231.00 20.50 50.00 -0.960737
540 619.75 81.00 20.50 50.00 -1.100071
540 16.44 74.18 89.69 218.76 -1.226606
540 204.37 198.49 26.57 64.81 -1.392314
540 242.18 201.82 22.38 54.58 -1.711021
540 594.54 207.53 28.92 70.53 -2.353714
540 611.15 62.97 24.37 59.45 -2.380006
540 463.48 245.19 26.57 64.81 -2.447830
540 385.75 265.00 20.50 50.00 -2.636175
540 12.83 60.00 22.38 54.58 -2.943759
540 567.75 271.00 20.50 50.00 -3.677958
540 549.75 327.00 20.50 50.00 -6.025640
570 95.75 137.00 20.50 50.00 0.163167
570 402.82 184.94 28.92 70.53 -0.042090
570 2.47 213.18 28.92 70.53 -0.325452
570 215.75 189.00 20.50 50.00 -0.834324
570 380.57 190.70 26.57 64.81 -0.935808
570 138.08 170.77 31.54 76.92 -1.068416
570 559.00 84.00 82.00 200.00 -1.225088
570 36.30 190.59 28.92 70.53 -1.319514
570 617.88 49.09 22.38 54.58 -2.783670
570 611.33 339.27 22.38 54.58 -4.203856
570 -0.25 21.00 20.50 50.00 -4.208476
600 394.97 166.15 34.37 83.83 0.633401
600 387.75 191.00 20.50 50.00 -0.113402
600 595.66 155.73 37.52 91.50 -0.215500
600 101.75 151.00 20.50 50.00 -0.535368
600 108.94 193.09 22.38 54.58 -0.917770
600 371.81 173.65 28.92 70.53 -1.047481
600 569.21 162.80 34.37 83.83 -1.055367
600 194.01 164.76 26.57 64.81 -1.248682
600 360.53 187.76 28.92 70.53 -1.435449
600 613.77 99.89 26.57 64.81 -1.980138
630 595.92 115.64 44.67 108.95 0.522669
630 178.46 164.76 26.57 64.81 0.322864
630 89.28 195.27 22.38 54.58 -0.039216
630 396.54 152.31 31.54 76.92 -0.784320
630 195.75 169.00 20.50 50.00 -0.791246
630 368.48 177.03 24.37 59.45 -0.938636
630 204.31 165.15 24.37 59.45 -0.955305
630 80.59 136.63 24.37 59.45 -1.026932
630 380.26 168.00 28.92 70.53 -1.173522
630 -0.30 105.74 24.37 59.45 -1.237576
630 416.93 197.45 22.38 54.58 -1.263772
630 602.97 75.11 37.52 91.50 -1.405944
630 472.04 199.72 34.37 83.83 -1.519293
630 585.75 99.00 20.50 50.00 -1.597609
630 510.32 100.65 52.90 129.03 -1.730857
630 13.79 77.54 75.52 184.20 -1.978095
630 98.14 180.32 26.57 64.81 -2.253008
630 -0.59 21.39 48.64 118.64 -3.961710
660 52.15 197.45 22.38 54.58 0.441445
660 585.97 119.16 34.37 83.83 -0.021568
660 405.77 152.31 31.54 76.92 -0.497454
660 168.81 165.18 28.92 70.53 -0.821988
660 76.18 193.09 22.38 54.58 -0.921435
660 199.55 162.77 24.37 59.45 -1.143164
660 235.75 171.00 20.50 50.00 -1.145250
660 59.18 188.91 24.37 59.45 -1.348184
660 619.75 149.00 20.50 50.00 -1.531584
660 209.07 162.77 24.37 59.45 -1.634401
660 437.57 201.08 26.57 64.81 -1.677078
660 599.50 78.00 41.00 100.00 -1.696594
660 3.75 109.00 20.50 50.00 -1.714693
660 -0.27 81.82 22.38 54.58 -1.861048
660 49.66 136.63 24.37 59.45 -1.872404
660 223.75 175.00 20.50 50.00 -1.921476
660 33.36 182.92 26.57 64.81 -1.996962
660 550.17 221.45 22.38 54.58 -2.144879
660 606.07 31.89 34.37 83.83 -2.389597
660 587.50 50.00 41.00 100.00 -2.553859
660 85.75 -1.00 20.50 50.00 -5.027360
690 408.71 141.82 44.67 108.95 0.548489
690 401.75 203.00 20.50 50.00 -0.687646
690 235.24 165.15 24.37 59.45 -0.768979
690 182.91 159.53 28.92 70.53 -0.786233
690 220.97 165.15 24.37 59.45 -0.850997
690 7.75 127.00 20.50 50.00 -1.005246
690 87.31 148.40 37.52 91.50 -1.009375
690 29.75 205.00 20.50 50.00 -1.017227
690 619.75 159.00 20.50 50.00 -1.080143
690 150.38 158.46 31.54 76.92 -1.302611
690 515.60 166.15 34.37 83.83 -1.497165
690 -0.27 201.82 22.38 54.58 -1.611865
690 257.75 185.00 20.50 50.00 -1.703744
690 497.75 241.09 22.38 54.58 -2.004427
690 608.63 15.53 28.92 70.53 -4.043075
720 412.80 137.40 37.52 91.50 0.193378
720 379.89 155.73 37.52 91.50 0.129792
720 198.50 169.09 22.38 54.58 -0.305356
720 563.75 157.00 20.50 50.00 -0.393503
720 -0.54 128.73 44.67 108.95 -0.537790
720 47.35 141.82 44.67 108.95 -0.596312
720 494.57 108.12 24.37 59.45 -0.723009
720 209.07 165.15 24.37 59.45 -0.769792
720 615.91 150.89 24.37 59.45 -0.854707
720 471.54 110.18 22.38 54.58 -1.078024
720 368.99 168.00 28.92 70.53 -1.123862
720 222.38 159.53 28.92 70.53 -1.308677
720 113.51 149.37 34.37 83.83 -1.353040
720 165.77 155.38 31.54 76.92 -1.580809
720 134.98 156.71 28.92 70.53 -1.689186
720 423.75 207.00 20.50 50.00 -1.916134
720 489.01 73.09 22.38 54.58 -2.144938
750 211.10 153.88 28.92 70.53 0.526808
750 106.81 146.01 34.37 83.83 0.526249
750 199.55 160.40 24.37 59.45 0.418637
750 3.75 121.00 20.50 50.00 -0.042053
750 386.35 162.55 22.38 54.58 -0.059845
750 377.99 146.14 24.37 59.45 -0.513456
750 379.75 201.00 20.50 50.00 -0.534001
750 178.14 165.15 24.37 59.45 -0.547636
750 75.50 146.00 41.00 100.00 -0.916010
750 142.17 144.73 37.52 91.50 -0.942159
750 363.72 160.40 24.37 59.45 -1.539492
750 487.07 58.91 44.67 108.95 -1.920589
750 551.23 48.00 89.69 218.76 -2.230324
780 35.75 197.00 20.50 50.00 1.173618
780 400.00 146.18 44.67 108.95 0.538413
780 42.99 137.45 44.67 108.95 -0.380120
780 571.98 227.29 28.92 70.53 -0.460610
780 131.20 133.74 37.52 91.50 -0.752826
780 325.19 118.91 22.38 54.58 -0.967957
780 105.75 137.00 20.50 50.00 -0.985992
780 215.00 149.23 31.54 76.92 -1.114182
780 202.87 169.09 22.38 54.58 -1.216791
780 517.75 179.00 20.50 50.00 -1.329703
780 587.74 90.32 52.90 129.03 -1.502066
780 609.75 71.00 20.50 50.00 -1.698383
780 27.75 141.00 20.50 50.00 -1.715316
780 117.75 187.00 20.50 50.00 -1.734696
780 13.75 201.00 20.50 50.00 -2.078433
780 587.74 219.35 52.90 129.03 -2.321392
780 499.76 60.97 26.57 64.81 -2.588641
780 543.67 50.18 44.67 108.95 -3.233848
810 51.75 193.00 20.50 50.00 1.876653
810 414.74 136.36 22.38 54.58 0.952248
810 424.62 138.81 26.57 64.81 -0.200080
810 151.75 129.00 20.50 50.00 -0.387383
810 -0.65 116.13 52.90 129.03 -0.416307
810 85.75 187.00 20.50 50.00 -0.557307
810 161.49 122.38 24.37 59.45 -0.601323
810 103.75 113.00 20.50 50.00 -0.601756
810 116.28 115.25 24.37 59.45 -0.618081
810 205.77 143.08 31.54 76.92 -0.781028
810 193.46 146.15 31.54 76.92 -0.878218
810 253.75 167.00 20.50 50.00 -0.940737
810 93.65 116.73 22.38 54.58 -1.117189
810 221.15 140.00 31.54 76.92 -1.122709
810 183.75 145.00 20.50 50.00 -1.324328
810 321.06 103.06 28.92 70.53 -1.657500
810 414.74 116.73 22.38 54.58 -1.689115
810 543.81 247.78 26.57 64.81 -2.802142
840 29.75 189.00 20.50 50.00 0.333754
840 427.43 104.43 37.52 91.50 0.080559
840 149.49 130.08 37.52 91.50 -0.290450
840 67.31 103.08 31.54 76.92 -0.313339
840 245.75 165.00 20.50 50.00 -0.324549
840 409.14 111.76 37.52 91.50 -0.344086
840 588.34 93.44 37.52 91.50 -0.432826
840 321.75 145.00 20.50 50.00 -0.700880
840 126.52 105.88 28.92 70.53 -0.728489
840 173.82 135.94 34.37 83.83 -0.957675
840 613.77 71.35 26.57 64.81 -1.339069
840 -0.42 95.66 34.37 83.83 -1.435288
840 313.75 143.00 20.50 50.00 -1.476204
840 140.07 122.38 24.37 59.45 -1.599471
840 33.09 88.95 34.37 83.83 -1.605360
840 397.03 141.39 24.37 59.45 -1.778424
840 298.08 50.77 31.54 76.92 -2.201934
840 453.12 81.73 26.57 64.81 -2.332531
840 617.88 40.36 22.38 54.58 -2.516921
840 538.15 29.65 28.92 70.53 -3.318286
840 579.75 269.00 20.50 50.00 -3.919849
870 233.75 161.00 20.50 50.00 0.610224
870 160.46 126.41 37.52 91.50 0.370008
870 406.54 134.26 24.37 59.45 -0.123439
870 179.50 126.00 41.00 100.00 -0.180435
870 125.71 115.64 44.67 108.95 -0.187445
870 533.75 183.00 20.50 50.00 -0.236142
870 4.96 93.18 57.98 141.42 -0.534018
870 434.74 177.71 37.52 91.50 -0.639582
870 345.16 131.61 52.90 129.03 -0.733769
870 391.75 151.00 20.50 50.00 -0.862087
870 106.77 115.25 24.37 59.45 -0.914027
870 206.69 153.27 24.37 59.45 -1.492673
870 608.85 158.46 31.54 76.92 -1.612962
870 608.85 72.31 31.54 76.92 -2.539334
870 297.80 75.52 34.37 83.83 -2.572826
870 608.85 26.15 31.54 76.92 -2.751126
870 593.75 29.00 20.50 50.00 -3.418496
870 -0.65 28.39 52.90 129.03 -3.783951
900 231.26 151.64 22.38 54.58 0.216703
900 196.31 158.18 22.38 54.58 -0.484650
900 70.39 96.92 31.54 76.92 -1.013496
900 103.70 111.68 48.64 118.64 -1.118416
900 8.11 60.71 28.92 70.53 -1.231569
900 59.75 95.00 20.50 50.00 -1.239933
900 156.80 133.74 37.52 91.50 -1.264220
900 -0.27 112.36 22.38 54.58 -1.354295
900 85.77 93.85 31.54 76.92 -1.404208
900 149.75 125.00 20.50 50.00 -1.545275
900 58.70 116.73 22.38 54.58 -1.655233
900 608.85 53.85 31.54 76.92 -1.800568
900 -0.25 67.00 20.50 50.00 -2.172051
900 424.24 -9.60 197.95 482.80 -2.647388
930 231.26 153.82 22.38 54.58 0.333977
930 189.75 169.00 20.50 50.00 0.293663
930 453.55 74.84 52.90 129.03 0.102764
930 29.74 78.88 34.37 83.83 -0.213255
930 606.39 172.28 24.37 59.45 -0.474803
930 142.19 164.76 26.57 64.81 -0.762802
930 67.26 87.53 57.98 141.42 -0.775245
930 422.56 86.12 28.92 70.53 -1.422508
930 371.75 175.00 20.50 50.00 -1.495846
930 408.71 111.27 44.67 108.95 -1.672782
930 84.25 104.47 57.98 141.42 -1.726740
930 6.86 82.44 37.52 91.50 -1.921756
930 137.75 125.00 20.50 50.00 -2.043972
930 51.75 95.00 20.50 50.00 -2.136551
930 474.19 69.68 52.90 129.03 -2.769891
930 -0.50 10.00 41.00 100.00 -4.948550
960 225.20 148.24 28.92 70.53 -0.439403
960 503.85 40.00 63.08 153.85 -0.461474
960 192.42 150.89 24.37 59.45 -0.813190
960 128.39 95.48 52.90 129.03 -0.949904
960 445.24 115.80 34.37 83.83 -1.145784
960 491.92 143.08 31.54 76.92 -1.221379
960 109.60 162.35 28.92 70.53 -1.294081
960 19.50 66.00 41.00 100.00 -1.631487
960 433.83 86.12 28.92 70.53 -1.647570
960 201.93 153.27 24.37 59.45 -1.757411
960 446.99 84.36 24.37 59.45 -1.872706
960 48.46 76.92 63.08 153.85 -1.910129
960 3.50 62.00 41.00 100.00 -2.032701
960 482.09 85.59 34.37 83.83 -2.615581
960 559.00 20.00 82.00 200.00 -3.393099
960 531.37 23.66 69.16 168.67 -3.415927
960 611.45 303.53 28.92 70.53 -4.131644
990 165.75 167.00 20.50 50.00 -0.273637
990 567.13 123.24 26.57 64.81 -0.353526
990 478.94 52.23 28.92 70.53 -0.424158
990 216.74 139.76 28.92 70.53 -0.545570
990 180.52 153.27 24.37 59.45 -0.810549
990 199.19 146.59 26.57 64.81 -1.313332
990 464.98 73.09 22.38 54.58 -1.351159
990 415.00 63.08 31.54 76.92 -1.493199
990 437.57 79.14 26.57 64.81 -1.525679
990 463.48 206.27 26.57 64.81 -1.551714
990 128.60 70.91 22.38 54.58 -1.648287
990 385.13 177.03 24.37 59.45 -1.775469
990 59.79 64.22 69.16 168.67 -1.803299
990 424.62 110.27 26.57 64.81 -1.878041
990 -0.92 55.38 75.52 184.20 -1.971849
990 613.77 97.30 26.57 64.81 -2.410828
990 291.10 1.68 34.37 83.83 -4.844345
990 607.75 311.00 20.50 50.00 -5.240819
1020 129.34 145.41 28.92 70.53 0.511455
1020 152.55 146.59 26.57 64.81 0.416036
1020 47.78 180.00 22.38 54.58 -0.683684
1020 118.06 148.24 28.92 70.53 -0.878101
1020 425.67 127.64 22.38 54.58 -1.070894
1020 16.36 177.03 24.37 59.45 -1.241870
1020 162.91 146.59 26.57 64.81 -1.242807
1020 13.75 67.00 20.50 50.00 -1.263495
1020 500.14 58.91 44.67 108.95 -1.271557
1020 381.75 193.00 20.50 50.00 -1.296418
1020 195.75 137.00 20.50 50.00 -1.314123
1020 599.50 74.00 41.00 100.00 -1.335051
1020 -0.25 69.00 20.50 50.00 -1.490496
1020 -0.30 91.48 24.37 59.45 -1.618721
1020 499.75 167.00 20.50 50.00 -2.088221
1020 56.52 177.82 22.38 54.58 -2.093080
1020 484.58 38.12 28.92 70.53 -2.402356
1020 606.07 193.01 34.37 83.83 -2.404342
1020 432.71 58.22 24.37 59.45 -2.451873
1020 589.75 77.00 20.50 50.00 -2.523974
1020 416.93 57.82 22.38 54.58 -2.622933
1020 470.48 43.77 28.92 70.53 -2.804991
1020 455.75 31.00 20.50 50.00 -3.309674
1020 405.75 35.00 20.50 50.00 -3.396138
1020 143.75 37.00 20.50 50.00 -3.515743
1020 498.85 8.39 34.37 83.83 -3.703240
1050 116.54 140.00 31.54 76.92 0.090522
1050 15.02 177.82 22.38 54.58 -0.221328
1050 -0.25 191.00 20.50 50.00 -0.552471
1050 29.75 181.00 20.50 50.00 -1.241392
1050 -0.25 165.00 20.50 50.00 -1.444129
1050 592.00 54.65 48.64 118.64 -1.600384
1050 199.75 135.00 20.50 50.00 -1.705291
1050 91.47 158.18 22.38 54.58 -1.775870
1050 415.75 197.00 20.50 50.00 -2.070027
1050 489.75 69.00 20.50 50.00 -2.218496
1050 592.00 235.25 48.64 118.64 -2.432241
1050 427.85 -1.09 22.38 54.58 -4.445797
1050 533.70 -4.36 89.69 218.76 -4.970932
1080 245.75 161.00 20.50 50.00 -0.013970
1080 411.30 186.53 24.37 59.45 -0.712570
1080 196.31 138.55 22.38 54.58 -0.821064
1080 103.46 135.94 34.37 83.83 -0.823387
1080 440.96 134.18 22.38 54.58 -1.108837
1080 611.45 120.00 28.92 70.53 -1.499196
1080 608.85 69.23 31.54 76.92 -2.345748
1080 443.75 217.00 20.50 50.00 -2.624570
1080 454.06 14.18 22.38 54.58 -2.713201
1080 458.88 245.94 24.37 59.45 -3.004305
1080 532.70 33.82 22.38 54.58 -3.176026
1080 473.30 12.71 28.92 70.53 -3.352837
1080 445.32 14.18 22.38 54.58 -3.734734
1080 488.80 11.75 34.37 83.83 -3.977098
1080 423.20 5.94 24.37 59.45 -4.250836
1110 247.75 161.00 20.50 50.00 -0.097523
1110 90.05 132.59 34.37 83.83 -0.235868
1110 67.44 162.55 22.38 54.58 -0.733251
1110 21.75 181.00 20.50 50.00 -0.896018
1110 3.75 185.00 20.50 50.00 -0.920489
1110 187.23 129.23 34.37 83.83 -0.987440
1110 460.89 131.03 26.57 64.81 -1.085635
1110 -0.54 102.55 44.67 108.95 -1.940694
1110 315.75 115.00 20.50 50.00 -2.077244
1110 295.75 75.00 20.50 50.00 -2.124669
1110 541.43 33.82 22.38 54.58 -2.342668
1140 106.76 138.55 22.38 54.58 0.164875
1140 403.75 159.00 20.50 50.00 0.001959
1140 9.75 185.00 20.50 50.00 -0.134779
1140 25.75 179.00 20.50 50.00 -0.228876
1140 493.38 134.18 22.38 54.58 -0.974685
1140 -0.50 114.00 41.00 100.00 -1.929926
1140 311.75 77.00 20.50 50.00 -2.235978
1170 213.75 135.00 20.50 50.00 -0.209400
1170 80.00 185.51 26.57 64.81 -0.968798
1170 617.88 136.36 22.38 54.58 -1.209440
1170 117.75 193.00 20.50 50.00 -1.261322
1170 507.75 165.00 20.50 50.00 -1.302997
1170 203.75 143.00 20.50 50.00 -1.375810
1170 45.75 191.00 20.50 50.00 -1.761627
1170 608.85 226.15 31.54 76.92 -2.571027
1170 172.29 267.27 22.38 54.58 -3.506655
1170 28.18 351.57 26.57 64.81 -5.472667
1170 51.75 361.00 20.50 50.00 -7.137870
1200 282.31 113.85 63.08 153.85 0.599368
1200 89.75 219.00 20.50 50.00 -0.000329
1200 461.75 173.00 20.50 50.00 -0.843195
1200 32.49 217.09 22.38 54.58 -1.187008
1200 80.55 219.27 22.38 54.58 -1.222621
1200 537.75 87.00 20.50 50.00 -1.391377
1200 -0.46 100.76 37.52 91.50 -1.682815
1200 406.54 143.76 24.37 59.45 -1.724246
1200 619.75 93.00 20.50 50.00 -1.836812
1200 329.75 275.00 20.50 50.00 -2.915925
1200 -0.50 10.00 41.00 100.00 -3.951339
1230 293.75 189.00 20.50 50.00 3.544851
1230 313.75 191.00 20.50 50.00 1.777850
1230 174.47 223.64 22.38 54.58 0.017626
1230 528.74 77.54 75.52 184.20 -0.629429
1230 383.50 130.00 41.00 100.00 -1.338587
1230 483.75 129.00 20.50 50.00 -1.566718
1230 405.77 149.23 31.54 76.92 -1.699748
1230 78.36 88.36 22.38 54.58 -2.483979
1230 7.75 255.00 20.50 50.00 -2.685460
1230 106.76 230.18 22.38 54.58 -2.879678
1230 64.23 56.92 31.54 76.92 -3.362553
1230 34.68 5.45 22.38 54.58 -4.961895
1230 373.75 317.00 20.50 50.00 -6.194971
1260 397.75 193.00 20.50 50.00 5.228409
1260 417.75 193.00 20.50 50.00 3.151302
1260 515.20 148.40 37.52 91.50 0.258375
1260 391.75 187.00 20.50 50.00 -0.121317
1260 619.75 127.00 20.50 50.00 -0.338219
1260 267.75 227.00 20.50 50.00 -0.767267
1260 154.19 167.74 52.90 129.03 -1.203074
1260 567.50 134.00 41.00 100.00 -1.389954
1260 327.37 57.82 22.38 54.58 -2.396171
1260 619.75 71.00 20.50 50.00 -2.446000
1260 247.75 221.65 28.92 70.53 -2.783660
1260 143.50 30.00 41.00 100.00 -3.035038
1260 45.60 267.27 22.38 54.58 -3.159565
1260 131.50 18.00 41.00 100.00 -3.545582
1290 419.75 189.00 20.50 50.00 7.386780
1290 441.75 191.00 20.50 50.00 5.436746
1290 592.00 125.94 48.64 118.64 1.066796
1290 549.11 152.73 34.37 83.83 0.427225
1290 270.38 216.92 31.54 76.92 0.422755
1290 429.75 185.00 20.50 50.00 -0.633848
1290 413.75 183.00 20.50 50.00 -1.053630
1290 573.04 121.19 48.64 118.64 -1.348306
1290 261.85 230.12 28.92 70.53 -1.727042
1290 154.35 269.70 24.37 59.45 -2.079271
1290 349.75 49.00 20.50 50.00 -2.376308
1290 91.47 38.18 22.38 54.58 -2.441219
1320 294.61 182.18 22.38 54.58 9.528929
1320 317.75 185.00 20.50 50.00 7.306228
1320 304.24 177.03 24.37 59.45 2.922548
1320 442.06 144.73 37.52 91.50 1.082199
1320 86.74 152.11 69.16 168.67 0.554333
1320 487.70 116.44 48.64 118.64 -0.442193
1320 454.52 111.68 48.64 118.64 -0.542095
1320 393.52 162.16 26.57 64.81 -0.607411
1320 313.75 195.00 20.50 50.00 -0.615317
1320 539.78 122.38 24.37 59.45 -0.639628
1320 421.77 124.36 44.67 108.95 -0.708591
1320 325.75 187.00 20.50 50.00 -0.731982
1320 142.45 203.17 24.37 59.45 -1.557411
1320 159.75 175.00 20.50 50.00 -1.978501
1320 565.52 48.00 75.52 184.20 -2.169869
1320 227.75 11.00 20.50 50.00 -3.902259
1350 108.50 175.14 26.57 64.81 8.855467
1350 139.52 180.00 22.38 54.58 8.665146
1350 148.26 177.82 22.38 54.58 2.337795
1350 118.87 175.14 26.57 64.81 1.795403
1350 288.46 137.40 37.52 91.50 0.922155
1350 401.75 137.00 20.50 50.00 0.026218
1350 327.79 98.82 57.98 141.42 -0.534028
1350 446.99 179.41 24.37 59.45 -1.008290
1350 390.72 112.36 22.38 54.58 -1.142808
1350 303.87 105.81 52.90 129.03 -1.367514
1350 135.15 190.91 22.38 54.58 -1.623133
1350 619.75 61.00 20.50 50.00 -1.729573
1350 416.06 181.78 24.37 59.45 -1.890010
1350 460.61 197.45 22.38 54.58 -2.042822
1350 67.26 81.88 57.98 141.42 -2.477728
1380 134.42 128.73 44.67 108.95 -0.130381
1380 256.33 133.09 44.67 108.95 -0.212633
1380 244.57 97.10 37.52 91.50 -0.633411
1380 313.75 161.00 20.50 50.00 -0.738832
1380 574.80 66.35 28.92 70.53 -1.040809
1380 598.23 79.64 22.38 54.58 -1.557814
1380 157.88 98.82 57.98 141.42 -1.559037
1380 530.97 95.48 52.90 129.03 -1.572308
1380 201.78 102.49 26.57 64.81 -1.723855
1380 599.50 134.00 41.00 100.00 -1.735530
1380 212.15 99.89 26.57 64.81 -1.775305
1380 565.46 81.82 22.38 54.58 -1.854808
1380 503.75 57.00 20.50 50.00 -2.162856
1380 589.49 84.00 22.38 54.58 -2.443248
1380 613.77 45.41 26.57 64.81 -2.868220
1380 55.00 28.00 82.00 200.00 -3.538272
1410 265.75 161.00 20.50 50.00 0.303011
1410 599.50 130.00 41.00 100.00 -0.167575
1410 181.15 173.85 31.54 76.92 -0.321802
1410 197.28 152.73 34.37 83.83 -0.542388
1410 225.75 131.00 20.50 50.00 -1.015961
1410 269.15 172.54 26.57 64.81 -1.034618
1410 168.81 125.65 28.92 70.53 -1.138811
1410 537.06 68.73 22.38 54.58 -1.263518
1410 561.19 67.72 24.37 59.45 -1.302889
1410 209.42 116.73 22.38 54.58 -1.555684
1410 486.37 87.53 57.98 141.42 -1.588920
1410 421.75 133.00 20.50 50.00 -1.649703
1410 455.29 159.44 34.37 83.83 -1.670269
1410 81.41 108.71 28.92 70.53 -1.754309
1410 619.75 39.00 20.50 50.00 -1.992472
1410 578.57 49.09 22.38 54.58 -2.751813
1410 462.80 36.00 22.38 54.58 -3.524182
1410 512.71 40.22 26.57 64.81 -3.648990
1440 77.41 131.03 26.57 64.81 0.111190
1440 446.00 56.00 164.00 400.00 -0.003853
1440 197.17 117.62 24.37 59.45 -0.728530
1440 58.06 100.76 37.52 91.50 -1.055820
1440 127.16 84.51 69.16 168.67 -1.693040
1440 599.50 70.00 41.00 100.00 -2.019036
1440 93.65 236.73 22.38 54.58 -3.102596
1440 458.30 24.65 26.57 64.81 -3.787429
1440 530.61 15.27 44.67 108.95 -4.102717
1470 33.27 104.47 57.98 141.42 -0.022789
1470 94.00 56.00 164.00 400.00 -0.105311
1470 565.77 189.23 31.54 76.92 -0.418125
1470 6.28 169.09 22.38 54.58 -1.312989
1470 582.60 36.83 24.37 59.45 -1.688987
1470 53.05 70.99 69.16 168.67 -2.164027
1470 385.45 -9.60 197.95 482.80 -2.528985
1470 600.18 52.23 28.92 70.53 -2.666962
1470 181.43 17.14 117.14 285.71 -3.371803
1470 259.66 354.55 22.38 54.58 -8.217775
1500 56.36 109.09 149.09 363.64 2.362317
1500 615.91 193.66 24.37 59.45 0.379055
1500 474.97 177.71 37.52 91.50 0.236190
1500 17.69 107.69 63.08 153.85 -0.138586
1500 607.75 57.00 20.50 50.00 -0.542531
1500 455.00 183.08 31.54 76.92 -0.622649
1500 560.70 69.18 28.92 70.53 -1.313922
1500 411.28 162.35 28.92 70.53 -1.352991
1500 537.06 212.73 22.38 54.58 -1.560730
1500 537.40 62.97 24.37 59.45 -1.952707
1500 113.94 9.60 197.95 482.80 -2.565677
1500 587.85 45.41 26.57 64.81 -2.643446
1500 573.09 43.96 24.37 59.45 -2.753677
1500 619.75 41.00 20.50 50.00 -2.969628
1500 11.75 31.00 20.50 50.00 -3.173599
1530 478.57 200.00 117.14 285.71 -0.209206
1530 248.74 171.27 22.38 54.58 -0.311846
1530 5.77 109.23 31.54 76.92 -0.630684
1530 577.69 249.23 63.08 153.85 -0.793423
1530 569.80 50.18 44.67 108.95 -0.939232
1530 33.48 88.94 28.92 70.53 -1.052025
1530 543.50 130.00 41.00 100.00 -1.069055
1530 423.75 199.00 20.50 50.00 -1.101370
1530 65.26 101.45 22.38 54.58 -1.225789
1530 440.16 185.51 26.57 64.81 -1.291726
1530 131.50 86.00 41.00 100.00 -1.391311
1530 599.50 210.00 41.00 100.00 -1.465351
1530 597.36 32.47 28.92 70.53 -1.647665
1530 182.90 122.38 24.37 59.45 -1.892145
1530 552.25 52.23 28.92 70.53 -1.908336
1530 525.67 68.76 26.57 64.81 -1.948746
1530 56.80 108.12 24.37 59.45 -2.210860
1530 195.75 45.00 20.50 50.00 -2.814844
1530 473.75 29.00 20.50 50.00 -3.252523
1530 471.75 13.00 20.50 50.00 -3.363790
1530 582.52 330.30 48.64 118.64 -6.360758
1560 133.75 197.00 20.50 50.00 0.319949
1560 111.75 75.00 20.50 50.00 -1.126040
1560 476.44 177.73 26.57 64.81 -1.430454
1560 320.89 172.28 24.37 59.45 -1.755616
1560 235.75 93.00 20.50 50.00 -1.869746
1560 39.00 84.00 82.00 200.00 -1.888653
1560 113.68 92.11 26.57 64.81 -1.979210
1560 195.37 76.36 44.67 108.95 -2.077919
1560 591.75 47.00 20.50 50.00 -2.424451
1560 599.37 31.89 34.37 83.83 -3.762871
1590 375.43 132.00 22.38 54.58 -0.466958
1590 316.45 199.64 22.38 54.58 -0.518462
1590 295.00 75.39 31.54 76.92 -1.240454
1590 208.96 62.40 98.11 239.31 -1.310707
1590 289.88 53.19 26.57 64.81 -1.349371
1590 519.75 171.00 20.50 50.00 -1.544135
1590 383.41 64.16 48.64 118.64 -2.296136
1620 167.50 154.00 41.00 100.00 -0.464826
1620 523.28 26.09 107.29 261.69 -0.824279
1620 613.77 58.38 26.57 64.81 -2.662450
1620 608.85 16.92 31.54 76.92 -3.696231
1620 65.75 13.00 20.50 50.00 -3.878141
1650 2.69 170.77 31.54 76.92 2.671488
1650 73.46 219.80 24.37 59.45 -0.431514
1650 218.59 229.31 24.37 59.45 -1.041940
1650 45.60 223.64 22.38 54.58 -1.371297
1650 101.15 207.69 31.54 76.92 -1.897508
1650 4.10 219.27 22.38 54.58 -2.284971
1680 491.98 154.38 26.57 64.81 0.145311
1680 146.26 165.18 28.92 70.53 -0.968214
1680 119.86 169.09 22.38 54.58 -1.178249
1680 87.73 158.02 24.37 59.45 -1.203536
1680 562.51 223.22 34.37 83.83 -1.477457
1710 461.75 181.00 20.50 50.00 0.673320
1710 476.54 155.38 31.54 76.92 0.140081
1710 344.85 147.27 22.38 54.58 0.002766
1710 595.75 209.00 20.50 50.00 -0.069540
1710 617.88 212.73 22.38 54.58 -0.595121
1710 491.50 150.00 41.00 100.00 -0.689828
1710 607.75 213.00 20.50 50.00 -0.902532
1710 453.75 165.00 20.50 50.00 -1.550550
1710 469.35 182.18 22.38 54.58 -1.639389
1710 427.75 175.00 20.50 50.00 -1.640498
1710 601.75 219.00 20.50 50.00 -2.352996
1740 544.54 179.41 24.37 59.45 0.840593
1740 235.75 167.00 20.50 50.00 0.741259
1740 522.51 148.40 37.52 91.50 -0.721614
1740 35.39 167.52 24.37 59.45 -0.735325
1740 243.75 167.00 20.50 50.00 -0.832446
1740 68.70 179.41 24.37 59.45 -1.024829
1740 499.75 185.00 20.50 50.00 -1.035773
1740 137.70 179.41 24.37 59.45 -1.255121
1740 448.85 146.15 31.54 76.92 -1.438957
1740 481.75 167.00 20.50 50.00 -1.607438
1740 425.67 169.09 22.38 54.58 -1.620073
1740 493.75 165.00 20.50 50.00 -1.883641
1740 22.20 159.53 28.92 70.53 -2.194361
1770 519.75 171.00 20.50 50.00 2.309624
1770 218.16 162.55 22.38 54.58 1.113101
1770 562.69 170.77 31.54 76.92 0.412878
1770 7.45 180.32 26.57 64.81 0.053261
1770 523.75 181.00 20.50 50.00 -0.014043
1770 139.52 195.27 22.38 54.58 -1.135323
1770 526.14 162.55 22.38 54.58 -1.436618
1770 592.67 162.80 34.37 83.83 -1.452804
1770 420.82 167.52 24.37 59.45 -1.903105
1770 492.19 158.02 24.37 59.45 -1.904015
1770 602.97 100.76 37.52 91.50 -2.069412
1770 182.90 193.66 24.37 59.45 -2.202718
1800 563.75 177.00 20.50 50.00 4.324387
1800 575.75 181.00 20.50 50.00 2.055363
1800 201.93 153.27 24.37 59.45 1.712266
1800 413.75 159.00 20.50 50.00 0.935365
1800 335.75 165.00 20.50 50.00 -0.169771
1800 491.75 187.00 20.50 50.00 -0.432428
1800 546.61 151.06 28.92 70.53 -1.023638
1800 421.75 157.00 20.50 50.00 -1.155784
1800 521.75 137.00 20.50 50.00 -1.306407
1800 451.75 177.00 20.50 50.00 -1.565967
1800 501.75 183.00 20.50 50.00 -1.912438
1830 582.94 184.36 22.38 54.58 5.159940
1830 559.35 172.54 26.57 64.81 4.474342
1830 409.75 179.00 20.50 50.00 1.413956
1830 124.05 154.38 26.57 64.81 0.652151
1830 569.16 165.18 28.92 70.53 0.547184
1830 455.00 158.46 31.54 76.92 -0.098772
1830 63.75 185.00 20.50 50.00 -0.665159
1830 474.01 133.09 44.67 108.95 -0.690070
1830 595.92 128.73 44.67 108.95 -0.733367
1830 421.78 146.01 34.37 83.83 -0.967060
1830 367.75 161.00 20.50 50.00 -0.974648
1830 415.75 185.00 20.50 50.00 -0.982017
1830 292.42 140.73 22.38 54.58 -1.123552
1830 277.13 162.55 22.38 54.58 -1.246828
