30 606.07 196.36 34.37 83.83 -0.438552
30 355.77 197.45 22.38 54.58 -1.707586
30 189.75 191.00 20.50 50.00 -1.995353
60 338.29 249.82 22.38 54.58 -1.035190
60 331.75 257.00 20.50 50.00 -2.693565
60 349.44 241.19 24.37 59.45 -3.016128
90 551.23 205.09 89.69 218.76 -0.900632
90 235.62 248.73 89.69 218.76 -1.097071
90 299.86 259.64 44.67 108.95 -1.369377
90 543.45 151.38 75.52 184.20 -1.580069
90 592.00 78.42 48.64 118.64 -2.320396
90 510.00 280.00 63.08 153.85 -3.984489
120 212.41 188.31 75.52 184.20 -1.384633
150 350.22 87.92 48.64 118.64 -0.924697
150 375.50 98.00 41.00 100.00 -1.382096
150 606.07 15.11 34.37 83.83 -3.386086
180 282.11 66.16 26.57 64.81 -1.861191
180 395.50 94.00 41.00 100.00 -2.210988
180 244.76 48.71 24.37 59.45 -3.253351
210 215.00 81.54 31.54 76.92 -1.420519
210 351.41 125.87 34.37 83.83 -1.817880
210 66.32 1.19 24.37 59.45 -4.596766
210 91.92 -1.54 31.54 76.92 -4.922900
240 219.50 118.00 41.00 100.00 -0.283048
240 169.75 91.00 20.50 50.00 -0.396284
240 132.97 62.18 22.38 54.58 -2.543039
240 99.75 21.00 20.50 50.00 -4.138674
240 58.08 4.62 31.54 76.92 -4.381228
270 131.75 77.00 20.50 50.00 -0.811020
270 270.58 204.00 22.38 54.58 -1.233419
270 155.75 109.00 20.50 50.00 -1.268175
270 123.75 75.00 20.50 50.00 -1.516791
270 148.26 97.09 22.38 54.58 -1.837949
270 101.75 53.00 20.50 50.00 -2.374990
270 95.75 73.00 20.50 50.00 -2.527788
270 8.85 35.38 31.54 76.92 -3.220063
270 50.97 -2.58 52.90 129.03 -4.079071
270 -0.42 -1.68 34.37 83.83 -4.244609
300 264.29 179.58 34.37 83.83 -0.668421
300 253.75 185.00 20.50 50.00 -0.974713
300 98.14 73.95 26.57 64.81 -1.011749
300 61.86 32.43 26.57 64.81 -1.564848
300 67.50 46.00 41.00 100.00 -3.158677
300 -0.59 2.38 48.64 118.64 -3.968307
330 227.75 195.00 20.50 50.00 -1.502208
330 183.64 185.51 26.57 64.81 -1.983080
330 111.13 94.91 22.38 54.58 -2.046487
330 75.77 63.53 28.92 70.53 -2.149324
330 14.84 7.74 52.90 129.03 -3.730877
330 -0.65 23.23 52.90 129.03 -4.255436
360 185.16 126.45 52.90 129.03 -1.206403
360 72.23 79.14 26.57 64.81 -2.773689
360 19.50 30.00 41.00 100.00 -2.918879
360 -0.59 45.15 48.64 118.64 -3.794392
390 281.75 235.00 20.50 50.00 -2.559660
390 5.29 60.71 28.92 70.53 -3.109603
420 269.39 189.82 44.67 108.95 -1.108150
420 491.80 26.09 107.29 261.69 -3.553327
450 247.62 189.82 44.67 108.95 -0.059478
450 202.87 247.64 22.38 54.58 -0.254460
450 543.28 72.00 98.11 239.31 -1.299057
450 294.45 219.86 34.37 83.83 -2.120044
480 163.75 257.00 20.50 50.00 -0.210699
480 51.75 131.00 20.50 50.00 -0.846356
480 222.63 207.02 37.52 91.50 -1.520381
510 2.47 105.88 28.92 70.53 -0.757250
510 -0.27 90.55 22.38 54.58 -1.204137
510 23.00 105.08 26.57 64.81 -1.456376
510 -0.59 206.73 48.64 118.64 -2.139240
510 37.75 275.00 20.50 50.00 -3.334313
540 253.11 108.00 22.38 54.58 -1.851554
540 237.82 73.09 22.38 54.58 -1.934395
540 -0.25 217.00 20.50 50.00 -2.316980
570 227.31 207.69 31.54 76.92 0.071570
570 301.75 125.00 20.50 50.00 -0.031882
570 -0.59 144.95 48.64 118.64 -2.162192
570 261.75 45.00 20.50 50.00 -2.572089
600 259.20 210.69 37.52 91.50 0.231434
600 347.03 116.73 22.38 54.58 -0.917388
600 389.89 98.03 69.16 168.67 -1.545031
600 350.32 131.61 52.90 129.03 -1.740238
600 233.45 245.45 22.38 54.58 -2.114222
630 492.73 109.09 149.09 363.64 -0.407164
660 153.56 180.92 75.52 184.20 4.499220
660 271.15 200.47 57.98 141.42 3.504773
660 57.93 158.77 75.52 184.20 -1.384134
690 339.12 217.41 57.98 141.42 -0.282384
690 72.64 136.62 75.52 184.20 -1.165424
690 86.53 93.82 44.67 108.95 -2.070277
720 79.50 150.00 41.00 100.00 -0.224422
720 237.61 100.80 98.11 239.31 -0.834076
720 202.87 114.55 22.38 54.58 -0.860757
720 217.38 169.51 34.37 83.83 -0.884546
720 121.75 125.00 20.50 50.00 -1.035013
720 81.94 198.71 52.90 129.03 -1.077981
720 187.66 112.87 24.37 59.45 -1.460575
720 608.85 226.15 31.54 76.92 -1.790145
750 492.73 65.45 149.09 363.64 -0.143258
750 275.69 196.04 24.37 59.45 -0.546843
750 424.62 102.49 26.57 64.81 -0.749266
750 355.75 219.00 20.50 50.00 -1.219801
750 294.45 193.01 34.37 83.83 -1.861549
750 49.75 161.00 20.50 50.00 -1.970691
780 543.28 168.00 98.11 239.31 -0.833023
840 303.75 149.00 20.50 50.00 -0.580562
840 513.04 177.82 22.38 54.58 -1.013056
840 422.02 141.41 26.57 64.81 -1.101096
840 25.59 164.76 26.57 64.81 -1.273628
840 104.39 153.27 24.37 59.45 -1.363039
870 403.75 163.00 20.50 50.00 -0.714217
870 217.75 175.00 20.50 50.00 -1.848463
870 81.41 148.24 28.92 70.53 -1.880406
900 51.75 197.00 20.50 50.00 -0.642720
900 209.75 171.00 20.50 50.00 -0.827969
900 -0.25 235.00 20.50 50.00 -0.903326
900 553.46 152.31 31.54 76.92 -0.937371
900 230.48 169.90 24.37 59.45 -1.183269
900 542.41 162.80 34.37 83.83 -1.401532
900 407.75 173.00 20.50 50.00 -1.450111
900 619.75 197.00 20.50 50.00 -1.788348
900 244.19 31.89 34.37 83.83 -3.369321
930 617.88 156.00 22.38 54.58 0.104318
930 221.75 189.00 20.50 50.00 -0.062144
930 -0.42 132.59 34.37 83.83 -0.858038
930 197.75 185.00 20.50 50.00 -0.974180
930 419.75 181.00 20.50 50.00 -0.990248
930 33.48 148.24 28.92 70.53 -1.011411
930 179.75 179.00 20.50 50.00 -1.147845
930 211.75 191.00 20.50 50.00 -1.380714
930 519.75 209.00 20.50 50.00 -1.467819
930 187.75 195.00 20.50 50.00 -1.661774
930 619.75 197.00 20.50 50.00 -2.288670
930 577.84 243.56 24.37 59.45 -3.547996
960 135.32 172.28 24.37 59.45 -0.444247
960 421.30 184.36 22.38 54.58 -0.797738
960 205.05 193.09 22.38 54.58 -0.934209
960 193.75 195.00 20.50 50.00 -1.031384
960 171.63 187.76 28.92 70.53 -1.598700
960 382.75 174.65 24.37 59.45 -1.723961
960 225.72 184.16 24.37 59.45 -1.810001
990 80.55 190.91 22.38 54.58 -0.117767
990 211.75 189.00 20.50 50.00 -0.426338
990 147.75 211.00 20.50 50.00 -0.727392
990 477.92 184.16 24.37 59.45 -0.743265
990 436.59 186.55 22.38 54.58 -0.796383
990 331.34 195.89 26.57 64.81 -1.017966
990 427.85 182.18 22.38 54.58 -1.163898
990 390.93 177.73 26.57 64.81 -1.630562
990 343.75 217.00 20.50 50.00 -2.055607
990 619.75 209.00 20.50 50.00 -2.820481
1020 337.75 209.00 20.50 50.00 -0.495972
1020 434.98 185.51 26.57 64.81 -0.605778
1020 23.49 162.77 24.37 59.45 -0.855563
1020 213.75 193.00 20.50 50.00 -0.956283
1020 102.39 188.73 22.38 54.58 -1.607139
1020 130.78 208.36 22.38 54.58 -1.656507
1050 245.75 193.00 20.50 50.00 0.580855
1050 50.40 153.88 28.92 70.53 0.495754
1050 201.75 193.00 20.50 50.00 0.370412
1050 4.10 147.27 22.38 54.58 -0.425179
1050 82.97 203.17 24.37 59.45 -0.889119
1050 21.75 203.00 20.50 50.00 -1.001845
1050 52.15 199.64 22.38 54.58 -1.033675
1050 19.75 221.00 20.50 50.00 -1.296689
1050 478.74 179.58 34.37 83.83 -1.447739
1050 77.75 223.00 20.50 50.00 -1.707207
1050 251.75 187.00 20.50 50.00 -1.811136
1050 93.65 210.55 22.38 54.58 -2.052639
1080 27.75 231.00 20.50 50.00 -0.144122
1080 119.75 185.00 20.50 50.00 -0.763746
1080 530.85 172.54 26.57 64.81 -0.832679
1080 16.36 160.40 24.37 59.45 -1.199335
1080 263.97 208.86 26.57 64.81 -1.199740
1080 135.32 205.54 24.37 59.45 -1.280171
1080 196.31 188.73 22.38 54.58 -1.800275
1080 619.75 155.00 20.50 50.00 -1.945536
1080 19.75 233.00 20.50 50.00 -2.018331
1080 363.35 196.24 28.92 70.53 -2.300328
1080 35.75 235.00 20.50 50.00 -2.613570
1110 233.45 190.91 22.38 54.58 0.609817
1110 265.75 187.00 20.50 50.00 -0.204601
1110 242.18 188.73 22.38 54.58 -0.220999
1110 168.85 180.00 31.54 76.92 -1.486477
1110 380.26 199.06 28.92 70.53 -1.510657
1110 44.76 176.47 28.92 70.53 -1.844564
1110 152.63 206.18 22.38 54.58 -2.204958
1140 211.60 195.27 22.38 54.58 -0.572959
1140 251.90 188.91 24.37 59.45 -0.770200
1140 229.75 201.00 20.50 50.00 -0.786237
1140 425.58 200.79 24.37 59.45 -1.098987
1140 559.00 116.00 82.00 200.00 -1.135240
1140 132.16 193.41 28.92 70.53 -1.329928
1140 380.57 203.68 26.57 64.81 -1.660917
1140 476.12 201.88 28.92 70.53 -2.428737
1170 208.00 196.03 37.52 91.50 0.625004
1170 602.97 207.02 37.52 91.50 -0.809731
1170 -0.27 208.36 22.38 54.58 -1.083256
1170 87.05 213.18 28.92 70.53 -1.152880
1170 364.82 209.79 34.37 83.83 -1.156803
1170 -0.27 145.09 22.38 54.58 -1.410930
1170 505.55 199.72 34.37 83.83 -1.919570
1170 339.66 196.03 37.52 91.50 -2.210870
1170 356.54 226.15 31.54 76.92 -2.219481
1170 78.22 219.80 24.37 59.45 -2.810895
1200 10.51 214.35 37.52 91.50 0.200305
1200 523.75 187.00 20.50 50.00 -0.287010
1200 112.91 188.70 37.52 91.50 -0.334972
1200 174.81 168.71 48.64 118.64 -0.572019
1200 571.50 202.00 41.00 100.00 -1.094574
1200 473.75 205.00 20.50 50.00 -1.584584
1200 382.75 212.67 24.37 59.45 -2.295133
1200 602.97 280.31 37.52 91.50 -4.575660
1230 573.09 179.41 24.37 59.45 0.431944
1230 159.75 175.00 20.50 50.00 0.087803
1230 215.00 198.46 31.54 76.92 -0.128724
1230 25.58 194.18 44.67 108.95 -0.690666
1230 11.60 243.56 24.37 59.45 -0.838442
1230 602.97 144.73 37.52 91.50 -1.228482
1230 307.85 206.43 34.37 83.83 -1.380749
1230 238.06 219.24 26.57 64.81 -1.393219
1230 489.81 212.67 24.37 59.45 -1.609206
1230 383.75 237.00 20.50 50.00 -1.847457
1230 178.84 225.82 22.38 54.58 -1.908444
1230 485.06 226.93 24.37 59.45 -2.295882
1230 106.81 223.22 34.37 83.83 -2.634068
1230 303.75 255.00 20.50 50.00 -3.239546
1230 65.75 277.00 20.50 50.00 -4.212628
1260 159.18 232.36 22.38 54.58 0.539531
1260 190.58 206.43 34.37 83.83 0.459781
1260 599.75 189.00 20.50 50.00 -0.306789
1260 -0.32 237.41 26.57 64.81 -0.647660
1260 617.75 201.00 20.50 50.00 -0.689067
1260 85.35 245.94 24.37 59.45 -0.723986
1260 257.59 216.50 34.37 83.83 -0.818914
1260 91.47 234.55 22.38 54.58 -1.105344
1260 2.93 199.72 34.37 83.83 -1.535878
1260 111.13 234.55 22.38 54.58 -1.664925
1260 115.75 199.00 20.50 50.00 -1.781075
1260 91.75 197.00 20.50 50.00 -2.105774
1260 357.95 256.36 22.38 54.58 -2.127872
1260 493.38 219.27 22.38 54.58 -2.373169
1260 183.21 245.45 22.38 54.58 -2.375890
1260 478.09 234.55 22.38 54.58 -2.532668
1260 173.75 251.00 20.50 50.00 -2.598328
1290 146.37 211.49 48.64 118.64 0.306856
1290 613.77 221.84 26.57 64.81 -0.500789
1290 25.14 240.00 37.52 91.50 -0.815436
1290 44.60 183.53 57.98 141.42 -0.953022
1290 27.84 179.29 28.92 70.53 -1.529529
1290 601.75 267.00 20.50 50.00 -1.838016
1290 617.88 265.09 22.38 54.58 -2.090531
1290 231.50 226.00 41.00 100.00 -2.189351
1290 134.98 247.06 28.92 70.53 -2.930432
1290 357.95 291.27 22.38 54.58 -3.147868
1320 197.52 183.53 57.98 141.42 0.828901
1320 334.00 88.00 164.00 400.00 -0.628286
1320 267.49 249.88 28.92 70.53 -0.706027
1320 497.70 251.29 57.98 141.42 -1.346394
1320 135.50 170.00 41.00 100.00 -1.671736
1350 230.79 219.86 34.37 83.83 1.056933
1350 505.00 126.67 136.67 333.33 0.639865
1350 99.75 219.00 20.50 50.00 -0.453638
1350 29.74 223.22 34.37 83.83 -0.517074
1350 405.49 185.04 37.52 91.50 -0.914981
1350 217.48 263.76 48.64 118.64 -1.212692
1350 41.23 112.36 22.38 54.58 -1.342944
1350 21.49 170.38 37.52 91.50 -1.870230
1350 384.16 310.91 22.38 54.58 -2.808804
1350 383.75 333.00 20.50 50.00 -4.191217
1380 401.68 216.50 34.37 83.83 1.953562
1380 90.36 237.41 26.57 64.81 0.076632
1380 156.80 221.68 37.52 91.50 -0.221025
1380 71.75 239.00 20.50 50.00 -0.791012
1380 164.11 203.36 37.52 91.50 -0.883498
1380 221.29 152.26 52.90 129.03 -0.981418
1380 613.52 158.18 22.38 54.58 -1.172688
1380 -0.92 188.31 75.52 184.20 -1.293208
1380 599.31 177.71 37.52 91.50 -1.302381
1380 159.75 117.00 20.50 50.00 -1.359778
1380 336.52 219.24 26.57 64.81 -1.406179
1380 174.81 92.67 48.64 118.64 -1.499744
1380 78.36 243.27 22.38 54.58 -1.928600
1380 615.70 337.09 22.38 54.58 -2.699452
1380 66.32 257.82 24.37 59.45 -2.982912
1380 409.75 311.00 20.50 50.00 -4.539971
1380 619.75 289.00 20.50 50.00 -4.965436
1380 577.75 341.00 20.50 50.00 -6.818183
1380 574.20 356.73 22.38 54.58 -7.170627
1410 87.73 234.06 24.37 59.45 1.654614
1410 421.78 219.86 34.37 83.83 1.271528
1410 171.50 218.00 41.00 100.00 0.997930
1410 237.75 149.00 20.50 50.00 -0.161224
1410 599.50 182.00 41.00 100.00 -0.473634
1410 189.04 92.67 48.64 118.64 -0.802759
1410 177.96 176.73 44.67 108.95 -0.876176
1410 167.12 159.44 34.37 83.83 -0.949743
1410 104.57 236.73 22.38 54.58 -1.029578
1410 175.09 115.42 37.52 91.50 -1.489372
1410 253.75 217.00 20.50 50.00 -1.618279
1410 617.88 114.55 22.38 54.58 -1.623427
1410 295.00 198.46 31.54 76.92 -2.084404
1410 571.79 226.48 69.16 168.67 -2.427150
1410 571.79 307.61 69.16 168.67 -3.322602
1410 425.67 310.91 22.38 54.58 -5.425961
1440 419.50 218.00 41.00 100.00 0.969895
1440 316.45 217.09 22.38 54.58 0.374600
1440 171.43 221.68 37.52 91.50 0.226536
1440 103.32 234.81 26.57 64.81 -0.036070
1440 257.47 217.09 22.38 54.58 -0.288242
1440 187.31 121.54 31.54 76.92 -0.436647
1440 89.75 245.00 20.50 50.00 -0.633027
1440 592.00 240.00 48.64 118.64 -1.268972
1440 602.97 170.38 37.52 91.50 -1.297398
1440 307.75 163.00 20.50 50.00 -1.492026
1440 301.16 217.09 22.38 54.58 -1.635975
1440 201.75 167.00 20.50 50.00 -1.769870
1440 587.26 297.03 48.64 118.64 -2.600928
1440 427.85 313.09 22.38 54.58 -5.853644
1440 565.66 336.00 57.98 141.42 -6.949895
1470 419.50 218.00 41.00 100.00 1.055929
1470 95.24 198.55 44.67 108.95 0.571898
1470 82.59 232.22 26.57 64.81 0.498979
1470 255.29 217.09 22.38 54.58 0.190293
1470 175.50 222.00 41.00 100.00 0.135975
1470 175.50 114.00 41.00 100.00 -0.709676
1470 235.75 155.00 20.50 50.00 -0.954847
1470 223.75 139.00 20.50 50.00 -1.148473
1470 606.07 189.65 34.37 83.83 -1.299266
1470 591.56 298.91 44.67 108.95 -1.631671
1470 615.91 236.44 24.37 59.45 -2.103764
1470 85.18 250.38 26.57 64.81 -2.757623
1470 591.50 250.00 41.00 100.00 -3.579660
1470 429.75 311.00 20.50 50.00 -4.795256
1470 565.66 336.00 57.98 141.42 -7.148477
1500 419.50 218.00 41.00 100.00 1.384906
1500 103.32 237.41 26.57 64.81 0.125160
1500 175.50 222.00 41.00 100.00 -0.018117
1500 85.75 241.00 20.50 50.00 -0.067470
1500 599.50 186.00 41.00 100.00 -0.491428
1500 179.50 106.00 41.00 100.00 -0.620400
1500 595.92 242.18 44.67 108.95 -0.629044
1500 241.94 152.26 52.90 129.03 -0.737610
1500 587.26 297.03 48.64 118.64 -1.522806
1500 429.75 311.00 20.50 50.00 -5.318392
1530 178.74 221.68 37.52 91.50 0.210240
1530 426.12 211.64 44.67 108.95 -0.131125
1530 95.75 245.00 20.50 50.00 -0.376024
1530 190.58 112.45 34.37 83.83 -0.402258
1530 109.75 245.00 20.50 50.00 -0.886187
1530 313.75 161.00 20.50 50.00 -1.211342
1530 178.84 121.09 22.38 54.58 -1.376023
1530 406.01 149.45 22.38 54.58 -1.424851
1530 613.53 217.43 24.37 59.45 -1.714407
1530 266.17 217.43 24.37 59.45 -1.786088
1530 599.50 310.00 41.00 100.00 -1.841643
1530 -0.46 119.08 37.52 91.50 -2.101924
1530 606.07 256.78 34.37 83.83 -2.393924
1530 430.48 277.09 44.67 108.95 -3.165385
1530 606.07 391.05 34.37 83.83 -9.391734
1560 482.72 220.36 44.67 108.95 0.709025
1560 226.29 225.34 37.52 91.50 0.177355
1560 135.15 243.27 22.38 54.58 -0.234245
1560 151.97 238.81 24.37 59.45 -0.307695
1560 289.75 141.00 20.50 50.00 -1.138628
1560 236.54 115.38 31.54 76.92 -1.213511
1560 293.75 151.00 20.50 50.00 -1.737315
1560 316.45 223.64 22.38 54.58 -1.931982
1560 218.97 100.76 37.52 91.50 -2.083003
1560 -1.10 248.73 89.69 218.76 -2.625531
1560 487.40 286.59 28.92 70.53 -4.632480
1590 293.75 255.00 20.50 50.00 1.535624
1590 408.46 224.47 28.92 70.53 0.553183
1590 -0.32 185.51 26.57 64.81 -1.063516
1590 444.61 153.27 24.37 59.45 -1.290193
1590 315.75 257.00 20.50 50.00 -2.250272
1590 285.87 260.73 22.38 54.58 -3.067068
1590 287.75 287.00 20.50 50.00 -4.296444
1590 619.75 417.00 20.50 50.00 -12.487001
1620 -0.42 129.23 34.37 83.83 -1.699883
1680 571.79 118.31 69.16 168.67 -1.316361
1680 281.59 201.88 28.92 70.53 -1.944073
1710 23.75 173.45 22.38 54.58 0.257938
1710 11.60 169.90 24.37 59.45 -0.741046
1710 448.59 213.15 34.37 83.83 -0.815497
1710 66.32 177.03 24.37 59.45 -1.267663
1710 366.69 186.55 22.38 54.58 -1.571308
1710 204.31 210.30 24.37 59.45 -2.122951
1740 85.35 174.65 24.37 59.45 0.880298
1740 95.00 158.46 31.54 76.92 0.461874
1740 56.52 175.64 22.38 54.58 0.444693
1740 608.85 244.62 31.54 76.92 0.052912
1740 152.63 188.73 22.38 54.58 -0.194865
1740 72.23 167.35 26.57 64.81 -1.030624
1740 589.32 223.22 34.37 83.83 -1.245720
1740 274.33 198.49 26.57 64.81 -1.447883
1740 484.64 201.82 22.38 54.58 -2.401510
1740 619.75 51.00 20.50 50.00 -2.673969
1770 184.23 176.92 31.54 76.92 1.028895
1770 197.00 182.12 28.92 70.53 0.947811
1770 497.75 237.00 20.50 50.00 0.441442
1770 130.26 159.44 34.37 83.83 0.186223
1770 617.88 169.09 22.38 54.58 -0.053113
1770 115.24 173.65 28.92 70.53 -0.781936
1770 90.11 179.41 24.37 59.45 -0.934216
1770 615.70 193.09 22.38 54.58 -1.462779
1770 61.86 164.76 26.57 64.81 -1.933804
1770 412.56 217.09 22.38 54.58 -2.279085
1770 577.84 210.30 24.37 59.45 -2.490128
1800 202.87 201.82 22.38 54.58 0.723738
1800 -0.59 159.21 48.64 118.64 0.708552
1800 112.91 159.39 37.52 91.50 -0.152967
1800 538.62 240.00 26.57 64.81 -0.248886
1800 67.50 154.00 41.00 100.00 -0.508819
1800 90.97 159.39 37.52 91.50 -0.919236
1800 469.75 143.00 20.50 50.00 -1.213175
1800 205.05 186.55 22.38 54.58 -1.425181
1800 544.54 224.55 24.37 59.45 -1.556278
1800 442.23 219.80 24.37 59.45 -1.745406
1800 359.84 24.65 26.57 64.81 -1.880786
1800 182.90 198.42 24.37 59.45 -1.901234
1800 284.41 204.71 28.92 70.53 -2.190657
1830 546.61 249.88 28.92 70.53 0.332590
1830 33.75 207.00 20.50 50.00 0.247596
1830 104.39 196.04 24.37 59.45 -0.707673
1830 173.75 195.00 20.50 50.00 -0.776324
1830 457.75 165.00 20.50 50.00 -0.933589
1830 43.75 225.00 20.50 50.00 -0.964869
1830 59.90 186.29 34.37 83.83 -1.200409
1830 149.49 177.71 37.52 91.50 -1.212065
1830 466.07 131.03 26.57 64.81 -1.474137
1830 41.94 179.29 28.92 70.53 -1.585634
1830 439.47 227.29 28.92 70.53 -1.681866
1830 34.68 223.64 22.38 54.58 -2.105955
1830 427.21 195.89 26.57 64.81 -2.229279
1830 349.25 7.06 28.92 70.53 -3.047721
