30 519.90 178.45 31.71 77.35 135.87
30 501.35 178.45 31.71 77.35 118.81
30 470.54 183.69 25.23 61.54 117.23
30 6.92 189.86 22.47 54.79 88.77
30 431.52 184.63 20.00 48.78 79.83
30 381.12 170.00 28.28 68.97 33.47
30 318.29 161.44 50.80 123.90 32.03
30 150.55 174.88 20.00 48.78 31.64
30 501.86 32.78 50.80 123.90 26.09
30 57.66 194.13 17.83 43.48 17.31
30 438.70 178.90 22.47 54.79 15.61
30 316.79 117.61 17.83 43.48 13.46
30 331.90 180.00 56.55 137.93 8.65
60 463.88 181.03 28.28 68.97 144.61
60 502.50 181.03 28.28 68.97 126.33
60 433.48 186.59 20.00 48.78 90.27
60 519.05 178.28 28.28 68.97 81.07
60 6.67 200.13 31.71 77.35 72.65
60 85.49 195.87 17.83 43.48 42.53
60 317.86 122.34 63.78 155.55 42.20
60 501.86 32.78 50.80 123.90 36.22
60 508.02 194.83 28.28 68.97 28.85
60 64.70 192.44 20.00 48.78 23.15
60 408.01 174.52 22.47 54.79 15.74
60 219.67 186.52 35.65 86.96 10.32
60 374.59 166.06 31.71 77.35 5.46
90 463.88 181.03 28.28 68.97 156.32
90 434.32 181.10 22.47 54.79 139.13
90 508.02 178.28 28.28 68.97 106.58
90 499.45 51.19 45.20 110.24 76.95
90 484.51 174.15 40.00 97.56 73.78
90 472.16 172.76 28.28 68.97 34.37
90 317.86 122.34 63.78 155.55 27.80
90 387.07 113.79 56.55 137.93 19.46
90 22.54 235.38 25.23 61.54 18.76
120 501.41 179.57 35.65 86.96 213.03
120 437.38 186.59 20.00 48.78 160.94
120 469.40 183.79 28.28 68.97 129.16
120 4.73 192.05 22.47 54.79 82.94
120 487.50 183.04 35.65 86.96 56.25
120 317.86 122.34 63.78 155.55 51.87
120 187.46 200.92 25.23 61.54 19.50
120 495.03 42.39 45.20 110.24 14.12
120 408.01 174.52 22.47 54.79 11.46
120 311.65 172.21 63.78 155.55 11.03
150 519.90 181.55 31.71 77.35 213.64
150 470.54 183.69 25.23 61.54 152.92
150 510.63 190.84 31.71 77.35 110.77
150 317.86 122.34 63.78 155.55 42.83
150 167.23 209.78 17.83 43.48 39.13
150 4.73 189.86 22.47 54.79 38.87
150 499.45 42.39 45.20 110.24 31.62
150 383.88 172.76 28.28 68.97 31.38
150 480.54 183.04 35.65 86.96 23.20
150 219.67 186.52 35.65 86.96 16.19
150 458.36 181.03 28.28 68.97 15.48
150 398.64 91.17 63.78 155.55 14.04
150 90.14 11.23 31.71 77.35 11.89
150 256.78 10.14 22.47 54.79 7.91
180 529.24 179.57 35.65 86.96 252.15
180 476.62 175.35 31.71 77.35 156.93
180 401.44 187.67 22.47 54.79 83.20
180 543.15 176.09 35.65 86.96 65.40
180 317.86 122.34 63.78 155.55 51.03
180 515.33 183.04 35.65 86.96 41.04
180 507.93 53.17 40.00 97.56 35.40
180 497.93 190.00 35.65 86.96 31.75
180 377.68 169.16 31.71 77.35 28.75
180 410.37 146.83 40.00 97.56 28.53
180 324.08 178.44 63.78 155.55 18.07
180 85.12 27.84 50.80 123.90 15.41
180 213.82 190.84 31.71 77.35 6.16
210 550.85 178.05 40.00 97.56 225.36
210 523.54 178.05 40.00 97.56 185.22
210 477.92 183.69 25.23 61.54 177.04
210 403.19 175.52 28.28 68.97 75.54
210 566.46 178.05 40.00 97.56 61.21
210 523.54 49.27 40.00 97.56 61.04
210 317.86 122.34 63.78 155.55 47.46
210 217.33 205.21 22.47 54.79 42.23
210 383.86 166.06 31.71 77.35 33.92
210 465.00 10.24 40.00 97.56 30.55
240 592.14 174.50 45.20 110.24 259.34
240 556.83 174.50 45.20 110.24 243.66
240 408.71 181.03 28.28 68.97 111.85
240 574.48 170.09 45.20 110.24 108.58
240 543.59 29.17 45.20 110.24 72.78
240 548.29 222.74 22.47 54.79 63.09
240 460.69 183.69 25.23 61.54 59.18
240 314.13 115.65 71.30 173.91 48.32
240 207.33 197.59 28.28 68.97 35.09
240 420.00 139.27 45.20 110.24 16.51
240 383.86 169.16 31.71 77.35 13.85
240 492.08 184.65 31.71 77.35 11.35
240 439.35 18.26 71.30 173.91 5.14
240 22.88 201.09 17.83 43.48 2.92
270 441.81 175.52 28.28 68.97 143.14
270 473.00 178.77 25.23 61.54 135.86
270 583.31 11.56 45.20 110.24 66.83
270 503.69 25.71 100.71 245.62 53.98
270 325.19 99.34 80.85 197.19 51.82
270 557.61 129.57 71.30 173.91 37.91
270 486.21 148.07 45.20 110.24 34.26
270 435.05 201.09 17.83 43.48 23.74
270 475.34 14.48 56.55 137.93 12.49
270 411.47 158.97 28.28 68.97 5.44
270 15.91 10.98 20.00 48.78 3.86
300 477.07 172.61 35.65 86.96 97.88
300 522.28 176.09 35.65 86.96 63.03
300 167.44 193.94 31.71 77.35 43.32
300 499.45 148.07 45.20 110.24 39.41
300 321.09 80.87 71.30 173.91 24.31
300 460.69 178.77 25.23 61.54 11.79
300 424.41 130.46 45.20 110.24 11.34
300 403.75 188.91 17.83 43.48 10.39
330 472.16 178.28 28.28 68.97 139.38
330 487.50 162.17 35.65 86.96 68.42
330 497.93 172.61 35.65 86.96 46.80
330 563.19 181.03 28.28 68.97 43.55
330 384.69 134.86 45.20 110.24 36.95
330 461.12 65.17 28.28 68.97 26.49
330 330.23 65.54 25.23 61.54 12.93
330 330.29 91.17 63.78 155.55 12.23
330 137.52 178.90 45.20 110.24 8.04
330 428.10 48.04 17.83 43.48 6.48
330 310.54 45.85 25.23 61.54 2.96
360 472.97 174.50 45.20 110.24 140.71
360 283.57 92.16 50.80 123.90 62.31
360 505.00 186.15 25.23 61.54 20.26
360 335.00 87.83 71.30 173.91 20.16
360 27.17 29.17 45.20 110.24 14.10
360 472.09 22.89 50.80 123.90 7.62
360 532.84 175.52 28.28 68.97 1.58
390 392.43 172.21 63.78 155.55 150.15
390 18.34 15.96 45.20 110.24 60.73
390 282.24 75.17 56.55 137.93 49.06
390 477.05 156.49 50.80 123.90 46.83
390 454.18 13.26 17.83 43.48 34.65
390 576.38 188.62 25.23 61.54 28.21
390 42.28 12.61 35.65 86.96 28.06
390 538.52 20.66 80.85 197.19 25.93
390 70.11 16.09 35.65 86.96 21.84
390 133.10 200.92 45.20 110.24 15.53
390 376.03 157.93 56.55 137.93 13.87
420 238.27 162.30 80.85 197.19 183.52
420 504.89 176.09 35.65 86.96 157.52
420 212.23 153.51 63.78 155.55 79.69
420 364.69 44.26 80.85 197.19 44.77
420 17.41 14.48 56.55 137.93 43.73
420 474.45 5.12 20.00 48.78 24.59
420 490.62 11.56 45.20 110.24 18.99
420 480.30 198.29 20.00 48.78 13.75
420 511.85 203.91 35.65 86.96 13.69
420 325.19 60.00 80.85 197.19 12.23
420 300.39 8.13 31.71 77.35 10.10
450 560.54 183.04 35.65 86.96 186.40
450 532.72 183.04 35.65 86.96 150.14
450 468.60 213.90 20.00 48.78 66.55
450 97.93 9.13 35.65 86.96 59.08
450 378.36 40.36 89.69 218.76 53.05
450 40.47 161.44 50.80 123.90 38.79
450 336.31 55.10 100.71 245.62 28.55
450 39.63 14.15 40.00 97.56 23.50
450 125.76 9.13 35.65 86.96 21.68
450 516.74 22.89 50.80 123.90 14.96
450 4.21 332.93 20.00 48.78 6.33
450 309.66 8.13 31.71 77.35 5.98
480 553.59 186.52 35.65 86.96 156.60
480 584.89 186.52 35.65 86.96 152.05
480 566.46 174.15 40.00 97.56 67.48
480 101.41 9.13 35.65 86.96 50.89
480 413.42 31.64 89.69 218.76 48.65
480 80.30 194.39 20.00 48.78 47.68
480 58.07 11.56 45.20 110.24 40.87
480 547.07 14.48 56.55 137.93 39.36
480 33.97 119.31 56.55 137.93 39.15
480 285.00 32.31 126.15 307.69 35.63
480 521.71 42.68 50.80 123.90 30.81
480 119.05 21.03 28.28 68.97 28.41
480 78.66 10.24 40.00 97.56 8.23
510 587.72 165.69 45.20 110.24 157.86
510 570.37 178.05 40.00 97.56 155.82
510 69.84 194.13 17.83 43.48 84.51
510 536.59 17.94 50.80 123.90 67.47
510 12.32 146.83 40.00 97.56 49.72
510 413.42 22.91 89.69 218.76 49.02
510 349.82 29.30 114.81 280.01 44.37
510 557.07 179.57 35.65 86.96 43.37
510 105.26 12.76 28.28 68.97 25.63
510 293.68 29.30 114.81 280.01 20.03
540 592.14 170.09 45.20 110.24 128.45
540 55.92 195.87 17.83 43.48 55.01
540 382.88 8.04 17.83 43.48 52.32
540 348.91 108.70 71.30 173.91 48.46
540 28.10 185.43 17.83 43.48 39.63
540 532.95 231.51 22.47 54.79 37.69
540 87.50 9.13 35.65 86.96 27.73
540 416.38 6.46 25.23 61.54 21.87
540 326.16 5.12 20.00 48.78 20.91
540 7.77 171.38 25.23 61.54 14.53
540 585.55 235.89 22.47 54.79 3.13
540 143.88 170.00 28.28 68.97 0.93
570 43.75 197.61 17.83 43.48 93.27
570 587.72 205.32 45.20 110.24 86.84
570 464.70 188.54 20.00 48.78 80.51
570 402.56 174.15 40.00 97.56 43.23
570 499.82 130.00 20.00 48.78 30.64
570 433.53 200.34 28.28 68.97 27.39
570 597.20 150.58 31.71 77.35 20.84
570 451.04 190.49 20.00 48.78 20.31
570 354.85 68.00 25.23 61.54 18.34
570 90.98 12.61 35.65 86.96 15.89
570 386.10 205.21 22.47 54.79 14.31
570 326.16 122.20 20.00 48.78 8.01
600 28.10 197.61 17.83 43.48 118.82
600 324.73 110.96 22.47 54.79 71.95
600 543.05 185.85 40.00 97.56 71.88
600 103.72 192.44 20.00 48.78 51.10
600 352.95 57.68 31.71 77.35 45.69
600 565.95 186.55 28.28 68.97 39.68
600 538.45 128.90 31.71 77.35 23.76
600 56.14 8.13 31.71 77.35 23.61
600 80.27 195.87 17.83 43.48 20.12
600 392.71 102.06 50.80 123.90 18.73
600 491.84 16.36 63.78 155.55 13.14
600 95.92 195.87 17.83 43.48 4.98
630 532.84 178.28 28.28 68.97 167.81
630 449.66 185.48 22.47 54.79 98.28
630 492.45 192.39 17.83 43.48 64.14
630 504.45 183.29 22.47 54.79 53.77
630 105.60 11.23 31.71 77.35 51.72
630 35.43 188.54 20.00 48.78 44.08
630 339.74 95.52 28.28 68.97 39.79
630 435.05 192.39 17.83 43.48 34.17
630 458.42 185.48 22.47 54.79 32.73
630 234.45 180.73 20.00 48.78 16.77
630 471.58 187.67 22.47 54.79 13.83
630 28.10 195.87 17.83 43.48 11.89
630 22.76 37.98 45.20 110.24 8.96
630 369.24 40.43 35.65 86.96 8.63
630 10.06 7.07 20.00 48.78 8.35
660 595.33 176.09 35.65 86.96 136.37
660 27.62 198.29 20.00 48.78 122.73
660 535.14 192.05 22.47 54.79 104.43
660 519.79 189.86 22.47 54.79 57.70
660 492.32 197.56 40.00 97.56 48.04
660 348.02 92.76 28.28 68.97 37.09
660 234.86 183.29 22.47 54.79 32.30
660 70.85 21.95 40.00 97.56 27.49
660 459.72 218.53 45.20 110.24 24.35
660 370.52 31.03 56.55 137.93 22.54
660 544.70 198.29 20.00 48.78 11.02
660 90.37 29.76 40.00 97.56 5.61
690 217.00 173.85 25.23 61.54 58.22
690 58.07 11.56 45.20 110.24 54.80
690 336.98 81.72 28.28 68.97 48.66
690 113.48 169.02 20.00 48.78 46.17
690 535.24 209.27 40.00 97.56 45.46
690 113.78 224.88 40.00 97.56 23.10
690 36.00 42.39 45.20 110.24 1.04
720 335.68 130.68 22.47 54.79 22.14
720 232.37 169.16 31.71 77.35 22.05
750 339.40 169.78 17.83 43.48 54.39
750 345.67 167.07 20.00 48.78 38.92
750 328.11 133.90 20.00 48.78 34.39
780 448.79 166.06 31.71 77.35 73.92
780 424.06 172.26 31.71 77.35 54.04
780 393.59 148.26 35.65 86.96 46.44
780 339.82 170.98 20.00 48.78 40.13
780 322.53 132.88 22.47 54.79 36.14
780 43.54 209.27 40.00 97.56 33.62
780 177.88 185.48 22.47 54.79 32.52
780 90.98 193.48 35.65 86.96 31.42
780 308.60 159.27 20.00 48.78 28.41
780 363.75 187.17 17.83 43.48 6.45
810 442.61 175.35 31.71 77.35 127.22
810 470.11 172.61 35.65 86.96 120.76
810 504.89 172.61 35.65 86.96 94.73
810 21.41 196.96 35.65 86.96 74.67
810 492.08 175.35 31.71 77.35 69.73
810 422.07 162.44 40.00 97.56 65.16
810 332.01 176.83 20.00 48.78 61.93
810 384.69 134.86 45.20 110.24 40.46
810 458.36 178.28 28.28 68.97 39.30
810 313.77 137.26 22.47 54.79 37.79
810 524.57 181.03 28.28 68.97 37.66
810 303.48 73.16 31.71 77.35 29.60
810 325.49 178.48 17.83 43.48 21.99
810 46.86 200.13 31.71 77.35 17.91
840 433.78 178.05 40.00 97.56 130.28
840 457.20 181.95 40.00 97.56 120.82
840 484.02 179.57 35.65 86.96 104.01
840 504.89 183.04 35.65 86.96 103.96
840 582.50 189.31 28.28 68.97 93.96
840 527.44 178.05 40.00 97.56 67.51
840 415.59 161.28 45.20 110.24 55.05
840 182.90 193.94 31.71 77.35 50.92
840 13.49 297.26 22.47 54.79 48.86
840 362.62 143.67 45.20 110.24 45.40
840 294.04 143.84 22.47 54.79 27.36
840 310.54 171.38 25.23 61.54 19.51
840 300.69 168.92 25.23 61.54 5.67
870 557.07 196.96 35.65 86.96 148.97
870 438.80 196.96 35.65 86.96 137.94
870 421.41 193.48 35.65 86.96 109.34
870 465.00 185.85 40.00 97.56 90.25
870 488.99 200.13 31.71 77.35 79.29
870 156.79 4.57 17.83 43.48 75.58
870 383.86 193.94 31.71 77.35 71.50
870 336.14 152.48 45.20 110.24 70.10
870 508.02 203.10 28.28 68.97 51.96
870 546.64 214.14 28.28 68.97 51.08
870 244.08 171.38 25.23 61.54 32.64
870 118.80 203.91 35.65 86.96 20.90
870 560.10 8.13 31.71 77.35 19.55
870 3.75 108.91 17.83 43.48 16.47
900 398.66 197.56 40.00 97.56 175.52
900 383.05 197.56 40.00 97.56 132.07
900 363.54 197.56 40.00 97.56 131.61
900 414.27 197.56 40.00 97.56 118.72
900 346.76 206.32 31.71 77.35 114.17
900 306.64 214.14 28.28 68.97 108.89
900 488.41 201.46 40.00 97.56 106.34
900 445.70 206.32 31.71 77.35 77.34
900 465.00 197.56 40.00 97.56 45.25
900 367.44 232.68 40.00 97.56 33.77
900 263.72 151.55 50.80 123.90 27.97
900 317.07 200.43 35.65 86.96 20.72
900 315.34 108.28 56.55 137.93 15.85
900 197.60 159.18 22.47 54.79 14.48
900 495.17 8.13 31.71 77.35 14.05
900 210.71 195.87 17.83 43.48 7.84
900 307.17 18.26 71.30 173.91 7.00
930 124.28 196.51 45.20 110.24 162.96
930 106.62 196.51 45.20 110.24 122.23
930 205.76 203.91 35.65 86.96 116.91
930 75.72 192.11 45.20 110.24 107.15
930 160.61 201.46 40.00 97.56 100.00
930 49.24 200.43 35.65 86.96 83.29
930 63.15 196.96 35.65 86.96 57.22
930 177.24 192.11 45.20 110.24 56.14
930 16.22 189.76 40.00 97.56 53.03
930 459.72 117.25 45.20 110.24 42.47
930 146.63 200.43 35.65 86.96 39.14
930 22.76 82.02 45.20 110.24 36.19
930 398.66 197.56 40.00 97.56 24.67
930 71.31 231.74 45.20 110.24 22.62
930 349.86 212.52 31.71 77.35 12.19
960 134.73 176.29 50.80 123.90 159.58
960 589.93 5.75 22.47 54.79 54.57
960 572.40 205.21 22.47 54.79 53.73
960 526.09 14.32 31.71 77.35 32.11
960 314.91 205.86 28.28 68.97 30.38
960 475.34 130.34 56.55 137.93 21.09
960 62.74 84.00 89.69 218.76 20.20
990 49.24 183.30 45.20 110.24 50.72
990 4.73 10.14 22.47 54.79 43.40
990 300.39 156.77 31.71 77.35 29.47
990 37.58 215.61 31.71 77.35 23.07
990 52.08 50.77 25.23 61.54 17.07
990 87.50 186.52 35.65 86.96 16.83
990 11.47 200.34 28.28 68.97 6.85
1020 412.01 200.24 20.00 48.78 35.36
1020 154.45 196.34 20.00 48.78 24.22
1020 429.57 157.32 20.00 48.78 24.18
1020 568.97 244.57 17.83 43.48 21.34
1020 530.09 203.10 28.28 68.97 19.83
1020 142.74 198.29 20.00 48.78 19.19
1020 68.60 204.15 20.00 48.78 7.86
1050 589.93 7.95 22.47 54.79 59.21
1050 578.85 223.08 25.23 61.54 49.13
1050 87.50 165.65 35.65 86.96 35.02
1050 538.84 194.39 20.00 48.78 34.19
1050 607.33 7.24 28.28 68.97 24.92
1080 441.81 189.31 28.28 68.97 48.36
1080 179.74 164.48 28.28 68.97 27.47
1080 3.75 218.48 17.83 43.48 23.95
1080 601.81 7.24 28.28 68.97 22.98
1080 13.49 203.01 22.47 54.79 8.91
1110 472.50 190.49 20.00 48.78 182.05
1110 538.52 20.66 80.85 197.19 47.17
1110 465.00 123.41 40.00 97.56 45.99
1110 444.57 167.24 28.28 68.97 37.49
1110 177.66 192.39 17.83 43.48 29.03
1110 430.78 170.00 28.28 68.97 14.24
1110 184.45 203.01 22.47 54.79 9.46
1110 12.45 216.74 17.83 43.48 6.04
1140 495.15 186.15 25.23 61.54 217.10
1140 162.26 190.49 20.00 48.78 48.11
1140 510.63 172.26 31.71 77.35 43.71
1140 544.62 195.87 17.83 43.48 40.06
1140 3.75 126.30 17.83 43.48 35.96
1140 166.92 200.82 22.47 54.79 24.04
1140 437.38 192.44 20.00 48.78 7.11
1140 454.98 162.97 31.71 77.35 6.59
1170 541.55 178.45 31.71 77.35 198.66
1170 521.99 183.29 22.47 54.79 111.25
1170 586.23 178.77 25.23 61.54 68.26
1170 164.73 176.71 22.47 54.79 48.21
1170 132.72 151.74 35.65 86.96 45.42
1170 532.08 178.77 25.23 61.54 42.23
1170 469.84 136.74 17.83 43.48 35.01
1170 596.29 172.76 28.28 68.97 15.99
1170 508.10 194.13 17.83 43.48 10.81
1170 68.29 200.82 22.47 54.79 4.25
1200 574.22 172.76 28.28 68.97 144.15
1200 612.84 170.00 28.28 68.97 53.90
1200 553.32 187.17 17.83 43.48 48.23
1200 3.75 204.57 17.83 43.48 45.53
1200 130.09 161.72 28.28 68.97 45.09
1200 605.18 172.93 20.00 48.78 44.53
1200 6.16 170.98 20.00 48.78 30.44
1200 147.19 174.52 22.47 54.79 26.48
1200 503.86 170.09 45.20 110.24 23.82
1200 561.62 166.46 25.23 61.54 22.57
1200 459.40 4.57 17.83 43.48 15.30
1200 499.45 82.02 45.20 110.24 12.76
1260 414.59 178.90 22.47 54.79 57.98
1260 31.40 150.58 31.71 77.35 19.17
1260 521.99 266.58 22.47 54.79 17.59
1260 25.00 139.38 25.23 61.54 14.74
1260 15.15 181.23 25.23 61.54 10.23
1290 429.93 185.48 22.47 54.79 44.78
1290 68.60 106.59 20.00 48.78 34.88
1290 34.85 168.92 25.23 61.54 33.61
1290 499.82 137.80 20.00 48.78 18.54
1320 460.62 189.86 22.47 54.79 57.61
1320 52.08 181.23 25.23 61.54 51.47
1320 93.96 87.07 20.00 48.78 43.46
1320 445.92 186.15 25.23 61.54 37.28
1320 603.38 221.81 31.71 77.35 28.14
1320 8.71 87.24 28.28 68.97 26.39
1320 375.14 163.56 22.47 54.79 25.73
1320 18.90 276.00 89.69 218.76 25.52
1320 13.40 215.84 63.78 155.55 14.96
1320 14.18 51.52 17.83 43.48 1.45
1350 429.84 180.22 17.83 43.48 102.79
1350 63.90 64.93 22.47 54.79 59.83
1350 422.88 178.48 17.83 43.48 55.85
1350 467.19 178.90 22.47 54.79 42.60
1350 519.33 208.05 20.00 48.78 42.56
1350 47.15 63.08 25.23 61.54 31.33
1350 543.90 207.40 22.47 54.79 29.61
1350 313.59 144.78 35.65 86.96 26.64
1350 55.24 158.54 40.00 97.56 15.11
1350 15.68 187.67 22.47 54.79 10.77
1380 448.97 183.70 17.83 43.48 131.51
1380 462.88 183.70 17.83 43.48 83.62
1380 386.85 154.15 25.23 61.54 55.47
1380 113.32 202.83 17.83 43.48 44.72
1380 6.67 36.00 31.71 77.35 44.21
1380 511.85 158.70 35.65 86.96 44.10
1380 559.15 171.38 25.23 61.54 27.70
1380 471.58 183.70 17.83 43.48 25.66
1380 130.71 86.30 17.83 43.48 17.94
1380 175.15 168.92 25.23 61.54 15.40
1380 21.41 68.26 35.65 86.96 9.45
1410 464.70 178.78 20.00 48.78 141.16
1410 552.16 175.52 28.28 68.97 139.70
1410 482.01 181.96 17.83 43.48 100.91
1410 64.70 202.20 20.00 48.78 72.68
1410 494.18 183.70 17.83 43.48 71.32
1410 386.64 147.93 28.28 68.97 63.75
1410 337.66 4.57 17.83 43.48 45.72
1410 550.11 9.13 35.65 86.96 40.24
1410 154.45 192.44 20.00 48.78 35.07
1410 397.67 150.69 28.28 68.97 34.86
1410 9.52 152.48 45.20 110.24 32.98
1410 90.06 61.71 20.00 48.78 29.98
1410 318.35 5.12 20.00 48.78 17.91
1410 566.41 122.34 63.78 155.55 15.73
1410 529.09 206.10 20.00 48.78 15.22
1410 68.29 53.97 22.47 54.79 8.83
1410 26.36 65.43 17.83 43.48 8.49
1440 497.88 176.71 22.47 54.79 107.68
1440 524.57 164.48 28.28 68.97 104.89
1440 539.52 178.90 22.47 54.79 103.08
1440 440.27 185.43 17.83 43.48 89.92
1440 466.36 185.43 17.83 43.48 86.30
1440 513.22 176.71 22.47 54.79 79.03
1440 406.16 169.02 20.00 48.78 40.95
1440 455.77 97.54 25.23 61.54 27.39
1440 139.40 187.17 17.83 43.48 24.42
1470 578.65 166.06 31.71 77.35 159.82
1470 565.82 183.29 22.47 54.79 149.30
1470 427.74 181.10 22.47 54.79 122.25
1470 594.11 166.06 31.71 77.35 111.87
1470 436.43 162.97 31.71 77.35 99.72
1470 458.42 178.90 22.47 54.79 92.47
1470 505.00 68.00 25.23 61.54 40.11
1470 8.11 188.54 20.00 48.78 25.21
1470 458.84 38.29 20.00 48.78 17.10
1470 513.48 188.54 20.00 48.78 16.36
1470 552.16 67.93 28.28 68.97 5.50
1500 409.00 178.77 25.23 61.54 218.58
1500 448.38 176.31 25.23 61.54 202.08
1500 570.98 162.17 35.65 86.96 127.58
1500 526.37 7.95 22.47 54.79 68.95
1500 399.15 181.23 25.23 61.54 66.08
1500 551.77 186.15 25.23 61.54 54.88
1500 417.93 162.17 35.65 86.96 52.93
1500 13.96 188.54 20.00 48.78 45.37
1500 538.36 12.76 28.28 68.97 40.47
1500 594.32 69.32 22.47 54.79 36.28
1500 438.54 178.77 25.23 61.54 29.71
1500 495.92 6.30 17.83 43.48 28.29
1500 364.69 161.54 25.23 61.54 23.46
1500 320.54 144.78 35.65 86.96 17.07
1500 122.01 192.39 17.83 43.48 17.01
1500 561.62 188.62 25.23 61.54 12.20
1500 586.36 8.04 17.83 43.48 12.01
1500 530.09 21.03 28.28 68.97 8.60
1530 368.41 175.35 31.71 77.35 237.17
1530 417.87 169.16 31.71 77.35 214.46
1530 356.04 172.26 31.71 77.35 148.34
1530 383.86 175.35 31.71 77.35 116.21
1530 5.49 201.09 17.83 43.48 114.60
1530 475.05 171.52 17.83 43.48 81.54
1530 343.67 172.26 31.71 77.35 68.16
1530 431.85 155.22 35.65 86.96 23.48
1530 12.45 194.13 17.83 43.48 16.98
1560 297.20 178.05 40.00 97.56 240.32
1560 351.83 166.34 40.00 97.56 179.57
1560 264.89 179.57 35.65 86.96 165.53
1560 281.59 178.05 40.00 97.56 60.94
1560 318.94 190.84 31.71 77.35 48.15
1560 460.78 84.94 63.78 155.55 43.48
1560 598.53 183.70 17.83 43.48 30.95
1560 340.58 175.35 31.71 77.35 28.27
1560 296.41 126.06 45.20 110.24 23.76
1560 4.21 303.66 20.00 48.78 19.83
1560 85.82 192.05 22.47 54.79 17.14
1590 199.22 171.34 50.80 123.90 263.96
1590 269.93 165.69 45.20 110.24 217.91
1590 155.17 165.69 45.20 110.24 147.71
1590 458.42 170.14 22.47 54.79 138.58
1590 337.88 170.14 22.47 54.79 125.53
1590 287.59 165.69 45.20 110.24 95.44
1590 367.23 180.22 17.83 43.48 93.27
1590 474.13 66.96 71.30 173.91 66.87
1590 171.90 152.41 56.55 137.93 50.19
1590 449.09 174.88 20.00 48.78 43.08
1590 488.99 11.23 31.71 77.35 41.28
1590 221.55 152.41 56.55 137.93 36.32
1590 393.14 150.58 31.71 77.35 18.01
1590 480.34 7.95 22.47 54.79 16.67
1590 449.09 92.93 20.00 48.78 15.93
1590 101.41 130.87 35.65 86.96 9.51
1590 4.73 207.40 22.47 54.79 5.33
1590 62.74 162.55 89.69 218.76 3.68
1590 435.05 100.22 17.83 43.48 1.66
1620 56.03 168.97 56.55 137.93 261.03
1620 155.34 152.41 56.55 137.93 254.15
1620 10.70 161.44 50.80 123.90 178.37
1620 256.78 170.14 22.47 54.79 143.47
1620 296.89 174.88 20.00 48.78 132.70
1620 527.33 158.97 28.28 68.97 113.91
1620 35.50 186.19 50.80 123.90 81.99
1620 140.62 174.52 22.47 54.79 81.56
1620 328.97 175.00 17.83 43.48 58.92
1620 612.99 92.93 20.00 48.78 37.33
1620 382.79 107.01 50.80 123.90 36.41
1620 230.48 170.14 22.47 54.79 33.46
1620 84.55 121.65 45.20 110.24 29.33
1620 498.06 28.83 63.78 155.55 13.49
1620 461.12 139.66 28.28 68.97 12.96
1650 19.61 153.51 63.78 155.55 234.25
1650 218.36 167.24 28.28 68.97 161.23
1650 258.97 176.71 22.47 54.79 158.96
1650 289.66 178.90 22.47 54.79 119.97
1650 207.33 170.00 28.28 68.97 98.47
1650 165.31 171.38 25.23 61.54 75.20
1650 182.90 159.87 31.71 77.35 62.13
1650 455.92 89.78 17.83 43.48 42.75
1650 503.69 25.71 100.71 245.62 41.92
1650 306.36 185.43 17.83 43.48 23.05
1650 109.84 187.17 17.83 43.48 12.86
1650 84.02 123.91 35.65 86.96 7.53
1680 422.88 190.65 17.83 43.48 62.77
1680 480.43 150.69 28.28 68.97 37.55
1680 522.83 18.26 71.30 173.91 32.99
1680 460.79 89.02 20.00 48.78 31.86
1680 293.26 60.00 71.30 173.91 26.03
1680 485.31 8.92 25.23 61.54 24.34
1680 76.40 116.34 20.00 48.78 24.26
1680 458.84 182.68 20.00 48.78 12.49
1680 469.38 176.71 22.47 54.79 10.34
1710 96.38 191.08 25.23 61.54 186.07
1710 143.15 183.69 25.23 61.54 170.31
1710 57.33 192.05 22.47 54.79 129.33
1710 162.85 186.15 25.23 61.54 116.48
1710 206.37 189.86 22.47 54.79 77.67
1710 88.01 192.05 22.47 54.79 60.21
1710 466.36 89.78 17.83 43.48 49.18
1710 484.00 64.90 100.71 245.62 44.14
1710 37.38 180.73 20.00 48.78 18.18
1710 484.73 18.90 22.47 54.79 9.87
1740 106.23 191.08 25.23 61.54 178.30
1740 356.04 175.35 31.71 77.35 139.76
1740 116.08 188.62 25.23 61.54 131.83
1740 285.92 183.69 25.23 61.54 105.25
1740 164.73 192.05 22.47 54.79 90.92
1740 150.54 188.62 25.23 61.54 89.78
1740 52.08 188.62 25.23 61.54 76.64
1740 468.60 90.98 20.00 48.78 55.13
1740 175.68 194.25 22.47 54.79 44.71
1740 339.40 187.17 17.83 43.48 42.21
1740 485.89 153.68 31.71 77.35 34.95
1740 503.69 55.10 100.71 245.62 32.70
1740 74.76 131.22 40.00 97.56 19.27
1740 61.92 186.15 25.23 61.54 18.57
1740 473.77 181.10 22.47 54.79 15.97
1740 3.75 201.09 17.83 43.48 13.66
1740 428.10 195.87 17.83 43.48 13.10
1740 482.85 13.85 25.23 61.54 10.07
1740 462.81 183.29 22.47 54.79 7.87
1770 70.46 153.06 100.71 245.62 263.45
1770 109.85 143.27 100.71 245.62 90.20
1770 408.71 178.28 28.28 68.97 84.62
1770 427.62 194.39 20.00 48.78 49.03
1770 90.15 221.63 100.71 245.62 43.89
1770 31.08 143.27 100.71 245.62 41.28
1770 465.00 89.04 22.47 54.79 40.20
1770 488.99 150.58 31.71 77.35 20.79
1770 422.48 17.94 50.80 123.90 19.26
1770 530.34 143.67 45.20 110.24 15.08
1770 491.30 21.10 22.47 54.79 13.48
1770 330.71 187.17 17.83 43.48 9.06
1800 71.51 153.82 89.69 218.76 271.04
1800 257.54 153.06 100.71 245.62 231.38
1800 33.53 189.31 28.28 68.97 194.87
1800 218.15 143.27 100.71 245.62 89.53
1800 468.60 92.93 20.00 48.78 58.90
1800 207.15 191.08 25.23 61.54 42.54
1800 441.59 84.39 40.00 97.56 30.96
1800 483.19 10.00 28.28 68.97 24.95
1800 541.55 14.48 56.55 137.93 21.31
1800 44.47 209.61 63.78 155.55 14.23
1800 14.18 209.78 17.83 43.48 7.61
1830 211.78 162.55 89.69 218.76 254.91
1830 424.92 153.06 100.71 245.62 228.88
1830 324.73 192.05 22.47 54.79 174.12
1830 4.73 192.05 22.47 54.79 155.07
1830 396.30 162.30 80.85 197.19 136.21
1830 89.14 163.45 56.55 137.93 131.75
1830 238.08 136.36 89.69 218.76 94.74
1830 49.09 200.24 20.00 48.78 86.88
1830 420.17 20.00 56.55 137.93 48.95
1830 483.21 67.87 80.85 197.19 48.76
1830 63.90 200.82 22.47 54.79 46.53
1830 475.31 178.03 80.85 197.19 44.10
1830 111.21 163.45 56.55 137.93 42.45
1830 404.20 233.11 80.85 197.19 37.82
1830 448.49 92.73 89.69 218.76 32.04
1830 404.57 94.78 71.30 173.91 30.06
1830 482.26 22.68 20.00 48.78 28.11
1830 209.78 101.74 71.30 173.91 15.90
