30 544.38 159.08 25.23 61.54 94.39
30 414.46 137.83 35.65 86.96 42.96
30 504.02 127.32 40.00 97.56 40.95
30 486.92 113.15 22.47 54.79 35.28
30 600.27 175.00 17.83 43.48 29.34
30 405.51 128.90 31.71 77.35 28.80
30 486.16 94.88 20.00 48.78 18.44
30 546.65 100.73 20.00 48.78 15.94
30 463.88 123.10 28.28 68.97 13.16
30 285.18 94.88 20.00 48.78 11.34
30 357.31 45.85 25.23 61.54 6.44
30 470.11 137.83 35.65 86.96 5.47
60 148.08 97.54 25.23 61.54 48.95
60 396.40 94.88 20.00 48.78 45.09
60 425.98 127.32 40.00 97.56 43.22
60 532.72 89.13 35.65 86.96 28.20
60 157.92 100.00 25.23 61.54 20.49
60 501.86 121.86 50.80 123.90 18.91
60 205.49 187.17 17.83 43.48 18.61
60 187.38 16.36 63.78 155.55 18.01
60 390.11 137.83 35.65 86.96 16.65
60 96.98 136.90 28.28 68.97 13.28
60 485.49 126.30 17.83 43.48 7.76
60 234.91 81.72 28.28 68.97 4.74
60 355.41 49.59 22.47 54.79 1.93
90 146.64 101.03 28.28 68.97 52.40
90 158.16 91.74 31.71 77.35 47.35
90 394.86 104.38 22.47 54.79 39.52
90 431.85 99.57 35.65 86.96 34.41
90 218.45 22.60 63.78 155.55 32.78
90 329.11 189.86 22.47 54.79 31.83
90 387.07 135.86 56.55 137.93 27.49
90 170.98 85.65 35.65 86.96 13.56
90 473.77 106.58 22.47 54.79 13.11
90 47.23 190.65 17.83 43.48 12.12
90 484.21 104.63 20.00 48.78 6.82
90 604.57 12.76 28.28 68.97 4.51
90 353.22 62.74 22.47 54.79 4.24
120 176.98 81.72 28.28 68.97 40.82
120 355.87 143.48 71.30 173.91 40.26
120 365.31 113.42 31.71 77.35 39.05
120 595.05 209.78 17.83 43.48 38.78
120 405.51 107.23 31.71 77.35 31.44
120 481.79 148.07 45.20 110.24 31.44
120 435.33 179.57 35.65 86.96 28.92
120 313.33 12.99 50.80 123.90 26.05
120 450.90 156.88 45.20 110.24 22.25
120 193.97 20.00 56.55 137.93 20.14
120 138.79 25.52 56.55 137.93 19.11
120 452.84 128.62 28.28 68.97 10.43
120 614.94 128.05 20.00 48.78 10.24
150 313.00 149.23 25.23 61.54 77.62
150 13.40 16.36 63.78 155.55 70.95
150 207.63 48.39 31.71 77.35 53.48
150 251.46 104.92 25.23 61.54 52.98
150 563.19 189.31 28.28 68.97 52.38
150 258.76 146.60 50.80 123.90 45.82
150 365.00 135.86 56.55 137.93 45.12
150 283.17 148.07 45.20 110.24 38.91
150 421.77 124.15 20.00 48.78 31.92
150 499.40 213.26 17.83 43.48 23.91
150 348.84 143.84 22.47 54.79 23.65
150 4.21 89.02 20.00 48.78 21.94
150 554.86 113.15 22.47 54.79 15.29
150 411.47 189.31 28.28 68.97 8.99
180 174.95 97.40 63.78 155.55 60.65
180 556.83 156.88 45.20 110.24 51.99
180 139.67 155.22 35.65 86.96 51.13
180 382.88 218.48 17.83 43.48 42.72
180 567.23 58.48 17.83 43.48 40.83
180 294.18 216.74 17.83 43.48 40.38
180 234.86 146.03 22.47 54.79 40.13
180 499.40 58.48 17.83 43.48 36.99
180 585.67 59.76 20.00 48.78 32.95
180 467.19 60.55 22.47 54.79 31.79
180 127.33 106.55 28.28 68.97 31.73
180 608.38 50.77 25.23 61.54 28.48
180 453.31 53.23 25.23 61.54 27.78
180 450.71 128.04 17.83 43.48 25.93
180 307.19 121.92 22.47 54.79 24.16
180 452.84 192.07 28.28 68.97 23.14
180 160.61 166.34 40.00 97.56 22.52
180 412.40 49.59 22.47 54.79 17.14
180 123.08 200.82 22.47 54.79 15.17
180 223.05 166.34 40.00 97.56 14.47
180 256.69 156.88 45.20 110.24 9.45
210 55.24 154.63 40.00 97.56 90.07
210 44.57 109.31 28.28 68.97 61.04
210 150.54 146.77 25.23 61.54 53.71
210 455.31 130.46 45.20 110.24 46.48
210 388.29 62.74 22.47 54.79 43.16
210 179.38 151.55 50.80 123.90 42.72
210 487.77 45.85 25.23 61.54 42.65
210 299.40 225.43 17.83 43.48 37.32
210 497.62 45.85 25.23 61.54 36.58
210 204.19 111.96 50.80 123.90 34.89
210 433.24 165.69 45.20 110.24 34.63
210 534.54 43.38 25.23 61.54 33.41
210 519.77 43.38 25.23 61.54 28.74
210 172.01 159.27 20.00 48.78 22.64
210 476.71 158.54 40.00 97.56 19.01
210 421.77 57.80 20.00 48.78 18.20
210 605.92 119.69 25.23 61.54 15.13
210 54.18 223.70 17.83 43.48 14.71
210 381.12 197.59 28.28 68.97 7.86
240 445.92 45.85 25.23 61.54 84.15
240 6.67 184.65 31.71 77.35 77.83
240 372.95 53.97 22.47 54.79 72.93
240 250.98 193.48 35.65 86.96 56.73
240 103.77 154.15 25.23 61.54 55.01
240 394.76 170.24 40.00 97.56 46.91
240 159.59 121.65 45.20 110.24 44.95
240 122.24 146.90 56.55 137.93 44.53
240 469.84 67.17 17.83 43.48 40.99
240 65.41 166.06 31.71 77.35 32.59
240 326.92 119.73 22.47 54.79 29.75
240 440.27 68.91 17.83 43.48 23.66
240 80.30 233.41 20.00 48.78 19.77
240 339.40 72.39 17.83 43.48 18.92
240 402.26 53.90 20.00 48.78 12.81
240 6.92 135.07 22.47 54.79 12.55
240 415.59 139.27 45.20 110.24 8.82
240 340.58 197.03 31.71 77.35 8.40
270 414.66 141.38 56.55 137.93 41.22
270 109.92 161.44 50.80 123.90 40.26
270 84.08 159.08 25.23 61.54 37.82
270 379.52 56.16 22.47 54.79 37.30
270 448.38 50.77 25.23 61.54 36.29
270 375.24 166.34 40.00 97.56 34.45
270 425.55 56.16 22.47 54.79 31.97
270 482.85 33.54 25.23 61.54 31.82
270 78.53 110.65 17.83 43.48 31.52
270 229.84 237.61 17.83 43.48 30.30
270 158.15 137.26 22.47 54.79 28.32
270 306.64 205.86 28.28 68.97 25.30
270 16.22 185.85 40.00 97.56 22.80
270 599.05 131.38 28.28 68.97 22.76
270 5.95 222.41 28.28 68.97 18.16
270 438.70 62.74 22.47 54.79 16.36
270 55.60 167.24 28.28 68.97 15.92
270 328.97 79.35 17.83 43.48 14.75
270 47.33 26.55 28.28 68.97 7.86
270 470.54 53.23 25.23 61.54 7.49
270 4.73 205.21 22.47 54.79 7.49
300 100.00 166.39 50.80 123.90 54.10
300 316.79 77.61 17.83 43.48 53.07
300 441.28 69.51 20.00 48.78 47.37
300 79.15 156.62 25.23 61.54 46.24
300 47.33 164.48 28.28 68.97 45.32
300 477.92 36.00 25.23 61.54 44.70
300 72.50 112.44 20.00 48.78 44.29
300 409.14 146.90 56.55 137.93 43.51
300 11.30 146.03 22.47 54.79 42.65
300 419.82 63.66 20.00 48.78 40.67
300 367.44 166.34 40.00 97.56 38.53
300 124.28 117.25 45.20 110.24 37.57
300 223.15 203.91 35.65 86.96 24.42
300 372.95 58.36 22.47 54.79 24.22
300 344.45 60.55 22.47 54.79 19.21
300 303.48 206.32 31.71 77.35 13.24
300 291.11 107.23 31.71 77.35 10.51
300 465.00 56.16 22.47 54.79 8.35
330 464.31 182.45 100.71 245.62 187.46
330 418.85 55.69 25.23 61.54 61.16
330 445.76 228.26 35.65 86.96 60.91
330 443.46 55.69 25.23 61.54 45.64
330 100.00 166.39 50.80 123.90 44.54
330 7.77 144.31 25.23 61.54 43.01
330 46.86 166.06 31.71 77.35 38.43
330 151.58 141.64 22.47 54.79 37.88
330 303.48 209.42 31.71 77.35 36.64
330 5.49 181.96 17.83 43.48 33.54
330 88.97 178.48 17.83 43.48 29.62
330 300.62 130.68 22.47 54.79 28.84
330 223.88 34.83 28.28 68.97 26.78
330 188.62 64.90 100.71 245.62 26.42
330 68.60 114.39 20.00 48.78 25.95
330 74.86 170.14 22.47 54.79 25.29
330 49.62 38.46 25.23 61.54 24.95
330 38.53 251.52 17.83 43.48 20.53
330 369.62 53.23 25.23 61.54 18.84
330 323.75 82.83 17.83 43.48 18.70
330 363.54 178.05 40.00 97.56 10.48
330 14.22 167.24 28.28 68.97 9.89
330 432.12 64.93 22.47 54.79 9.09
330 278.80 103.04 35.65 86.96 7.13
330 469.38 62.74 22.47 54.79 6.77
330 480.27 53.26 17.83 43.48 0.90
360 352.05 180.00 89.69 218.76 185.34
360 416.78 60.55 22.47 54.79 78.02
360 334.46 214.35 35.65 86.96 68.86
360 43.77 159.87 31.71 77.35 62.22
360 128.69 126.06 45.20 110.24 54.73
360 74.23 161.54 25.23 61.54 40.58
360 10.98 162.17 35.65 86.96 40.03
360 322.01 82.83 17.83 43.48 38.99
360 94.66 157.93 56.55 137.93 38.29
360 439.33 73.41 20.00 48.78 36.36
360 68.50 116.52 31.71 77.35 35.91
360 7.77 144.31 25.23 61.54 33.05
360 221.71 229.32 22.47 54.79 25.85
360 369.62 53.23 25.23 61.54 24.05
360 49.62 38.46 25.23 61.54 16.75
360 5.49 63.70 17.83 43.48 14.38
360 591.15 136.92 25.23 61.54 12.28
360 408.11 69.51 20.00 48.78 11.84
390 261.98 178.03 80.85 197.19 121.24
390 416.78 58.36 22.47 54.79 111.98
390 323.75 81.09 17.83 43.48 58.42
390 372.99 61.71 20.00 48.78 50.76
390 46.86 162.97 31.71 77.35 48.00
390 131.04 237.32 20.00 48.78 42.17
390 441.00 55.69 25.23 61.54 39.93
390 129.39 127.32 40.00 97.56 39.08
390 428.69 53.23 25.23 61.54 32.38
390 7.23 60.22 17.83 43.48 32.13
390 461.14 68.91 17.83 43.48 31.64
390 49.62 36.00 25.23 61.54 29.53
390 95.91 172.93 20.00 48.78 28.98
390 70.55 112.44 20.00 48.78 28.46
390 295.77 122.15 25.23 61.54 27.92
390 10.98 162.17 35.65 86.96 26.40
390 407.60 141.65 50.80 123.90 24.34
390 593.62 134.46 25.23 61.54 23.84
390 314.45 75.37 20.00 48.78 21.69
390 9.11 146.03 22.47 54.79 18.94
390 77.05 161.37 22.47 54.79 17.95
390 217.00 223.08 25.23 61.54 9.19
390 88.97 176.74 17.83 43.48 5.91
390 363.54 178.05 40.00 97.56 5.67
390 118.53 175.00 17.83 43.48 4.09
390 232.37 206.32 31.71 77.35 0.60
420 202.83 185.22 71.30 173.91 140.52
420 416.78 58.36 22.47 54.79 81.36
420 296.23 126.30 22.47 54.79 63.37
420 578.83 278.18 63.78 155.55 61.77
420 439.33 69.51 20.00 48.78 60.78
420 129.39 127.32 40.00 97.56 56.97
420 46.86 166.06 31.71 77.35 55.00
420 323.75 81.09 17.83 43.48 53.74
420 58.07 117.25 45.20 110.24 52.00
420 7.77 141.85 25.23 61.54 40.88
420 445.92 53.23 25.23 61.54 40.82
420 367.33 45.86 28.28 68.97 40.06
420 411.17 170.09 45.20 110.24 35.77
420 94.66 152.41 56.55 137.93 30.34
420 571.52 157.39 71.30 173.91 28.30
420 423.36 49.59 22.47 54.79 24.58
420 61.55 152.41 56.55 137.93 23.44
420 482.85 31.08 25.23 61.54 19.89
420 8.41 189.76 40.00 97.56 12.07
420 566.41 228.31 63.78 155.55 10.91
420 363.54 178.05 40.00 97.56 10.43
420 462.81 56.16 22.47 54.79 4.55
420 480.27 70.65 17.83 43.48 2.12
450 507.02 174.42 114.81 280.01 174.89
450 432.69 155.38 126.15 307.69 165.09
450 150.10 190.91 63.78 155.55 99.44
450 85.12 161.44 50.80 123.90 62.74
450 443.75 72.39 17.83 43.48 60.92
450 377.83 141.65 50.80 123.90 57.97
450 413.96 61.71 20.00 48.78 54.41
450 403.62 141.38 56.55 137.93 47.26
450 359.63 170.24 40.00 97.56 46.38
450 4.73 148.22 22.47 54.79 40.93
450 111.21 157.93 56.55 137.93 40.54
450 59.23 116.52 31.71 77.35 37.04
450 22.93 108.28 56.55 137.93 35.74
450 297.29 206.32 31.71 77.35 33.21
450 216.20 203.91 35.65 86.96 23.34
450 421.16 53.97 22.47 54.79 17.80
450 119.86 117.25 45.20 110.24 16.82
450 15.91 46.10 20.00 48.78 13.53
450 433.32 72.39 17.83 43.48 13.48
450 294.04 128.49 22.47 54.79 12.89
450 69.40 153.45 28.28 68.97 12.53
450 458.23 53.23 25.23 61.54 12.08
450 6.16 176.83 20.00 48.78 9.76
450 591.15 134.46 25.23 61.54 6.69
480 277.23 172.65 100.71 245.62 170.31
480 484.56 152.09 114.81 280.01 155.54
480 356.00 182.45 100.71 245.62 144.81
480 69.32 190.91 63.78 155.55 92.15
480 401.62 50.77 25.23 61.54 76.85
480 374.54 50.77 25.23 61.54 73.82
480 439.65 140.93 114.81 280.01 68.10
480 611.85 108.77 22.47 54.79 63.96
480 42.83 157.39 71.30 173.91 50.03
480 384.38 50.77 25.23 61.54 47.96
480 333.09 146.56 80.85 197.19 47.41
480 13.93 117.25 45.20 110.24 46.51
480 254.01 206.32 31.71 77.35 42.95
480 3.75 126.30 17.83 43.48 35.31
480 299.67 141.30 35.65 86.96 33.21
480 103.36 137.26 22.47 54.79 32.85
480 309.84 74.13 17.83 43.48 30.06
480 289.09 69.51 20.00 48.78 27.93
480 175.91 237.32 20.00 48.78 15.71
480 4.73 21.10 22.47 54.79 11.61
510 147.72 152.09 114.81 280.01 207.88
510 21.23 182.45 100.71 245.62 136.48
510 115.34 188.73 89.69 218.76 84.53
510 184.45 53.97 22.47 54.79 74.73
510 425.55 108.77 22.47 54.79 51.80
510 557.00 11.23 31.71 77.35 49.02
510 608.38 8.92 25.23 61.54 29.88
510 583.36 148.22 22.47 54.79 27.98
510 526.37 82.47 22.47 54.79 26.04
510 207.15 50.77 25.23 61.54 20.61
510 197.31 50.77 25.23 61.54 19.97
510 27.67 84.00 89.69 218.76 19.10
510 505.67 5.12 20.00 48.78 18.55
510 160.38 45.85 25.23 61.54 17.95
510 226.85 50.77 25.23 61.54 15.53
510 173.49 51.78 22.47 54.79 14.57
510 482.80 125.81 31.71 77.35 11.36
510 569.37 11.23 31.71 77.35 8.04
540 299.67 116.96 35.65 86.96 101.95
540 346.64 181.10 22.47 54.79 79.11
540 363.54 123.41 40.00 97.56 60.69
540 137.52 95.23 45.20 110.24 57.74
540 216.91 8.13 31.71 77.35 51.17
540 19.74 134.14 28.28 68.97 46.20
540 521.52 15.96 45.20 110.24 45.02
540 273.64 126.80 50.80 123.90 44.33
540 261.14 159.35 17.83 43.48 39.21
540 462.17 17.94 50.80 123.90 36.77
540 357.60 178.90 22.47 54.79 35.83
540 587.72 126.06 45.20 110.24 34.88
540 316.40 284.15 20.00 48.78 34.49
540 232.16 10.00 28.28 68.97 33.64
540 509.86 66.55 89.69 218.76 26.32
540 300.62 7.95 22.47 54.79 22.48
540 233.95 62.47 50.80 123.90 21.82
540 74.76 107.80 40.00 97.56 15.68
540 164.50 52.58 50.80 123.90 14.12
540 433.78 72.68 40.00 97.56 13.10
540 434.32 7.95 22.47 54.79 9.39
540 566.46 14.15 40.00 97.56 8.00
540 172.32 14.15 40.00 97.56 4.48
540 335.68 115.34 22.47 54.79 0.67
570 8.41 154.63 40.00 97.56 76.90
570 12.32 107.80 40.00 97.56 65.00
570 438.54 166.46 25.23 61.54 58.74
570 208.14 15.96 45.20 110.24 48.72
570 425.26 158.97 28.28 68.97 42.82
570 3.75 227.17 17.83 43.48 36.38
570 124.28 11.56 45.20 110.24 33.34
570 170.53 17.42 31.71 77.35 29.90
570 362.01 202.83 17.83 43.48 29.44
570 581.74 162.97 31.71 77.35 28.21
570 452.84 158.97 28.28 68.97 25.92
570 129.77 57.53 50.80 123.90 25.80
570 107.62 63.66 20.00 48.78 18.87
570 265.69 124.83 56.55 137.93 17.66
570 521.81 161.72 28.28 68.97 16.69
570 6.16 59.76 20.00 48.78 12.39
570 488.71 158.97 28.28 68.97 0.40
600 94.18 201.09 17.83 43.48 183.80
600 173.62 153.68 31.71 77.35 87.13
600 33.22 189.86 22.47 54.79 44.64
600 207.63 147.48 31.71 77.35 43.22
600 243.63 159.18 22.47 54.79 36.63
600 52.84 10.00 28.28 68.97 22.99
600 337.49 156.77 31.71 77.35 21.69
600 101.14 201.09 17.83 43.48 17.44
600 269.93 150.41 22.47 54.79 12.26
600 191.85 141.30 35.65 86.96 8.02
630 177.62 171.38 25.23 61.54 47.07
630 7.23 166.30 17.83 43.48 33.77
630 17.41 141.38 56.55 137.93 32.17
630 201.45 144.39 31.71 77.35 18.20
630 519.63 154.63 40.00 97.56 15.14
630 251.47 153.45 28.28 68.97 14.66
630 296.20 137.83 35.65 86.96 14.22
630 384.69 130.46 45.20 110.24 7.39
630 5.95 197.59 28.28 68.97 2.25
660 511.83 158.54 40.00 97.56 44.49
660 133.31 171.38 25.23 61.54 34.64
660 461.12 172.76 28.28 68.97 33.97
660 351.85 141.30 35.65 86.96 30.00
660 5.31 144.31 25.23 61.54 25.87
660 25.58 136.70 50.80 123.90 24.73
660 210.72 150.58 31.71 77.35 23.53
660 254.46 137.83 35.65 86.96 20.03
660 84.08 159.08 25.23 61.54 16.92
690 106.23 168.92 25.23 61.54 40.02
690 579.74 183.79 28.28 68.97 38.30
690 179.81 147.48 31.71 77.35 31.33
690 247.50 134.35 35.65 86.96 27.24
690 557.05 194.25 22.47 54.79 26.94
690 74.69 159.87 31.71 77.35 24.76
690 12.69 114.77 25.23 61.54 24.58
690 457.66 41.09 17.83 43.48 23.94
690 541.71 183.29 22.47 54.79 19.10
690 367.33 164.48 28.28 68.97 14.65
690 214.54 156.62 25.23 61.54 14.16
690 96.38 171.38 25.23 61.54 12.87
720 531.04 190.49 20.00 48.78 178.48
720 185.67 178.78 20.00 48.78 55.80
720 52.84 172.76 28.28 68.97 44.99
720 562.26 188.54 20.00 48.78 44.67
720 538.84 188.54 20.00 48.78 39.86
720 219.46 161.54 25.23 61.54 24.02
720 467.13 12.99 50.80 123.90 21.36
720 244.02 134.35 35.65 86.96 15.26
720 31.58 199.35 17.83 43.48 12.47
750 581.31 183.69 25.23 61.54 231.52
750 556.69 186.15 25.23 61.54 220.48
750 600.89 189.86 22.47 54.79 144.08
750 614.04 187.67 22.47 54.79 130.36
750 571.46 186.15 25.23 61.54 74.06
750 5.49 204.57 17.83 43.48 47.70
750 463.88 10.00 28.28 68.97 39.97
750 439.05 194.83 28.28 68.97 35.92
750 160.54 144.78 35.65 86.96 15.78
750 244.02 137.83 35.65 86.96 13.09
750 353.32 173.26 17.83 43.48 6.70
780 5.95 156.21 28.28 68.97 56.83
780 360.27 176.74 17.83 43.48 52.84
780 234.76 127.32 40.00 97.56 37.77
780 499.01 20.66 80.85 197.19 35.77
780 4.21 83.17 20.00 48.78 33.90
780 131.85 132.88 22.47 54.79 29.07
780 29.57 141.71 20.00 48.78 20.69
780 463.15 186.52 35.65 86.96 19.80
780 73.59 134.35 35.65 86.96 18.48
780 155.46 161.54 25.23 61.54 7.07
810 5.31 104.92 25.23 61.54 73.18
810 365.18 170.98 20.00 48.78 60.92
810 581.31 11.38 25.23 61.54 55.37
810 17.41 47.59 56.55 137.93 53.70
810 535.14 185.48 22.47 54.79 38.85
810 52.72 96.09 35.65 86.96 31.92
810 598.70 178.90 22.47 54.79 27.11
810 192.17 150.58 31.71 77.35 19.17
810 598.80 249.13 35.65 86.96 12.09
810 3.75 140.22 17.83 43.48 1.56
840 10.98 96.09 35.65 86.96 29.48
840 394.91 7.24 28.28 68.97 28.35
840 12.85 135.10 31.71 77.35 27.15
840 374.94 170.98 20.00 48.78 21.58
840 4.73 196.44 22.47 54.79 17.51
840 585.55 124.11 22.47 54.79 10.00
840 320.43 158.97 28.28 68.97 8.34
870 419.74 18.28 28.28 68.97 54.62
870 31.52 151.46 20.00 48.78 32.77
870 525.93 112.84 45.20 110.24 30.41
870 398.53 4.57 17.83 43.48 20.69
870 379.52 167.95 22.47 54.79 17.08
870 99.42 169.16 31.71 77.35 16.78
870 248.71 114.83 28.28 68.97 3.73
900 28.84 178.90 22.47 54.79 101.96
900 466.36 192.39 17.83 43.48 65.08
900 96.38 8.92 25.23 61.54 34.76
900 73.32 187.17 17.83 43.48 33.29
900 145.62 178.77 25.23 61.54 24.46
900 43.75 183.70 17.83 43.48 23.07
900 180.07 170.14 22.47 54.79 21.44
900 85.82 187.67 22.47 54.79 16.67
900 362.83 66.96 71.30 173.91 15.56
930 507.62 190.49 20.00 48.78 126.74
930 168.41 139.02 40.00 97.56 66.17
930 57.33 176.71 22.47 54.79 27.39
930 5.31 181.23 25.23 61.54 24.94
930 47.13 182.68 20.00 48.78 23.59
930 583.77 200.92 25.23 61.54 19.29
930 109.84 192.39 17.83 43.48 14.38
930 134.18 181.96 17.83 43.48 12.85
930 137.66 173.26 17.83 43.48 11.01
930 517.10 130.46 45.20 110.24 9.56
930 79.25 176.71 22.47 54.79 0.83
960 549.31 186.15 25.23 61.54 109.16
960 69.84 4.57 17.83 43.48 60.78
960 502.54 178.77 25.23 61.54 56.62
960 50.09 7.24 28.28 68.97 54.01
960 226.64 156.21 28.28 68.97 43.59
960 612.45 194.13 17.83 43.48 38.69
960 115.05 79.35 17.83 43.48 31.23
960 556.69 196.00 25.23 61.54 30.61
960 3.75 65.43 17.83 43.48 30.38
960 4.73 152.60 22.47 54.79 23.23
960 475.05 185.43 17.83 43.48 17.18
960 47.33 186.55 28.28 68.97 10.31
960 10.98 57.83 35.65 86.96 6.32
990 508.84 181.10 22.47 54.79 143.62
990 9.76 153.68 31.71 77.35 50.97
990 63.90 185.48 22.47 54.79 36.62
990 472.16 172.76 28.28 68.97 28.32
990 386.63 148.26 35.65 86.96 26.40
990 452.45 185.43 17.83 43.48 24.07
990 6.16 83.17 20.00 48.78 20.89
990 418.97 167.95 22.47 54.79 18.61
990 59.52 174.52 22.47 54.79 17.15
990 49.09 188.54 20.00 48.78 17.14
990 38.53 185.43 17.83 43.48 13.18
990 536.20 113.48 35.65 86.96 10.86
1020 588.69 186.15 25.23 61.54 147.61
1020 486.16 184.63 20.00 48.78 87.45
1020 497.62 176.31 25.23 61.54 22.70
1020 3.75 194.13 17.83 43.48 20.82
1020 374.18 161.09 17.83 43.48 17.19
1020 420.00 121.65 45.20 110.24 11.79
1020 452.99 157.32 20.00 48.78 10.76
1020 581.16 172.33 22.47 54.79 10.16
1020 19.82 190.49 20.00 48.78 9.21
1050 578.85 186.15 25.23 61.54 115.31
1050 541.12 181.03 28.28 68.97 85.50
1050 441.81 164.48 28.28 68.97 73.26
1050 410.98 144.78 35.65 86.96 49.55
1050 566.16 202.20 20.00 48.78 47.86
1050 513.22 185.48 22.47 54.79 42.66
1050 620.79 204.15 20.00 48.78 23.80
1050 463.88 158.97 28.28 68.97 23.68
1050 22.76 60.00 45.20 110.24 21.32
1050 80.54 148.26 35.65 86.96 19.85
1050 459.40 61.96 17.83 43.48 16.22
1050 380.79 161.22 20.00 48.78 0.70
1080 465.62 171.38 25.23 61.54 70.59
1080 39.63 146.83 40.00 97.56 39.37
1080 593.78 162.44 40.00 97.56 36.72
1080 477.92 6.46 25.23 61.54 29.93
1080 86.46 21.95 40.00 97.56 27.51
1080 397.93 126.06 45.20 110.24 20.02
1080 9.76 11.23 31.71 77.35 19.50
1080 437.38 188.54 20.00 48.78 17.58
1110 509.92 173.85 25.23 61.54 81.35
1110 449.39 131.22 40.00 97.56 56.54
1110 473.77 25.48 22.47 54.79 38.48
1110 36.29 76.21 28.28 68.97 32.83
1110 337.49 135.10 31.71 77.35 23.60
1110 10.23 136.92 25.23 61.54 22.05
1140 591.85 169.13 35.65 86.96 179.09
1140 8.71 65.17 28.28 68.97 59.63
1140 454.98 166.06 31.71 77.35 31.09
1140 582.50 192.07 28.28 68.97 24.74
1140 3.75 225.43 17.83 43.48 20.19
1170 541.14 175.00 17.83 43.48 68.07
1170 497.93 40.43 35.65 86.96 64.41
1170 507.93 170.24 40.00 97.56 52.75
1170 404.02 116.96 35.65 86.96 43.87
1170 160.38 70.46 25.23 61.54 21.74
1170 377.00 136.92 25.23 61.54 21.35
1170 119.05 136.90 28.28 68.97 11.56
1170 80.87 66.97 31.71 77.35 7.63
1170 488.11 159.27 20.00 48.78 2.72
1170 479.71 11.23 31.71 77.35 0.77
1200 440.89 102.19 22.47 54.79 66.27
1200 576.78 176.71 22.47 54.79 65.08
1200 53.04 159.87 31.71 77.35 36.19
1200 453.29 158.54 40.00 97.56 31.03
1200 185.00 23.69 25.23 61.54 25.28
1200 11.47 15.52 28.28 68.97 8.07
1230 542.74 178.78 20.00 48.78 112.17
1230 74.76 127.32 40.00 97.56 62.48
1230 116.79 175.00 17.83 43.48 55.09
1230 157.67 15.52 28.28 68.97 45.69
1230 85.95 76.21 28.28 68.97 40.10
1230 458.23 173.85 25.23 61.54 39.76
1230 586.23 6.46 25.23 61.54 34.42
1230 458.36 87.24 28.28 68.97 33.08
1230 6.92 58.36 22.47 54.79 29.85
1230 176.98 67.93 28.28 68.97 27.14
1260 560.54 155.22 35.65 86.96 41.52
1260 133.43 8.13 31.71 77.35 39.45
1260 69.32 84.94 63.78 155.55 28.57
1260 45.00 102.76 56.55 137.93 28.39
1260 76.69 8.92 25.23 61.54 25.81
1260 367.33 18.28 28.28 68.97 22.02
1260 474.15 25.71 100.71 245.62 20.45
1260 42.28 64.78 35.65 86.96 7.01
1290 12.85 172.26 31.71 77.35 79.96
1290 6.92 69.32 22.47 54.79 53.87
1290 136.20 50.87 35.65 86.96 52.32
1290 90.08 12.99 50.80 123.90 28.31
1290 74.76 25.85 40.00 97.56 23.96
1290 536.03 130.34 56.55 137.93 16.66
1290 498.06 128.57 63.78 155.55 14.08
1290 410.21 150.41 22.47 54.79 9.65
1290 30.54 17.94 50.80 123.90 5.70
1320 31.83 10.24 40.00 97.56 42.13
1320 3.75 195.87 17.83 43.48 39.02
1320 34.85 176.31 25.23 61.54 36.16
1320 190.48 117.25 45.20 110.24 34.80
1320 530.75 75.89 22.47 54.79 34.05
1320 443.46 129.54 25.23 61.54 33.03
1320 46.37 176.71 22.47 54.79 30.94
1320 113.78 29.76 40.00 97.56 28.89
1320 423.36 148.22 22.47 54.79 27.64
1320 68.29 176.71 22.47 54.79 25.62
1320 8.97 95.00 17.83 43.48 25.14
1320 142.88 178.48 17.83 43.48 18.99
1320 164.73 159.18 22.47 54.79 16.00
1320 499.74 219.66 28.28 68.97 4.87
1350 4.73 178.90 22.47 54.79 69.78
1350 88.97 15.96 45.20 110.24 58.62
1350 113.48 178.78 20.00 48.78 58.56
1350 35.05 188.91 17.83 43.48 56.76
1350 125.49 171.52 17.83 43.48 56.38
1350 454.98 125.81 31.71 77.35 55.77
1350 518.80 12.61 35.65 86.96 54.60
1350 170.06 180.73 20.00 48.78 40.68
1350 4.21 5.12 20.00 48.78 33.87
1350 104.62 180.22 17.83 43.48 33.43
1350 466.99 128.57 63.78 155.55 28.33
1350 371.50 14.32 31.71 77.35 17.70
1350 510.49 153.51 63.78 155.55 11.67
1380 547.73 162.97 31.71 77.35 73.78
1380 142.74 50.00 20.00 48.78 64.58
1380 107.62 172.93 20.00 48.78 35.71
1380 79.25 178.90 22.47 54.79 25.09
1380 45.76 9.13 35.65 86.96 18.45
1380 99.42 17.42 31.71 77.35 16.72
1380 80.54 9.13 35.65 86.96 16.44
1380 453.28 135.86 56.55 137.93 16.37
1380 68.29 36.44 22.47 54.79 15.01
1380 560.43 7.24 28.28 68.97 13.42
1410 25.26 10.00 28.28 68.97 98.85
1410 118.70 34.25 22.47 54.79 62.65
1410 90.21 167.95 22.47 54.79 58.87
1410 599.05 139.66 28.28 68.97 53.41
1410 475.46 13.85 25.23 61.54 39.96
1410 17.87 184.63 20.00 48.78 39.75
1410 74.91 7.24 28.28 68.97 36.92
1410 475.31 107.21 80.85 197.19 13.07
1410 50.75 25.48 22.47 54.79 10.93
1410 134.04 163.56 22.47 54.79 3.53
1410 157.67 150.69 28.28 68.97 0.00
1440 482.53 7.95 22.47 54.79 71.59
1440 174.18 169.78 17.83 43.48 50.84
1440 109.93 18.90 22.47 54.79 43.68
1440 515.87 94.78 71.30 173.91 41.14
1440 66.36 173.26 17.83 43.48 38.42
1440 28.84 5.75 22.47 54.79 35.20
1440 47.13 10.98 20.00 48.78 30.70
1440 27.62 176.83 20.00 48.78 29.33
1440 158.53 173.26 17.83 43.48 28.88
1440 3.75 187.17 17.83 43.48 26.62
1440 165.49 171.52 17.83 43.48 25.34
1440 79.15 166.46 25.23 61.54 18.56
1440 20.07 5.75 22.47 54.79 12.70
1440 146.65 170.98 20.00 48.78 5.39
1440 521.52 11.56 45.20 110.24 3.65
1470 134.18 175.00 17.83 43.48 74.44
1470 69.31 161.54 25.23 61.54 53.58
1470 167.23 168.04 17.83 43.48 46.16
1470 553.70 75.27 89.69 218.76 41.04
1470 52.08 166.46 25.23 61.54 40.96
1470 212.99 169.02 20.00 48.78 36.72
1470 468.60 30.49 20.00 48.78 35.37
1470 4.73 154.79 22.47 54.79 29.51
1470 83.75 171.52 17.83 43.48 27.12
1470 160.27 171.52 17.83 43.48 26.54
1470 406.16 188.54 20.00 48.78 25.49
1470 522.83 87.83 71.30 173.91 19.87
1470 81.62 6.46 25.23 61.54 18.17
1470 480.43 15.52 28.28 68.97 11.75
1470 177.93 134.35 35.65 86.96 11.15
1500 141.14 171.52 17.83 43.48 64.37
1500 44.18 170.14 22.47 54.79 58.39
1500 611.85 38.63 22.47 54.79 54.46
1500 151.58 169.78 17.83 43.48 42.63
1500 105.26 147.93 28.28 68.97 34.63
1500 162.01 168.04 17.83 43.48 32.23
1500 480.34 21.10 22.47 54.79 30.74
1500 131.04 169.02 20.00 48.78 26.18
1500 28.84 176.71 22.47 54.79 22.94
1500 66.65 165.12 20.00 48.78 20.31
1500 35.41 165.75 22.47 54.79 14.15
1500 6.16 165.12 20.00 48.78 13.02
1500 50.75 176.71 22.47 54.79 12.95
1500 96.38 161.54 25.23 61.54 12.56
1500 116.79 58.48 17.83 43.48 12.30
1500 566.36 67.42 50.80 123.90 11.70
1500 591.85 155.22 35.65 86.96 10.37
1530 52.95 163.56 22.47 54.79 69.10
1530 407.23 183.70 17.83 43.48 46.46
1530 485.31 6.46 25.23 61.54 43.49
1530 500.08 6.46 25.23 61.54 35.62
1530 155.05 169.78 17.83 43.48 35.04
1530 149.84 49.78 17.83 43.48 26.71
1530 162.01 173.26 17.83 43.48 22.36
1530 127.23 173.26 17.83 43.48 16.93
1530 93.24 147.48 31.71 77.35 16.53
1530 84.21 51.95 20.00 48.78 10.58
1530 44.57 45.86 28.28 68.97 8.54
1560 17.62 161.54 25.23 61.54 77.82
1560 43.23 165.12 20.00 48.78 67.82
1560 125.49 175.00 17.83 43.48 67.31
1560 108.10 171.52 17.83 43.48 66.60
1560 412.40 176.71 22.47 54.79 59.47
1560 101.14 171.52 17.83 43.48 57.95
1560 27.46 161.54 25.23 61.54 54.66
1560 158.53 175.00 17.83 43.48 43.68
1560 132.99 170.98 20.00 48.78 32.55
1560 393.59 134.35 35.65 86.96 31.77
1560 12.45 65.43 17.83 43.48 16.51
1560 52.08 151.69 25.23 61.54 15.67
1560 212.95 163.56 22.47 54.79 9.35
1560 61.14 48.04 17.83 43.48 4.51
1590 9.11 167.95 22.47 54.79 82.09
1590 17.66 44.57 17.83 43.48 73.73
1590 414.18 180.22 17.83 43.48 50.90
1590 54.54 154.15 25.23 61.54 30.57
1590 113.62 156.62 25.23 61.54 28.05
1590 150.55 170.98 20.00 48.78 22.13
1590 162.52 66.23 63.78 155.55 18.89
1590 490.06 10.98 20.00 48.78 18.86
1590 84.21 7.07 20.00 48.78 18.52
1590 140.62 172.33 22.47 54.79 15.07
1590 497.87 7.07 20.00 48.78 13.08
1590 50.09 7.24 28.28 68.97 10.66
1590 440.27 169.78 17.83 43.48 7.99
1590 20.08 8.92 25.23 61.54 7.88
1590 66.64 150.69 28.28 68.97 6.85
1590 15.15 144.31 25.23 61.54 6.80
1590 95.91 170.98 20.00 48.78 2.22
1620 501.77 5.12 20.00 48.78 68.40
1620 16.98 142.41 28.28 68.97 51.24
1620 410.71 183.70 17.83 43.48 46.17
1620 49.09 170.98 20.00 48.78 39.32
1620 493.96 5.12 20.00 48.78 34.19
1620 108.69 168.92 25.23 61.54 34.04
1620 511.52 5.12 20.00 48.78 24.21
1620 532.45 237.61 17.83 43.48 19.74
1620 362.62 130.46 45.20 110.24 14.97
1620 442.01 169.78 17.83 43.48 13.98
1620 8.11 40.24 20.00 48.78 9.77
1620 78.53 178.48 17.83 43.48 9.24
1620 527.13 7.07 20.00 48.78 4.71
1650 98.85 159.08 25.23 61.54 53.39
1650 130.71 176.74 17.83 43.48 47.16
1650 173.49 82.47 22.47 54.79 39.77
1650 393.52 121.65 45.20 110.24 37.90
1650 144.62 173.26 17.83 43.48 25.96
1650 5.95 145.17 28.28 68.97 25.47
1650 429.57 172.93 20.00 48.78 20.44
1650 69.31 173.85 25.23 61.54 5.32
1680 91.47 156.21 28.28 68.97 82.02
1680 76.40 167.07 20.00 48.78 59.40
1680 387.12 31.64 89.69 218.76 58.29
1680 16.22 127.32 40.00 97.56 42.99
1680 532.45 178.48 17.83 43.48 33.70
1680 70.55 174.88 20.00 48.78 26.63
1680 131.04 167.07 20.00 48.78 22.40
1680 165.31 77.85 25.23 61.54 20.92
1680 492.69 178.77 25.23 61.54 14.60
1680 539.40 180.22 17.83 43.48 13.97
1680 30.54 102.06 50.80 123.90 13.89
1710 572.40 176.71 22.47 54.79 173.67
1710 528.97 181.96 17.83 43.48 72.39
1710 5.49 169.78 17.83 43.48 56.98
1710 404.02 134.35 35.65 86.96 55.42
1710 72.50 169.02 20.00 48.78 41.55
1710 71.59 119.61 31.71 77.35 36.85
1710 54.94 169.02 20.00 48.78 29.69
1710 436.79 166.30 17.83 43.48 19.57
1710 5.49 15.00 17.83 43.48 18.68
1710 149.40 73.45 28.28 68.97 18.03
1710 136.89 182.68 20.00 48.78 16.59
1740 532.08 176.31 25.23 61.54 202.60
1740 598.70 181.10 22.47 54.79 73.00
1740 412.01 174.88 20.00 48.78 68.23
1740 587.62 182.68 20.00 48.78 60.82
1740 15.92 173.26 17.83 43.48 54.57
1740 31.58 169.78 17.83 43.48 52.27
1740 516.81 159.87 31.71 77.35 39.33
1740 371.45 117.25 45.20 110.24 39.30
1740 94.59 170.14 22.47 54.79 34.30
1740 504.62 183.70 17.83 43.48 30.40
1740 611.04 182.68 20.00 48.78 30.31
1740 466.63 162.17 35.65 86.96 27.91
1740 408.97 164.57 17.83 43.48 19.29
1740 43.75 162.83 17.83 43.48 14.08
1740 68.10 176.74 17.83 43.48 8.50
1770 578.85 176.31 25.23 61.54 137.45
1770 488.99 166.06 31.71 77.35 110.56
1770 554.23 176.31 25.23 61.54 92.37
1770 588.69 176.31 25.23 61.54 77.95
1770 569.00 178.77 25.23 61.54 70.33
1770 546.36 187.17 17.83 43.48 63.99
1770 41.28 170.98 20.00 48.78 53.99
1770 333.09 36.39 80.85 197.19 41.77
1770 475.96 154.79 22.47 54.79 38.27
1770 442.28 158.70 35.65 86.96 37.23
1770 475.96 181.10 22.47 54.79 34.40
1770 27.46 161.54 25.23 61.54 23.82
1770 62.48 174.50 45.20 110.24 5.62
1800 524.69 168.92 25.23 61.54 156.06
1800 486.92 176.71 22.47 54.79 138.02
1800 514.85 168.92 25.23 61.54 82.84
1800 416.98 172.76 28.28 68.97 65.54
1800 495.15 176.31 25.23 61.54 57.47
1800 313.32 159.35 17.83 43.48 49.70
1800 377.83 131.75 50.80 123.90 42.07
1800 281.59 127.32 40.00 97.56 35.45
1800 15.91 159.27 20.00 48.78 27.08
1800 478.15 176.71 22.47 54.79 5.73
1830 466.64 170.00 28.28 68.97 147.14
1830 418.85 176.31 25.23 61.54 120.88
1830 316.71 162.44 40.00 97.56 98.74
1830 433.53 172.76 28.28 68.97 93.61
1830 237.67 158.97 28.28 68.97 66.50
1830 354.85 176.31 25.23 61.54 62.82
1830 444.57 170.00 28.28 68.97 62.78
1830 124.57 156.21 28.28 68.97 58.49
1830 81.44 316.99 22.47 54.79 55.89
1830 352.38 149.23 25.23 61.54 38.98
1830 455.60 167.24 28.28 68.97 35.55
1830 194.90 117.25 45.20 110.24 24.26
1830 605.18 235.37 20.00 48.78 21.20
1830 3.75 55.00 17.83 43.48 17.35
1830 108.70 159.87 31.71 77.35 13.70
1830 566.16 112.44 20.00 48.78 6.11
