30 482.01 171.52 17.83 43.48 105.72
30 402.42 150.58 31.71 77.35 26.66
30 190.78 136.90 28.28 68.97 22.28
30 247.23 161.09 17.83 43.48 19.11
30 160.61 119.51 40.00 97.56 16.20
30 141.12 147.93 28.28 68.97 11.64
30 8.97 194.13 17.83 43.48 2.26
30 473.77 91.23 22.47 54.79 1.30
60 535.14 167.95 22.47 54.79 39.80
60 130.71 180.22 17.83 43.48 35.82
60 95.92 126.30 17.83 43.48 11.69
60 491.47 153.45 28.28 68.97 5.86
90 527.44 10.24 40.00 97.56 72.49
90 597.38 176.83 20.00 48.78 61.69
90 600.89 189.86 22.47 54.79 58.08
90 62.88 121.09 17.83 43.48 41.43
90 462.81 5.75 22.47 54.79 29.05
90 111.03 112.84 45.20 110.24 23.12
90 355.43 10.98 20.00 48.78 22.93
90 447.33 183.79 28.28 68.97 16.69
90 5.49 114.13 17.83 43.48 15.40
90 565.95 15.52 28.28 68.97 12.47
90 57.00 85.23 25.23 61.54 6.88
90 155.07 144.39 31.71 77.35 2.89
120 416.38 178.77 25.23 61.54 66.45
120 508.84 170.14 22.47 54.79 55.57
120 94.66 102.76 56.55 137.93 44.76
120 60.79 120.24 20.00 48.78 44.47
120 52.99 180.73 20.00 48.78 36.81
120 529.13 215.84 63.78 155.55 28.80
120 425.26 181.03 28.28 68.97 14.53
120 29.92 114.77 25.23 61.54 11.66
120 303.48 141.29 31.71 77.35 5.24
120 420.00 108.44 45.20 110.24 2.27
150 445.49 170.24 40.00 97.56 120.02
150 106.36 180.22 17.83 43.48 69.62
150 298.23 176.31 25.23 61.54 65.43
150 571.47 167.24 28.28 68.97 44.75
150 215.92 166.30 17.83 43.48 40.95
150 461.10 170.24 40.00 97.56 35.45
150 11.47 92.76 28.28 68.97 35.06
150 595.05 187.17 17.83 43.48 14.69
150 129.39 119.51 40.00 97.56 12.67
150 19.74 101.03 28.28 68.97 10.28
180 566.41 172.21 63.78 155.55 158.48
180 350.78 175.52 28.28 68.97 119.82
180 553.59 190.00 35.65 86.96 64.33
180 215.14 163.56 22.47 54.79 51.55
180 339.74 172.76 28.28 68.97 44.37
180 541.55 197.03 31.71 77.35 35.43
180 8.11 73.41 20.00 48.78 29.22
180 66.65 184.63 20.00 48.78 26.07
180 125.49 131.22 40.00 97.56 22.71
180 456.20 162.17 35.65 86.96 9.87
180 495.03 200.92 45.20 110.24 2.41
210 343.67 178.45 31.71 77.35 152.22
210 327.50 165.65 35.65 86.96 50.83
210 510.63 193.94 31.71 77.35 48.85
210 522.72 193.77 80.85 197.19 33.73
210 6.67 60.77 31.71 77.35 31.78
210 191.52 172.93 20.00 48.78 27.06
210 198.80 134.35 35.65 86.96 9.19
240 317.67 186.55 28.28 68.97 111.53
240 171.30 176.71 22.47 54.79 41.48
240 180.08 173.85 25.23 61.54 40.12
240 10.06 188.54 20.00 48.78 28.41
240 443.08 93.42 22.47 54.79 21.73
240 160.38 168.92 25.23 61.54 15.08
270 312.80 166.34 40.00 97.56 121.28
270 301.12 186.55 28.28 68.97 47.84
270 5.49 114.13 17.83 43.48 45.14
270 33.97 113.79 56.55 137.93 40.08
270 473.59 179.57 35.65 86.96 35.14
270 12.32 107.80 40.00 97.56 32.63
270 91.47 170.00 28.28 68.97 32.12
270 112.12 187.67 22.47 54.79 27.64
270 599.33 5.12 20.00 48.78 19.62
270 3.75 101.96 17.83 43.48 11.91
300 298.23 186.15 25.23 61.54 123.05
300 199.79 172.33 22.47 54.79 56.87
300 72.16 186.55 28.28 68.97 41.75
300 611.04 5.12 20.00 48.78 36.98
300 583.77 6.46 25.23 61.54 32.08
300 569.00 164.00 25.23 61.54 31.51
300 507.46 8.92 25.23 61.54 31.07
300 308.90 162.44 40.00 97.56 25.72
300 337.41 97.24 56.55 137.93 25.42
300 597.38 7.07 20.00 48.78 18.66
300 418.48 94.78 71.30 173.91 18.10
300 289.66 192.05 22.47 54.79 17.90
300 24.45 154.79 22.47 54.79 12.08
300 7.50 110.00 35.65 86.96 0.25
330 295.77 186.15 25.23 61.54 118.37
330 285.92 181.23 25.23 61.54 35.63
330 503.86 170.09 45.20 110.24 35.02
330 22.76 20.37 45.20 110.24 30.67
330 406.54 144.31 25.23 61.54 19.07
330 328.41 131.22 40.00 97.56 18.67
330 15.15 205.85 25.23 61.54 18.25
330 428.37 78.70 35.65 86.96 18.10
330 3.75 225.43 17.83 43.48 17.58
330 614.04 176.71 22.47 54.79 14.47
330 457.21 22.89 50.80 123.90 14.38
330 313.00 164.00 25.23 61.54 7.02
330 443.08 170.14 22.47 54.79 6.12
360 307.19 187.67 22.47 54.79 89.24
360 493.85 25.71 100.71 245.62 75.38
360 59.52 89.04 22.47 54.79 65.24
360 187.46 168.92 25.23 61.54 57.42
360 459.72 134.86 45.20 110.24 47.48
360 5.95 181.03 28.28 68.97 42.92
360 468.55 11.56 45.20 110.24 41.16
360 298.42 189.86 22.47 54.79 36.47
360 419.40 173.26 17.83 43.48 35.23
360 342.88 35.87 17.83 43.48 28.72
360 140.62 159.18 22.47 54.79 25.05
360 318.94 11.23 31.71 77.35 24.53
360 607.33 170.00 28.28 68.97 22.47
360 407.50 9.13 35.65 86.96 17.86
360 285.18 20.73 20.00 48.78 6.52
390 309.66 169.16 31.71 77.35 93.05
390 515.41 187.67 22.47 54.79 54.83
390 462.81 178.90 22.47 54.79 42.56
390 443.75 15.00 17.83 43.48 28.10
390 408.11 170.98 20.00 48.78 24.71
390 110.78 158.97 28.28 68.97 21.26
390 6.16 161.22 20.00 48.78 16.84
390 179.81 166.06 31.71 77.35 12.32
390 430.78 147.93 28.28 68.97 11.04
390 217.33 176.71 22.47 54.79 8.97
420 601.81 189.31 28.28 68.97 78.34
420 315.85 159.87 31.71 77.35 68.09
420 327.31 134.86 45.20 110.24 36.75
420 7.50 169.13 35.65 86.96 21.64
420 584.83 184.65 31.71 77.35 19.63
420 158.53 161.09 17.83 43.48 8.94
420 74.23 149.23 25.23 61.54 5.75
450 309.66 159.87 31.71 77.35 69.49
450 19.03 147.48 31.71 77.35 46.35
450 338.14 102.06 50.80 123.90 36.24
450 436.43 153.68 31.71 77.35 36.07
450 297.29 156.77 31.71 77.35 34.39
450 455.77 144.31 25.23 61.54 33.79
450 223.90 192.05 22.47 54.79 32.88
450 325.31 168.92 25.23 61.54 26.91
450 117.68 131.22 40.00 97.56 24.21
450 74.69 184.65 31.71 77.35 23.70
450 581.74 51.48 31.71 77.35 19.01
450 515.43 170.98 20.00 48.78 16.03
450 587.92 181.55 31.71 77.35 14.80
450 622.88 44.57 17.83 43.48 10.80
480 472.80 123.41 40.00 97.56 91.98
480 14.18 183.70 17.83 43.48 78.48
480 461.10 139.02 40.00 97.56 73.53
480 22.76 126.06 45.20 110.24 50.93
480 159.59 148.07 45.20 110.24 42.62
480 3.75 185.43 17.83 43.48 18.86
480 257.66 169.78 17.83 43.48 12.32
480 313.59 148.26 35.65 86.96 8.06
510 570.37 131.22 40.00 97.56 45.30
510 365.18 5.12 20.00 48.78 33.50
510 530.34 90.83 45.20 110.24 31.46
510 302.88 175.00 17.83 43.48 29.38
510 4.21 165.12 20.00 48.78 28.83
510 18.90 101.45 89.69 218.76 28.57
510 193.22 156.99 22.47 54.79 22.76
510 486.98 116.91 50.80 123.90 20.15
510 521.28 50.00 20.00 48.78 18.82
540 141.14 178.48 17.83 43.48 64.83
540 308.08 156.62 25.23 61.54 49.01
540 27.17 104.04 45.20 110.24 26.12
540 164.73 163.56 22.47 54.79 19.93
540 144.70 16.83 20.00 48.78 16.49
540 567.50 148.26 35.65 86.96 16.05
540 449.66 148.22 22.47 54.79 6.71
540 408.97 173.26 17.83 43.48 1.83
570 305.62 134.46 25.23 61.54 80.71
570 544.38 112.31 25.23 61.54 28.36
570 152.80 100.00 40.00 97.56 21.81
570 415.91 153.41 20.00 48.78 21.08
570 185.00 127.08 25.23 61.54 20.63
570 109.92 82.27 50.80 123.90 13.99
600 102.88 175.00 17.83 43.48 77.58
600 300.69 151.69 25.23 61.54 71.84
600 95.92 178.48 17.83 43.48 48.78
600 473.53 141.29 31.71 77.35 45.39
600 25.00 171.38 25.23 61.54 44.47
600 502.54 161.54 25.23 61.54 38.07
600 551.47 97.11 50.80 123.90 24.61
600 130.85 141.85 25.23 61.54 22.65
600 419.82 163.17 20.00 48.78 18.47
600 86.16 130.00 20.00 48.78 11.80
630 46.86 147.48 31.71 77.35 93.04
630 534.54 171.38 25.23 61.54 80.11
630 597.68 107.80 40.00 97.56 47.09
630 59.23 144.39 31.71 77.35 41.13
630 313.32 176.74 17.83 43.48 40.28
630 254.46 127.39 35.65 86.96 38.68
630 458.84 161.22 20.00 48.78 29.96
630 102.51 138.19 31.71 77.35 27.56
630 332.69 151.69 25.23 61.54 24.24
630 92.40 159.18 22.47 54.79 21.68
630 76.69 154.15 25.23 61.54 21.35
630 475.05 166.30 17.83 43.48 21.04
630 30.78 153.45 28.28 68.97 18.54
630 513.72 128.90 31.71 77.35 18.40
630 127.25 144.39 31.71 77.35 16.90
630 591.58 46.30 17.83 43.48 15.15
660 612.84 167.24 28.28 68.97 110.03
660 56.20 141.30 35.65 86.96 60.62
660 560.54 123.91 35.65 86.96 60.52
660 456.89 180.73 20.00 48.78 51.38
660 485.49 176.74 17.83 43.48 37.63
660 328.71 153.45 28.28 68.97 37.12
660 109.88 135.12 40.00 97.56 35.28
660 584.83 144.39 31.71 77.35 34.58
660 494.22 147.93 28.28 68.97 32.60
660 15.94 156.77 31.71 77.35 29.06
660 44.57 156.21 28.28 68.97 16.33
660 468.08 164.00 25.23 61.54 4.78
660 141.12 164.48 28.28 68.97 3.08
690 508.84 178.90 22.47 54.79 169.05
690 493.96 180.73 20.00 48.78 75.05
690 541.71 176.71 22.47 54.79 52.98
690 484.21 184.63 20.00 48.78 42.09
690 465.00 187.67 22.47 54.79 36.76
690 8.41 18.05 40.00 97.56 32.12
690 501.77 182.68 20.00 48.78 27.16
690 78.53 195.87 17.83 43.48 20.09
690 191.52 155.37 20.00 48.78 17.80
690 315.34 102.76 56.55 137.93 17.71
690 268.69 146.77 25.23 61.54 13.04
690 21.41 151.74 35.65 86.96 11.41
720 593.53 178.28 28.28 68.97 245.92
720 574.22 181.03 28.28 68.97 85.48
720 331.30 156.77 31.71 77.35 55.11
720 4.21 100.73 20.00 48.78 43.18
720 111.79 162.97 31.71 77.35 35.05
720 269.57 141.71 20.00 48.78 24.39
720 515.05 201.09 17.83 43.48 19.34
720 572.01 28.54 20.00 48.78 16.30
720 458.36 131.38 28.28 68.97 1.66
750 424.89 165.65 35.65 86.96 45.91
750 59.15 162.44 40.00 97.56 45.46
750 243.88 121.86 50.80 123.90 37.82
750 548.00 104.04 45.20 110.24 31.63
750 410.71 197.61 17.83 43.48 15.66
750 464.14 112.84 45.20 110.24 6.99
780 4.73 192.05 22.47 54.79 67.92
780 485.89 197.03 31.71 77.35 60.86
780 84.02 158.70 35.65 86.96 58.52
780 13.93 148.07 45.20 110.24 45.59
780 495.00 80.87 71.30 173.91 41.85
780 230.11 176.09 35.65 86.96 35.82
780 461.12 194.83 28.28 68.97 34.64
780 324.73 174.52 22.47 54.79 31.97
780 83.19 117.59 28.28 68.97 29.09
780 51.34 154.63 40.00 97.56 26.35
810 77.07 193.48 35.65 86.96 78.80
810 530.62 130.82 80.85 197.19 48.23
810 539.46 8.92 25.23 61.54 45.32
810 102.81 29.30 114.81 280.01 35.66
810 481.79 183.30 45.20 110.24 20.26
810 90.21 64.93 22.47 54.79 19.90
840 193.48 180.73 20.00 48.78 53.08
840 436.29 183.79 28.28 68.97 52.91
840 128.69 134.86 45.20 110.24 46.64
840 44.83 209.72 45.20 110.24 44.73
840 570.21 108.77 22.47 54.79 38.38
840 426.36 204.57 17.83 43.48 27.48
840 448.79 184.65 31.71 77.35 19.60
840 458.42 154.79 22.47 54.79 14.87
840 78.53 194.13 17.83 43.48 5.28
870 5.31 191.08 25.23 61.54 81.10
870 13.93 134.86 45.20 110.24 43.36
870 464.25 197.03 31.71 77.35 41.97
870 544.93 22.91 89.69 218.76 32.71
870 236.40 178.78 20.00 48.78 27.19
870 320.34 172.33 22.47 54.79 26.95
870 523.75 82.83 17.83 43.48 21.86
870 47.15 146.77 25.23 61.54 21.63
870 467.34 97.94 31.71 77.35 18.85
870 513.97 185.52 56.55 137.93 18.46
870 600.89 279.73 22.47 54.79 7.81
900 166.92 174.52 22.47 54.79 93.85
900 543.90 126.30 22.47 54.79 74.44
900 510.63 60.77 31.71 77.35 59.32
900 41.28 196.34 20.00 48.78 55.07
900 486.92 218.36 22.47 54.79 54.02
900 572.40 126.30 22.47 54.79 41.23
900 20.07 194.25 22.47 54.79 30.74
900 556.83 192.11 45.20 110.24 28.76
900 398.66 127.32 40.00 97.56 23.73
900 516.74 166.39 50.80 123.90 21.15
900 328.71 7.24 28.28 68.97 20.73
900 10.06 83.17 20.00 48.78 15.32
900 195.41 172.33 22.47 54.79 10.22
900 561.44 119.73 22.47 54.79 4.31
930 563.75 46.30 17.83 43.48 64.91
930 415.59 126.06 45.20 110.24 49.32
930 8.11 178.78 20.00 48.78 44.87
930 38.53 190.65 17.83 43.48 41.15
930 581.14 166.30 17.83 43.48 21.66
930 109.93 187.67 22.47 54.79 20.06
960 425.69 102.76 56.55 137.93 61.07
960 10.71 155.87 17.83 43.48 43.52
960 527.15 161.54 25.23 61.54 33.36
960 165.95 167.24 28.28 68.97 24.26
960 93.38 143.67 45.20 110.24 21.33
960 318.53 178.48 17.83 43.48 14.37
960 61.55 102.76 56.55 137.93 8.95
960 519.33 176.83 20.00 48.78 0.37
990 195.41 163.56 22.47 54.79 77.50
990 588.37 148.26 35.65 86.96 55.88
990 575.92 185.43 17.83 43.48 47.51
990 150.54 164.00 25.23 61.54 40.14
990 61.55 119.31 56.55 137.93 38.86
990 474.45 180.73 20.00 48.78 38.52
990 568.11 176.83 20.00 48.78 33.20
990 32.04 109.87 63.78 155.55 18.38
990 551.58 183.70 17.83 43.48 15.57
990 21.14 152.39 17.83 43.48 11.57
990 528.97 187.17 17.83 43.48 9.39
990 332.01 9.02 20.00 48.78 0.99
1020 3.75 185.43 17.83 43.48 95.16
1020 183.72 165.12 20.00 48.78 42.92
1020 15.91 184.63 20.00 48.78 31.69
1020 40.68 125.81 31.71 77.35 29.43
1020 459.51 75.74 80.85 197.19 26.15
1020 599.05 178.28 28.28 68.97 22.66
1020 75.72 126.06 45.20 110.24 16.72
1020 127.23 188.91 17.83 43.48 7.58
1020 431.21 119.31 56.55 137.93 5.96
1050 22.76 121.65 45.20 110.24 54.31
1050 125.27 141.64 22.47 54.79 52.05
1050 84.02 130.87 35.65 86.96 40.12
1050 519.33 235.37 20.00 48.78 29.72
1050 579.82 10.98 20.00 48.78 25.44
1050 573.96 5.12 20.00 48.78 22.00
1050 125.49 173.26 17.83 43.48 21.06
1050 532.99 114.39 20.00 48.78 14.68
1050 461.16 166.06 31.71 77.35 7.70
1080 39.79 167.95 22.47 54.79 87.92
1080 6.67 166.06 31.71 77.35 39.26
1080 31.58 176.74 17.83 43.48 32.00
1080 75.19 107.01 50.80 123.90 0.60
1110 443.75 147.17 17.83 43.48 69.00
1110 113.32 135.00 17.83 43.48 40.88
1110 91.46 193.54 25.23 61.54 40.85
1110 171.47 175.52 28.28 68.97 19.78
1140 528.56 183.29 22.47 54.79 33.97
1140 539.17 178.90 45.20 110.24 10.10
1170 382.88 181.96 17.83 43.48 61.47
1170 46.86 166.06 31.71 77.35 60.43
1170 587.92 125.81 31.71 77.35 45.93
1170 7.50 78.70 35.65 86.96 36.41
1170 443.75 206.30 17.83 43.48 22.07
1170 565.49 148.91 17.83 43.48 14.39
1170 59.67 162.17 35.65 86.96 12.24
1200 508.02 120.34 28.28 68.97 50.42
1200 3.75 202.83 17.83 43.48 48.32
1200 179.82 178.78 20.00 48.78 40.99
1200 424.41 148.07 45.20 110.24 39.00
1200 456.23 203.01 22.47 54.79 9.37
1200 15.00 87.83 71.30 173.91 6.43
1230 401.44 181.10 22.47 54.79 62.41
1230 431.15 183.69 25.23 61.54 52.27
1230 583.31 15.96 45.20 110.24 40.80
1230 197.38 186.59 20.00 48.78 28.11
1230 551.77 159.08 25.23 61.54 23.09
1230 4.21 124.15 20.00 48.78 10.46
1230 23.72 159.27 20.00 48.78 8.84
1230 487.77 208.31 25.23 61.54 3.41
1260 414.46 165.65 35.65 86.96 112.02
1260 382.88 183.70 17.83 43.48 85.73
1260 456.89 186.59 20.00 48.78 62.85
1260 174.18 162.83 17.83 43.48 50.70
1260 167.23 164.57 17.83 43.48 46.01
1260 538.36 114.83 28.28 68.97 20.34
1260 5.95 214.14 28.28 68.97 2.75
1290 445.70 172.26 31.71 77.35 181.87
1290 381.71 178.90 22.47 54.79 74.75
1290 230.48 172.33 22.47 54.79 41.06
1290 581.14 56.74 17.83 43.48 23.08
1290 141.14 159.35 17.83 43.48 9.39
1320 482.02 161.44 50.80 123.90 159.78
1320 550.48 185.48 22.47 54.79 124.88
1320 388.29 183.29 22.47 54.79 97.15
1320 221.71 170.14 22.47 54.79 63.88
1320 115.33 148.26 35.65 86.96 53.73
1320 102.88 209.78 17.83 43.48 19.17
1320 435.92 103.64 63.78 155.55 16.04
1320 212.95 167.95 22.47 54.79 15.23
1320 14.22 125.86 28.28 68.97 5.67
1350 17.66 195.87 17.83 43.48 128.14
1350 554.32 130.82 80.85 197.19 126.28
1350 5.49 197.61 17.83 43.48 114.31
1350 400.43 178.28 28.28 68.97 108.89
1350 116.29 153.45 28.28 68.97 92.65
1350 353.22 172.33 22.47 54.79 41.53
1350 55.35 136.70 50.80 123.90 41.00
1350 421.77 192.44 20.00 48.78 35.18
1350 601.59 10.24 40.00 97.56 20.04
1350 536.20 200.43 35.65 86.96 13.49
1350 326.92 172.33 22.47 54.79 12.27
1380 433.33 172.26 31.71 77.35 94.13
1380 90.98 141.30 35.65 86.96 38.08
1380 604.57 40.34 28.28 68.97 35.50
1380 367.13 176.83 20.00 48.78 28.99
1380 4.21 206.10 20.00 48.78 16.83
1410 445.49 162.44 40.00 97.56 141.10
1410 368.56 172.33 22.47 54.79 44.34
1410 4.73 130.68 22.47 54.79 40.93
1410 24.94 60.00 80.85 197.19 23.82
1410 562.22 20.66 80.85 197.19 20.85
1410 414.59 170.14 22.47 54.79 20.24
1410 201.99 167.95 22.47 54.79 16.99
1410 168.71 172.76 28.28 68.97 5.53
1410 75.53 122.34 63.78 155.55 0.82
1440 433.24 161.28 45.20 110.24 140.19
1440 72.50 188.54 20.00 48.78 112.34
1440 127.33 158.97 28.28 68.97 64.59
1440 598.80 183.04 35.65 86.96 59.49
1440 585.26 181.03 28.28 68.97 56.51
1440 572.01 200.24 20.00 48.78 31.92
1440 64.62 197.61 17.83 43.48 29.88
1440 147.19 163.56 22.47 54.79 27.48
1440 346.64 174.52 22.47 54.79 25.90
1440 52.45 56.74 17.83 43.48 25.76
1440 408.71 153.45 28.28 68.97 24.06
1440 363.54 127.32 40.00 97.56 23.38
1440 104.89 144.78 35.65 86.96 23.10
1440 328.41 60.98 40.00 97.56 21.93
1440 20.12 111.71 40.00 97.56 21.07
1440 4.73 150.41 22.47 54.79 6.52
1470 464.31 146.90 56.55 137.93 164.89
1470 9.76 162.97 31.71 77.35 49.75
1470 136.20 151.74 35.65 86.96 42.55
1470 402.56 139.02 40.00 97.56 35.50
1500 564.57 143.48 71.30 173.91 160.45
1500 42.01 188.91 17.83 43.48 91.16
1500 541.92 183.69 25.23 61.54 89.05
1500 449.09 182.68 20.00 48.78 81.40
1500 59.67 148.26 35.65 86.96 72.46
1500 19.03 156.77 31.71 77.35 52.27
1500 19.74 192.07 28.28 68.97 39.35
1500 551.77 181.23 25.23 61.54 35.33
1500 337.62 168.92 25.23 61.54 34.12
1500 3.75 187.17 17.83 43.48 26.67
1500 80.54 141.30 35.65 86.96 12.47
1530 480.34 178.90 22.47 54.79 82.56
1530 159.59 156.88 45.20 110.24 66.53
1530 66.85 196.00 25.23 61.54 40.34
1530 331.30 162.97 31.71 77.35 26.31
1530 236.40 170.98 20.00 48.78 13.36
1530 363.23 5.12 20.00 48.78 7.08
1560 526.09 162.97 31.71 77.35 101.87
1560 326.16 174.88 20.00 48.78 95.94
1560 602.01 56.74 17.83 43.48 38.25
1560 139.61 150.58 31.71 77.35 26.77
1560 617.66 51.52 17.83 43.48 24.20
1560 47.44 135.12 40.00 97.56 21.39
1560 109.84 180.22 17.83 43.48 19.97
1560 593.78 131.22 40.00 97.56 19.40
1560 541.92 178.77 25.23 61.54 7.84
1560 457.21 111.96 50.80 123.90 2.30
1590 312.50 169.02 20.00 48.78 99.70
1590 226.36 148.91 17.83 43.48 64.62
1590 9.76 169.16 31.71 77.35 58.93
1590 19.74 120.34 28.28 68.97 37.55
1590 116.29 134.14 28.28 68.97 32.01
1590 6.67 122.71 31.71 77.35 19.98
1590 139.40 138.48 17.83 43.48 19.38
1590 74.69 104.13 31.71 77.35 19.15
1590 414.59 183.29 22.47 54.79 17.54
1590 529.09 198.29 20.00 48.78 14.33
1590 236.40 149.51 20.00 48.78 12.44
1620 340.07 161.37 22.47 54.79 121.72
1620 3.75 58.48 17.83 43.48 49.96
1620 31.03 244.66 22.47 54.79 43.08
1620 366.37 141.64 22.47 54.79 40.95
1620 485.95 109.31 28.28 68.97 25.98
1620 10.98 103.04 35.65 86.96 25.89
1620 97.93 113.48 35.65 86.96 17.94
1650 367.44 139.02 40.00 97.56 75.95
1650 614.94 5.12 20.00 48.78 73.70
1650 531.34 92.20 40.00 97.56 58.26
1650 129.24 130.87 35.65 86.96 51.66
1650 119.05 142.41 28.28 68.97 50.79
1650 421.16 5.75 22.47 54.79 41.02
1650 52.84 172.76 28.28 68.97 27.15
1650 334.22 136.90 28.28 68.97 23.53
1650 221.92 146.77 25.23 61.54 22.30
1650 522.28 36.96 35.65 86.96 15.24
1650 603.08 7.95 22.47 54.79 6.96
1650 496.98 81.72 28.28 68.97 3.14
1680 378.36 172.76 28.28 68.97 96.31
1680 4.21 184.63 20.00 48.78 87.67
1680 449.24 127.39 35.65 86.96 61.63
1680 217.33 150.41 22.47 54.79 60.07
1680 35.50 111.96 50.80 123.90 51.03
1680 577.93 12.61 35.65 86.96 48.34
1680 84.55 117.25 45.20 110.24 31.23
1680 462.17 97.11 50.80 123.90 31.14
1680 228.29 152.60 22.47 54.79 30.98
1680 187.62 174.88 20.00 48.78 26.99
1680 554.76 10.24 40.00 97.56 22.04
1680 349.38 148.07 45.20 110.24 21.25
1680 156.71 135.12 40.00 97.56 9.87
1710 484.21 182.68 20.00 48.78 77.62
1710 423.72 178.78 20.00 48.78 76.37
1710 371.34 146.83 40.00 97.56 74.28
1710 212.08 154.15 25.23 61.54 67.65
1710 461.14 173.26 17.83 43.48 48.56
1710 155.07 144.39 31.71 77.35 20.15
1710 9.52 104.04 45.20 110.24 18.77
1710 59.15 72.68 40.00 97.56 17.87
1710 127.33 167.24 28.28 68.97 6.70
1740 511.03 183.29 22.47 54.79 128.51
1740 478.53 178.48 17.83 43.48 119.06
1740 558.53 35.87 17.83 43.48 61.57
1740 63.05 139.02 40.00 97.56 49.65
1740 607.47 23.29 22.47 54.79 45.73
1740 605.18 89.02 20.00 48.78 38.40
1740 351.83 150.73 40.00 97.56 33.71
1740 113.32 185.43 17.83 43.48 14.49
1740 211.04 153.41 20.00 48.78 11.18
1740 186.64 154.79 22.47 54.79 7.14
1770 495.91 182.68 20.00 48.78 171.87
1770 541.12 181.03 28.28 68.97 156.35
1770 593.62 178.77 25.23 61.54 119.15
1770 574.22 186.55 28.28 68.97 67.67
1770 611.85 12.33 22.47 54.79 64.98
1770 36.00 134.86 45.20 110.24 45.22
1770 3.75 75.87 17.83 43.48 30.55
1770 332.32 142.93 40.00 97.56 30.27
1770 482.85 6.46 25.23 61.54 29.74
1770 508.45 14.48 56.55 137.93 29.43
1770 496.98 7.24 28.28 68.97 27.79
1770 595.05 13.26 17.83 43.48 24.62
1770 603.23 9.02 20.00 48.78 9.15
1770 506.82 121.86 50.80 123.90 5.66
1800 524.69 183.69 25.23 61.54 199.33
1800 581.74 187.74 31.71 77.35 183.54
1800 185.26 153.45 28.28 68.97 79.17
1800 500.07 174.52 22.47 54.79 39.26
1800 442.01 194.13 17.83 43.48 28.44
1800 9.52 148.07 45.20 110.24 21.41
1800 260.19 153.68 31.71 77.35 18.75
1800 177.87 180.73 20.00 48.78 15.51
1800 534.18 81.09 17.83 43.48 13.91
1800 148.89 107.23 31.71 77.35 4.13
1800 57.00 136.92 25.23 61.54 0.00
1830 566.28 175.35 31.71 77.35 242.02
1830 182.90 144.39 31.71 77.35 86.25
1830 560.10 190.84 31.71 77.35 62.27
1830 572.46 193.94 31.71 77.35 31.51
1830 314.91 153.45 28.28 68.97 29.95
1830 128.38 176.31 25.23 61.54 28.13
1830 37.58 184.65 31.71 77.35 11.17
1830 508.91 87.83 71.30 173.91 10.70
1830 460.62 178.90 22.47 54.79 9.32
1830 393.59 155.22 35.65 86.96 4.73
