30 475.96 187.67 22.47 54.79 123.12
30 552.50 192.44 20.00 48.78 99.58
30 40.47 146.60 50.80 123.90 61.32
30 607.33 192.07 28.28 68.97 54.77
30 442.01 187.17 17.83 43.48 49.47
30 388.10 187.17 17.83 43.48 43.17
30 493.49 181.10 22.47 54.79 27.13
30 403.63 181.10 22.47 54.79 25.52
30 473.59 43.91 35.65 86.96 16.48
30 118.80 137.83 35.65 86.96 11.96
60 505.26 181.03 28.28 68.97 132.83
60 494.18 197.61 17.83 43.48 87.76
60 604.57 178.28 28.28 68.97 85.93
60 519.79 192.05 22.47 54.79 54.80
60 7.50 141.30 35.65 86.96 46.57
60 451.04 184.63 20.00 48.78 43.13
60 355.33 137.83 35.65 86.96 34.12
60 105.60 141.29 31.71 77.35 29.20
60 50.71 206.30 17.83 43.48 28.43
60 134.73 111.96 50.80 123.90 21.54
60 117.68 127.32 40.00 97.56 16.93
60 17.93 151.74 35.65 86.96 12.53
60 343.67 125.81 31.71 77.35 8.71
60 421.41 151.74 35.65 86.96 7.93
90 553.91 175.35 31.71 77.35 156.13
90 532.95 192.05 22.47 54.79 79.40
90 80.16 107.01 50.80 123.90 39.52
90 412.40 174.52 22.47 54.79 38.44
90 493.49 183.29 22.47 54.79 33.12
90 66.36 183.70 17.83 43.48 28.12
90 216.97 112.84 45.20 110.24 19.13
90 546.95 72.68 40.00 97.56 16.56
90 518.80 75.22 35.65 86.96 8.30
120 608.38 196.00 25.23 61.54 133.31
120 524.57 175.52 28.28 68.97 60.65
120 609.66 172.33 22.47 54.79 30.38
120 112.12 192.05 22.47 54.79 27.00
120 453.28 124.83 56.55 137.93 21.99
120 101.16 181.10 22.47 54.79 18.86
120 152.80 174.15 40.00 97.56 14.91
120 559.15 188.62 25.23 61.54 4.20
150 602.01 216.74 17.83 43.48 89.65
150 18.90 84.00 89.69 218.76 61.95
150 565.49 60.22 17.83 43.48 48.52
150 535.36 175.35 31.71 77.35 43.19
150 614.94 200.24 20.00 48.78 36.15
150 589.84 215.00 17.83 43.48 31.86
150 63.70 66.96 71.30 173.91 29.85
150 333.18 126.80 50.80 123.90 19.96
150 417.52 22.89 50.80 123.90 18.20
150 497.93 183.04 35.65 86.96 13.59
150 359.63 127.32 40.00 97.56 12.22
150 402.56 119.51 40.00 97.56 3.16
180 615.92 53.26 17.83 43.48 42.67
180 338.14 131.75 50.80 123.90 39.05
180 12.85 79.35 31.71 77.35 36.30
180 430.96 22.91 89.69 218.76 28.31
180 386.36 187.17 17.83 43.48 24.43
180 587.72 187.71 45.20 110.24 23.48
180 5.95 123.10 28.28 68.97 22.89
180 462.11 40.47 114.81 280.01 21.08
210 22.50 197.59 28.28 68.97 36.92
210 569.14 14.48 56.55 137.93 32.07
210 506.64 69.32 22.47 54.79 30.80
210 576.98 244.48 28.28 68.97 23.81
210 39.05 192.07 28.28 68.97 13.67
210 614.04 34.25 22.47 54.79 6.02
210 395.05 187.17 17.83 43.48 2.11
240 559.15 13.85 25.23 61.54 70.04
240 3.75 206.30 17.83 43.48 54.30
240 495.17 88.65 31.71 77.35 40.24
240 401.44 183.29 22.47 54.79 29.31
240 566.46 162.44 40.00 97.56 26.65
240 571.47 7.24 28.28 68.97 26.23
240 337.93 137.83 35.65 86.96 24.77
240 154.91 158.97 28.28 68.97 15.28
270 330.98 137.83 35.65 86.96 27.81
270 53.66 143.67 45.20 110.24 22.76
300 11.90 119.31 56.55 137.93 85.01
300 341.41 141.30 35.65 86.96 47.63
300 560.30 204.15 20.00 48.78 26.66
300 113.53 120.34 28.28 68.97 24.48
300 162.26 192.44 20.00 48.78 20.12
300 240.30 172.93 20.00 48.78 10.05
330 344.02 131.22 40.00 97.56 31.41
330 558.10 14.48 56.55 137.93 20.01
330 464.31 45.31 100.71 245.62 11.30
330 240.27 169.78 17.83 43.48 7.60
360 22.88 199.35 17.83 43.48 69.80
360 389.31 173.85 25.23 61.54 50.11
360 344.97 121.65 45.20 110.24 45.77
360 4.73 102.19 22.47 54.79 28.64
360 430.78 167.24 28.28 68.97 24.42
360 187.46 151.69 25.23 61.54 16.69
360 477.07 172.61 35.65 86.96 11.11
360 12.01 196.34 20.00 48.78 9.70
360 4.73 141.64 22.47 54.79 5.75
360 549.31 178.77 25.23 61.54 2.75
390 390.55 188.54 20.00 48.78 77.33
390 473.77 207.40 22.47 54.79 48.57
390 570.06 73.41 20.00 48.78 39.79
390 588.02 170.00 28.28 68.97 35.24
390 336.14 121.65 45.20 110.24 35.16
390 465.00 211.78 22.47 54.79 25.53
390 492.01 141.71 20.00 48.78 17.76
390 599.05 95.52 28.28 68.97 17.48
390 588.69 77.85 25.23 61.54 0.65
390 228.10 171.52 17.83 43.48 0.37
420 384.70 184.63 20.00 48.78 107.98
420 438.53 154.13 17.83 43.48 67.36
420 3.75 208.04 17.83 43.48 65.55
420 525.93 214.13 45.20 110.24 52.04
420 554.91 219.66 28.28 68.97 40.84
420 449.66 148.22 22.47 54.79 40.38
420 349.38 117.25 45.20 110.24 21.60
420 524.57 147.93 28.28 68.97 11.44
420 470.55 184.63 20.00 48.78 2.30
450 386.64 170.00 28.28 68.97 119.55
450 348.45 97.24 56.55 137.93 69.01
450 466.65 147.56 20.00 48.78 59.71
450 505.00 181.23 25.23 61.54 56.62
450 583.31 134.86 45.20 110.24 48.01
450 458.84 147.56 20.00 48.78 37.24
450 10.71 204.57 17.83 43.48 36.16
450 538.84 73.41 20.00 48.78 31.95
450 129.66 159.18 22.47 54.79 14.13
450 140.62 174.52 22.47 54.79 13.54
450 22.93 119.31 56.55 137.93 11.92
450 616.89 180.73 20.00 48.78 8.31
480 394.23 181.23 25.23 61.54 129.92
480 504.45 143.84 22.47 54.79 46.56
480 348.45 97.24 56.55 137.93 46.02
480 572.45 4.57 17.83 43.48 34.46
480 585.98 18.05 40.00 97.56 30.44
480 554.23 193.54 25.23 61.54 19.82
480 104.89 151.74 35.65 86.96 5.46
510 399.15 181.23 25.23 61.54 116.39
510 464.25 156.77 31.71 77.35 42.92
510 603.38 17.42 31.71 77.35 25.54
510 156.79 114.13 17.83 43.48 23.80
510 353.97 86.21 56.55 137.93 18.41
510 77.67 150.69 28.28 68.97 15.53
510 585.55 14.52 22.47 54.79 9.50
510 531.04 176.83 20.00 48.78 8.61
510 410.21 187.67 22.47 54.79 7.04
540 569.00 176.31 25.23 61.54 124.56
540 416.38 183.69 25.23 61.54 85.29
540 617.66 18.48 17.83 43.48 51.99
540 492.69 176.31 25.23 61.54 36.78
540 578.90 174.50 45.20 110.24 18.05
540 539.17 117.25 45.20 110.24 13.66
540 359.13 184.65 31.71 77.35 12.80
570 516.70 103.64 63.78 155.55 85.92
570 427.74 185.48 22.47 54.79 67.85
570 609.09 186.59 20.00 48.78 34.07
570 558.10 97.24 56.55 137.93 25.95
570 611.85 21.10 22.47 54.79 14.79
570 411.46 159.08 25.23 61.54 9.67
570 61.92 136.92 25.23 61.54 8.63
570 482.85 139.38 25.23 61.54 8.41
600 419.74 172.76 28.28 68.97 119.34
600 538.45 166.06 31.71 77.35 53.99
600 371.34 185.85 40.00 97.56 38.04
600 389.10 156.88 45.20 110.24 27.24
600 464.14 15.96 45.20 110.24 18.23
600 5.49 77.61 17.83 43.48 17.52
600 63.88 167.24 28.28 68.97 14.78
600 474.45 184.63 20.00 48.78 9.59
600 530.71 164.57 17.83 43.48 9.52
600 399.15 45.85 25.23 61.54 7.65
630 403.63 183.29 22.47 54.79 107.61
630 553.91 169.16 31.71 77.35 48.63
630 428.69 156.62 25.23 61.54 32.84
630 17.93 137.83 35.65 86.96 27.51
630 523.00 125.81 31.71 77.35 22.05
630 40.41 134.86 45.20 110.24 14.49
630 486.98 116.91 50.80 123.90 14.41
630 419.74 172.76 28.28 68.97 12.29
630 589.93 75.89 22.47 54.79 2.15
660 52.99 186.59 20.00 48.78 49.37
660 568.97 195.87 17.83 43.48 42.07
660 538.36 164.48 28.28 68.97 41.54
660 519.63 123.41 40.00 97.56 39.46
660 139.40 98.48 17.83 43.48 29.20
660 25.22 166.06 31.71 77.35 20.97
660 385.54 25.71 100.71 245.62 20.59
660 489.11 187.67 22.47 54.79 17.22
660 556.40 167.07 20.00 48.78 15.64
660 10.98 89.13 35.65 86.96 7.17
660 173.49 104.38 22.47 54.79 0.55
690 541.55 159.87 31.71 77.35 55.41
690 563.63 64.93 22.47 54.79 39.36
690 565.49 171.52 17.83 43.48 35.30
690 135.92 98.48 17.83 43.48 30.07
690 523.54 123.41 40.00 97.56 27.24
690 539.67 116.96 35.65 86.96 26.16
690 25.58 131.75 50.80 123.90 19.10
690 431.52 194.39 20.00 48.78 12.24
720 564.02 54.35 35.65 86.96 56.78
720 22.54 178.77 25.23 61.54 37.77
720 543.15 158.70 35.65 86.96 33.47
720 570.06 167.07 20.00 48.78 32.21
720 581.14 195.87 17.83 43.48 24.66
720 383.90 183.29 22.47 54.79 24.04
720 603.23 98.78 20.00 48.78 21.11
720 6.92 189.86 22.47 54.79 17.76
720 433.48 190.49 20.00 48.78 11.64
720 128.97 96.74 17.83 43.48 11.31
750 527.44 123.41 40.00 97.56 58.43
750 578.97 189.86 22.47 54.79 55.78
750 572.40 60.55 22.47 54.79 52.75
750 130.09 95.52 28.28 68.97 31.51
750 432.12 187.67 22.47 54.79 14.87
750 557.05 183.29 22.47 54.79 14.18
750 47.23 188.91 17.83 43.48 8.73
750 21.41 158.70 35.65 86.96 5.70
780 527.44 123.41 40.00 97.56 51.18
780 582.88 199.35 17.83 43.48 45.11
780 576.78 58.36 22.47 54.79 44.80
780 550.82 162.97 31.71 77.35 29.42
780 574.18 171.52 17.83 43.48 23.38
780 314.63 56.13 159.46 388.92 19.41
780 4.73 192.05 22.47 54.79 16.76
780 130.09 98.28 28.28 68.97 13.43
780 14.22 178.28 28.28 68.97 5.43
810 4.73 196.44 22.47 54.79 77.61
810 566.46 53.17 40.00 97.56 62.98
810 39.33 190.49 20.00 48.78 61.06
810 553.91 162.97 31.71 77.35 47.39
810 536.20 120.43 35.65 86.96 35.12
810 4.21 87.07 20.00 48.78 15.73
810 125.92 100.00 25.23 61.54 14.10
810 481.79 117.25 45.20 110.24 13.75
810 432.12 189.86 22.47 54.79 7.71
840 10.70 131.75 50.80 123.90 51.52
840 577.93 50.87 35.65 86.96 49.66
840 163.19 101.03 28.28 68.97 28.80
840 546.63 116.96 35.65 86.96 26.03
840 566.28 169.16 31.71 77.35 21.92
840 435.43 196.34 20.00 48.78 17.48
840 531.34 123.41 40.00 97.56 13.84
870 589.88 45.37 40.00 97.56 73.74
870 4.73 163.56 22.47 54.79 41.44
870 118.54 100.00 25.23 61.54 28.86
870 337.41 102.76 56.55 137.93 0.80
900 113.62 100.00 25.23 61.54 46.94
900 605.76 61.30 35.65 86.96 24.96
900 148.08 102.46 25.23 61.54 17.95
900 511.03 110.96 22.47 54.79 16.89
900 443.08 192.05 22.47 54.79 16.65
900 185.67 188.54 20.00 48.78 13.72
900 4.73 189.86 22.47 54.79 11.28
900 56.20 165.65 35.65 86.96 2.31
930 536.74 87.83 71.30 173.91 59.52
930 167.23 171.52 17.83 43.48 51.04
930 99.74 95.52 28.28 68.97 47.26
930 433.24 148.07 45.20 110.24 37.54
930 591.85 172.61 35.65 86.96 33.28
930 404.02 9.13 35.65 86.96 24.92
930 524.57 95.52 28.28 68.97 19.78
930 278.53 145.43 17.83 43.48 19.24
930 414.46 162.17 35.65 86.96 18.78
930 185.00 164.00 25.23 61.54 8.55
960 90.14 94.84 31.71 77.35 74.04
960 587.92 212.52 31.71 77.35 58.30
960 156.79 173.26 17.83 43.48 55.10
960 552.16 87.24 28.28 68.97 47.20
960 411.69 147.48 31.71 77.35 39.08
960 564.02 64.78 35.65 86.96 30.01
960 9.52 152.48 45.20 110.24 27.35
960 508.02 76.21 28.28 68.97 26.75
960 80.87 85.55 31.71 77.35 23.85
960 186.36 162.83 17.83 43.48 16.62
960 281.28 141.71 20.00 48.78 14.24
960 421.41 155.22 35.65 86.96 5.41
990 561.40 27.84 50.80 123.90 63.12
990 68.60 163.17 20.00 48.78 45.86
990 59.23 82.45 31.71 77.35 42.21
990 431.15 156.62 25.23 61.54 41.68
990 94.46 78.70 35.65 86.96 13.08
990 578.83 41.30 63.78 155.55 10.13
990 49.09 87.07 20.00 48.78 9.59
990 501.14 9.78 17.83 43.48 3.32
1020 442.61 144.39 31.71 77.35 63.88
1020 4.73 78.08 22.47 54.79 54.55
1020 45.49 168.04 17.83 43.48 52.96
1020 13.49 78.08 22.47 54.79 52.00
1020 29.84 65.43 17.83 43.48 36.73
1020 3.75 237.61 17.83 43.48 22.90
1020 501.14 21.96 17.83 43.48 17.84
1020 81.62 114.77 25.23 61.54 10.43
1020 273.53 134.14 28.28 68.97 10.11
1020 182.88 164.57 17.83 43.48 8.64
1020 574.66 168.97 56.55 137.93 8.54
1020 125.27 167.95 22.47 54.79 8.38
1050 9.11 161.37 22.47 54.79 117.10
1050 504.45 154.79 22.47 54.79 54.85
1050 464.62 188.91 17.83 43.48 47.93
1050 103.36 161.37 22.47 54.79 42.53
1050 164.02 151.74 35.65 86.96 30.47
1050 17.88 156.99 22.47 54.79 20.53
1050 46.86 101.03 31.71 77.35 15.47
1080 492.45 185.43 17.83 43.48 101.63
1080 4.21 16.83 20.00 48.78 58.22
1080 78.35 165.12 20.00 48.78 45.46
1080 164.21 153.41 20.00 48.78 44.04
1080 6.92 34.25 22.47 54.79 34.91
1080 499.40 187.17 17.83 43.48 28.29
1080 605.92 237.85 25.23 61.54 27.36
1080 568.71 7.24 28.28 68.97 27.04
1080 603.08 178.90 22.47 54.79 17.70
1080 5.31 75.38 25.23 61.54 15.59
1080 583.36 185.48 22.47 54.79 7.00
1110 525.18 182.68 20.00 48.78 113.02
1110 39.77 151.69 25.23 61.54 51.59
1110 184.62 185.43 17.83 43.48 49.80
1110 497.87 188.54 20.00 48.78 36.98
1110 607.23 215.00 17.83 43.48 11.96
1110 427.74 185.48 22.47 54.79 10.38
1110 370.71 178.48 17.83 43.48 7.97
1110 557.00 135.10 31.71 77.35 7.00
1110 11.30 176.71 22.47 54.79 2.56
1140 574.59 181.10 22.47 54.79 115.95
1140 561.62 181.23 25.23 61.54 90.13
1140 516.79 187.17 17.83 43.48 72.77
1140 528.97 190.65 17.83 43.48 60.29
1140 544.62 194.13 17.83 43.48 41.80
1140 500.08 77.85 25.23 61.54 36.74
1140 552.50 182.68 20.00 48.78 35.90
1140 523.75 185.43 17.83 43.48 35.90
1140 193.32 190.65 17.83 43.48 21.38
1140 233.32 180.22 17.83 43.48 6.97
1140 509.84 185.43 17.83 43.48 5.30
1170 591.58 188.91 17.83 43.48 113.66
1170 565.49 187.17 17.83 43.48 91.13
1170 532.99 182.68 20.00 48.78 73.17
1170 224.70 170.98 20.00 48.78 48.03
1170 610.85 173.85 25.23 61.54 42.08
1170 584.62 185.43 17.83 43.48 39.19
1170 558.53 190.65 17.83 43.48 28.73
1170 371.04 174.88 20.00 48.78 18.68
1170 603.23 180.73 20.00 48.78 13.99
1200 37.38 174.88 20.00 48.78 65.26
1200 618.42 174.52 22.47 54.79 55.52
1200 612.45 194.13 17.83 43.48 48.14
1200 500.08 176.31 25.23 61.54 23.22
1200 598.54 176.31 25.23 61.54 18.86
1200 579.74 181.03 28.28 68.97 11.17
1200 10.98 82.17 35.65 86.96 5.85
1230 189.84 173.26 17.83 43.48 69.84
1230 101.16 167.95 22.47 54.79 50.10
1230 536.03 102.76 56.55 137.93 39.79
1230 375.92 176.74 17.83 43.48 39.40
1230 402.01 176.74 17.83 43.48 31.41
1230 558.66 170.24 40.00 97.56 25.34
1230 459.72 134.86 45.20 110.24 21.78
1230 519.77 129.54 25.23 61.54 21.67
1230 603.46 173.85 25.23 61.54 17.61
1230 414.78 135.10 31.71 77.35 17.22
1230 8.41 139.02 40.00 97.56 16.67
1230 601.59 14.15 40.00 97.56 13.09
1260 382.88 180.22 17.83 43.48 76.79
1260 550.65 115.65 71.30 173.91 58.02
1260 428.83 139.27 45.20 110.24 42.18
1260 118.54 173.85 25.23 61.54 39.83
1260 543.70 171.30 71.30 173.91 19.98
1260 6.67 166.06 31.71 77.35 16.84
1260 571.52 87.83 71.30 173.91 11.92
1260 486.92 141.64 22.47 54.79 10.06
1260 574.59 62.74 22.47 54.79 6.56
1290 388.10 185.43 17.83 43.48 114.21
1290 591.16 111.96 50.80 123.90 63.06
1290 438.54 188.62 25.23 61.54 54.74
1290 521.71 126.80 50.80 123.90 45.23
1290 581.41 172.61 35.65 86.96 29.00
1290 5.49 63.70 17.83 43.48 24.07
1290 346.76 172.26 31.71 77.35 2.72
1290 528.56 53.97 22.47 54.79 0.08
1320 395.05 185.43 17.83 43.48 83.76
1320 547.77 22.60 63.78 155.55 45.21
1320 476.62 193.94 31.71 77.35 34.68
1320 571.52 94.78 71.30 173.91 30.39
1320 6.67 181.55 31.71 77.35 26.68
1320 488.99 193.94 31.71 77.35 17.63
1320 146.36 185.43 17.83 43.48 4.55
1320 538.52 130.82 80.85 197.19 1.82
1350 410.21 185.48 22.47 54.79 184.61
1350 130.09 178.28 28.28 68.97 32.92
1350 193.48 182.68 20.00 48.78 15.10
1380 419.74 181.03 28.28 68.97 136.13
1380 110.78 178.28 28.28 68.97 46.96
1380 130.09 183.79 28.28 68.97 35.10
1380 455.77 181.23 25.23 61.54 23.60
1380 576.98 76.21 28.28 68.97 20.87
1380 618.42 29.86 22.47 54.79 11.05
1380 506.91 107.21 80.85 197.19 10.91
1380 530.52 31.03 56.55 137.93 8.32
1410 430.24 181.55 31.71 77.35 144.05
1410 495.68 38.63 22.47 54.79 48.26
1410 587.74 198.63 22.47 54.79 43.82
1410 608.38 11.38 25.23 61.54 27.15
1410 85.95 192.07 28.28 68.97 22.71
1410 505.00 191.08 25.23 61.54 20.27
1410 422.50 172.76 28.28 68.97 12.22
1410 510.78 70.69 28.28 68.97 8.35
1410 599.05 62.41 28.28 68.97 7.02
1410 12.85 181.55 31.71 77.35 2.89
1440 429.88 174.15 40.00 97.56 167.27
1440 24.89 190.00 35.65 86.96 58.55
1440 561.44 12.33 22.47 54.79 47.82
1440 552.67 14.52 22.47 54.79 35.31
1440 541.14 180.22 17.83 43.48 33.87
1440 396.23 156.77 31.71 77.35 27.29
1440 446.48 165.69 45.20 110.24 22.88
1440 567.50 203.91 35.65 86.96 21.66
1440 581.77 5.12 20.00 48.78 18.73
1440 128.97 197.61 17.83 43.48 14.65
1440 588.37 200.43 35.65 86.96 1.58
1470 449.39 181.95 40.00 97.56 226.12
1470 497.93 193.48 35.65 86.96 99.16
1470 470.11 196.96 35.65 86.96 61.14
1470 69.84 122.83 17.83 43.48 25.88
1470 574.59 5.75 22.47 54.79 19.71
1470 138.23 186.15 25.23 61.54 14.82
1500 477.38 174.50 45.20 110.24 219.39
1500 581.24 171.34 50.80 123.90 104.44
1500 411.69 156.77 31.71 77.35 50.55
1500 171.47 153.45 28.28 68.97 40.66
1500 552.59 157.93 56.55 137.93 39.50
1500 468.55 196.51 45.20 110.24 38.72
1500 591.16 196.08 50.80 123.90 18.16
1530 521.71 171.34 50.80 123.90 239.62
1530 591.01 172.26 31.71 77.35 109.62
1530 154.91 147.93 28.28 68.97 76.63
1530 68.60 174.88 20.00 48.78 5.90
1560 546.51 176.29 50.80 123.90 223.14
1560 142.71 147.48 31.71 77.35 47.20
1560 577.93 172.61 35.65 86.96 41.76
1560 453.28 108.28 56.55 137.93 30.03
1560 429.93 148.22 22.47 54.79 26.77
1560 528.97 88.04 17.83 43.48 17.83
1560 408.60 138.19 31.71 77.35 10.92
1560 105.60 144.39 31.71 77.35 3.30
1590 551.47 176.29 50.80 123.90 264.39
1590 616.89 174.88 20.00 48.78 90.95
1590 469.84 180.22 17.83 43.48 64.79
1590 430.24 128.90 31.71 77.35 45.91
1590 35.43 176.83 20.00 48.78 26.62
1590 43.77 147.48 31.71 77.35 4.88
1620 556.83 178.90 45.20 110.24 225.12
1620 445.92 141.85 25.23 61.54 59.19
1620 78.53 178.48 17.83 43.48 49.46
1620 489.11 174.52 22.47 54.79 46.55
1620 122.28 134.35 35.65 86.96 43.10
1620 589.93 119.73 22.47 54.79 34.36
1620 610.85 6.46 25.23 61.54 32.54
1620 13.49 174.52 22.47 54.79 32.50
1620 592.12 21.10 22.47 54.79 31.04
1620 537.00 70.46 25.23 61.54 20.92
1620 565.66 200.92 45.20 110.24 20.10
1620 410.37 123.41 40.00 97.56 16.82
1620 25.00 159.08 25.23 61.54 14.22
1620 557.67 10.00 28.28 68.97 4.82
1650 525.93 178.90 45.20 110.24 185.23
1650 516.79 176.74 17.83 43.48 96.33
1650 4.21 174.88 20.00 48.78 59.64
1650 68.60 174.88 20.00 48.78 48.10
1650 461.12 136.90 28.28 68.97 47.71
1650 13.49 167.95 22.47 54.79 30.07
1650 55.92 178.48 17.83 43.48 27.20
1650 48.56 110.96 22.47 54.79 15.55
1650 553.59 43.91 35.65 86.96 15.41
1650 438.80 141.30 35.65 86.96 13.89
1650 170.06 170.98 20.00 48.78 12.46
1650 37.31 112.31 25.23 61.54 11.66
1650 538.45 66.97 31.71 77.35 6.58
1650 507.62 180.73 20.00 48.78 0.86
1680 499.45 170.09 45.20 110.24 163.78
1680 537.33 172.33 22.47 54.79 148.08
1680 185.00 156.62 25.23 61.54 81.41
1680 51.04 174.88 20.00 48.78 28.52
1680 30.78 106.55 28.28 68.97 22.22
1680 465.00 103.90 40.00 97.56 21.89
1710 473.59 172.61 35.65 86.96 182.13
1710 556.69 166.46 25.23 61.54 132.06
1710 541.92 171.38 25.23 61.54 78.64
1710 603.23 198.29 20.00 48.78 41.80
1710 142.88 183.70 17.83 43.48 41.20
1710 182.50 147.93 28.28 68.97 32.94
1710 24.62 181.96 17.83 43.48 13.42
1710 579.82 63.66 20.00 48.78 12.57
1710 35.43 174.88 20.00 48.78 8.72
1740 576.38 168.92 25.23 61.54 177.77
1740 430.24 178.45 31.71 77.35 131.57
1740 553.91 169.16 31.71 77.35 74.22
1740 23.72 186.59 20.00 48.78 50.20
1740 4.21 102.68 20.00 48.78 41.13
1740 594.32 62.74 22.47 54.79 33.94
1740 104.62 180.22 17.83 43.48 28.17
1740 596.29 7.24 28.28 68.97 27.06
1740 17.87 176.83 20.00 48.78 23.67
1740 486.98 111.96 50.80 123.90 19.75
1770 593.53 170.00 28.28 68.97 200.95
1770 571.47 170.00 28.28 68.97 94.72
1770 69.84 190.65 17.83 43.48 81.76
1770 112.12 167.95 22.47 54.79 69.45
1770 607.47 183.29 22.47 54.79 44.23
1770 486.38 102.76 56.55 137.93 36.53
1770 12.45 188.91 17.83 43.48 36.02
1770 456.23 108.77 22.47 54.79 23.45
1770 530.75 53.97 22.47 54.79 15.05
1800 607.33 172.76 28.28 68.97 183.20
1800 585.26 175.52 28.28 68.97 150.63
1800 5.49 185.43 17.83 43.48 48.04
1800 29.92 183.69 25.23 61.54 45.74
1800 506.91 36.39 80.85 197.19 39.55
1800 480.86 91.72 56.55 137.93 29.12
1800 576.98 183.79 28.28 68.97 25.90
1800 456.23 115.34 22.47 54.79 12.94
1830 597.20 172.26 31.71 77.35 197.15
1830 609.57 172.26 31.71 77.35 101.77
1830 576.98 183.79 28.28 68.97 44.29
1830 534.54 50.77 25.23 61.54 31.23
1830 85.49 181.96 17.83 43.48 28.66
1830 603.38 60.77 31.71 77.35 26.90
1830 423.77 191.08 25.23 61.54 24.99
1830 480.86 97.24 56.55 137.93 22.21
1860 607.33 178.28 28.28 68.97 152.45
1860 534.54 53.23 25.23 61.54 53.52
1860 111.52 184.63 20.00 48.78 43.52
1860 571.47 181.03 28.28 68.97 38.68
1860 497.41 108.28 56.55 137.93 29.08
1860 477.05 107.01 50.80 123.90 21.69
1860 592.12 58.36 22.47 54.79 20.48
1860 10.70 126.80 50.80 123.90 15.69
1890 573.92 186.15 25.23 61.54 57.30
1890 618.42 196.44 22.47 54.79 37.94
1890 506.91 36.39 80.85 197.19 28.56
1890 486.38 108.28 56.55 137.93 23.64
1920 575.56 181.55 31.71 77.35 70.03
1920 534.54 55.69 25.23 61.54 31.15
1920 491.90 113.79 56.55 137.93 29.29
1920 9.52 130.46 45.20 110.24 12.34
1950 572.46 181.55 31.71 77.35 60.86
1950 57.66 183.70 17.83 43.48 38.81
1950 534.54 55.69 25.23 61.54 34.87
1950 491.90 113.79 56.55 137.93 26.34
1980 572.46 181.55 31.71 77.35 81.17
1980 496.90 121.86 50.80 123.90 40.69
1980 534.54 58.15 25.23 61.54 27.49
1980 608.38 65.54 25.23 61.54 16.71
1980 9.52 130.46 45.20 110.24 12.38
1980 427.74 194.25 22.47 54.79 1.37
2010 575.56 181.55 31.71 77.35 73.19
2010 491.90 113.79 56.55 137.93 26.47
2010 607.33 67.93 28.28 68.97 25.66
2010 534.54 55.69 25.23 61.54 24.76
2010 9.52 130.46 45.20 110.24 16.27
2010 590.78 45.86 28.28 68.97 9.93
2010 47.33 164.48 28.28 68.97 2.46
2040 575.56 181.55 31.71 77.35 60.85
2040 534.54 58.15 25.23 61.54 27.88
2040 491.90 113.79 56.55 137.93 21.38
2040 456.23 119.73 22.47 54.79 17.30
2040 9.52 130.46 45.20 110.24 16.43
2040 427.74 194.25 22.47 54.79 8.40
2070 572.46 181.55 31.71 77.35 71.54
2070 491.90 113.79 56.55 137.93 36.93
2070 52.08 200.92 25.23 61.54 27.38
2070 534.54 55.69 25.23 61.54 27.01
2070 20.12 181.95 40.00 97.56 15.20
2070 607.33 67.93 28.28 68.97 12.79
2100 572.46 181.55 31.71 77.35 58.28
2100 486.38 113.79 56.55 137.93 36.75
2100 29.84 187.17 17.83 43.48 31.31
2100 534.54 55.69 25.23 61.54 28.98
2100 529.18 132.00 31.71 77.35 26.85
2130 26.36 195.87 17.83 43.48 88.32
2130 572.46 181.55 31.71 77.35 58.18
2130 534.54 55.69 25.23 61.54 48.84
2130 491.90 108.28 56.55 137.93 26.84
2160 22.88 195.87 17.83 43.48 64.40
2160 574.22 186.55 28.28 68.97 42.17
2160 610.09 62.41 28.28 68.97 35.07
2160 534.54 58.15 25.23 61.54 22.82
2160 495.03 121.65 45.20 110.24 12.63
