30 419.82 7.07 20.00 48.78 76.54
30 399.25 5.75 22.47 54.79 67.24
30 334.18 181.96 17.83 43.48 51.10
30 6.16 73.41 20.00 48.78 41.47
30 390.55 9.02 20.00 48.78 35.27
30 458.84 14.88 20.00 48.78 34.67
30 357.60 27.67 22.47 54.79 30.33
30 469.84 16.74 17.83 43.48 29.90
30 410.21 7.95 22.47 54.79 23.26
30 359.33 7.07 20.00 48.78 23.20
30 99.82 5.12 20.00 48.78 20.30
30 345.26 164.48 28.28 68.97 17.96
30 485.49 128.04 17.83 43.48 17.87
30 340.07 7.95 22.47 54.79 5.06
60 112.12 198.63 22.47 54.79 149.76
60 186.64 189.86 22.47 54.79 132.08
60 419.82 10.98 20.00 48.78 59.61
60 397.05 5.75 22.47 54.79 54.62
60 50.09 189.31 28.28 68.97 51.97
60 468.10 18.48 17.83 43.48 36.64
60 412.01 9.02 20.00 48.78 35.78
60 8.97 79.35 17.83 43.48 35.02
60 417.66 126.30 17.83 43.48 31.65
60 349.86 14.32 31.71 77.35 29.76
60 443.75 15.00 17.83 43.48 23.55
60 458.84 16.83 20.00 48.78 20.82
60 206.37 205.21 22.47 54.79 13.24
60 340.08 6.46 25.23 61.54 10.14
60 280.27 242.83 17.83 43.48 6.29
90 421.14 8.04 17.83 43.48 80.60
90 399.25 5.75 22.47 54.79 76.89
90 239.15 245.23 25.23 61.54 44.08
90 5.49 75.87 17.83 43.48 43.01
90 451.04 16.83 20.00 48.78 42.41
90 360.27 6.30 17.83 43.48 37.76
90 426.36 16.74 17.83 43.48 34.17
90 410.21 10.14 22.47 54.79 31.13
90 470.55 16.83 20.00 48.78 25.56
90 460.79 14.88 20.00 48.78 23.26
90 391.58 11.52 17.83 43.48 19.41
90 333.96 180.73 20.00 48.78 16.25
90 93.92 245.23 25.23 61.54 11.30
120 119.05 183.79 28.28 68.97 88.03
120 39.77 191.08 25.23 61.54 86.94
120 419.82 5.12 20.00 48.78 65.90
120 399.25 5.75 22.47 54.79 51.10
120 74.23 193.54 25.23 61.54 49.09
120 167.77 186.15 25.23 61.54 34.64
120 345.26 10.00 28.28 68.97 27.59
120 340.07 178.90 22.47 54.79 25.33
120 359.79 25.48 22.47 54.79 14.64
120 443.75 9.78 17.83 43.48 12.87
120 6.67 255.87 31.71 77.35 5.87
120 423.72 16.83 20.00 48.78 5.17
150 99.74 186.55 28.28 68.97 196.62
150 17.62 196.00 25.23 61.54 110.74
150 419.82 5.12 20.00 48.78 94.43
150 143.15 186.15 25.23 61.54 83.90
150 41.81 189.31 28.28 68.97 79.75
150 399.25 5.75 22.47 54.79 72.55
150 452.99 14.88 20.00 48.78 64.74
150 359.33 5.12 20.00 48.78 46.06
150 30.78 186.55 28.28 68.97 37.29
150 74.23 193.54 25.23 61.54 33.38
150 391.58 13.26 17.83 43.48 29.15
150 410.06 9.02 20.00 48.78 28.81
150 335.15 6.46 25.23 61.54 26.50
150 441.28 9.02 20.00 48.78 25.27
150 129.66 196.44 22.47 54.79 23.05
150 428.10 15.00 17.83 43.48 23.03
150 347.46 18.77 25.23 61.54 20.61
150 3.75 77.61 17.83 43.48 13.17
150 113.62 186.15 25.23 61.54 2.09
180 99.74 186.55 28.28 68.97 171.01
180 130.85 191.08 25.23 61.54 105.81
180 41.81 186.55 28.28 68.97 92.35
180 421.77 5.12 20.00 48.78 61.79
180 399.25 5.75 22.47 54.79 53.16
180 76.40 196.34 20.00 48.78 37.55
180 8.97 75.87 17.83 43.48 35.05
180 413.96 9.02 20.00 48.78 32.28
180 468.10 15.00 17.83 43.48 29.69
180 120.89 196.44 22.47 54.79 21.84
180 345.26 15.52 28.28 68.97 12.74
180 534.18 18.48 17.83 43.48 9.23
180 391.58 11.52 17.83 43.48 7.16
210 39.05 189.31 28.28 68.97 105.15
210 96.98 186.55 28.28 68.97 104.46
210 421.14 8.04 17.83 43.48 74.73
210 398.35 5.12 20.00 48.78 69.99
210 451.85 12.33 22.47 54.79 69.06
210 121.00 193.54 25.23 61.54 63.38
210 70.48 198.63 22.47 54.79 60.38
210 412.01 9.02 20.00 48.78 48.84
210 5.49 75.87 17.83 43.48 29.30
210 112.12 198.63 22.47 54.79 29.01
210 466.36 16.74 17.83 43.48 28.34
210 343.67 11.23 31.71 77.35 16.67
210 445.49 11.52 17.83 43.48 12.95
210 392.50 10.98 20.00 48.78 9.06
210 423.72 18.78 20.00 48.78 4.94
240 96.38 193.54 25.23 61.54 139.20
240 41.81 189.31 28.28 68.97 85.74
240 421.77 7.07 20.00 48.78 77.99
240 399.25 5.75 22.47 54.79 71.84
240 74.23 193.54 25.23 61.54 52.72
240 8.97 77.61 17.83 43.48 46.17
240 111.15 193.54 25.23 61.54 43.02
240 410.21 7.95 22.47 54.79 25.47
240 350.78 10.00 28.28 68.97 16.21
240 390.48 7.95 22.47 54.79 15.68
270 94.22 189.31 28.28 68.97 125.44
270 39.05 189.31 28.28 68.97 105.01
270 394.86 5.75 22.47 54.79 72.01
270 116.29 186.55 28.28 68.97 59.46
270 80.30 206.10 20.00 48.78 56.27
270 466.36 16.74 17.83 43.48 47.68
270 419.82 10.98 20.00 48.78 45.76
270 410.21 7.95 22.47 54.79 44.10
270 345.26 12.76 28.28 68.97 36.36
270 4.21 73.41 20.00 48.78 23.80
270 102.50 197.59 28.28 68.97 19.35
270 443.23 10.98 20.00 48.78 13.40
270 451.04 12.93 20.00 48.78 12.71
270 363.23 7.07 20.00 48.78 11.45
300 85.95 192.07 28.28 68.97 126.48
300 33.53 192.07 28.28 68.97 90.06
300 419.82 5.12 20.00 48.78 56.24
300 345.26 10.00 28.28 68.97 55.40
300 121.59 162.44 40.00 97.56 52.68
300 464.62 13.26 17.83 43.48 50.31
300 394.45 10.98 20.00 48.78 46.33
300 68.29 203.01 22.47 54.79 40.32
300 451.85 10.14 22.47 54.79 38.51
300 410.06 7.07 20.00 48.78 30.47
300 445.49 9.78 17.83 43.48 24.17
300 335.15 178.77 25.23 61.54 12.95
330 14.22 192.07 28.28 68.97 141.25
330 74.91 189.31 28.28 68.97 119.86
330 125.92 196.00 25.23 61.54 94.35
330 57.33 203.01 22.47 54.79 67.07
330 389.84 9.78 17.83 43.48 65.48
330 424.62 13.26 17.83 43.48 47.81
330 348.02 7.24 28.28 68.97 44.89
330 450.85 6.46 25.23 61.54 42.89
330 50.75 196.44 22.47 54.79 37.55
330 400.30 7.07 20.00 48.78 35.59
330 442.01 9.78 17.83 43.48 33.48
330 5.31 196.00 25.23 61.54 29.27
330 118.53 221.96 17.83 43.48 23.29
330 66.10 205.21 22.47 54.79 22.49
330 419.40 4.57 17.83 43.48 22.36
330 29.57 210.00 20.00 48.78 20.17
330 330.06 180.73 20.00 48.78 17.48
330 506.36 53.26 17.83 43.48 17.08
360 103.77 196.00 25.23 61.54 150.46
360 61.12 192.07 28.28 68.97 136.91
360 50.75 207.40 22.47 54.79 112.54
360 41.99 205.21 22.47 54.79 90.05
360 5.49 220.22 17.83 43.48 66.34
360 456.23 5.75 22.47 54.79 59.76
360 390.55 5.12 20.00 48.78 53.66
360 422.88 11.52 17.83 43.48 49.77
360 339.74 7.24 28.28 68.97 30.46
360 599.05 150.69 28.28 68.97 10.64
390 43.77 190.84 31.71 77.35 129.02
390 83.19 197.59 28.28 68.97 125.53
390 417.87 5.12 20.00 48.78 79.66
390 333.49 5.75 22.47 54.79 39.19
390 33.22 207.40 22.47 54.79 34.11
390 468.10 6.30 17.83 43.48 27.19
390 443.23 5.12 20.00 48.78 18.71
390 595.05 166.30 17.83 43.48 15.69
420 28.31 190.84 31.71 77.35 122.44
420 69.40 192.07 28.28 68.97 96.39
420 10.23 205.85 25.23 61.54 69.82
420 495.91 178.78 20.00 48.78 33.18
420 450.85 183.69 25.23 61.54 21.72
420 452.45 4.57 17.83 43.48 19.29
420 503.72 180.73 20.00 48.78 17.54
420 60.79 211.95 20.00 48.78 17.48
450 7.50 183.04 35.65 86.96 159.64
450 49.95 187.74 31.71 77.35 88.23
450 322.90 156.88 45.20 110.24 65.61
450 17.93 193.48 35.65 86.96 36.32
450 495.92 185.43 17.83 43.48 21.30
450 502.88 176.74 17.83 43.48 17.90
480 34.49 187.74 31.71 77.35 138.47
480 6.67 190.84 31.71 77.35 78.55
480 500.07 172.33 22.47 54.79 51.97
480 312.80 193.66 40.00 97.56 25.06
510 199.48 168.97 56.55 137.93 27.98
510 63.46 155.38 126.15 307.69 15.20
510 495.91 167.07 20.00 48.78 14.97
540 21.41 183.04 35.65 86.96 139.14
540 250.98 158.70 35.65 86.96 39.24
540 482.01 171.52 17.83 43.48 9.49
570 19.03 187.74 31.71 77.35 122.87
570 243.75 221.96 17.83 43.48 63.77
570 442.33 116.91 50.80 123.90 40.10
570 396.79 190.65 17.83 43.48 33.89
570 236.79 225.43 17.83 43.48 27.26
570 191.83 162.44 40.00 97.56 21.43
600 168.97 232.39 17.83 43.48 39.76
600 9.52 68.81 45.20 110.24 37.34
600 164.51 162.44 40.00 97.56 31.92
600 414.66 108.28 56.55 137.93 16.07
600 436.72 91.72 56.55 137.93 2.55
630 339.82 196.34 20.00 48.78 41.88
630 418.85 171.38 25.23 61.54 30.08
630 120.27 230.65 17.83 43.48 26.44
630 49.09 190.49 20.00 48.78 20.13
630 115.05 242.83 17.83 43.48 13.95
630 221.71 209.59 22.47 54.79 13.44
660 324.21 198.29 20.00 48.78 30.48
660 80.30 243.17 20.00 48.78 28.97
660 528.56 47.40 22.47 54.79 28.81
660 199.77 203.38 25.23 61.54 25.93
660 537.66 192.39 17.83 43.48 9.80
690 45.18 241.22 20.00 48.78 38.60
690 527.15 40.92 25.23 61.54 31.51
720 285.49 197.61 17.83 43.48 74.96
720 83.75 28.91 17.83 43.48 4.50
750 303.15 186.52 35.65 86.96 15.36
750 249.14 168.97 56.55 137.93 4.89
750 82.01 28.91 17.83 43.48 1.26
780 187.62 202.20 20.00 48.78 67.70
780 78.53 32.39 17.83 43.48 8.31
810 94.59 213.97 22.47 54.79 40.25
810 260.17 113.79 56.55 137.93 8.70
840 4.73 222.74 22.47 54.79 47.07
840 476.79 148.91 17.83 43.48 46.40
840 78.35 38.29 20.00 48.78 41.73
840 6.16 28.54 20.00 48.78 7.43
900 7.77 38.46 25.23 61.54 17.54
930 4.73 220.55 22.47 54.79 60.44
930 5.49 248.04 17.83 43.48 34.55
930 6.92 40.82 22.47 54.79 24.60
960 4.21 245.12 20.00 48.78 52.73
960 4.73 222.74 22.47 54.79 51.29
960 448.97 4.57 17.83 43.48 28.54
960 6.16 44.15 20.00 48.78 4.26
990 4.21 233.41 20.00 48.78 51.94
990 603.08 196.44 22.47 54.79 27.85
990 76.79 48.04 17.83 43.48 10.55
1020 5.49 237.61 17.83 43.48 44.51
1020 476.40 7.07 20.00 48.78 38.77
1020 483.75 157.61 17.83 43.48 36.83
1020 17.93 40.43 35.65 86.96 19.17
1020 592.12 211.78 22.47 54.79 1.43
1050 87.50 200.43 35.65 86.96 163.02
1080 10.70 196.08 50.80 123.90 220.85
1080 124.81 196.08 50.80 123.90 214.97
1080 371.34 193.66 40.00 97.56 189.01
1080 209.15 201.03 50.80 123.90 127.48
1080 190.48 183.30 45.20 110.24 108.09
1080 172.83 200.92 45.20 110.24 48.64
1080 104.96 191.13 50.80 123.90 48.50
1080 386.21 16.36 63.78 155.55 37.05
1080 144.65 201.03 50.80 123.90 31.99
1080 150.76 11.56 45.20 110.24 15.88
1110 454.56 184.68 63.78 155.55 211.86
1110 300.22 178.26 71.30 173.91 209.68
1110 560.19 197.14 63.78 155.55 146.77
1110 535.34 165.97 63.78 155.55 118.35
1110 268.37 9.13 35.65 86.96 53.97
1110 491.94 220.82 50.80 123.90 49.10
1110 216.97 214.13 45.20 110.24 38.35
1110 423.50 190.91 63.78 155.55 18.14
1110 247.83 8.13 31.71 77.35 10.73
1170 32.84 67.87 80.85 197.19 18.96
1170 117.97 11.23 31.71 77.35 15.61
1170 494.23 56.92 126.15 307.69 13.38
1200 271.15 173.85 25.23 61.54 48.75
1200 354.85 8.92 25.23 61.54 34.99
1200 244.08 173.85 25.23 61.54 27.10
1200 103.36 51.78 22.47 54.79 22.18
1200 370.75 209.59 22.47 54.79 1.41
1230 393.52 130.46 45.20 110.24 65.12
1230 417.28 109.87 63.78 155.55 35.72
1230 575.91 247.07 20.00 48.78 14.57
1230 587.74 246.85 22.47 54.79 8.14
1260 466.99 109.87 63.78 155.55 91.61
1260 383.86 51.48 31.71 77.35 19.24
1260 375.24 135.12 40.00 97.56 10.84
1260 199.79 159.18 22.47 54.79 8.20
1290 522.72 91.48 80.85 197.19 82.04
1290 275.05 147.17 17.83 43.48 51.44
1290 369.59 31.64 89.69 218.76 48.45
1290 494.22 117.59 28.28 68.97 12.10
1290 38.33 64.44 182.22 444.44 3.62
1320 269.57 131.95 20.00 48.78 52.21
1320 137.20 135.12 40.00 97.56 44.48
1320 593.62 159.08 25.23 61.54 24.29
1320 548.29 148.22 22.47 54.79 18.27
1320 605.76 9.13 35.65 86.96 13.24
1320 276.51 135.07 22.47 54.79 12.38
1350 538.36 147.93 28.28 68.97 55.75
1350 7.50 176.09 35.65 86.96 45.65
1350 111.03 134.86 45.20 110.24 40.83
1350 268.69 127.08 25.23 61.54 40.75
1350 410.37 142.93 40.00 97.56 37.77
1350 261.16 135.07 22.47 54.79 17.76
1380 519.05 158.97 28.28 68.97 133.12
1380 104.96 151.55 50.80 123.90 30.82
1380 12.85 187.74 31.71 77.35 26.56
1380 585.67 100.73 20.00 48.78 26.53
1380 406.76 143.67 45.20 110.24 16.10
1380 268.69 139.38 25.23 61.54 11.89
1380 420.00 161.28 45.20 110.24 3.91
1410 496.98 164.48 28.28 68.97 204.41
1410 414.27 158.54 40.00 97.56 36.95
1410 111.03 152.48 45.20 110.24 24.13
1410 510.78 164.48 28.28 68.97 22.40
1440 100.00 156.49 50.80 123.90 33.54
1440 411.17 148.07 45.20 110.24 32.76
1470 472.16 158.97 28.28 68.97 155.11
1470 102.21 156.88 45.20 110.24 43.83
1470 270.78 136.90 28.28 68.97 40.43
1470 485.63 109.87 63.78 155.55 16.41
1470 253.92 141.85 25.23 61.54 16.01
1500 458.07 181.55 31.71 77.35 57.87
1500 393.52 156.88 45.20 110.24 48.65
1500 8.41 189.76 40.00 97.56 36.19
1500 251.46 151.69 25.23 61.54 27.14
1500 93.38 161.28 45.20 110.24 25.07
1500 514.81 99.34 80.85 197.19 24.54
1500 226.85 151.69 25.23 61.54 18.37
1530 5.95 219.66 28.28 68.97 64.19
1530 549.31 181.23 25.23 61.54 56.16
1530 75.19 171.34 50.80 123.90 25.47
1530 239.15 156.62 25.23 61.54 22.99
1530 555.05 65.43 17.83 43.48 2.43
1560 459.40 300.22 17.83 43.48 38.24
1560 226.85 159.08 25.23 61.54 28.10
1560 372.87 166.39 50.80 123.90 24.40
1560 86.46 178.05 40.00 97.56 19.20
1590 115.45 165.69 45.20 110.24 47.84
1590 402.34 165.69 45.20 110.24 38.66
1590 507.62 307.56 20.00 48.78 23.40
1590 267.74 148.22 22.47 54.79 20.05
1590 251.46 154.15 25.23 61.54 15.15
1590 483.19 299.66 28.28 68.97 8.48
1620 312.16 145.17 28.28 68.97 48.14
1620 184.02 166.34 40.00 97.56 29.36
1620 5.49 164.57 17.83 43.48 26.64
1620 457.21 156.49 50.80 123.90 22.99
1620 605.27 301.64 22.47 54.79 21.97
1620 298.23 149.23 25.23 61.54 -0.83
1650 283.57 161.44 50.80 123.90 49.91
1650 419.74 145.17 28.28 68.97 47.83
1650 566.36 161.44 50.80 123.90 44.34
1650 392.16 142.41 28.28 68.97 20.72
1650 24.02 185.85 40.00 97.56 5.12
1680 590.78 139.66 28.28 68.97 50.60
1680 213.82 175.35 31.71 77.35 32.85
1680 464.14 148.07 45.20 110.24 30.24
1680 341.14 55.00 17.83 43.48 26.76
1680 447.29 166.39 50.80 123.90 23.07
1680 75.05 204.57 17.83 43.48 15.41
1710 445.92 181.23 25.23 61.54 66.63
1710 61.14 211.52 17.83 43.48 51.80
1710 76.79 215.00 17.83 43.48 37.10
1710 134.18 209.78 17.83 43.48 32.94
1710 210.09 183.79 28.28 68.97 25.31
1710 287.47 5.75 22.47 54.79 14.45
1710 120.27 216.74 17.83 43.48 2.07
1740 414.22 186.55 28.28 68.97 86.84
1740 13.96 219.76 20.00 48.78 67.34
1740 405.82 207.40 22.47 54.79 61.82
1740 78.53 227.17 17.83 43.48 46.38
1740 85.49 225.43 17.83 43.48 38.82
1740 238.35 71.46 20.00 48.78 24.56
1740 381.14 216.74 17.83 43.48 22.52
1740 24.62 225.43 17.83 43.48 13.77
1740 343.72 5.12 20.00 48.78 13.40
1770 278.70 211.78 22.47 54.79 67.58
1770 287.33 197.59 28.28 68.97 63.97
1770 257.87 221.71 20.00 48.78 29.02
1770 6.92 10.14 22.47 54.79 11.85
1770 477.05 136.70 50.80 123.90 11.37
1770 238.53 230.65 17.83 43.48 4.02
1800 61.71 216.16 22.47 54.79 20.32
1800 204.18 25.48 22.47 54.79 14.83
1800 29.92 218.15 25.23 61.54 12.45
1800 268.68 141.65 50.80 123.90 12.04
1800 474.79 101.45 89.69 218.76 8.18
1800 407.50 92.61 35.65 86.96 5.08
1800 422.07 100.00 40.00 97.56 4.05
1830 473.33 29.30 114.81 280.01 65.40
1830 328.41 25.85 40.00 97.56 64.24
1830 355.43 67.56 20.00 48.78 41.91
1830 566.41 78.70 63.78 155.55 32.65
1830 28.31 26.71 31.71 77.35 30.16
