30 431.75 173.00 20.50 50.00 2.766819
30 220.97 165.15 24.37 59.45 -1.404058
30 599.62 170.77 31.54 76.92 -1.661051
30 607.75 61.00 20.50 50.00 -1.747985
30 520.49 146.59 26.57 64.81 -1.787620
30 538.62 131.03 26.57 64.81 -1.971620
30 525.75 91.00 20.50 50.00 -2.062659
30 -0.25 187.00 20.50 50.00 -2.259417
30 199.62 35.38 31.54 76.92 -3.049347
60 473.16 165.15 24.37 59.45 3.028152
60 199.50 130.00 41.00 100.00 0.472913
60 595.75 127.00 20.50 50.00 -0.579686
60 608.85 93.85 31.54 76.92 -0.646081
60 89.75 65.00 20.50 50.00 -1.561246
60 553.46 115.38 31.54 76.92 -1.986095
60 592.12 51.09 24.37 59.45 -2.341317
60 258.79 27.24 26.57 64.81 -3.833933
60 171.63 9.88 28.92 70.53 -4.369659
90 358.12 156.08 34.37 83.83 4.213603
90 344.71 156.08 34.37 83.83 1.517098
90 544.54 169.90 24.37 59.45 -0.792525
90 619.75 113.00 20.50 50.00 -1.358482
90 525.77 133.85 31.54 76.92 -1.624716
90 331.31 105.73 34.37 83.83 -1.725076
90 545.75 67.00 20.50 50.00 -1.792601
90 507.14 108.71 28.92 70.53 -2.209373
90 333.75 69.00 20.50 50.00 -2.256114
90 516.54 13.85 31.54 76.92 -2.893952
120 201.75 119.00 20.50 50.00 -0.778069
120 94.87 129.50 24.37 59.45 -1.200071
120 257.42 152.26 52.90 129.03 -1.546811
120 82.69 13.85 31.54 76.92 -3.232707
150 443.79 131.83 69.16 168.67 2.530513
180 462.03 156.71 28.92 70.53 0.430629
180 545.75 189.00 20.50 50.00 -0.337821
180 161.75 103.00 20.50 50.00 -0.432175
180 152.63 99.27 22.38 54.58 -0.588214
180 169.20 87.53 57.98 141.42 -0.588258
180 237.49 146.01 34.37 83.83 -0.815899
180 611.45 170.82 28.92 70.53 -0.829381
180 95.75 93.00 20.50 50.00 -1.070506
180 423.50 142.00 41.00 100.00 -1.113269
180 227.75 243.00 20.50 50.00 -1.125439
180 213.92 156.71 28.92 70.53 -1.359469
180 482.46 171.27 22.38 54.58 -1.514581
180 139.75 103.00 20.50 50.00 -2.179326
210 371.92 158.46 31.54 76.92 1.117763
210 473.72 188.73 22.38 54.58 -0.540281
210 130.56 162.77 24.37 59.45 -0.846881
210 401.75 181.00 20.50 50.00 -0.936106
210 216.74 153.88 28.92 70.53 -1.051992
210 393.75 181.00 20.50 50.00 -1.286685
210 525.75 173.00 20.50 50.00 -1.595041
210 134.98 176.47 28.92 70.53 -1.945147
210 21.15 75.39 31.54 76.92 -1.993403
210 89.28 84.00 22.38 54.58 -2.404126
210 602.97 82.44 37.52 91.50 -2.430970
210 617.88 27.27 22.38 54.58 -2.855375
210 617.88 3.27 22.38 54.58 -3.358115
210 601.75 5.00 20.50 50.00 -4.344049
240 378.08 155.38 31.54 76.92 1.463765
240 606.07 122.52 34.37 83.83 0.592148
240 409.75 175.00 20.50 50.00 0.428157
240 487.43 179.41 24.37 59.45 -0.305418
240 477.92 177.03 24.37 59.45 -0.340107
240 599.75 163.00 20.50 50.00 -0.772622
240 72.23 175.14 26.57 64.81 -1.221904
240 128.60 162.55 22.38 54.58 -1.256628
240 140.07 155.64 24.37 59.45 -1.348480
240 456.69 137.40 37.52 91.50 -1.668173
240 163.17 117.18 28.92 70.53 -1.985683
240 523.75 77.00 20.50 50.00 -2.277251
240 -0.42 196.36 34.37 83.83 -2.473085
240 619.75 9.00 20.50 50.00 -4.231721
270 433.83 151.06 28.92 70.53 1.723661
270 510.85 171.27 22.38 54.58 0.530215
270 401.83 141.07 37.52 91.50 0.298256
270 503.75 181.00 20.50 50.00 -0.574322
270 489.75 179.00 20.50 50.00 -0.828448
270 513.75 155.00 20.50 50.00 -0.848048
270 519.75 177.00 20.50 50.00 -0.902467
270 80.55 197.45 22.38 54.58 -1.102883
270 147.37 115.46 26.57 64.81 -1.221178
270 376.23 148.40 37.52 91.50 -1.298323
270 135.75 145.00 20.50 50.00 -1.873509
270 33.75 87.00 20.50 50.00 -1.945633
270 559.00 36.00 82.00 200.00 -2.820032
270 608.85 7.69 31.54 76.92 -4.635529
300 572.01 175.64 22.38 54.58 2.643651
300 553.75 183.00 20.50 50.00 2.093073
300 455.75 183.00 20.50 50.00 1.093230
300 563.28 177.82 22.38 54.58 1.027362
300 423.75 141.00 20.50 50.00 0.176789
300 543.75 183.00 20.50 50.00 -0.110773
300 108.50 97.30 26.57 64.81 -0.866691
300 458.88 160.40 24.37 59.45 -1.128589
300 470.78 153.27 24.37 59.45 -1.418922
300 18.74 108.12 24.37 59.45 -1.452820
300 451.75 148.51 24.37 59.45 -1.495579
300 27.31 167.69 31.54 76.92 -1.516676
300 535.02 150.89 24.37 59.45 -1.542033
300 183.75 189.00 20.50 50.00 -1.564596
300 237.82 180.00 22.38 54.58 -1.817889
300 97.25 103.37 24.37 59.45 -2.270033
330 194.80 184.16 24.37 59.45 0.509652
330 469.75 189.00 20.50 50.00 0.458295
330 406.54 179.41 24.37 59.45 0.101801
330 482.46 186.55 22.38 54.58 0.053209
330 582.65 93.18 57.98 141.42 -0.135583
330 475.75 183.00 20.50 50.00 -0.228988
330 507.75 111.00 20.50 50.00 -0.256526
330 497.75 177.82 22.38 54.58 -0.512714
330 434.98 123.24 26.57 64.81 -0.682742
330 451.75 187.00 20.50 50.00 -0.908171
330 214.03 159.44 34.37 83.83 -0.953612
330 461.75 197.00 20.50 50.00 -1.105093
330 67.75 153.00 20.50 50.00 -1.489076
330 126.42 101.45 22.38 54.58 -1.811944
360 531.75 177.00 20.50 50.00 2.178360
360 178.84 171.27 22.38 54.58 0.580251
360 543.75 171.00 20.50 50.00 0.270811
360 425.37 176.47 28.92 70.53 -0.043819
360 431.09 104.43 37.52 91.50 -0.691541
360 517.89 156.97 26.57 64.81 -0.692656
360 377.75 161.00 20.50 50.00 -0.934437
360 567.75 79.00 20.50 50.00 -0.997747
360 130.78 171.27 22.38 54.58 -1.122718
360 359.75 169.00 20.50 50.00 -1.130696
360 121.75 187.00 20.50 50.00 -1.143845
360 405.77 155.38 31.54 76.92 -1.153483
360 170.10 180.00 22.38 54.58 -1.295990
360 191.37 148.24 28.92 70.53 -1.355539
360 -0.35 148.24 28.92 70.53 -1.753199
360 561.75 87.00 20.50 50.00 -1.788021
360 25.94 188.73 22.38 54.58 -2.106446
360 87.73 77.23 24.37 59.45 -2.154518
360 602.97 67.79 37.52 91.50 -2.244025
360 29.93 67.64 44.67 108.95 -2.838443
390 161.37 158.18 22.38 54.58 1.316200
390 619.75 159.00 20.50 50.00 1.282321
390 173.28 144.00 26.57 64.81 0.995501
390 444.61 174.65 24.37 59.45 -0.279015
390 381.15 121.54 31.54 76.92 -0.478672
390 355.75 157.00 20.50 50.00 -0.696188
390 460.34 159.39 37.52 91.50 -0.766813
390 6.28 195.27 22.38 54.58 -0.886602
390 118.66 150.89 24.37 59.45 -0.928566
390 81.75 173.00 20.50 50.00 -1.448152
390 415.00 121.54 31.54 76.92 -1.691831
390 617.75 143.00 20.50 50.00 -1.853188
390 -0.65 49.03 52.90 129.03 -2.000620
420 69.64 154.38 26.57 64.81 0.745820
420 404.16 139.01 24.37 59.45 0.285104
420 147.31 143.08 31.54 76.92 0.261068
420 25.75 195.00 20.50 50.00 0.230025
420 451.88 156.00 22.38 54.58 0.017854
420 416.84 144.00 26.57 64.81 -0.105587
420 360.53 142.59 28.92 70.53 -0.133391
420 428.19 136.94 28.92 70.53 -0.327366
420 51.75 193.00 20.50 50.00 -0.407241
420 376.23 111.76 37.52 91.50 -0.657936
420 604.01 139.01 24.37 59.45 -0.924069
420 159.62 136.92 31.54 76.92 -0.934045
420 587.30 145.09 22.38 54.58 -0.986859
420 608.85 213.85 31.54 76.92 -1.212962
420 619.75 139.00 20.50 50.00 -1.520010
420 530.97 152.26 52.90 129.03 -1.735168
420 -0.54 63.27 44.67 108.95 -1.777262
420 571.75 149.00 20.50 50.00 -1.826521
420 611.45 249.88 28.92 70.53 -2.135806
420 460.77 52.31 63.08 153.85 -2.251037
420 103.85 76.92 63.08 153.85 -2.530872
450 593.75 173.00 20.50 50.00 3.459435
450 563.52 148.24 28.92 70.53 0.455289
450 471.26 162.16 26.57 64.81 0.412318
450 416.46 133.74 37.52 91.50 0.399848
450 611.45 156.71 28.92 70.53 0.211282
450 349.75 171.00 20.50 50.00 -0.293366
450 367.50 102.00 41.00 100.00 -0.628278
450 405.64 136.94 28.92 70.53 -0.635354
450 445.75 165.00 20.50 50.00 -0.701612
450 109.14 167.52 24.37 59.45 -0.947381
450 155.75 171.00 20.50 50.00 -1.045049
450 362.69 143.08 31.54 76.92 -1.124628
450 599.75 179.00 20.50 50.00 -1.262593
450 113.75 131.00 20.50 50.00 -1.435471
450 -0.84 77.75 69.16 168.67 -1.552329
450 315.79 86.92 26.57 64.81 -2.040559
450 434.98 97.30 26.57 64.81 -2.166134
450 491.95 25.85 75.52 184.20 -2.964319
480 199.19 144.00 26.57 64.81 0.403991
480 365.77 136.92 31.54 76.92 0.169381
480 325.75 137.00 20.50 50.00 0.080820
480 59.75 173.00 20.50 50.00 -0.067360
480 467.75 173.00 20.50 50.00 -0.220633
480 92.69 162.35 28.92 70.53 -0.248052
480 59.75 191.00 20.50 50.00 -0.587748
480 387.51 150.89 24.37 59.45 -0.846538
480 185.73 139.76 28.92 70.53 -0.909473
480 39.04 188.73 22.38 54.58 -0.914358
480 515.20 144.73 37.52 91.50 -0.926108
480 431.50 130.00 41.00 100.00 -0.980957
480 349.75 175.00 20.50 50.00 -1.099090
480 309.78 80.47 28.92 70.53 -1.306272
480 381.98 125.45 22.38 54.58 -1.474811
480 390.72 51.27 22.38 54.58 -1.598213
480 314.27 1.09 22.38 54.58 -4.949249
510 515.99 167.52 24.37 59.45 1.184837
510 194.19 136.94 28.92 70.53 0.688720
510 371.52 132.59 34.37 83.83 -0.076442
510 171.50 106.00 41.00 100.00 -0.331727
510 565.77 152.31 31.54 76.92 -0.770906
510 481.62 149.19 26.57 64.81 -0.957066
510 8.89 106.93 48.64 118.64 -1.458837
510 505.75 171.00 20.50 50.00 -1.468954
510 468.40 148.51 24.37 59.45 -1.567641
510 473.16 160.40 24.37 59.45 -2.017260
510 229.94 115.42 37.52 91.50 -2.094199
510 384.42 70.59 57.98 141.42 -2.343580
510 496.95 77.23 24.37 59.45 -2.365525
510 619.75 71.00 20.50 50.00 -2.446914
510 455.50 34.00 41.00 100.00 -3.554428
540 552.25 162.35 28.92 70.53 3.551160
540 177.27 139.76 28.92 70.53 1.176066
540 535.33 165.18 28.92 70.53 1.086936
540 428.19 145.41 28.92 70.53 -0.356590
540 397.75 131.00 20.50 50.00 -0.614488
540 165.99 134.12 28.92 70.53 -0.752523
540 507.89 119.08 37.52 91.50 -0.862108
540 213.79 151.64 22.38 54.58 -1.053683
540 415.75 133.00 20.50 50.00 -1.192624
540 482.68 146.14 24.37 59.45 -1.353557
540 191.37 136.94 28.92 70.53 -1.381213
540 515.20 137.40 37.52 91.50 -1.605908
540 501.71 29.70 24.37 59.45 -3.110855
540 559.00 20.00 82.00 200.00 -3.251757
540 305.13 2.82 57.98 141.42 -3.935055
570 529.83 152.06 37.52 91.50 3.782390
570 512.25 159.44 34.37 83.83 3.321075
570 161.49 136.63 24.37 59.45 1.439272
570 542.41 169.51 34.37 83.83 1.287184
570 177.17 122.52 34.37 83.83 0.156464
570 533.49 126.41 37.52 91.50 -0.692944
570 432.39 110.27 26.57 64.81 -0.929486
570 423.20 112.87 24.37 59.45 -1.039965
570 498.08 167.69 31.54 76.92 -1.047828
570 151.97 136.63 24.37 59.45 -1.141895
570 379.75 165.00 20.50 50.00 -1.417395
570 205.05 147.27 22.38 54.58 -1.669285
570 397.75 117.00 20.50 50.00 -1.970216
570 506.47 146.14 24.37 59.45 -2.033779
570 494.57 81.98 24.37 59.45 -2.163409
570 552.25 9.88 28.92 70.53 -3.870232
570 261.41 333.86 24.37 59.45 -5.169266
600 487.07 146.18 44.67 108.95 4.775323
600 456.60 150.55 44.67 108.95 3.655150
600 500.14 159.27 44.67 108.95 0.321920
600 157.53 134.12 28.92 70.53 -0.638158
600 507.14 128.47 28.92 70.53 -0.906421
600 388.53 105.82 22.38 54.58 -0.959646
600 354.96 140.20 48.64 118.64 -1.080311
600 175.09 119.08 37.52 91.50 -1.089322
600 403.75 109.00 20.50 50.00 -1.296395
600 411.50 106.00 41.00 100.00 -1.621180
600 478.09 90.55 22.38 54.58 -1.730199
600 465.31 120.00 44.67 108.95 -1.744999
600 479.62 192.31 31.54 76.92 -1.790735
600 599.50 114.00 41.00 100.00 -2.076793
630 411.73 149.37 34.37 83.83 2.076033
630 399.75 119.00 20.50 50.00 -0.575892
630 142.17 119.08 37.52 91.50 -0.730319
630 405.75 125.00 20.50 50.00 -1.193657
630 491.75 159.00 20.50 50.00 -1.616022
630 577.69 70.77 63.08 153.85 -1.870097
660 587.74 100.65 52.90 129.03 -1.381526
660 485.38 58.46 63.08 153.85 -2.698046
660 307.88 -9.60 197.95 482.80 -3.327230
690 153.08 144.62 63.08 153.85 2.160667
690 133.55 162.58 52.90 129.03 1.220856
690 439.62 146.15 31.54 76.92 -0.541437
690 587.74 100.65 52.90 129.03 -1.015347
690 209.07 148.51 24.37 59.45 -1.054506
690 127.41 121.19 48.64 118.64 -1.091632
690 401.68 132.59 34.37 83.83 -1.761638
690 485.38 58.46 63.08 153.85 -2.693621
690 615.91 20.20 24.37 59.45 -4.226777
690 605.75 7.00 20.50 50.00 -4.458949
720 40.65 157.42 52.90 129.03 5.816878
720 434.74 111.76 37.52 91.50 -0.979028
720 378.22 125.87 34.37 83.83 -1.088943
720 405.75 125.00 20.50 50.00 -1.102178
720 587.74 116.13 52.90 129.03 -1.381563
720 32.59 130.69 48.64 118.64 -2.039858
720 185.39 186.55 22.38 54.58 -2.244825
720 471.00 20.00 82.00 200.00 -4.021190
750 438.40 115.42 37.52 91.50 -0.855909
750 401.30 195.89 26.57 64.81 -1.005147
750 407.75 131.00 20.50 50.00 -1.138119
750 185.73 168.00 28.92 70.53 -1.339451
750 427.43 137.40 37.52 91.50 -1.524373
750 414.10 190.59 28.92 70.53 -1.525178
750 617.88 188.73 22.38 54.58 -1.854712
750 388.53 116.73 22.38 54.58 -2.007546
780 147.02 146.01 34.37 83.83 -0.077162
780 209.42 160.36 22.38 54.58 -0.399157
780 435.50 110.00 41.00 100.00 -1.690290
780 -0.32 141.41 26.57 64.81 -1.972610
780 183.75 193.00 20.50 50.00 -2.173996
780 613.77 19.46 26.57 64.81 -4.183351
810 208.28 148.24 28.92 70.53 -0.383048
810 383.50 122.00 41.00 100.00 -1.052571
810 141.15 152.31 31.54 76.92 -1.476382
810 617.88 186.55 22.38 54.58 -1.542592
810 617.88 145.09 22.38 54.58 -1.957519
810 488.85 109.23 31.54 76.92 -1.995083
810 617.88 33.82 22.38 54.58 -3.236485
840 209.42 160.36 22.38 54.58 -0.270733
840 405.75 131.00 20.50 50.00 -0.573014
840 587.74 105.81 52.90 129.03 -0.790767
840 220.97 155.64 24.37 59.45 -0.917657
840 159.35 141.94 52.90 129.03 -1.466306
840 416.59 125.94 48.64 118.64 -1.659769
840 595.75 17.00 20.50 50.00 -3.941649
870 436.54 164.62 31.54 76.92 -0.008459
870 401.64 134.18 22.38 54.58 -0.965594
870 209.07 155.64 24.37 59.45 -1.202049
870 190.04 188.91 24.37 59.45 -1.736540
870 602.59 14.18 22.38 54.58 -3.800259
870 617.88 5.45 22.38 54.58 -3.868849
900 442.29 170.82 28.92 70.53 -0.033691
900 173.38 174.65 24.37 59.45 -0.530794
900 587.74 105.81 52.90 129.03 -1.085969
900 407.75 137.00 20.50 50.00 -1.336059
900 433.46 118.46 31.54 76.92 -1.375956
900 17.75 203.00 20.50 50.00 -1.392927
900 206.69 155.64 24.37 59.45 -1.669589
900 467.75 77.00 20.50 50.00 -2.057073
900 354.96 235.25 48.64 118.64 -2.779125
900 297.80 52.03 34.37 83.83 -3.264922
900 603.75 13.00 20.50 50.00 -3.667382
900 613.77 24.65 26.57 64.81 -3.983748
900 595.75 17.00 20.50 50.00 -4.356226
930 439.47 170.82 28.92 70.53 0.385478
930 209.07 155.64 24.37 59.45 -0.637197
930 164.52 136.77 52.90 129.03 -0.702723
930 587.74 110.97 52.90 129.03 -1.174323
930 405.75 129.00 20.50 50.00 -1.457990
930 437.47 129.50 24.37 59.45 -1.544655
930 471.75 87.00 20.50 50.00 -2.221960
930 485.38 76.92 63.08 153.85 -2.252873
930 619.75 5.00 20.50 50.00 -4.849743
960 138.71 162.58 52.90 129.03 3.773008
960 118.06 167.74 52.90 129.03 0.186643
960 154.19 178.06 52.90 129.03 -0.120290
960 206.96 154.38 26.57 64.81 -0.729993
960 407.75 137.00 20.50 50.00 -1.092422
960 445.34 172.54 26.57 64.81 -1.094269
960 485.38 64.61 63.08 153.85 -2.531322
960 595.75 23.00 20.50 50.00 -3.830479
990 422.58 157.42 52.90 129.03 0.474905
990 403.82 136.36 22.38 54.58 -0.717703
990 211.45 155.64 24.37 59.45 -0.858201
990 530.26 162.77 24.37 59.45 -1.056773
990 582.65 98.82 57.98 141.42 -1.563216
990 484.52 90.32 52.90 129.03 -2.072814
1020 535.50 178.00 41.00 100.00 3.501766
1020 173.75 179.00 20.50 50.00 -0.475839
1020 525.67 164.76 26.57 64.81 -0.673472
1020 406.01 129.82 22.38 54.58 -0.701233
1020 558.91 234.55 22.38 54.58 -0.720724
1020 185.39 195.27 22.38 54.58 -0.843303
1020 493.38 171.27 22.38 54.58 -1.373744
1050 405.75 131.00 20.50 50.00 -0.551731
1050 209.55 151.78 26.57 64.81 -0.818442
1050 414.25 164.76 26.57 64.81 -1.105147
1050 582.65 98.82 57.98 141.42 -1.118023
1050 485.38 64.61 63.08 153.85 -2.039990
1050 435.56 102.18 48.64 118.64 -2.067842
1080 209.07 155.64 24.37 59.45 -0.516253
1080 172.29 182.18 22.38 54.58 -0.777217
1080 49.75 189.00 20.50 50.00 -0.892982
1080 595.92 133.09 44.67 108.95 -1.526527
1080 346.67 -9.60 197.95 482.80 -3.066050
1080 595.75 17.00 20.50 50.00 -4.059984
1080 603.75 17.00 20.50 50.00 -4.137492
1110 209.42 160.36 22.38 54.58 -0.152631
1110 173.75 181.00 20.50 50.00 -0.875600
1110 453.12 149.19 26.57 64.81 -1.014048
1110 595.92 133.09 44.67 108.95 -1.061151
1110 419.11 160.36 22.38 54.58 -1.183564
1110 485.38 64.61 63.08 153.85 -2.289361
1110 613.77 16.86 26.57 64.81 -4.295885
1140 403.75 129.00 20.50 50.00 -0.807046
1140 405.75 143.00 20.50 50.00 -1.286745
1140 582.65 98.82 57.98 141.42 -1.722450
1140 484.52 90.32 52.90 129.03 -2.223549
1140 469.75 81.00 20.50 50.00 -2.485385
1140 603.75 17.00 20.50 50.00 -4.177963
1170 139.52 182.18 22.38 54.58 -0.173694
1170 418.43 129.23 34.37 83.83 -0.556822
1170 209.07 155.64 24.37 59.45 -0.897042
1170 399.62 140.00 31.54 76.92 -0.939558
1170 189.76 193.09 22.38 54.58 -1.017658
1170 595.92 133.09 44.67 108.95 -1.136441
1170 440.30 106.93 48.64 118.64 -1.493031
1170 146.08 160.36 22.38 54.58 -1.669955
1170 471.00 20.00 82.00 200.00 -3.901502
1170 600.41 16.36 22.38 54.58 -4.156057
1200 442.23 150.89 24.37 59.45 -0.758914
1200 405.75 131.00 20.50 50.00 -1.027700
1200 208.28 148.24 28.92 70.53 -1.368610
1200 104.57 182.18 22.38 54.58 -1.603502
1200 615.91 141.39 24.37 59.45 -1.770364
1230 608.85 167.69 31.54 76.92 1.246137
1230 207.24 162.55 22.38 54.58 -0.414132
1230 216.21 155.64 24.37 59.45 -0.821687
1230 613.77 258.16 26.57 64.81 -1.678563
1230 346.67 -9.60 197.95 482.80 -2.915482
1230 617.75 35.00 20.50 50.00 -3.534555
1230 617.88 313.09 22.38 54.58 -3.928696
1230 601.75 11.00 20.50 50.00 -4.315911
1260 594.54 173.65 28.92 70.53 4.529482
1260 209.07 155.64 24.37 59.45 -0.400451
1260 611.45 283.76 28.92 70.53 -1.462883
1260 613.77 169.95 26.57 64.81 -1.900494
1260 346.67 -9.60 197.95 482.80 -2.622794
1260 611.45 247.06 28.92 70.53 -3.650716
1260 577.75 -1.00 20.50 50.00 -4.463383
1260 602.59 7.64 22.38 54.58 -4.537116
1260 608.85 315.38 31.54 76.92 -4.888534
1290 580.08 172.54 26.57 64.81 4.683935
1290 442.23 148.51 24.37 59.45 -0.402755
1290 608.85 161.54 31.54 76.92 -0.522823
1290 214.74 151.78 26.57 64.81 -0.612436
1290 407.50 126.00 41.00 100.00 -1.121443
1290 137.75 183.00 20.50 50.00 -1.396165
1290 183.87 166.15 34.37 83.83 -1.409772
1290 608.85 281.54 31.54 76.92 -2.136966
1290 463.00 20.00 82.00 200.00 -4.167633
1290 602.59 7.64 22.38 54.58 -4.874863
1320 569.72 172.54 26.57 64.81 8.301737
1320 207.24 162.55 22.38 54.58 -0.336570
1320 587.74 110.97 52.90 129.03 -0.745310
1320 137.75 185.00 20.50 50.00 -1.243740
1320 412.56 164.73 22.38 54.58 -1.338681
1320 608.85 284.62 31.54 76.92 -2.705369
1320 485.38 64.61 63.08 153.85 -2.792795
1320 595.75 17.00 20.50 50.00 -4.276989
1350 561.19 177.03 24.37 59.45 7.690003
1350 592.12 177.03 24.37 59.45 3.441352
1350 209.07 155.64 24.37 59.45 -0.558576
1350 418.43 132.59 34.37 83.83 -1.111309
1350 549.75 187.00 20.50 50.00 -1.540537
1350 391.50 122.00 41.00 100.00 -1.853232
1350 608.85 284.62 31.54 76.92 -2.017476
1350 297.80 52.03 34.37 83.83 -3.111354
1350 615.91 29.70 24.37 59.45 -3.591759
1380 551.67 177.03 24.37 59.45 6.493829
1380 580.75 177.82 22.38 54.58 3.375915
1380 495.75 177.00 20.50 50.00 -0.944759
1380 599.50 266.00 41.00 100.00 -1.437468
1380 560.70 168.00 28.92 70.53 -1.664519
1380 450.75 148.24 28.92 70.53 -1.664610
1380 401.68 92.31 34.37 83.83 -2.095453
1380 469.75 83.00 20.50 50.00 -2.116084
1410 543.62 177.82 22.38 54.58 7.749875
1410 568.33 172.28 24.37 59.45 3.470823
1410 497.75 179.00 20.50 50.00 0.672073
1410 551.67 177.03 24.37 59.45 0.146179
1410 209.42 160.36 22.38 54.58 -0.352002
1410 587.74 110.97 52.90 129.03 -0.584999
1410 493.75 169.00 20.50 50.00 -0.672358
1410 608.85 284.62 31.54 76.92 -1.996861
1410 615.91 29.70 24.37 59.45 -3.695479
1410 603.75 15.00 20.50 50.00 -4.474051
1440 537.06 177.82 22.38 54.58 7.292191
1440 561.09 177.82 22.38 54.58 4.671268
1440 565.46 166.91 22.38 54.58 -0.280561
1440 528.33 180.00 22.38 54.58 -0.620113
1440 497.75 166.91 22.38 54.58 -0.908962
1440 135.15 175.64 22.38 54.58 -1.264863
1440 548.99 169.95 26.57 64.81 -1.326077
1440 469.75 85.00 20.50 50.00 -1.611849
1440 613.77 24.65 26.57 64.81 -3.546192
1440 595.75 305.00 20.50 50.00 -5.515955
1470 532.70 177.82 22.38 54.58 3.165628
1470 121.75 187.00 20.50 50.00 0.614700
1470 596.88 174.65 24.37 59.45 0.293829
1470 503.75 175.00 20.50 50.00 0.043729
1470 547.99 177.82 22.38 54.58 -0.505501
1470 611.45 168.00 28.92 70.53 -0.583869
1470 206.96 149.19 26.57 64.81 -0.761645
1470 523.75 181.00 20.50 50.00 -0.858911
1470 442.75 146.59 26.57 64.81 -1.619916
1470 599.50 6.00 41.00 100.00 -4.486807
1470 617.88 310.91 22.38 54.58 -5.547384
1500 527.75 173.00 20.50 50.00 0.208691
1500 91.75 189.00 20.50 50.00 0.171521
1500 421.78 129.23 34.37 83.83 -0.388063
1500 365.75 163.00 20.50 50.00 -1.197315
1500 535.75 173.00 20.50 50.00 -1.679020
1500 420.82 81.98 24.37 59.45 -1.710002
1500 -0.32 182.92 26.57 64.81 -1.821204
1500 511.23 165.15 24.37 59.45 -1.993994
1500 529.75 99.00 20.50 50.00 -2.037511
1500 471.75 77.00 20.50 50.00 -2.053128
1500 479.75 85.00 20.50 50.00 -2.397920
1530 485.06 165.15 24.37 59.45 0.192765
1530 21.57 206.18 22.38 54.58 -0.052145
1530 388.15 125.94 48.64 118.64 -0.244527
1530 34.68 206.18 22.38 54.58 -0.350968
1530 219.92 156.97 26.57 64.81 -0.370052
1530 547.75 103.00 20.50 50.00 -1.118766
1530 617.75 259.00 20.50 50.00 -1.346408
1530 419.75 103.00 20.50 50.00 -1.521796
1530 146.08 195.27 22.38 54.58 -1.563803
1530 -0.27 212.73 22.38 54.58 -1.698852
1530 10.65 208.36 22.38 54.58 -1.908166
1530 535.75 9.00 20.50 50.00 -3.853806
1560 103.75 195.00 20.50 50.00 -0.816578
1560 591.56 194.18 44.67 108.95 -1.165931
1560 613.77 167.35 26.57 64.81 -1.257087
1560 583.75 97.00 20.50 50.00 -1.479262
1560 366.06 -9.60 197.95 482.80 -2.899378
1560 602.97 236.34 37.52 91.50 -2.950678
1560 575.92 25.18 34.37 83.83 -3.555426
1590 617.88 158.18 22.38 54.58 -0.340794
1590 432.71 115.25 24.37 59.45 -0.657065
1590 207.50 162.00 41.00 100.00 -0.827775
1590 401.64 134.18 22.38 54.58 -1.231957
1590 582.94 160.36 22.38 54.58 -1.280839
1590 535.02 100.99 24.37 59.45 -1.382852
1590 493.38 101.45 22.38 54.58 -1.622820
1590 377.75 87.00 20.50 50.00 -2.199420
1590 577.69 33.85 63.08 153.85 -2.763826
1590 531.92 50.77 31.54 76.92 -3.068942
1620 491.67 126.67 136.67 333.33 0.010041
1620 395.68 60.00 176.63 430.80 -0.531768
1620 225.20 153.88 28.92 70.53 -0.724074
1620 131.20 130.08 37.52 91.50 -1.937266
1620 571.79 30.42 69.16 168.67 -2.806807
1650 150.37 135.94 34.37 83.83 0.347555
1650 551.75 175.00 20.50 50.00 0.237081
1650 135.15 151.64 22.38 54.58 0.189563
1650 -0.50 158.00 41.00 100.00 -0.283411
1650 591.75 129.00 20.50 50.00 -0.578780
1650 351.50 94.00 41.00 100.00 -0.961471
1650 532.64 72.47 24.37 59.45 -1.419044
1650 606.07 186.29 34.37 83.83 -1.769181
1650 446.99 105.74 24.37 59.45 -1.922274
1650 526.14 66.55 22.38 54.58 -2.136943
1650 156.73 184.16 24.37 59.45 -2.156974
1650 491.98 206.27 26.57 64.81 -2.284907
1680 617.88 208.36 22.38 54.58 -0.562930
1680 571.75 175.00 20.50 50.00 -0.756087
1680 207.24 149.45 22.38 54.58 -0.980296
1680 141.15 140.00 31.54 76.92 -1.183162
1680 529.75 127.00 20.50 50.00 -1.261887
1680 97.69 70.77 63.08 153.85 -1.725565
1680 551.67 70.10 24.37 59.45 -1.791904
1680 449.37 81.98 24.37 59.45 -2.102643
1680 487.75 75.00 20.50 50.00 -2.354586
1680 606.07 88.95 34.37 83.83 -2.644333
1680 479.75 57.00 20.50 50.00 -2.720786
1680 545.80 60.00 22.38 54.58 -2.866697
1680 558.81 55.84 24.37 59.45 -2.973555
1680 365.02 315.24 26.57 64.81 -5.085514
1710 559.00 156.00 82.00 200.00 0.848555
1710 147.02 139.30 34.37 83.83 0.003644
1710 117.93 116.44 48.64 118.64 -1.070935
1710 576.99 93.18 57.98 141.42 -1.306106
1710 222.51 149.19 26.57 64.81 -1.798476
1710 565.75 55.00 20.50 50.00 -2.508500
1710 576.38 55.64 22.38 54.58 -2.545251
1710 503.75 63.00 20.50 50.00 -2.826087
1710 602.97 31.14 37.52 91.50 -3.932483
1740 218.16 193.09 22.38 54.58 0.597740
1740 143.75 183.00 20.50 50.00 -0.054577
1740 120.21 152.73 34.37 83.83 -0.955543
1740 387.31 176.92 31.54 76.92 -0.981078
1740 543.28 33.60 98.11 239.31 -2.095462
1740 465.31 58.91 44.67 108.95 -2.849445
1740 615.91 269.70 24.37 59.45 -3.473008
1770 103.95 124.36 44.67 108.95 0.189779
1770 229.75 189.00 20.50 50.00 -0.781750
1770 134.42 128.73 44.67 108.95 -0.874335
1770 617.88 136.36 22.38 54.58 -0.956984
1770 587.74 214.19 52.90 129.03 -0.969407
1770 553.46 161.54 31.54 76.92 -1.260387
1770 495.56 66.55 22.38 54.58 -1.524304
1770 431.01 187.76 28.92 70.53 -1.564758
1770 442.75 118.05 26.57 64.81 -1.825304
1770 537.40 79.60 24.37 59.45 -2.028201
1770 557.89 26.82 28.92 70.53 -3.094770
1800 368.87 142.91 22.38 54.58 0.345983
1800 93.40 156.08 34.37 83.83 0.248520
1800 47.75 149.00 20.50 50.00 -0.158931
1800 369.75 119.00 20.50 50.00 -0.292790
1800 383.75 181.00 20.50 50.00 -0.665014
1800 399.75 175.00 20.50 50.00 -0.708582
1800 123.75 191.00 20.50 50.00 -0.778745
1800 427.85 169.09 22.38 54.58 -0.910066
1800 454.13 122.38 24.37 59.45 -1.323881
1800 464.98 127.64 22.38 54.58 -1.925263
1800 491.80 36.52 107.29 261.69 -2.047833
1800 533.77 26.09 107.29 261.69 -2.261665
1800 171.00 8.32 24.37 59.45 -4.448699
1830 83.75 193.00 20.50 50.00 2.319301
1830 370.86 169.90 24.37 59.45 1.416218
1830 75.75 195.00 20.50 50.00 0.753008
1830 381.98 180.00 22.38 54.58 0.441236
1830 105.75 195.00 20.50 50.00 0.412502
1830 399.75 173.00 20.50 50.00 0.274564
1830 412.56 171.27 22.38 54.58 -0.190018
1830 377.61 190.91 22.38 54.58 -0.282682
1830 69.75 203.00 20.50 50.00 -0.437184
1830 388.53 169.09 22.38 54.58 -0.650351
1830 451.75 173.00 20.50 50.00 -0.981087
1830 421.75 181.00 20.50 50.00 -1.375877
1830 368.87 195.27 22.38 54.58 -1.436116
