30 131.92 130.77 31.54 76.92 2.073494
30 477.75 161.00 20.50 50.00 1.803933
30 483.75 153.00 20.50 50.00 -0.523768
30 147.31 124.62 31.54 76.92 -0.630145
30 408.38 135.94 34.37 83.83 -0.878395
30 604.78 81.82 22.38 54.58 -1.055005
30 120.88 131.29 28.92 70.53 -1.605775
30 209.75 147.00 20.50 50.00 -1.654642
60 201.78 141.41 26.57 64.81 1.766391
60 416.46 141.07 37.52 91.50 0.368307
60 187.75 145.00 20.50 50.00 0.108950
60 93.40 119.16 34.37 83.83 -0.210743
60 215.75 147.00 20.50 50.00 -0.248186
60 537.75 165.00 20.50 50.00 -0.374967
60 491.19 149.45 22.38 54.58 -0.721304
60 176.66 147.27 22.38 54.58 -1.492279
60 619.75 93.00 20.50 50.00 -1.787436
60 619.75 117.00 20.50 50.00 -1.860340
90 153.46 143.08 31.54 76.92 1.382216
90 432.71 134.26 24.37 59.45 0.326531
90 397.03 134.26 24.37 59.45 0.130688
90 188.83 136.22 26.57 64.81 0.015097
90 1.75 109.00 20.50 50.00 -0.348391
90 443.50 158.00 41.00 100.00 -0.359399
90 85.75 117.00 20.50 50.00 -0.460130
90 207.75 149.00 20.50 50.00 -0.555529
90 349.75 133.00 20.50 50.00 -0.656624
90 407.75 129.00 20.50 50.00 -0.806359
90 61.75 119.00 20.50 50.00 -0.928473
90 461.99 176.22 34.37 83.83 -0.998278
90 39.77 126.41 37.52 91.50 -1.005690
90 427.85 149.45 22.38 54.58 -1.026727
90 518.36 108.12 24.37 59.45 -1.251789
90 178.46 141.41 26.57 64.81 -1.540216
90 471.54 123.27 22.38 54.58 -1.791623
90 77.75 123.00 20.50 50.00 -2.083169
90 551.23 30.55 89.69 218.76 -2.143687
90 522.30 11.75 34.37 83.83 -3.841723
120 414.74 175.64 22.38 54.58 1.966279
120 165.75 139.00 20.50 50.00 0.588051
120 432.71 150.89 24.37 59.45 0.461306
120 455.75 121.00 20.50 50.00 0.392201
120 54.33 112.36 22.38 54.58 0.099525
120 147.31 136.92 31.54 76.92 -0.394339
120 565.95 139.01 24.37 59.45 -0.419938
120 177.27 139.76 28.92 70.53 -0.435876
120 508.67 164.73 22.38 54.58 -0.572686
120 613.77 136.22 26.57 64.81 -0.758568
120 351.75 151.00 20.50 50.00 -0.784745
120 220.97 160.40 24.37 59.45 -1.122214
120 347.75 139.00 20.50 50.00 -1.192792
120 617.88 116.73 22.38 54.58 -1.207777
120 574.90 138.81 26.57 64.81 -1.236950
120 -0.54 111.27 44.67 108.95 -1.334593
120 479.50 106.00 41.00 100.00 -1.381890
120 98.96 102.18 48.64 118.64 -1.502495
120 404.16 169.90 24.37 59.45 -1.506151
120 -0.50 54.00 41.00 100.00 -1.903967
120 600.81 141.41 26.57 64.81 -2.122510
120 602.97 16.49 37.52 91.50 -3.414960
150 441.88 166.15 34.37 83.83 3.615915
150 455.29 169.51 34.37 83.83 1.687807
150 209.07 143.76 24.37 59.45 1.288211
150 15.02 103.64 22.38 54.58 0.890805
150 301.86 174.65 24.37 59.45 0.696605
150 568.33 162.77 24.37 59.45 0.029634
150 161.37 129.82 22.38 54.58 -0.158952
150 498.68 145.41 28.92 70.53 -0.389680
150 143.44 134.12 28.92 70.53 -0.495520
150 187.23 125.87 34.37 83.83 -0.745556
150 -0.25 105.00 20.50 50.00 -1.053509
150 600.18 170.82 28.92 70.53 -1.060878
150 615.91 77.23 24.37 59.45 -1.186957
150 101.75 173.00 20.50 50.00 -1.233996
150 379.80 132.00 22.38 54.58 -1.337519
150 587.75 191.00 20.50 50.00 -1.846435
150 1.91 86.18 22.38 54.58 -1.996378
150 433.46 155.38 31.54 76.92 -2.033406
150 581.75 175.00 20.50 50.00 -2.074715
150 21.57 94.91 22.38 54.58 -2.216986
180 559.23 156.92 63.08 153.85 4.619351
180 339.11 169.95 26.57 64.81 0.522958
180 215.75 159.00 20.50 50.00 0.388431
180 602.97 141.07 37.52 91.50 0.355352
180 602.97 174.05 37.52 91.50 0.181262
180 554.05 124.75 24.37 59.45 -0.200909
180 356.58 179.41 24.37 59.45 -0.337912
180 515.48 85.16 52.90 129.03 -0.557975
180 541.21 201.08 26.57 64.81 -0.643093
180 225.75 153.00 20.50 50.00 -0.867012
180 462.03 165.18 28.92 70.53 -1.186384
180 137.34 125.45 22.38 54.58 -1.537926
180 171.43 122.75 37.52 91.50 -1.653462
180 423.48 140.73 22.38 54.58 -1.666945
180 65.75 179.00 20.50 50.00 -1.838756
180 508.85 72.47 24.37 59.45 -1.934661
180 -0.84 64.22 69.16 168.67 -2.238273
180 582.58 69.68 52.90 129.03 -2.840307
180 613.77 40.22 26.57 64.81 -3.197640
210 237.75 165.00 20.50 50.00 1.673044
210 346.88 177.73 26.57 64.81 0.780429
210 335.15 173.65 28.92 70.53 0.134301
210 437.75 105.00 20.50 50.00 -0.005357
210 196.31 158.18 22.38 54.58 -0.619004
210 129.23 156.97 26.57 64.81 -0.796504
210 559.35 169.95 26.57 64.81 -0.900909
210 502.12 201.82 22.38 54.58 -1.105487
210 189.76 164.73 22.38 54.58 -1.586509
210 544.54 215.05 24.37 59.45 -1.650595
210 509.96 190.59 28.92 70.53 -1.729478
210 619.75 255.00 20.50 50.00 -1.852746
210 551.75 35.00 20.50 50.00 -3.559167
210 619.75 21.00 20.50 50.00 -3.605578
240 165.75 171.00 20.50 50.00 0.546610
240 178.46 162.16 26.57 64.81 0.276564
240 222.53 166.91 22.38 54.58 -0.210649
240 449.75 89.00 20.50 50.00 -0.339189
240 448.59 172.87 34.37 83.83 -0.810659
240 435.75 147.00 20.50 50.00 -0.854936
240 85.75 127.00 20.50 50.00 -0.909686
240 441.75 95.00 20.50 50.00 -0.941226
240 615.91 217.43 24.37 59.45 -1.003150
240 195.75 149.00 20.50 50.00 -1.059866
240 404.16 155.64 24.37 59.45 -1.157718
240 117.93 116.44 48.64 118.64 -1.306293
240 293.81 110.12 57.98 141.42 -1.450693
240 617.88 249.82 22.38 54.58 -1.531335
240 209.42 169.09 22.38 54.58 -1.646844
240 416.06 115.25 24.37 59.45 -1.697316
240 461.75 87.00 20.50 50.00 -2.098108
240 491.92 69.23 31.54 76.92 -2.335979
270 218.16 169.09 22.38 54.58 1.374873
270 227.75 167.00 20.50 50.00 -0.177042
270 111.75 181.00 20.50 50.00 -0.295879
270 191.75 155.00 20.50 50.00 -0.398609
270 168.81 156.71 28.92 70.53 -0.424321
270 422.02 151.78 26.57 64.81 -0.620703
270 538.15 179.29 28.92 70.53 -0.653309
270 306.62 186.53 24.37 59.45 -0.938590
270 43.73 115.46 26.57 64.81 -1.253905
270 122.05 180.00 22.38 54.58 -1.469651
270 595.92 106.91 44.67 108.95 -1.551514
270 183.21 142.91 22.38 54.58 -1.612577
270 543.75 39.00 20.50 50.00 -3.228994
270 -0.71 -2.82 57.98 141.42 -5.353256
300 204.31 165.15 24.37 59.45 1.776279
300 287.22 168.00 28.92 70.53 0.760279
300 196.31 164.73 22.38 54.58 0.270218
300 173.75 155.00 20.50 50.00 0.230778
300 165.75 157.00 20.50 50.00 -0.226662
300 105.91 167.35 26.57 64.81 -0.889213
300 -0.38 176.92 31.54 76.92 -0.912362
300 606.07 115.80 34.37 83.83 -1.166900
300 70.13 176.47 28.92 70.53 -1.169438
300 118.87 169.95 26.57 64.81 -1.429177
300 454.13 79.60 24.37 59.45 -1.640215
300 453.75 171.00 20.50 50.00 -1.656816
300 7.75 101.00 20.50 50.00 -1.783811
300 83.35 162.80 34.37 83.83 -1.876381
300 545.75 193.00 20.50 50.00 -2.274130
300 574.20 20.73 22.38 54.58 -2.636181
300 508.85 10.69 24.37 59.45 -4.605937
330 191.37 168.00 28.92 70.53 1.183698
330 290.24 186.55 22.38 54.58 0.501515
330 619.75 203.00 20.50 50.00 0.341203
330 155.75 155.00 20.50 50.00 -0.116127
330 163.75 153.00 20.50 50.00 -0.861236
330 443.75 175.00 20.50 50.00 -1.165591
330 617.88 160.36 22.38 54.58 -1.261352
330 6.28 166.15 34.37 83.83 -1.680425
330 555.75 77.00 20.50 50.00 -1.725925
330 440.96 66.55 22.38 54.58 -1.817578
330 460.89 40.22 26.57 64.81 -2.204307
330 449.69 51.27 22.38 54.58 -2.234586
330 537.06 68.73 22.38 54.58 -2.328462
330 619.75 61.00 20.50 50.00 -2.386082
330 484.21 60.97 26.57 64.81 -2.898646
330 619.75 39.00 20.50 50.00 -3.499699
360 469.75 185.00 20.50 50.00 1.564129
360 185.28 165.15 24.37 59.45 1.264752
360 611.15 172.28 24.37 59.45 1.075451
360 397.27 158.18 22.38 54.58 0.199829
360 175.75 163.00 20.50 50.00 -0.080970
360 139.52 151.64 22.38 54.58 -0.167125
360 302.83 172.54 26.57 64.81 -0.223008
360 222.53 164.73 22.38 54.58 -0.356938
360 5.29 176.47 28.92 70.53 -0.361944
360 196.31 164.73 22.38 54.58 -0.414340
360 155.75 155.00 20.50 50.00 -0.569229
360 496.95 55.84 24.37 59.45 -0.662582
360 461.75 183.00 20.50 50.00 -0.831405
360 442.29 97.41 28.92 70.53 -0.908932
360 -0.25 165.00 20.50 50.00 -1.134300
360 131.75 189.00 20.50 50.00 -1.394608
360 547.50 146.00 41.00 100.00 -1.552811
360 503.50 126.00 41.00 100.00 -1.608643
360 465.34 129.23 34.37 83.83 -1.675089
360 167.92 153.82 22.38 54.58 -1.747032
360 461.75 41.00 20.50 50.00 -1.867667
360 133.75 161.00 20.50 50.00 -1.947035
360 489.01 60.00 22.38 54.58 -2.315354
360 411.66 24.65 26.57 64.81 -2.536106
360 507.31 -1.54 31.54 76.92 -3.027636
360 511.41 49.90 48.64 118.64 -3.094506
360 400.00 15.53 28.92 70.53 -3.201997
360 490.22 7.06 28.92 70.53 -3.251218
360 449.69 25.09 22.38 54.58 -3.970382
360 429.80 11.68 26.57 64.81 -4.071584
360 523.12 15.45 24.37 59.45 -4.484920
390 510.85 186.55 22.38 54.58 1.420318
390 504.30 180.00 22.38 54.58 0.290594
390 463.75 177.00 20.50 50.00 0.179539
390 405.75 167.00 20.50 50.00 0.176202
390 -0.35 179.29 28.92 70.53 -0.170015
390 309.75 181.00 20.50 50.00 -0.176720
390 267.75 179.00 20.50 50.00 -0.526115
390 151.75 159.00 20.50 50.00 -0.528159
390 180.09 162.35 28.92 70.53 -0.547673
390 143.75 161.00 20.50 50.00 -0.765396
390 109.14 155.64 24.37 59.45 -0.821416
390 -0.30 155.64 24.37 59.45 -0.836487
390 606.07 122.52 34.37 83.83 -0.948883
390 103.75 193.00 20.50 50.00 -1.433308
390 521.75 187.00 20.50 50.00 -1.435827
390 615.91 177.03 24.37 59.45 -1.803622
390 126.52 145.41 28.92 70.53 -1.818098
390 93.75 203.00 20.50 50.00 -1.847268
390 550.80 77.54 75.52 184.20 -2.494236
390 433.75 7.00 20.50 50.00 -4.618385
390 599.62 -1.54 31.54 76.92 -4.687387
420 419.75 167.00 20.50 50.00 -0.030706
420 504.23 158.46 31.54 76.92 -0.153427
420 78.36 145.09 22.38 54.58 -0.347343
420 565.52 62.77 75.52 184.20 -0.391194
420 309.75 181.00 20.50 50.00 -0.429081
420 103.32 149.19 26.57 64.81 -0.884643
420 250.92 173.45 22.38 54.58 -0.913348
420 140.07 148.51 24.37 59.45 -0.990619
420 427.75 167.00 20.50 50.00 -1.347976
420 178.14 162.77 24.37 59.45 -1.695548
420 464.23 72.31 31.54 76.92 -2.316512
450 311.75 179.00 20.50 50.00 1.047655
450 445.32 160.36 22.38 54.58 0.517813
450 25.02 128.47 28.92 70.53 -0.306853
450 109.26 133.74 37.52 91.50 -0.532223
450 137.00 146.59 26.57 64.81 -0.581898
450 15.75 123.00 20.50 50.00 -0.653425
450 586.08 179.29 28.92 70.53 -0.817394
450 218.59 188.91 24.37 59.45 -0.982876
450 69.95 132.59 34.37 83.83 -1.328303
450 437.75 171.00 20.50 50.00 -1.337020
450 151.97 158.02 24.37 59.45 -1.351747
450 78.59 176.47 28.92 70.53 -1.578564
450 492.15 58.74 34.37 83.83 -2.860418
480 295.06 156.97 26.57 64.81 0.923142
480 255.75 163.00 20.50 50.00 0.628564
480 8.89 111.68 48.64 118.64 0.424352
480 473.85 151.78 26.57 64.81 -0.088856
480 167.50 146.00 41.00 100.00 -0.251372
480 144.78 141.41 26.57 64.81 -0.521910
480 554.17 146.59 26.57 64.81 -0.766209
480 307.71 166.91 22.38 54.58 -0.839521
480 284.70 156.97 26.57 64.81 -0.953476
480 450.75 151.06 28.92 70.53 -1.044044
480 49.97 118.91 22.38 54.58 -1.049318
480 66.60 122.52 34.37 83.83 -1.505518
480 156.73 188.91 24.37 59.45 -1.978009
510 516.54 140.00 31.54 76.92 1.224255
510 299.48 153.27 24.37 59.45 0.930233
510 233.75 157.00 20.50 50.00 -1.152707
510 504.94 92.11 26.57 64.81 -1.331011
510 -0.30 143.76 24.37 59.45 -1.385808
510 602.97 119.08 37.52 91.50 -2.002788
510 -0.32 84.32 26.57 64.81 -2.484163
510 41.23 238.91 22.38 54.58 -2.622239
540 305.53 156.00 22.38 54.58 0.510066
540 77.75 123.00 20.50 50.00 -0.212770
540 150.38 136.92 31.54 76.92 -0.792106
540 91.47 114.55 22.38 54.58 -0.924576
540 33.46 118.46 31.54 76.92 -1.179729
540 31.75 95.00 20.50 50.00 -1.738344
540 198.50 162.55 22.38 54.58 -1.772586
540 179.75 135.00 20.50 50.00 -1.791846
540 559.00 36.00 82.00 200.00 -2.613320
570 299.48 131.88 24.37 59.45 0.238959
570 473.46 109.23 31.54 76.92 0.139405
570 21.57 90.55 22.38 54.58 -0.430357
570 414.25 123.24 26.57 64.81 -0.463419
570 35.48 85.16 52.90 129.03 -0.566133
570 542.16 108.12 24.37 59.45 -0.640840
570 121.04 110.50 24.37 59.45 -0.648852
570 149.96 107.68 26.57 64.81 -0.831359
570 486.83 142.91 22.38 54.58 -1.456207
570 365.75 127.00 20.50 50.00 -1.799476
570 587.74 64.52 52.90 129.03 -1.877791
570 562.51 112.45 34.37 83.83 -2.013523
570 -0.46 31.14 37.52 91.50 -4.036388
600 97.75 169.00 20.50 50.00 2.052714
600 301.75 153.00 20.50 50.00 1.266741
600 470.78 143.76 24.37 59.45 0.340249
600 89.75 165.00 20.50 50.00 0.222908
600 602.97 119.08 37.52 91.50 -0.357084
600 4.10 118.91 22.38 54.58 -0.536546
600 163.55 142.91 22.38 54.58 -0.600576
600 541.43 164.73 22.38 54.58 -0.639054
600 29.93 106.91 44.67 108.95 -0.658395
600 528.33 162.55 22.38 54.58 -0.886588
600 197.75 141.00 20.50 50.00 -0.970914
600 92.49 134.26 24.37 59.45 -1.263667
600 417.75 151.00 20.50 50.00 -1.464004
600 506.47 155.64 24.37 59.45 -1.570540
600 613.77 175.14 26.57 64.81 -1.601474
600 587.30 129.82 22.38 54.58 -1.719506
600 425.67 147.27 22.38 54.58 -1.908284
630 531.92 158.46 31.54 76.92 1.544762
630 231.75 149.00 20.50 50.00 0.691025
630 379.80 151.64 22.38 54.58 -0.389184
630 441.75 165.00 20.50 50.00 -0.753461
630 309.75 165.00 20.50 50.00 -0.815451
630 143.50 118.00 41.00 100.00 -1.074923
630 47.75 147.00 20.50 50.00 -1.226162
630 371.06 147.27 22.38 54.58 -1.581345
630 451.92 136.92 31.54 76.92 -1.654526
630 565.52 55.38 75.52 184.20 -2.190882
660 611.17 164.76 26.57 64.81 2.514388
660 383.16 149.19 26.57 64.81 -0.293180
660 453.12 146.59 26.57 64.81 -0.511400
660 465.75 169.00 20.50 50.00 -0.531413
660 584.98 141.39 24.37 59.45 -0.689230
660 323.88 151.06 28.92 70.53 -0.908821
660 197.17 158.02 24.37 59.45 -0.938408
660 373.24 145.09 22.38 54.58 -0.946007
660 615.91 112.87 24.37 59.45 -1.089262
660 222.53 158.18 22.38 54.58 -1.228406
660 108.30 124.36 44.67 108.95 -1.296674
660 600.81 159.57 26.57 64.81 -2.042149
660 10.04 159.57 26.57 64.81 -2.157167
660 617.88 64.36 22.38 54.58 -2.754614
660 617.88 38.18 22.38 54.58 -3.397370
660 577.75 1.00 20.50 50.00 -4.308403
690 505.75 175.00 20.50 50.00 4.365916
690 493.75 177.00 20.50 50.00 2.223920
690 381.98 149.45 22.38 54.58 0.438957
690 181.75 155.00 20.50 50.00 0.050290
690 483.75 181.00 20.50 50.00 0.041035
690 75.75 187.00 20.50 50.00 -0.250612
690 539.75 175.00 20.50 50.00 -0.329147
690 390.93 146.59 26.57 64.81 -0.928202
690 197.75 143.00 20.50 50.00 -1.283760
690 437.47 139.01 24.37 59.45 -1.322514
690 186.23 164.76 26.57 64.81 -1.480333
690 223.35 158.02 24.37 59.45 -1.634878
690 487.75 171.00 20.50 50.00 -1.669188
690 498.08 121.54 31.54 76.92 -1.993830
690 4.10 180.00 22.38 54.58 -2.015526
720 588.90 173.65 28.92 70.53 7.159077
720 573.09 184.16 24.37 59.45 2.825631
720 391.54 156.71 28.92 70.53 0.514697
720 380.37 146.14 24.37 59.45 0.486140
720 193.75 163.00 20.50 50.00 -0.101735
720 439.75 155.00 20.50 50.00 -0.487330
720 619.75 119.00 20.50 50.00 -0.570726
720 357.75 155.00 20.50 50.00 -0.625919
720 375.43 162.55 22.38 54.58 -0.714965
720 407.75 161.00 20.50 50.00 -0.730946
720 439.75 195.00 20.50 50.00 -0.804121
720 173.75 153.00 20.50 50.00 -0.925242
720 543.79 173.65 28.92 70.53 -1.188302
720 505.16 116.13 52.90 129.03 -1.418172
720 325.03 144.73 37.52 91.50 -1.463133
720 56.13 116.13 52.90 129.03 -1.477342
720 383.75 179.00 20.50 50.00 -1.499431
720 600.18 170.82 28.92 70.53 -1.555226
720 -0.46 108.09 37.52 91.50 -1.588726
720 363.75 165.00 20.50 50.00 -1.603090
720 150.44 142.91 22.38 54.58 -1.660329
720 101.75 191.00 20.50 50.00 -1.781873
720 575.75 27.00 20.50 50.00 -3.588970
750 56.05 146.18 44.67 108.95 0.411506
750 595.92 115.64 44.67 108.95 -0.294500
750 362.32 153.82 22.38 54.58 -0.334821
750 404.16 179.41 24.37 59.45 -0.406782
750 470.78 148.51 24.37 59.45 -0.579742
750 327.37 171.27 22.38 54.58 -0.769641
750 163.75 147.00 20.50 50.00 -1.071366
750 43.73 141.41 26.57 64.81 -1.208344
750 514.02 92.31 75.52 184.20 -1.237511
750 374.87 149.37 34.37 83.83 -1.399144
750 127.54 130.08 37.52 91.50 -1.428324
750 104.39 165.15 24.37 59.45 -1.682283
750 -0.54 89.45 44.67 108.95 -2.379834
780 89.87 156.71 28.92 70.53 0.483345
780 211.50 90.00 41.00 100.00 -0.126081
780 362.43 141.41 26.57 64.81 -0.194183
780 432.71 188.91 24.37 59.45 -0.215264
780 323.75 173.00 20.50 50.00 -0.430296
780 408.46 162.35 28.92 70.53 -0.450879
780 418.08 149.23 31.54 76.92 -0.538487
780 390.38 146.15 31.54 76.92 -0.569916
780 414.10 176.47 28.92 70.53 -0.682333
780 -0.54 128.73 44.67 108.95 -1.007773
780 484.58 196.24 28.92 70.53 -1.277496
780 449.37 163.05 37.52 91.50 -1.295243
780 574.80 94.59 28.92 70.53 -1.459547
780 522.51 122.75 37.52 91.50 -1.659613
780 587.74 80.00 52.90 129.03 -1.891882
810 72.95 193.41 28.92 70.53 0.862430
810 369.52 124.36 44.67 108.95 -0.160091
810 209.75 171.00 20.50 50.00 -0.537364
810 80.00 159.39 37.52 91.50 -0.838892
810 410.38 149.45 22.38 54.58 -1.010726
810 400.00 162.35 28.92 70.53 -1.627681
810 607.75 125.00 20.50 50.00 -1.719114
810 128.18 205.54 24.37 59.45 -1.812220
810 553.46 213.85 31.54 76.92 -1.866286
810 243.24 154.38 26.57 64.81 -1.881202
810 162.69 84.61 31.54 76.92 -1.981904
810 528.85 223.08 31.54 76.92 -2.063122
810 123.89 36.71 57.98 141.42 -2.115934
810 67.26 42.35 57.98 141.42 -3.243454
810 537.75 15.00 20.50 50.00 -3.373582
840 427.21 118.05 26.57 64.81 0.567286
840 420.82 188.91 24.37 59.45 0.177182
840 619.75 153.00 20.50 50.00 -0.465436
840 125.77 152.31 31.54 76.92 -0.568831
840 187.58 175.64 22.38 54.58 -0.677298
840 77.75 191.00 20.50 50.00 -0.696667
840 449.75 157.00 20.50 50.00 -0.702487
840 567.65 99.27 22.38 54.58 -1.166925
840 178.84 171.27 22.38 54.58 -1.345976
840 197.75 177.00 20.50 50.00 -1.630822
840 504.32 145.41 28.92 70.53 -1.699335
840 87.75 127.00 20.50 50.00 -1.733434
840 416.84 110.27 26.57 64.81 -1.894391
840 43.50 198.00 41.00 100.00 -2.052925
840 529.75 41.00 20.50 50.00 -2.801842
840 549.75 25.00 20.50 50.00 -4.069535
870 464.98 199.64 22.38 54.58 0.944922
870 435.09 191.29 24.37 59.45 0.413404
870 495.78 172.36 44.67 108.95 0.341063
870 10.04 185.51 26.57 64.81 -0.078939
870 111.52 153.27 24.37 59.45 -0.240401
870 237.75 171.00 20.50 50.00 -0.240791
870 464.23 93.85 31.54 76.92 -0.407123
870 317.75 177.00 20.50 50.00 -0.480771
870 -0.46 130.08 37.52 91.50 -0.550918
870 -0.30 188.91 24.37 59.45 -0.600193
870 599.50 106.00 41.00 100.00 -0.617940
870 408.85 136.92 31.54 76.92 -0.758830
870 471.54 208.36 22.38 54.58 -0.766861
870 515.48 162.58 52.90 129.03 -0.814260
870 482.68 108.12 24.37 59.45 -0.930383
870 553.46 140.00 31.54 76.92 -0.955863
870 481.75 91.00 20.50 50.00 -1.049068
870 227.75 175.00 20.50 50.00 -1.133765
870 80.00 115.42 37.52 91.50 -1.291512
870 16.34 135.94 34.37 83.83 -1.316027
870 101.15 173.65 28.92 70.53 -1.431431
870 193.75 145.00 20.50 50.00 -1.489525
870 42.69 109.23 31.54 76.92 -1.544207
870 205.75 177.00 20.50 50.00 -1.549237
870 451.88 188.73 22.38 54.58 -1.894311
870 377.75 175.00 20.50 50.00 -1.931646
870 556.43 36.83 24.37 59.45 -3.715875
900 39.75 183.00 20.50 50.00 2.206852
900 139.75 161.00 20.50 50.00 0.242339
900 163.75 173.00 20.50 50.00 0.216401
900 510.00 113.85 63.08 153.85 -0.052498
900 335.75 173.00 20.50 50.00 -0.105942
900 192.42 167.52 24.37 59.45 -0.305971
900 417.41 106.91 44.67 108.95 -0.339200
900 17.20 184.36 22.38 54.58 -0.589276
900 485.75 211.00 20.50 50.00 -1.015514
900 510.85 62.18 22.38 54.58 -1.081065
900 213.75 169.00 20.50 50.00 -1.137432
900 345.75 173.00 20.50 50.00 -1.358145
900 391.29 106.91 44.67 108.95 -1.451292
900 123.75 189.00 20.50 50.00 -1.584370
900 -0.59 92.67 48.64 118.64 -1.612316
900 522.51 71.45 37.52 91.50 -1.687673
900 615.91 13.07 24.37 59.45 -4.321976
930 578.57 158.18 22.38 54.58 0.626296
930 33.75 175.00 20.50 50.00 0.017795
930 148.26 173.45 22.38 54.58 -0.082242
930 485.75 153.00 20.50 50.00 -0.254709
930 512.71 162.16 26.57 64.81 -0.310423
930 311.75 179.00 20.50 50.00 -0.474415
930 341.75 177.00 20.50 50.00 -0.892976
930 611.45 162.35 28.92 70.53 -0.918927
930 213.75 171.00 20.50 50.00 -1.058126
930 451.75 103.00 20.50 50.00 -1.089427
930 447.75 93.00 20.50 50.00 -1.296928
930 223.75 173.00 20.50 50.00 -1.375320
930 427.75 121.00 20.50 50.00 -1.383022
930 408.92 134.26 24.37 59.45 -1.397430
930 385.75 177.00 20.50 50.00 -1.402199
930 115.49 151.64 22.38 54.58 -1.583714
930 43.75 175.00 20.50 50.00 -1.912094
930 439.85 105.74 24.37 59.45 -1.952103
930 619.75 121.00 20.50 50.00 -2.126552
960 92.95 149.19 26.57 64.81 0.554012
960 559.75 173.00 20.50 50.00 -0.253179
960 -0.59 144.95 48.64 118.64 -0.545396
960 467.17 162.55 22.38 54.58 -0.731848
960 315.75 171.00 20.50 50.00 -1.025210
960 107.31 167.69 31.54 76.92 -1.270467
960 309.75 177.00 20.50 50.00 -1.290344
960 459.75 123.00 20.50 50.00 -1.290730
960 389.89 167.52 24.37 59.45 -1.428805
960 427.75 181.00 20.50 50.00 -1.497650
960 332.79 169.90 24.37 59.45 -1.512993
960 608.63 176.47 28.92 70.53 -1.681228
960 431.09 126.41 37.52 91.50 -1.690421
990 477.75 175.00 20.50 50.00 0.862075
990 589.75 175.00 20.50 50.00 0.430375
990 36.54 133.85 31.54 76.92 0.233141
990 599.37 115.80 34.37 83.83 0.193144
990 394.36 162.35 28.92 70.53 -0.221485
990 61.86 177.73 26.57 64.81 -0.297705
990 54.09 138.81 26.57 64.81 -0.609259
990 23.49 129.50 24.37 59.45 -0.817541
990 455.75 183.00 20.50 50.00 -0.962443
990 606.07 152.73 34.37 83.83 -1.018197
990 598.23 173.45 22.38 54.58 -1.099283
990 569.83 169.09 22.38 54.58 -1.158574
990 589.75 147.00 20.50 50.00 -1.323034
990 538.08 149.23 31.54 76.92 -1.422650
990 581.75 175.00 20.50 50.00 -1.738767
990 409.75 97.00 20.50 50.00 -1.849005
990 475.75 81.00 20.50 50.00 -2.118514
990 617.88 49.09 22.38 54.58 -3.436854
1020 589.32 149.37 34.37 83.83 -0.222914
1020 515.99 188.91 24.37 59.45 -0.911837
1020 -0.25 183.00 20.50 50.00 -0.927504
1020 619.75 173.00 20.50 50.00 -1.018720
1020 23.75 169.09 22.38 54.58 -1.106992
1020 504.09 186.53 24.37 59.45 -1.134204
1020 523.96 173.45 22.38 54.58 -1.483633
1020 392.90 140.73 22.38 54.58 -1.494683
1020 451.94 166.15 34.37 83.83 -1.735962
1020 596.04 90.55 22.38 54.58 -1.911426
1020 553.46 118.46 31.54 76.92 -2.088809
1020 492.19 53.47 24.37 59.45 -2.404257
1020 512.78 49.41 28.92 70.53 -2.661862
1020 539.25 40.36 22.38 54.58 -2.995402
1020 510.85 14.18 22.38 54.58 -4.096610
1050 -0.27 136.36 22.38 54.58 1.211671
1050 413.75 139.00 20.50 50.00 0.416884
1050 77.75 163.00 20.50 50.00 -0.336224
1050 129.75 163.00 20.50 50.00 -0.542957
1050 21.11 155.64 24.37 59.45 -0.820083
1050 197.75 121.00 20.50 50.00 -1.119665
1050 191.95 134.18 22.38 54.58 -1.350892
1050 -0.25 159.00 20.50 50.00 -1.453508
1050 67.44 160.36 22.38 54.58 -1.600173
1050 517.41 208.36 22.38 54.58 -2.171291
1050 13.74 72.00 28.92 70.53 -2.194321
1050 505.55 45.31 34.37 83.83 -3.423107
1050 545.75 1.00 20.50 50.00 -4.083772
1050 571.75 -1.00 20.50 50.00 -4.402487
1050 532.64 8.32 24.37 59.45 -4.694840
1080 41.75 173.00 20.50 50.00 0.343165
1080 425.75 135.00 20.50 50.00 -0.002210
1080 587.74 80.00 52.90 129.03 -0.421017
1080 9.22 165.15 24.37 59.45 -0.551676
1080 145.75 143.00 20.50 50.00 -0.807619
1080 433.75 131.00 20.50 50.00 -0.863548
1080 577.75 121.00 20.50 50.00 -1.427675
1080 135.15 149.45 22.38 54.58 -1.907626
1080 613.77 37.62 26.57 64.81 -3.024884
1080 511.75 45.00 20.50 50.00 -3.031685
1110 441.75 141.00 20.50 50.00 0.129039
1110 159.75 187.00 20.50 50.00 -0.008362
1110 168.62 169.90 24.37 59.45 -0.446083
1110 109.75 131.00 20.50 50.00 -0.806432
1110 447.75 133.00 20.50 50.00 -1.354437
1110 477.92 181.78 24.37 59.45 -1.496342
1110 93.75 189.00 20.50 50.00 -1.864854
1110 449.37 103.37 24.37 59.45 -2.066827
1110 602.72 105.73 34.37 83.83 -2.246958
1140 526.14 180.00 22.38 54.58 -0.226855
1140 467.17 134.18 22.38 54.58 -0.268063
1140 37.75 201.00 20.50 50.00 -0.511150
1140 545.75 153.00 20.50 50.00 -0.900883
1140 479.03 128.43 26.57 64.81 -1.693225
1140 -0.42 105.73 34.37 83.83 -1.737319
1140 619.75 259.00 20.50 50.00 -3.418399
1170 554.17 125.84 26.57 64.81 0.287046
1170 473.85 133.62 26.57 64.81 -0.018842
1170 608.85 121.54 31.54 76.92 -0.484694
1170 493.04 128.47 28.92 70.53 -0.487585
1170 467.17 127.64 22.38 54.58 -0.504164
1170 441.75 201.00 20.50 50.00 -0.693063
1170 495.86 190.59 28.92 70.53 -1.337184
1170 -0.35 77.65 28.92 70.53 -2.153208
1170 539.75 41.00 20.50 50.00 -2.377473
1200 510.38 109.23 31.54 76.92 1.060538
1200 -0.27 173.45 22.38 54.58 0.289351
1200 389.75 179.00 20.50 50.00 0.276780
1200 619.75 185.00 20.50 50.00 -0.155562
1200 176.66 171.27 22.38 54.58 -0.246792
1200 542.41 112.45 34.37 83.83 -0.248894
1200 430.03 184.36 22.38 54.58 -0.362018
1200 599.50 114.00 41.00 100.00 -1.110149
1200 504.30 214.91 22.38 54.58 -1.338595
1200 525.67 125.84 26.57 64.81 -1.357067
1200 556.54 121.54 31.54 76.92 -1.625439
1200 619.75 17.00 20.50 50.00 -4.000048
1230 401.64 177.82 22.38 54.58 1.411795
1230 433.75 185.00 20.50 50.00 0.038279
1230 113.68 164.76 26.57 64.81 -0.228430
1230 495.50 125.87 34.37 83.83 -0.675552
1230 205.75 177.00 20.50 50.00 -0.879655
1230 591.72 97.41 28.92 70.53 -1.000749
1230 584.98 74.85 24.37 59.45 -1.101225
1230 602.97 75.11 37.52 91.50 -1.152039
1230 582.60 93.86 24.37 59.45 -1.358504
1230 189.75 183.00 20.50 50.00 -2.038386
1230 590.45 55.78 26.57 64.81 -2.365826
1230 619.75 57.00 20.50 50.00 -2.856835
1230 556.72 16.36 22.38 54.58 -3.847307
1230 611.45 9.88 28.92 70.53 -4.287586
1230 583.26 12.71 28.92 70.53 -4.585424
1260 416.84 172.54 26.57 64.81 1.656179
1260 377.75 179.00 20.50 50.00 1.099429
1260 538.62 107.68 26.57 64.81 -0.456509
1260 39.75 157.00 20.50 50.00 -0.802489
1260 619.75 183.00 20.50 50.00 -0.835681
1260 554.34 93.18 57.98 141.42 -0.836537
1260 455.75 183.00 20.50 50.00 -1.022354
1260 124.05 159.57 26.57 64.81 -1.078984
1260 477.75 173.00 20.50 50.00 -1.147143
1260 -0.35 128.47 28.92 70.53 -1.174754
1260 361.75 185.00 20.50 50.00 -1.237464
1260 613.77 250.38 26.57 64.81 -3.064351
1290 442.69 167.69 31.54 76.92 3.222268
1290 381.98 175.64 22.38 54.58 1.564052
1290 495.75 181.00 20.50 50.00 0.132857
1290 577.69 144.62 63.08 153.85 0.037806
1290 190.04 167.52 24.37 59.45 -0.146340
1290 225.75 169.00 20.50 50.00 -0.399683
1290 487.75 185.00 20.50 50.00 -0.635189
1290 504.30 180.00 22.38 54.58 -0.660084
1290 73.46 141.39 24.37 59.45 -1.665519
1320 549.75 181.00 20.50 50.00 5.431389
1320 473.48 154.46 48.64 118.64 2.863543
1320 385.75 181.00 20.50 50.00 2.415696
1320 116.86 139.30 34.37 83.83 1.580774
1320 189.75 175.00 20.50 50.00 1.531756
1320 103.46 139.30 34.37 83.83 -0.140075
1320 199.75 167.00 20.50 50.00 -0.915663
1320 349.75 177.00 20.50 50.00 -1.078346
1320 213.75 173.00 20.50 50.00 -1.185750
1320 545.75 193.00 20.50 50.00 -1.673360
1320 53.19 115.80 34.37 83.83 -1.690763
1320 -0.35 108.71 28.92 70.53 -1.948703
1320 565.52 55.38 75.52 184.20 -2.376482
1320 475.50 62.00 41.00 100.00 -2.850815
1350 399.41 177.03 24.37 59.45 2.680830
1350 544.84 131.83 69.16 168.67 1.990584
1350 13.75 189.00 20.50 50.00 1.027075
1350 118.87 149.19 26.57 64.81 0.872530
1350 65.37 137.40 37.52 91.50 -0.190134
1350 163.55 169.09 22.38 54.58 -0.255198
1350 406.54 184.16 24.37 59.45 -0.360128
1350 187.75 173.00 20.50 50.00 -0.485215
1350 351.75 171.00 20.50 50.00 -0.506460
1350 132.94 177.03 24.37 59.45 -0.591559
1350 391.75 187.00 20.50 50.00 -0.728449
1350 54.09 162.16 26.57 64.81 -0.932541
1350 414.25 164.76 26.57 64.81 -1.023057
1350 508.85 174.65 24.37 59.45 -1.036499
1350 5.75 189.00 20.50 50.00 -1.048132
1350 493.38 75.27 22.38 54.58 -2.172109
1350 453.75 71.00 20.50 50.00 -2.533160
1350 587.74 38.71 52.90 129.03 -3.320002
1380 431.01 170.82 28.92 70.53 4.453119
1380 87.50 130.00 41.00 100.00 -0.079050
1380 55.50 122.00 41.00 100.00 -0.470093
1380 449.75 159.00 20.50 50.00 -0.603903
1380 143.75 155.00 20.50 50.00 -0.720797
1380 365.75 173.00 20.50 50.00 -0.828809
1380 377.75 169.00 20.50 50.00 -0.980920
1380 419.75 173.00 20.50 50.00 -1.036594
1380 -0.35 80.47 28.92 70.53 -1.286501
1380 -0.38 155.38 31.54 76.92 -1.729449
1380 569.72 40.22 26.57 64.81 -3.149644
1380 611.45 21.18 28.92 70.53 -3.273930
1410 441.88 162.80 34.37 83.83 3.480629
1410 369.75 173.00 20.50 50.00 0.991044
1410 411.75 171.00 20.50 50.00 0.209666
1410 201.75 165.00 20.50 50.00 -0.260268
1410 602.97 181.37 37.52 91.50 -0.543102
1410 92.95 190.70 26.57 64.81 -0.690426
1410 613.77 156.97 26.57 64.81 -0.693768
1410 163.75 193.00 20.50 50.00 -0.695706
1410 469.75 147.00 20.50 50.00 -0.848667
1410 103.75 153.00 20.50 50.00 -1.223242
1410 430.03 160.36 22.38 54.58 -1.367232
1410 377.75 177.00 20.50 50.00 -1.507888
1410 463.75 155.00 20.50 50.00 -1.720864
1410 576.38 136.36 22.38 54.58 -2.217538
1410 592.00 73.66 48.64 118.64 -2.385071
1440 427.50 158.00 41.00 100.00 4.059891
1440 67.44 184.36 22.38 54.58 2.344802
1440 147.75 159.00 20.50 50.00 1.423570
1440 443.54 159.27 44.67 108.95 1.039183
1440 69.62 169.09 22.38 54.58 0.624279
1440 619.75 205.00 20.50 50.00 0.292559
1440 584.98 181.78 24.37 59.45 0.281383
1440 117.68 164.73 22.38 54.58 -0.062571
1440 604.78 199.64 22.38 54.58 -0.305495
1440 55.75 157.00 20.50 50.00 -0.533083
1440 59.75 187.00 20.50 50.00 -0.636432
1440 411.28 145.41 28.92 70.53 -1.008871
1440 344.68 165.15 24.37 59.45 -1.120660
1440 567.75 193.00 20.50 50.00 -1.185138
1440 471.54 147.27 22.38 54.58 -1.363080
1440 139.75 163.00 20.50 50.00 -1.432695
1440 556.43 205.54 24.37 59.45 -1.597705
1440 602.59 214.91 22.38 54.58 -1.645361
1440 -0.77 83.08 63.08 153.85 -1.772521
1440 49.75 189.00 20.50 50.00 -2.208043
1440 -0.25 65.00 20.50 50.00 -2.861806
1440 19.69 45.31 34.37 83.83 -3.469394
1470 458.71 141.94 52.90 129.03 6.100136
1470 -0.27 153.82 22.38 54.58 0.501413
1470 333.75 175.00 20.50 50.00 0.192718
1470 235.24 169.90 24.37 59.45 -0.079295
1470 13.98 153.27 24.37 59.45 -0.639190
1470 619.75 139.00 20.50 50.00 -0.648193
1470 135.00 155.38 31.54 76.92 -0.753575
1470 80.59 153.27 24.37 59.45 -1.030828
1470 475.04 121.41 57.98 141.42 -1.297713
1470 91.75 151.00 20.50 50.00 -1.467743
1470 104.39 148.51 24.37 59.45 -1.512587
1470 592.00 192.48 48.64 118.64 -1.649245
1500 543.00 116.00 82.00 200.00 5.906727
1500 8.11 184.94 28.92 70.53 1.427948
1500 23.75 181.00 20.50 50.00 0.769537
1500 534.88 182.18 22.38 54.58 0.388342
1500 59.27 141.41 26.57 64.81 -0.502574
1500 328.74 159.57 26.57 64.81 -0.503303
1500 502.20 132.59 34.37 83.83 -0.559637
1500 220.34 175.64 22.38 54.58 -1.154370
1500 163.55 188.73 22.38 54.58 -1.274737
1500 443.14 177.82 22.38 54.58 -1.324828
1500 -0.35 193.41 28.92 70.53 -1.779812
1500 587.74 85.16 52.90 129.03 -2.371419
1500 511.75 33.00 20.50 50.00 -3.737923
1530 478.09 175.64 22.38 54.58 1.696702
1530 65.26 195.27 22.38 54.58 0.654867
1530 551.50 126.00 41.00 100.00 0.253455
1530 611.45 159.53 28.92 70.53 0.052344
1530 328.74 193.30 26.57 64.81 -0.635893
1530 337.75 179.00 20.50 50.00 -0.854777
1530 430.33 141.39 24.37 59.45 -0.930092
1530 543.75 63.00 20.50 50.00 -2.878606
1530 617.88 36.00 22.38 54.58 -3.501823
1560 524.05 159.53 28.92 70.53 2.325117
1560 537.40 169.90 24.37 59.45 -0.010408
1560 462.80 136.36 22.38 54.58 -0.591556
1560 413.75 179.00 20.50 50.00 -0.598141
1560 596.02 132.59 34.37 83.83 -1.054401
1560 72.23 154.38 26.57 64.81 -1.181872
1560 611.45 151.06 28.92 70.53 -1.244964
1560 323.88 142.59 28.92 70.53 -1.361625
1560 145.75 141.00 20.50 50.00 -1.560205
1560 89.87 139.76 28.92 70.53 -1.562713
1560 61.75 173.00 20.50 50.00 -1.650288
1560 421.75 177.00 20.50 50.00 -1.718011
1560 19.50 114.00 41.00 100.00 -2.088557
1560 599.50 2.00 41.00 100.00 -3.819547
1590 349.22 145.09 22.38 54.58 0.369141
1590 310.38 127.69 31.54 76.92 -0.052209
1590 445.11 165.18 28.92 70.53 -0.587358
1590 559.62 155.38 31.54 76.92 -0.793615
1590 116.28 124.75 24.37 59.45 -0.838865
1590 4.86 167.35 26.57 64.81 -0.845366
1590 -0.25 197.00 20.50 50.00 -1.290243
1590 69.03 97.10 37.52 91.50 -1.304269
1590 619.75 181.00 20.50 50.00 -1.372734
1590 204.37 146.59 26.57 64.81 -1.389702
1590 545.80 164.73 22.38 54.58 -1.395372
1590 149.59 134.26 24.37 59.45 -1.476564
1590 -0.65 80.00 52.90 129.03 -1.595595
1590 432.71 172.28 24.37 59.45 -1.679604
1590 49.75 127.00 20.50 50.00 -1.809538
1590 617.88 60.00 22.38 54.58 -1.963152
1590 299.48 67.72 24.37 59.45 -2.606616
1590 550.80 18.46 75.52 184.20 -4.053201
1590 617.88 20.73 22.38 54.58 -4.272464
1620 6.28 95.66 34.37 83.83 0.661443
1620 328.69 119.08 37.52 91.50 0.524631
1620 486.83 112.36 22.38 54.58 -0.149840
1620 33.36 219.24 26.57 64.81 -0.291895
1620 363.75 133.00 20.50 50.00 -0.943684
1620 617.75 57.00 20.50 50.00 -1.443317
1620 138.51 119.08 37.52 91.50 -1.606498
1620 48.85 136.92 31.54 76.92 -1.708520
1620 438.06 100.65 52.90 129.03 -1.876440
1620 91.50 102.00 41.00 100.00 -1.914117
1620 19.50 70.00 41.00 100.00 -1.920373
1620 39.50 78.00 41.00 100.00 -2.156750
1620 -0.30 55.84 24.37 59.45 -2.995923
1650 59.18 169.90 24.37 59.45 1.026448
1650 531.50 82.00 41.00 100.00 0.618965
1650 365.77 146.15 31.54 76.92 0.241761
1650 195.75 147.00 20.50 50.00 -0.106243
1650 380.57 159.57 26.57 64.81 -0.260534
1650 513.46 146.15 31.54 76.92 -0.574252
1650 83.66 119.08 37.52 91.50 -0.699294
1650 23.49 186.53 24.37 59.45 -1.734679
1650 -0.50 74.00 41.00 100.00 -2.261271
1650 527.50 54.00 41.00 100.00 -2.359385
1650 518.86 20.15 37.52 91.50 -4.091942
1650 615.91 17.82 24.37 59.45 -4.184713
1680 364.82 149.37 34.37 83.83 2.194229
1680 3.75 179.00 20.50 50.00 0.617777
1680 333.92 153.82 22.38 54.58 0.463146
1680 37.33 102.18 48.64 118.64 0.418115
1680 376.23 133.74 37.52 91.50 0.056798
1680 603.40 159.57 26.57 64.81 -0.107963
1680 215.75 147.00 20.50 50.00 -0.259155
1680 186.23 149.19 26.57 64.81 -0.395425
1680 467.50 94.00 41.00 100.00 -0.653498
1680 335.17 131.88 24.37 59.45 -0.843752
1680 493.26 89.77 37.52 91.50 -1.470811
1680 445.77 121.54 31.54 76.92 -1.599726
1680 356.58 146.14 24.37 59.45 -1.672838
1680 587.30 38.18 22.38 54.58 -1.852266
1680 529.69 69.18 28.92 70.53 -1.973796
1680 577.42 64.52 52.90 129.03 -2.076365
1710 364.82 146.01 34.37 83.83 3.328348
1710 457.75 169.00 20.50 50.00 1.497375
1710 -0.65 95.48 52.90 129.03 0.457948
1710 166.25 150.89 24.37 59.45 0.207471
1710 157.75 167.00 20.50 50.00 -0.080933
1710 332.33 136.94 28.92 70.53 -0.184047
1710 483.75 177.00 20.50 50.00 -0.292365
1710 615.75 163.00 20.50 50.00 -0.915598
1710 213.75 155.00 20.50 50.00 -1.116739
1710 195.75 157.00 20.50 50.00 -1.186893
1710 535.71 75.52 34.37 83.83 -1.714983
1710 599.50 94.00 41.00 100.00 -1.811951
1710 587.74 23.23 52.90 129.03 -3.817281
1740 477.75 173.00 20.50 50.00 5.088083
1740 507.75 179.00 20.50 50.00 4.546199
1740 361.47 149.37 34.37 83.83 1.671323
1740 155.14 154.38 26.57 64.81 0.452938
1740 137.75 171.00 20.50 50.00 -0.054510
1740 471.75 167.00 20.50 50.00 -0.122186
1740 511.75 193.00 20.50 50.00 -0.504267
1740 195.75 161.00 20.50 50.00 -1.010686
1740 385.90 148.24 28.92 70.53 -1.034157
1740 535.75 187.00 20.50 50.00 -1.343407
1740 615.91 243.56 24.37 59.45 -1.553522
1740 611.45 63.53 28.92 70.53 -2.633243
1740 605.75 23.00 20.50 50.00 -3.047298
1740 581.03 42.14 37.52 91.50 -3.104536
1770 495.75 179.00 20.50 50.00 7.220382
1770 541.43 182.18 22.38 54.58 3.865861
1770 595.75 179.00 20.50 50.00 2.907157
1770 384.23 149.23 31.54 76.92 1.028427
1770 573.75 201.00 20.50 50.00 0.519001
1770 363.35 153.88 28.92 70.53 0.487525
1770 396.54 143.08 31.54 76.92 0.309686
1770 537.06 171.27 22.38 54.58 -0.089093
1770 339.11 159.57 26.57 64.81 -0.103376
1770 371.92 140.00 31.54 76.92 -0.352681
1770 545.75 167.00 20.50 50.00 -0.414601
1770 606.07 169.51 34.37 83.83 -0.768242
1770 425.75 171.00 20.50 50.00 -0.958634
1770 384.23 183.08 31.54 76.92 -1.188398
1770 136.96 142.66 34.37 83.83 -1.314841
1770 129.75 167.00 20.50 50.00 -1.348478
1770 338.29 206.18 22.38 54.58 -1.393321
1770 352.06 167.35 26.57 64.81 -1.512592
1770 261.75 151.00 20.50 50.00 -1.594048
1770 563.75 123.00 20.50 50.00 -1.665772
1770 486.83 173.45 22.38 54.58 -1.815632
1770 611.15 5.94 24.37 59.45 -4.694198
1800 521.77 182.18 22.38 54.58 7.450601
1800 580.44 182.12 28.92 70.53 3.751021
1800 407.75 159.00 20.50 50.00 1.155947
1800 185.28 148.51 24.37 59.45 0.920031
1800 619.75 213.00 20.50 50.00 0.733578
1800 503.75 175.00 20.50 50.00 -0.064627
1800 617.75 173.00 20.50 50.00 -0.071481
1800 451.75 187.00 20.50 50.00 -0.122888
1800 381.57 146.01 34.37 83.83 -0.235937
1800 527.75 197.00 20.50 50.00 -0.486071
1800 365.77 155.38 31.54 76.92 -0.487935
1800 253.60 154.38 26.57 64.81 -0.587951
1800 329.68 141.94 52.90 129.03 -0.650966
1800 -0.30 191.29 24.37 59.45 -0.960734
1800 525.81 95.48 52.90 129.03 -1.128848
1800 126.42 147.27 22.38 54.58 -1.425641
1800 457.75 181.00 20.50 50.00 -1.505509
1800 415.75 163.00 20.50 50.00 -1.656187
1800 -0.25 127.00 20.50 50.00 -1.657959
1800 615.91 79.60 24.37 59.45 -2.025638
1830 563.52 173.65 28.92 70.53 7.406303
1830 181.02 142.91 22.38 54.58 0.963570
1830 408.19 153.82 22.38 54.58 0.540976
1830 122.05 145.09 22.38 54.58 0.394955
1830 403.75 181.00 20.50 50.00 -0.044384
1830 615.91 177.03 24.37 59.45 -0.098085
1830 322.53 125.07 69.16 168.67 -0.294676
1830 381.57 146.01 34.37 83.83 -1.056988
1830 615.91 212.67 24.37 59.45 -1.421875
