30 437.57 190.70 26.57 64.81 2.038576
30 611.45 173.65 28.92 70.53 0.738219
30 446.99 203.17 24.37 59.45 0.495270
30 423.48 201.82 22.38 54.58 -0.110500
30 558.32 91.27 69.16 168.67 -0.575586
30 227.69 180.32 26.57 64.81 -0.643896
30 577.69 206.15 63.08 153.85 -0.899205
30 390.93 198.49 26.57 64.81 -1.069200
30 160.35 190.59 28.92 70.53 -1.250408
30 307.71 195.27 22.38 54.58 -1.815770
30 619.75 73.00 20.50 50.00 -2.305742
30 477.47 50.70 69.16 168.67 -2.387591
30 514.02 48.00 75.52 184.20 -2.571396
30 4.15 11.88 48.64 118.64 -3.924972
30 615.91 340.99 24.37 59.45 -5.349427
60 393.42 152.73 89.69 218.76 6.010109
60 341.36 189.65 34.37 83.83 1.010150
60 357.71 196.24 28.92 70.53 0.441402
60 537.75 109.00 20.50 50.00 -0.431142
60 306.62 217.43 24.37 59.45 -1.219248
60 97.75 201.00 20.50 50.00 -1.230610
60 339.75 89.00 20.50 50.00 -1.913187
60 379.75 227.00 20.50 50.00 -2.037782
60 440.46 40.62 75.52 184.20 -2.342343
60 515.75 35.00 20.50 50.00 -2.596522
90 120.42 172.39 69.16 168.67 5.590797
90 593.46 195.38 31.54 76.92 4.407856
90 171.63 199.06 28.92 70.53 1.709602
90 602.69 204.62 31.54 76.92 -0.093187
90 185.73 216.00 28.92 70.53 -0.386842
90 161.49 91.48 24.37 59.45 -1.714534
90 235.62 30.55 89.69 218.76 -3.739647
120 253.15 161.45 89.69 218.76 6.224748
120 338.01 196.36 34.37 83.83 2.746482
120 587.74 141.94 52.90 129.03 1.589259
120 322.69 229.23 31.54 76.92 -0.849166
120 338.01 226.57 34.37 83.83 -1.254609
120 487.07 159.27 44.67 108.95 -1.357527
150 499.75 243.00 20.50 50.00 -2.196067
180 27.61 172.24 57.98 141.42 -0.686007
180 291.75 73.00 20.50 50.00 -1.323547
180 507.75 167.00 20.50 50.00 -1.973613
210 530.51 184.36 22.38 54.58 0.427835
210 233.45 173.45 22.38 54.58 -0.229819
210 217.75 173.00 20.50 50.00 -0.642817
210 33.75 67.00 20.50 50.00 -1.249418
210 505.75 191.00 20.50 50.00 -1.400022
210 285.75 175.00 20.50 50.00 -1.502098
210 521.77 186.55 22.38 54.58 -1.842264
210 167.75 217.00 20.50 50.00 -2.527257
210 611.17 24.65 26.57 64.81 -3.775124
240 143.44 162.35 28.92 70.53 1.157278
240 125.80 169.90 24.37 59.45 1.080469
240 504.30 193.09 22.38 54.58 0.347135
240 481.62 180.32 26.57 64.81 0.261656
240 84.74 125.94 48.64 118.64 -0.717618
240 477.75 207.00 20.50 50.00 -0.907426
240 207.24 169.09 22.38 54.58 -1.029107
240 412.26 116.13 52.90 129.03 -1.148851
240 569.75 189.00 20.50 50.00 -1.173608
240 448.85 170.77 31.54 76.92 -1.309536
240 469.75 201.00 20.50 50.00 -1.498898
240 -0.46 137.40 37.52 91.50 -1.695834
240 56.05 128.73 44.67 108.95 -2.055095
240 16.34 162.80 34.37 83.83 -2.263084
240 558.91 44.73 22.38 54.58 -2.976351
270 480.30 196.04 24.37 59.45 1.243314
270 458.30 185.51 26.57 64.81 0.258137
270 106.78 159.53 28.92 70.53 0.114245
270 186.23 164.76 26.57 64.81 -0.210663
270 582.65 110.12 57.98 141.42 -0.441818
270 82.73 169.09 22.38 54.58 -0.467596
270 35.48 121.29 52.90 129.03 -0.536475
270 502.20 159.44 34.37 83.83 -1.018046
270 19.69 82.24 34.37 83.83 -1.341167
270 449.37 191.29 24.37 59.45 -1.404214
270 200.68 171.27 22.38 54.58 -1.417971
270 413.75 175.00 20.50 50.00 -1.653837
270 511.75 77.00 20.50 50.00 -2.432541
270 617.75 25.00 20.50 50.00 -3.804662
270 537.75 7.00 20.50 50.00 -4.706267
300 53.19 152.73 34.37 83.83 2.063193
300 522.51 177.71 37.52 91.50 0.802278
300 156.73 158.02 24.37 59.45 -0.313205
300 41.94 159.53 28.92 70.53 -0.334006
300 557.75 135.00 20.50 50.00 -0.933550
300 553.46 198.46 31.54 76.92 -1.302781
300 508.85 210.30 24.37 59.45 -1.892099
300 77.75 173.00 20.50 50.00 -2.042349
330 128.60 153.82 22.38 54.58 1.763314
330 -0.59 130.69 48.64 118.64 0.676826
330 421.30 162.55 22.38 54.58 -0.165308
330 599.50 214.00 41.00 100.00 -0.184131
330 501.75 191.00 20.50 50.00 -0.940548
330 132.97 140.73 22.38 54.58 -1.290761
330 499.76 211.46 26.57 64.81 -1.399159
330 543.79 221.65 28.92 70.53 -1.875197
330 577.75 179.00 20.50 50.00 -2.012125
330 477.92 67.72 24.37 59.45 -2.104611
330 486.83 49.09 22.38 54.58 -2.189836
330 592.00 92.67 48.64 118.64 -2.423823
360 98.33 148.24 28.92 70.53 -0.293672
360 603.75 221.00 20.50 50.00 -0.310974
360 487.50 134.00 41.00 100.00 -0.506943
360 520.74 177.03 24.37 59.45 -1.273287
360 425.58 158.02 24.37 59.45 -1.507033
360 617.88 273.82 22.38 54.58 -3.259441
360 617.88 12.00 22.38 54.58 -4.650623
360 570.06 1.83 37.52 91.50 -4.854114
390 436.54 146.15 31.54 76.92 -0.431209
390 67.31 131.29 28.92 70.53 -0.679234
390 58.85 142.59 28.92 70.53 -0.867588
390 412.80 126.41 37.52 91.50 -1.157475
390 545.76 135.94 34.37 83.83 -1.665479
420 36.44 132.59 34.37 83.83 -0.473592
420 10.51 130.08 37.52 91.50 -0.638509
420 611.33 164.73 22.38 54.58 -1.171824
420 8.46 201.82 22.38 54.58 -1.416081
420 425.67 103.64 22.38 54.58 -1.762268
450 -0.25 171.00 20.50 50.00 0.220725
450 201.93 143.76 24.37 59.45 -1.178366
450 513.75 97.00 20.50 50.00 -1.590830
450 119.86 166.91 22.38 54.58 -1.613406
450 439.85 72.47 24.37 59.45 -2.280574
480 595.92 72.00 44.67 108.95 -1.233856
480 422.58 59.35 52.90 129.03 -2.501521
480 463.48 63.57 26.57 64.81 -2.801623
510 167.75 147.00 20.50 50.00 1.066499
510 585.75 151.00 20.50 50.00 -0.417112
510 191.95 151.64 22.38 54.58 -0.763728
510 28.18 154.38 26.57 64.81 -1.307069
510 477.92 136.63 24.37 59.45 -1.864503
510 607.75 41.00 20.50 50.00 -2.532467
510 516.15 52.31 63.08 153.85 -2.970508
510 615.91 27.33 24.37 59.45 -2.991920
540 46.32 162.16 26.57 64.81 0.978592
540 128.60 156.00 22.38 54.58 0.768519
540 475.75 157.00 20.50 50.00 -0.622725
540 571.79 64.22 69.16 168.67 -1.490248
540 386.35 134.18 22.38 54.58 -1.786469
540 7.75 89.00 20.50 50.00 -2.436489
570 447.75 165.00 20.50 50.00 0.331931
570 461.75 157.00 20.50 50.00 -0.398924
570 479.75 173.00 20.50 50.00 -0.775791
570 395.75 157.00 20.50 50.00 -0.786741
570 419.75 157.00 20.50 50.00 -1.033957
570 69.75 169.00 20.50 50.00 -1.374341
570 492.19 1.19 24.37 59.45 -4.529416
570 606.07 18.46 34.37 83.83 -4.566605
600 455.75 167.00 20.50 50.00 1.486598
600 419.75 165.00 20.50 50.00 0.567068
600 399.75 163.00 20.50 50.00 -0.777977
600 4.10 184.36 22.38 54.58 -0.907391
600 531.75 181.00 20.50 50.00 -1.026882
600 243.75 161.00 20.50 50.00 -1.214023
600 117.75 95.00 20.50 50.00 -2.004726
600 511.75 15.00 20.50 50.00 -3.006578
600 543.28 24.00 98.11 239.31 -3.438567
630 525.67 162.16 26.57 64.81 1.336454
630 427.75 163.00 20.50 50.00 0.597140
630 463.75 167.00 20.50 50.00 0.253668
630 605.75 187.00 20.50 50.00 0.129178
630 485.45 149.37 34.37 83.83 -0.424152
630 445.75 171.00 20.50 50.00 -0.441545
630 397.03 158.02 24.37 59.45 -0.651015
630 79.75 87.00 20.50 50.00 -1.444149
630 453.75 167.00 20.50 50.00 -1.598783
630 57.75 105.00 20.50 50.00 -1.725589
630 473.46 161.54 31.54 76.92 -1.752705
630 103.75 89.00 20.50 50.00 -1.996720
630 93.75 95.00 20.50 50.00 -2.337590
630 2.47 77.65 28.92 70.53 -2.520980
630 565.52 18.46 75.52 184.20 -4.017288
660 489.01 164.73 22.38 54.58 1.265195
660 477.92 169.90 24.37 59.45 0.685513
660 592.12 160.40 24.37 59.45 0.158669
660 582.67 167.35 26.57 64.81 -0.512588
660 231.26 169.09 22.38 54.58 -0.522085
660 497.75 163.00 20.50 50.00 -0.669048
660 55.00 63.08 31.54 76.92 -1.134559
660 -0.46 97.10 37.52 91.50 -1.170440
660 82.73 175.64 22.38 54.58 -1.300458
660 30.31 73.09 22.38 54.58 -2.089986
660 82.69 63.08 31.54 76.92 -2.392091
660 619.75 73.00 20.50 50.00 -2.455921
690 507.53 159.57 26.57 64.81 0.575760
690 568.30 116.44 48.64 118.64 0.547281
690 23.75 191.00 20.50 50.00 -0.113407
690 395.75 173.00 20.50 50.00 -0.118036
690 519.62 164.62 31.54 76.92 -0.136271
690 37.77 70.10 24.37 59.45 -0.909136
690 239.75 167.00 20.50 50.00 -1.285484
690 142.45 155.64 24.37 59.45 -1.513327
690 473.16 167.52 24.37 59.45 -1.924345
690 19.39 79.64 22.38 54.58 -1.927105
690 55.75 143.00 20.50 50.00 -1.990695
690 617.88 57.82 22.38 54.58 -2.131033
690 28.12 75.27 22.38 54.58 -2.177108
690 4.86 71.35 26.57 64.81 -2.411856
720 539.78 158.02 24.37 59.45 -0.260548
720 87.05 145.41 28.92 70.53 -0.311338
720 218.59 160.40 24.37 59.45 -0.818337
720 1.91 66.55 22.38 54.58 -1.068427
720 395.75 175.00 20.50 50.00 -1.161843
720 126.52 148.24 28.92 70.53 -1.345211
720 385.75 175.00 20.50 50.00 -1.480809
720 439.47 148.24 28.92 70.53 -1.587311
720 68.70 96.24 24.37 59.45 -1.878705
720 606.07 172.87 34.37 83.83 -2.256849
720 561.19 65.35 24.37 59.45 -2.299296
720 606.07 62.10 34.37 83.83 -2.852670
720 568.85 44.62 31.54 76.92 -3.696337
750 572.57 156.08 34.37 83.83 -0.794646
750 56.05 111.27 44.67 108.95 -1.449132
750 419.75 165.00 20.50 50.00 -1.483450
750 113.51 139.30 34.37 83.83 -1.601158
750 240.00 177.03 24.37 59.45 -1.672894
750 41.75 97.00 20.50 50.00 -2.065994
750 472.33 48.00 89.69 218.76 -2.721490
750 3.20 16.49 37.52 91.50 -3.591954
750 606.07 18.46 34.37 83.83 -4.105506
780 427.75 159.00 20.50 50.00 0.840291
780 138.78 137.45 44.67 108.95 -0.189928
780 619.75 181.00 20.50 50.00 -0.541675
780 615.91 141.39 24.37 59.45 -0.821704
780 101.15 140.00 31.54 76.92 -1.151260
780 175.76 158.02 24.37 59.45 -1.367366
780 211.75 157.00 20.50 50.00 -1.447928
780 21.49 108.09 37.52 91.50 -1.511519
780 473.85 164.76 26.57 64.81 -1.574820
810 227.75 149.00 20.50 50.00 -0.746373
810 433.75 155.00 20.50 50.00 -0.750318
810 202.87 149.45 22.38 54.58 -1.610270
810 602.72 146.01 34.37 83.83 -1.690941
810 -0.46 126.41 37.52 91.50 -1.994049
840 435.75 147.00 20.50 50.00 0.014193
840 421.75 147.00 20.50 50.00 -0.061398
840 201.75 145.00 20.50 50.00 -0.120235
840 491.75 165.00 20.50 50.00 -0.359529
840 526.14 173.45 22.38 54.58 -0.393684
840 510.12 128.43 26.57 64.81 -0.554553
840 150.44 169.09 22.38 54.58 -0.755777
840 227.75 145.00 20.50 50.00 -1.064027
840 506.48 171.27 22.38 54.58 -1.098593
840 155.75 141.00 20.50 50.00 -1.586715
840 565.75 169.00 20.50 50.00 -1.856171
870 438.77 142.91 22.38 54.58 1.203814
870 427.85 145.09 22.38 54.58 0.554111
870 611.45 156.71 28.92 70.53 0.064094
870 521.75 167.00 20.50 50.00 -0.151554
870 501.75 165.00 20.50 50.00 -0.259890
870 201.75 143.00 20.50 50.00 -0.333621
870 449.75 147.00 20.50 50.00 -0.815168
870 143.89 166.91 22.38 54.58 -1.372836
870 539.75 177.00 20.50 50.00 -1.421222
870 517.75 177.00 20.50 50.00 -1.909666
870 152.63 140.73 22.38 54.58 -1.915589
870 239.75 141.00 20.50 50.00 -1.919690
870 80.59 174.65 24.37 59.45 -2.007270
870 -0.84 70.99 69.16 168.67 -3.112953
900 445.32 147.27 22.38 54.58 1.342650
900 531.75 175.00 20.50 50.00 1.284360
900 226.89 142.91 22.38 54.58 -0.042836
900 543.81 175.14 26.57 64.81 -0.064829
900 503.75 177.00 20.50 50.00 -0.255608
900 430.03 149.45 22.38 54.58 -0.459256
900 456.25 147.27 22.38 54.58 -0.519110
900 200.68 145.09 22.38 54.58 -0.718289
900 617.88 169.09 22.38 54.58 -0.991358
900 144.78 141.41 26.57 64.81 -1.044068
900 563.28 99.27 22.38 54.58 -1.110785
900 72.23 177.73 26.57 64.81 -1.634127
930 543.79 176.47 28.92 70.53 2.400273
930 511.75 185.00 20.50 50.00 0.076156
930 445.75 157.00 20.50 50.00 -0.005062
930 535.75 181.00 20.50 50.00 -0.328561
930 224.71 149.45 22.38 54.58 -0.601970
930 124.05 172.54 26.57 64.81 -0.881259
930 569.83 103.64 22.38 54.58 -0.963137
930 572.01 145.09 22.38 54.58 -1.007894
930 140.62 142.59 28.92 70.53 -1.015557
930 385.75 155.00 20.50 50.00 -1.260377
930 456.25 153.82 22.38 54.58 -1.835558
930 61.75 189.00 20.50 50.00 -1.962444
930 587.74 95.48 52.90 129.03 -2.271165
960 523.75 195.00 20.50 50.00 1.858918
960 569.21 176.22 34.37 83.83 1.138341
960 197.17 150.89 24.37 59.45 0.680341
960 451.75 161.00 20.50 50.00 0.051897
960 553.46 158.46 31.54 76.92 0.044540
960 220.97 148.51 24.37 59.45 0.002187
960 139.60 151.78 26.57 64.81 -0.015300
960 519.75 185.00 20.50 50.00 -0.099867
960 237.62 150.89 24.37 59.45 -0.151110
960 387.75 167.00 20.50 50.00 -0.191975
960 595.92 137.45 44.67 108.95 -0.246859
960 440.96 162.55 22.38 54.58 -0.265580
960 533.75 197.00 20.50 50.00 -0.521477
960 103.32 175.14 26.57 64.81 -0.993388
960 594.50 100.99 24.37 59.45 -1.104964
960 177.75 167.00 20.50 50.00 -1.622857
960 542.16 184.16 24.37 59.45 -1.835046
960 94.87 184.16 24.37 59.45 -1.840005
990 545.75 189.00 20.50 50.00 1.286550
990 541.75 179.00 20.50 50.00 0.372871
990 456.39 153.88 28.92 70.53 -0.131621
990 226.89 153.82 22.38 54.58 -0.257504
990 391.75 169.00 20.50 50.00 -0.376511
990 563.75 203.00 20.50 50.00 -0.675663
990 194.13 153.82 22.38 54.58 -0.781779
990 213.83 153.27 24.37 59.45 -1.123180
990 520.49 76.54 26.57 64.81 -1.185289
990 171.75 169.00 20.50 50.00 -1.229992
990 -0.54 168.00 44.67 108.95 -1.296404
990 126.91 135.94 34.37 83.83 -1.583294
990 606.07 189.65 34.37 83.83 -2.188575
1020 581.75 179.00 20.50 50.00 3.607177
1020 421.75 141.00 20.50 50.00 1.239039
1020 585.75 169.00 20.50 50.00 0.561488
1020 206.96 141.41 26.57 64.81 0.118821
1020 573.75 183.00 20.50 50.00 -0.015906
1020 509.75 171.00 20.50 50.00 -0.046184
1020 175.87 144.00 26.57 64.81 -0.080200
1020 395.09 153.82 22.38 54.58 -0.082964
1020 581.75 159.00 20.50 50.00 -0.459098
1020 427.96 146.14 24.37 59.45 -0.777284
1020 468.69 139.30 34.37 83.83 -0.798329
1020 113.68 128.43 26.57 64.81 -1.702644
1020 606.39 162.77 24.37 59.45 -1.971743
1050 563.75 181.00 20.50 50.00 2.373747
1050 183.75 163.00 20.50 50.00 0.384546
1050 530.51 166.91 22.38 54.58 -0.106879
1050 475.50 130.00 41.00 100.00 -0.208257
1050 597.75 183.00 20.50 50.00 -0.263098
1050 188.55 134.12 28.92 70.53 -0.616220
1050 432.39 169.95 26.57 64.81 -1.652866
1050 384.92 125.87 34.37 83.83 -1.768267
1080 461.26 143.76 24.37 59.45 0.705093
1080 454.06 153.82 22.38 54.58 0.163990
1080 458.08 170.77 31.54 76.92 -0.452065
1080 551.67 181.78 24.37 59.45 -0.485899
1080 587.74 100.65 52.90 129.03 -0.827371
1080 143.89 160.36 22.38 54.58 -0.854130
1080 507.14 125.65 28.92 70.53 -0.859370
1080 47.75 123.00 20.50 50.00 -1.182362
1080 39.75 119.00 20.50 50.00 -1.286386
1080 539.75 205.00 20.50 50.00 -1.484898
1110 503.75 169.00 20.50 50.00 0.520290
1110 449.75 189.00 20.50 50.00 0.179855
1110 445.11 148.24 28.92 70.53 -0.037301
1110 456.25 136.36 22.38 54.58 -0.165447
1110 131.50 130.00 41.00 100.00 -1.222933
1110 347.75 151.00 20.50 50.00 -1.360751
1110 119.86 121.09 22.38 54.58 -1.516936
1110 485.75 143.00 20.50 50.00 -1.546672
1110 98.14 123.24 26.57 64.81 -1.571665
1110 -0.59 106.93 48.64 118.64 -1.740190
1110 578.57 238.91 22.38 54.58 -3.383264
1140 532.64 169.90 24.37 59.45 1.017084
1140 501.71 155.64 24.37 59.45 0.181965
1140 492.19 131.88 24.37 59.45 -0.211776
1140 544.54 127.13 24.37 59.45 -0.391609
1140 64.23 124.62 31.54 76.92 -1.063386
1140 582.65 93.18 57.98 141.42 -1.602674
1140 606.07 189.65 34.37 83.83 -1.682127
1140 11.75 103.00 20.50 50.00 -1.711455
1140 394.51 119.08 37.52 91.50 -1.958853
1140 595.63 60.97 26.57 64.81 -2.828409
1170 567.75 163.00 20.50 50.00 0.667714
1170 577.84 160.40 24.37 59.45 -0.498916
1170 428.19 139.76 28.92 70.53 -0.601756
1170 538.62 125.84 26.57 64.81 -0.683203
1170 592.00 130.69 48.64 118.64 -0.802632
1170 137.00 149.19 26.57 64.81 -0.999732
1170 -0.65 100.65 52.90 129.03 -1.386562
1170 161.75 175.00 20.50 50.00 -1.416711
1170 558.91 136.36 22.38 54.58 -1.452339
1170 43.41 108.00 22.38 54.58 -1.827200
1200 45.75 181.00 20.50 50.00 1.295250
1200 602.97 137.40 37.52 91.50 0.523389
1200 414.10 145.41 28.92 70.53 -0.512044
1200 602.97 104.43 37.52 91.50 -0.742610
1200 591.67 171.27 22.38 54.58 -1.120292
1200 438.53 129.23 34.37 83.83 -1.457927
1200 -0.32 92.11 26.57 64.81 -2.353505
1200 619.75 249.00 20.50 50.00 -2.816753
1200 29.75 55.00 20.50 50.00 -3.175976
1200 558.91 44.73 22.38 54.58 -3.370848
1200 -0.46 12.82 37.52 91.50 -4.934527
1230 431.09 133.74 37.52 91.50 -0.528758
1230 99.75 179.00 20.50 50.00 -1.300207
1230 536.03 172.54 26.57 64.81 -1.447579
1230 465.31 111.27 44.67 108.95 -1.680856
1230 566.34 184.94 28.92 70.53 -2.033992
1230 473.72 25.09 22.38 54.58 -4.025870
1260 569.75 187.00 20.50 50.00 0.444439
1260 47.75 181.00 20.50 50.00 -0.995274
1260 593.75 179.00 20.50 50.00 -1.075831
1260 599.50 90.00 41.00 100.00 -1.132321
1260 35.75 179.00 20.50 50.00 -1.195976
1260 447.50 122.00 41.00 100.00 -1.238463
1260 226.89 162.55 22.38 54.58 -1.585107
1260 476.12 156.71 28.92 70.53 -1.595365
1260 484.64 75.27 22.38 54.58 -2.060526
1290 528.85 140.00 31.54 76.92 0.040276
1290 446.99 60.59 24.37 59.45 -2.236755
1290 582.65 64.94 57.98 141.42 -2.747657
1320 564.53 144.00 26.57 64.81 0.609757
1320 461.75 169.00 20.50 50.00 -0.362330
1320 587.74 85.16 52.90 129.03 -0.541096
1320 201.75 143.00 20.50 50.00 -0.907148
1320 492.19 165.15 24.37 59.45 -1.104375
1320 449.37 158.02 24.37 59.45 -1.529926
1320 -0.25 173.00 20.50 50.00 -1.983922
1320 485.06 48.71 24.37 59.45 -2.451738
1350 565.05 152.11 69.16 168.67 -0.393301
1350 -0.30 162.77 24.37 59.45 -0.423423
1350 513.46 167.69 31.54 76.92 -0.638818
1350 470.78 29.70 24.37 59.45 -3.325875
1380 447.51 175.64 22.38 54.58 0.812209
1380 608.77 158.02 24.37 59.45 -0.011960
1380 617.88 236.73 22.38 54.58 -1.163946
1380 555.07 168.00 28.92 70.53 -1.321304
1380 146.26 125.65 28.92 70.53 -1.843586
1380 575.46 67.72 24.37 59.45 -2.203848
1380 -0.59 68.91 48.64 118.64 -2.813067
1410 507.89 177.71 37.52 91.50 -0.686186
1440 135.15 169.09 22.38 54.58 -0.365979
1440 501.75 151.00 20.50 50.00 -0.404119
1440 606.07 223.22 34.37 83.83 -0.500388
1440 554.54 175.64 22.38 54.58 -0.619157
1440 151.89 151.06 28.92 70.53 -1.197474
1440 554.54 210.55 22.38 54.58 -1.427536
1440 143.89 162.55 22.38 54.58 -1.891695
1470 613.77 138.81 26.57 64.81 -0.031546
1470 137.34 169.09 22.38 54.58 -0.117397
1470 73.99 160.36 22.38 54.58 -0.302395
1470 99.75 183.00 20.50 50.00 -0.347843
1470 485.75 167.00 20.50 50.00 -0.772722
1470 118.66 153.27 24.37 59.45 -0.807905
1470 399.62 136.92 31.54 76.92 -1.342054
1470 -0.35 193.41 28.92 70.53 -2.398786
1500 559.75 179.00 20.50 50.00 0.396198
1500 42.53 160.40 24.37 59.45 -0.049573
1500 87.75 187.00 20.50 50.00 -0.466366
1500 120.88 145.41 28.92 70.53 -0.643584
1500 219.75 165.00 20.50 50.00 -0.701571
1500 318.63 177.82 22.38 54.58 -1.255318
1500 557.75 193.00 20.50 50.00 -2.198725
1500 529.83 196.03 37.52 91.50 -2.348587
1500 609.15 40.36 22.38 54.58 -2.577012
1530 475.90 160.36 22.38 54.58 1.306638
1530 3.75 187.00 20.50 50.00 0.785164
1530 617.88 77.45 22.38 54.58 -0.396394
1530 432.90 95.48 52.90 129.03 -0.712692
1530 606.07 105.73 34.37 83.83 -1.372524
1530 32.46 133.74 37.52 91.50 -1.912501
1530 571.75 55.00 20.50 50.00 -2.316292
1530 600.41 81.82 22.38 54.58 -2.526838
1560 401.75 119.00 20.50 50.00 -0.173310
1560 139.60 162.16 26.57 64.81 -0.507096
1560 518.36 160.40 24.37 59.45 -0.616592
1560 16.87 115.64 44.67 108.95 -0.648625
1560 419.75 173.00 20.50 50.00 -1.438292
1560 -0.32 159.57 26.57 64.81 -1.874866
1560 407.75 111.00 20.50 50.00 -1.884224
1560 460.77 64.61 63.08 153.85 -2.078079
1590 570.06 108.09 37.52 91.50 0.003463
1590 35.75 183.00 20.50 50.00 -0.511748
1590 31.75 171.00 20.50 50.00 -0.897907
1590 449.69 160.36 22.38 54.58 -1.920875
1590 561.75 51.00 20.50 50.00 -2.518675
1590 504.42 30.42 69.16 168.67 -2.843623
1620 589.49 147.27 22.38 54.58 0.442811
1620 602.97 130.08 37.52 91.50 -0.726167
1620 613.75 57.00 20.50 50.00 -1.773291
1620 429.75 63.00 20.50 50.00 -1.903020
1620 619.75 79.00 20.50 50.00 -2.400149
1620 609.75 67.00 20.50 50.00 -2.853602
1620 619.75 37.00 20.50 50.00 -3.057498
1650 172.29 136.36 22.38 54.58 -0.389516
1650 509.75 157.00 20.50 50.00 -0.937144
1650 373.75 131.00 20.50 50.00 -1.599246
1650 45.75 83.00 20.50 50.00 -2.096216
1650 515.75 11.00 20.50 50.00 -4.258895
1680 589.74 179.41 24.37 59.45 0.757491
1680 117.75 165.00 20.50 50.00 -0.259044
1680 602.97 130.08 37.52 91.50 -0.853809
1680 491.75 37.00 20.50 50.00 -2.608007
1680 527.75 31.00 20.50 50.00 -3.264456
1680 508.67 25.09 22.38 54.58 -3.873698
1710 442.29 151.06 28.92 70.53 -0.553049
1710 307.71 158.18 22.38 54.58 -1.947163
1710 541.21 211.46 26.57 64.81 -2.145249
1710 617.75 9.00 20.50 50.00 -4.063035
1740 471.75 181.00 20.50 50.00 1.571216
1740 -0.32 175.14 26.57 64.81 0.147547
1740 481.76 159.53 28.92 70.53 -0.508562
1740 388.34 149.19 26.57 64.81 -0.945531
1740 68.70 153.27 24.37 59.45 -1.144349
1740 119.86 162.55 22.38 54.58 -1.257521
1740 371.75 167.00 20.50 50.00 -1.289938
1740 454.13 155.64 24.37 59.45 -1.388600
1740 12.83 184.36 22.38 54.58 -1.487243
1740 301.75 163.00 20.50 50.00 -1.657862
1770 245.75 173.00 20.50 50.00 0.167623
1770 391.75 171.00 20.50 50.00 -0.139852
1770 467.75 161.00 20.50 50.00 -0.342486
1770 399.75 173.00 20.50 50.00 -0.426619
1770 349.47 156.97 26.57 64.81 -0.775792
1770 213.75 167.00 20.50 50.00 -0.810160
1770 377.75 175.00 20.50 50.00 -0.822398
1770 489.01 158.18 22.38 54.58 -1.126068
1770 205.75 169.00 20.50 50.00 -1.408309
1770 526.26 133.09 44.67 108.95 -1.627226
1770 595.92 115.64 44.67 108.95 -1.907570
1800 577.62 151.06 28.92 70.53 1.472561
1800 391.75 181.00 20.50 50.00 0.819769
1800 419.75 177.00 20.50 50.00 0.608588
1800 130.78 158.18 22.38 54.58 0.396921
1800 279.32 169.09 22.38 54.58 0.256336
1800 445.34 162.16 26.57 64.81 -0.228230
1800 331.74 160.36 22.38 54.58 -0.252701
1800 619.75 173.00 20.50 50.00 -0.429109
1800 425.67 182.18 22.38 54.58 -0.548808
1800 397.75 187.00 20.50 50.00 -1.030311
1800 485.06 177.03 24.37 59.45 -1.180246
1800 538.15 165.18 28.92 70.53 -1.181358
1800 554.17 154.38 26.57 64.81 -1.684068
1800 211.60 175.64 22.38 54.58 -1.743836
1830 533.75 205.00 20.50 50.00 1.079478
1830 520.49 185.51 26.57 64.81 0.097795
1830 608.85 176.92 31.54 76.92 0.084695
1830 595.63 190.70 26.57 64.81 -0.286516
1830 498.08 173.85 31.54 76.92 -0.567825
1830 387.51 172.28 24.37 59.45 -0.812596
1830 541.43 190.91 22.38 54.58 -1.095174
1830 140.62 145.41 28.92 70.53 -1.390933
1830 487.75 201.00 20.50 50.00 -1.517830
1830 470.78 188.91 24.37 59.45 -1.727370
1860 5.75 177.00 20.50 50.00 2.451788
1860 565.77 167.69 31.54 76.92 0.055538
1860 497.17 162.16 26.57 64.81 0.012496
1860 330.41 165.15 24.37 59.45 -0.679285
1860 615.91 222.18 24.37 59.45 -0.791134
1860 178.74 133.74 37.52 91.50 -1.292248
1860 -0.25 171.00 20.50 50.00 -1.499137
1860 193.93 139.30 34.37 83.83 -1.679875
1860 602.69 146.15 31.54 76.92 -1.687115
1860 456.51 172.28 24.37 59.45 -2.086653
1860 605.75 79.00 20.50 50.00 -2.355663
1860 613.77 58.38 26.57 64.81 -2.475856
1890 234.14 112.45 34.37 83.83 0.174488
1890 523.75 167.00 20.50 50.00 -0.458281
1890 526.14 145.09 22.38 54.58 -1.008700
1890 13.75 127.00 20.50 50.00 -1.225459
1890 587.75 53.00 20.50 50.00 -1.404475
1890 540.77 70.77 63.08 153.85 -1.424257
1890 339.75 143.00 20.50 50.00 -1.691651
1890 619.75 53.00 20.50 50.00 -2.252321
1920 247.14 139.01 24.37 59.45 1.175997
1920 219.75 155.00 20.50 50.00 0.669981
1920 595.66 93.44 37.52 91.50 -0.241507
1920 339.75 139.00 20.50 50.00 -0.341947
1920 438.77 142.91 22.38 54.58 -0.647784
1920 383.75 135.00 20.50 50.00 -1.060625
1920 503.75 177.00 20.50 50.00 -1.232878
1920 617.88 142.91 22.38 54.58 -1.269607
1920 347.06 129.50 24.37 59.45 -1.512968
1920 211.75 93.00 20.50 50.00 -1.901744
1920 491.19 180.00 22.38 54.58 -1.954360
1950 201.78 144.00 26.57 64.81 1.721380
1950 342.66 147.27 22.38 54.58 0.894702
1950 362.32 145.09 22.38 54.58 0.429530
1950 161.37 164.73 22.38 54.58 0.197035
1950 191.75 165.00 20.50 50.00 0.061474
1950 97.75 165.00 20.50 50.00 -0.287456
1950 474.01 115.64 44.67 108.95 -0.959000
1950 619.75 147.00 20.50 50.00 -1.371007
1950 309.90 145.09 22.38 54.58 -1.456927
1950 504.32 156.71 28.92 70.53 -1.566825
1950 518.36 124.75 24.37 59.45 -1.706163
1950 541.43 112.36 22.38 54.58 -2.094818
1950 619.75 119.00 20.50 50.00 -2.226581
1950 569.16 111.53 28.92 70.53 -2.359547
1950 127.75 67.00 20.50 50.00 -2.611905
1950 611.45 29.65 28.92 70.53 -3.875813
