30 43.75 183.00 20.50 50.00 3.727458
30 157.00 182.18 22.38 54.58 1.577046
30 1.91 186.55 22.38 54.58 1.047925
30 173.75 161.00 20.50 50.00 -0.133268
30 211.75 171.00 20.50 50.00 -0.387679
30 507.31 140.00 31.54 76.92 -0.422045
30 166.25 174.65 24.37 59.45 -0.577146
30 -0.50 118.00 41.00 100.00 -0.637934
30 73.30 146.01 34.37 83.83 -0.701538
30 413.75 175.00 20.50 50.00 -1.059988
30 112.42 162.35 28.92 70.53 -1.655539
30 178.08 198.46 31.54 76.92 -1.832196
30 443.79 64.22 69.16 168.67 -2.141222
60 42.07 121.19 48.64 118.64 0.901390
60 558.91 156.00 22.38 54.58 -0.031878
60 485.75 157.00 20.50 50.00 -0.158341
60 433.75 165.00 20.50 50.00 -0.955261
60 87.05 139.76 28.92 70.53 -1.069777
60 224.71 149.45 22.38 54.58 -1.096794
60 615.91 148.51 24.37 59.45 -2.020842
90 530.85 151.78 26.57 64.81 0.738529
90 461.75 167.00 20.50 50.00 0.332899
90 602.97 93.44 37.52 91.50 0.284769
90 419.43 81.73 26.57 64.81 -1.992264
90 617.88 60.00 22.38 54.58 -3.063007
120 606.07 146.01 34.37 83.83 0.356258
120 510.38 161.54 31.54 76.92 -0.554867
120 465.75 151.00 20.50 50.00 -0.941380
120 423.75 69.00 20.50 50.00 -1.127029
120 325.75 139.00 20.50 50.00 -1.175569
120 431.75 69.00 20.50 50.00 -1.402648
120 611.75 41.00 20.50 50.00 -1.740804
120 617.88 51.27 22.38 54.58 -2.159945
120 619.75 89.00 20.50 50.00 -2.360988
120 589.75 53.00 20.50 50.00 -2.861053
150 619.75 167.00 20.50 50.00 0.043081
150 515.22 169.09 22.38 54.58 -0.930940
150 115.24 151.06 28.92 70.53 -1.456185
150 159.11 150.89 24.37 59.45 -1.592516
150 459.50 62.00 41.00 100.00 -2.675226
180 580.44 173.65 28.92 70.53 1.053204
180 599.75 197.00 20.50 50.00 0.839764
180 437.75 165.00 20.50 50.00 -0.001193
180 427.75 167.00 20.50 50.00 -0.092006
180 388.53 158.18 22.38 54.58 -0.723579
180 -0.32 79.14 26.57 64.81 -0.987703
180 136.96 129.23 34.37 83.83 -1.399837
180 473.85 66.16 26.57 64.81 -2.469849
180 499.93 49.09 22.38 54.58 -2.738462
210 539.75 185.00 20.50 50.00 2.197841
210 442.75 164.76 26.57 64.81 -0.337186
210 587.74 100.65 52.90 129.03 -1.405725
210 -0.32 180.32 26.57 64.81 -1.502366
210 318.63 160.36 22.38 54.58 -1.725157
210 72.23 172.54 26.57 64.81 -2.180627
240 600.18 179.29 28.92 70.53 3.445950
240 439.75 175.00 20.50 50.00 1.935971
240 1.75 193.00 20.50 50.00 0.254372
240 462.80 175.64 22.38 54.58 0.116766
240 613.77 182.92 26.57 64.81 -0.004826
240 619.75 115.00 20.50 50.00 -0.690874
240 331.75 179.00 20.50 50.00 -0.884985
240 371.06 164.73 22.38 54.58 -1.300877
240 300.24 151.78 26.57 64.81 -1.443649
240 386.35 166.91 22.38 54.58 -1.627612
240 64.45 154.38 26.57 64.81 -1.810749
270 494.57 167.35 26.57 64.81 1.943045
270 467.31 158.46 31.54 76.92 1.595024
270 37.75 179.00 20.50 50.00 0.328825
270 366.10 162.77 24.37 59.45 -0.383402
270 101.75 159.00 20.50 50.00 -0.799880
270 329.75 173.00 20.50 50.00 -0.896724
270 445.75 163.00 20.50 50.00 -0.965797
270 399.75 175.00 20.50 50.00 -1.547186
270 486.83 184.36 22.38 54.58 -1.592787
270 109.75 161.00 20.50 50.00 -1.704584
270 525.50 184.16 24.37 59.45 -1.736268
300 578.08 161.54 31.54 76.92 4.895358
300 539.06 156.08 34.37 83.83 3.419591
300 385.75 171.00 20.50 50.00 2.585798
300 567.65 184.36 22.38 54.58 1.337775
300 401.75 169.00 20.50 50.00 0.957959
300 516.54 136.92 31.54 76.92 0.844325
300 347.03 169.09 22.38 54.58 0.513678
300 395.75 177.00 20.50 50.00 0.036369
300 480.30 165.15 24.37 59.45 -0.541782
300 379.75 177.00 20.50 50.00 -0.660442
300 580.75 121.09 22.38 54.58 -0.731189
300 425.75 169.00 20.50 50.00 -0.822963
300 13.75 163.00 20.50 50.00 -0.866395
300 239.75 165.00 20.50 50.00 -0.919040
300 473.85 146.59 26.57 64.81 -1.158710
300 297.65 146.59 26.57 64.81 -1.482792
300 594.54 170.82 28.92 70.53 -1.549028
300 99.75 153.00 20.50 50.00 -1.831640
300 611.45 15.53 28.92 70.53 -3.889238
330 445.75 179.00 20.50 50.00 3.024260
330 453.75 177.00 20.50 50.00 2.275785
330 493.75 181.00 20.50 50.00 1.459549
330 392.90 175.64 22.38 54.58 1.165109
330 427.85 169.09 22.38 54.58 0.348151
330 401.64 175.64 22.38 54.58 -0.260508
330 606.07 135.94 34.37 83.83 -0.291550
330 439.75 171.00 20.50 50.00 -0.500718
330 463.64 169.90 24.37 59.45 -0.817039
330 435.75 181.00 20.50 50.00 -0.906199
330 230.28 154.38 26.57 64.81 -0.918699
330 328.03 146.14 24.37 59.45 -0.994294
330 364.82 129.23 34.37 83.83 -0.998634
330 508.85 169.90 24.37 59.45 -1.274508
330 585.97 139.30 34.37 83.83 -1.296378
360 522.69 173.85 31.54 76.92 2.113495
360 561.19 188.91 24.37 59.45 0.950209
360 567.13 175.14 26.57 64.81 0.430501
360 513.46 164.62 31.54 76.92 0.065987
360 487.40 170.82 28.92 70.53 0.026309
360 543.79 170.82 28.92 70.53 -0.277694
360 3.75 187.00 20.50 50.00 -0.332138
360 410.38 149.45 22.38 54.58 -0.696288
360 507.75 197.00 20.50 50.00 -0.784906
360 253.60 144.00 26.57 64.81 -1.094527
360 443.54 115.64 44.67 108.95 -1.209490
360 595.92 133.09 44.67 108.95 -1.336489
360 525.75 127.00 20.50 50.00 -1.507199
360 147.50 158.00 41.00 100.00 -1.520849
360 383.50 118.00 41.00 100.00 -1.748466
360 535.33 187.76 28.92 70.53 -2.026587
360 554.05 196.04 24.37 59.45 -2.299438
390 23.75 169.00 20.50 50.00 0.729877
390 608.85 158.46 31.54 76.92 0.358931
390 619.75 213.00 20.50 50.00 0.156456
390 31.75 167.00 20.50 50.00 -0.342380
390 207.33 132.59 34.37 83.83 -0.374050
390 464.98 149.45 22.38 54.58 -0.474454
390 5.75 165.00 20.50 50.00 -0.731382
390 135.32 153.27 24.37 59.45 -0.961092
390 572.31 169.95 26.57 64.81 -0.967299
390 523.50 138.00 41.00 100.00 -1.015144
390 605.75 217.00 20.50 50.00 -1.122639
390 437.75 167.00 20.50 50.00 -1.303617
390 511.75 171.00 20.50 50.00 -1.376947
390 57.75 149.00 20.50 50.00 -1.430259
390 233.75 165.00 20.50 50.00 -1.626373
390 608.85 96.92 31.54 76.92 -2.185001
420 499.75 167.00 20.50 50.00 -0.301903
420 599.50 150.00 41.00 100.00 -0.694710
420 212.79 106.91 44.67 108.95 -0.965001
420 556.54 146.15 31.54 76.92 -1.003078
420 419.75 155.00 20.50 50.00 -1.299411
420 249.52 122.38 24.37 59.45 -1.374082
420 533.44 125.84 26.57 64.81 -1.479316
420 183.50 110.00 41.00 100.00 -1.543701
420 619.75 49.00 20.50 50.00 -2.730362
450 603.00 153.88 28.92 70.53 -0.641213
450 226.29 100.76 37.52 91.50 -0.785676
450 531.37 57.47 69.16 168.67 -1.286147
450 499.75 147.00 20.50 50.00 -1.321069
450 523.75 155.00 20.50 50.00 -1.549117
450 585.12 44.73 22.38 54.58 -1.659978
450 -0.27 114.55 22.38 54.58 -1.900506
450 11.92 232.31 31.54 76.92 -1.909448
450 595.92 54.55 44.67 108.95 -1.998576
450 599.50 10.00 41.00 100.00 -3.356676
480 177.96 93.82 44.67 108.95 -0.955091
480 227.31 96.92 31.54 76.92 -0.994716
480 475.75 139.00 20.50 50.00 -1.042850
480 224.71 134.18 22.38 54.58 -1.124019
480 546.61 120.00 28.92 70.53 -1.430881
480 600.18 139.76 28.92 70.53 -1.608816
480 574.20 164.73 22.38 54.58 -1.771603
480 619.75 19.00 20.50 50.00 -4.033111
510 239.30 151.06 28.92 70.53 1.140104
510 116.86 146.01 34.37 83.83 -1.486125
510 211.75 103.00 20.50 50.00 -1.499016
510 361.75 163.00 20.50 50.00 -1.819675
510 506.48 190.91 22.38 54.58 -1.835718
510 606.07 115.80 34.37 83.83 -1.915668
510 224.71 110.18 22.38 54.58 -1.929015
510 554.54 142.91 22.38 54.58 -2.023600
510 549.75 123.00 20.50 50.00 -2.101475
510 617.88 64.36 22.38 54.58 -2.600857
510 613.77 16.86 26.57 64.81 -3.894429
540 361.75 173.00 20.50 50.00 -0.103168
540 367.75 167.00 20.50 50.00 -0.123394
540 9.22 186.53 24.37 59.45 -0.351133
540 1.75 195.00 20.50 50.00 -0.556409
540 519.59 164.73 22.38 54.58 -0.663196
540 217.38 149.37 34.37 83.83 -0.750174
540 68.70 141.39 24.37 59.45 -0.780289
540 152.21 93.18 57.98 141.42 -0.940646
540 331.74 160.36 22.38 54.58 -1.253708
540 613.77 146.59 26.57 64.81 -1.509805
540 94.71 62.77 75.52 184.20 -1.640694
540 536.03 133.62 26.57 64.81 -1.668572
540 567.65 125.45 22.38 54.58 -1.733435
540 546.40 112.86 26.57 64.81 -1.824032
540 586.08 125.65 28.92 70.53 -1.950572
540 619.75 73.00 20.50 50.00 -2.344989
540 584.98 229.31 24.37 59.45 -3.071567
570 373.24 158.18 22.38 54.58 0.490959
570 87.05 173.65 28.92 70.53 0.458263
570 318.38 164.76 26.57 64.81 0.421441
570 309.00 172.28 24.37 59.45 0.282994
570 532.36 172.87 34.37 83.83 0.008228
570 156.54 152.31 31.54 76.92 -0.302891
570 608.85 96.92 31.54 76.92 -0.772938
570 545.75 113.00 20.50 50.00 -1.429908
570 98.33 168.00 28.92 70.53 -1.534391
570 95.84 75.27 22.38 54.58 -1.661101
570 505.75 179.00 20.50 50.00 -1.689846
570 79.75 75.00 20.50 50.00 -1.795857
570 69.75 71.00 20.50 50.00 -2.311768
570 117.75 77.00 20.50 50.00 -2.387009
570 9.68 43.87 52.90 129.03 -2.451733
570 19.75 229.00 20.50 50.00 -2.467071
570 617.88 29.45 22.38 54.58 -3.892742
600 554.34 155.29 57.98 141.42 -0.074224
600 619.75 161.00 20.50 50.00 -0.154007
600 233.46 164.62 31.54 76.92 -0.287363
600 271.75 173.00 20.50 50.00 -0.667674
600 533.75 183.00 20.50 50.00 -0.741497
600 261.75 141.00 20.50 50.00 -0.870401
600 329.75 161.00 20.50 50.00 -1.171934
600 550.38 130.77 31.54 76.92 -1.248057
600 199.55 174.65 24.37 59.45 -1.372393
600 205.05 145.09 22.38 54.58 -1.443302
600 135.15 53.45 22.38 54.58 -1.832625
600 591.56 181.09 44.67 108.95 -1.975440
600 143.89 46.91 22.38 54.58 -2.068674
600 608.85 235.38 31.54 76.92 -2.558429
600 608.85 90.77 31.54 76.92 -2.577060
600 125.75 53.00 20.50 50.00 -2.677732
600 -1.19 24.00 98.11 239.31 -2.970889
600 153.46 53.85 31.54 76.92 -3.031707
630 281.75 163.00 20.50 50.00 2.032680
630 580.75 190.91 22.38 54.58 0.491607
630 608.85 173.85 31.54 76.92 0.436933
630 176.66 127.64 22.38 54.58 0.058055
630 584.98 117.62 24.37 59.45 -0.563169
630 287.75 157.00 20.50 50.00 -0.839903
630 582.94 162.55 22.38 54.58 -0.902481
630 251.75 163.00 20.50 50.00 -0.916342
630 526.87 187.76 28.92 70.53 -1.079996
630 4.10 180.00 22.38 54.58 -1.087202
630 49.97 38.18 22.38 54.58 -1.445179
630 81.75 49.00 20.50 50.00 -1.685295
630 107.50 162.00 41.00 100.00 -1.720948
630 489.75 171.00 20.50 50.00 -1.746580
630 580.22 129.50 24.37 59.45 -1.877218
630 540.80 130.08 37.52 91.50 -1.890336
630 459.75 117.00 20.50 50.00 -1.946396
630 559.75 195.00 20.50 50.00 -2.154944
630 95.51 24.00 28.92 70.53 -3.192643
660 265.75 163.00 20.50 50.00 -0.068068
660 87.05 151.06 28.92 70.53 -0.735619
660 207.24 171.27 22.38 54.58 -0.867425
660 132.16 170.82 28.92 70.53 -1.031125
660 240.00 160.40 24.37 59.45 -1.113662
660 187.23 146.01 34.37 83.83 -1.145749
660 157.75 149.00 20.50 50.00 -1.430287
660 595.92 106.91 44.67 108.95 -1.968470
660 401.75 177.00 20.50 50.00 -2.107151
660 100.20 247.64 22.38 54.58 -3.291772
690 257.75 165.00 20.50 50.00 0.970638
690 157.75 159.00 20.50 50.00 0.898140
690 167.75 151.00 20.50 50.00 0.518500
690 502.20 129.23 34.37 83.83 -0.097563
690 611.45 97.41 28.92 70.53 -0.187558
690 131.20 133.74 37.52 91.50 -0.332117
690 521.77 110.18 22.38 54.58 -0.427816
690 240.00 162.55 22.38 54.58 -0.462236
690 619.75 153.00 20.50 50.00 -0.468790
690 4.15 135.45 48.64 118.64 -0.985487
690 529.75 99.00 20.50 50.00 -1.014932
690 186.23 162.16 26.57 64.81 -1.198040
690 542.41 182.94 34.37 83.83 -1.428043
690 202.64 151.06 28.92 70.53 -1.561896
690 269.75 159.00 20.50 50.00 -1.654635
690 126.42 188.73 22.38 54.58 -1.676636
690 535.75 39.00 20.50 50.00 -2.611866
690 523.12 24.95 24.37 59.45 -2.932243
720 113.31 184.36 22.38 54.58 1.438876
720 259.66 162.55 22.38 54.58 1.425562
720 135.00 146.15 31.54 76.92 1.342095
720 203.75 153.00 20.50 50.00 -0.041030
720 242.18 162.55 22.38 54.58 -0.418256
720 41.94 148.24 28.92 70.53 -0.487901
720 157.07 142.66 34.37 83.83 -0.721332
720 95.00 130.77 31.54 76.92 -0.734893
720 555.50 114.00 41.00 100.00 -0.897407
720 377.75 163.00 20.50 50.00 -1.113585
720 267.75 155.00 20.50 50.00 -1.122982
720 130.78 180.00 22.38 54.58 -1.254369
720 227.75 149.00 20.50 50.00 -1.290064
720 50.74 111.76 37.52 91.50 -1.359349
720 571.79 70.99 69.16 168.67 -1.402751
720 391.75 157.00 20.50 50.00 -1.595260
720 401.64 162.55 22.38 54.58 -1.618413
720 489.75 157.00 20.50 50.00 -1.995798
720 4.52 90.32 52.90 129.03 -2.142563
720 595.92 19.64 44.67 108.95 -2.876255
750 42.53 179.41 24.37 59.45 2.192152
750 497.75 179.00 20.50 50.00 1.648143
750 249.75 155.00 20.50 50.00 1.313485
750 173.38 148.51 24.37 59.45 0.143355
750 135.75 187.00 20.50 50.00 -0.471526
750 181.75 139.00 20.50 50.00 -0.537291
750 414.10 151.06 28.92 70.53 -0.569255
750 30.77 177.73 26.57 64.81 -0.675120
750 102.01 143.76 24.37 59.45 -0.795481
750 225.75 149.00 20.50 50.00 -0.886011
750 230.48 158.02 24.37 59.45 -1.085434
750 121.04 172.28 24.37 59.45 -1.525851
750 357.75 15.00 20.50 50.00 -4.003669
750 529.75 7.00 20.50 50.00 -4.026258
750 537.75 7.00 20.50 50.00 -4.241964
780 543.75 163.00 20.50 50.00 5.085172
780 205.05 138.55 22.38 54.58 -0.193219
780 606.07 156.08 34.37 83.83 -0.654355
780 481.75 147.00 20.50 50.00 -0.768061
780 505.75 149.00 20.50 50.00 -1.113719
780 415.75 131.00 20.50 50.00 -1.225793
780 382.75 131.88 24.37 59.45 -1.266170
780 137.70 127.13 24.37 59.45 -1.408163
780 151.97 115.25 24.37 59.45 -1.512924
780 235.75 135.00 20.50 50.00 -1.676246
780 468.40 139.01 24.37 59.45 -1.780936
780 422.56 136.94 28.92 70.53 -1.893409
810 362.32 136.36 22.38 54.58 0.223189
810 7.75 125.00 20.50 50.00 -0.145189
810 218.16 134.18 22.38 54.58 -0.240554
810 207.75 135.00 20.50 50.00 -0.425287
810 162.91 115.46 26.57 64.81 -0.647856
810 99.50 110.00 41.00 100.00 -0.848472
810 373.75 125.00 20.50 50.00 -0.907937
810 507.75 133.00 20.50 50.00 -1.251326
810 388.53 147.27 22.38 54.58 -1.337744
810 143.66 112.45 34.37 83.83 -1.610395
810 397.75 147.00 20.50 50.00 -1.612489
810 135.75 113.00 20.50 50.00 -1.674356
810 561.75 155.00 20.50 50.00 -1.675381
840 159.75 165.00 20.50 50.00 -0.037781
840 375.61 141.39 24.37 59.45 -0.230308
840 233.45 149.45 22.38 54.58 -0.428527
840 563.75 139.00 20.50 50.00 -0.596784
840 419.11 160.36 22.38 54.58 -0.668740
840 66.45 100.65 52.90 129.03 -0.916928
840 370.86 127.13 24.37 59.45 -0.933071
840 412.56 153.82 22.38 54.58 -0.953475
840 611.45 91.77 28.92 70.53 -1.065500
840 111.13 160.36 22.38 54.58 -1.182665
840 437.75 147.00 20.50 50.00 -1.187269
840 551.75 141.00 20.50 50.00 -1.316695
840 -0.59 116.44 48.64 118.64 -1.348519
840 193.75 147.00 20.50 50.00 -1.479939
840 111.13 108.00 22.38 54.58 -1.646615
840 599.50 14.00 41.00 100.00 -4.346830
870 12.83 182.18 22.38 54.58 2.252683
870 3.75 185.00 20.50 50.00 2.068119
870 381.98 145.09 22.38 54.58 1.547543
870 187.58 162.55 22.38 54.58 1.391580
870 438.77 175.64 22.38 54.58 0.856727
870 485.75 111.00 20.50 50.00 0.826235
870 582.94 169.09 22.38 54.58 0.816465
870 608.58 136.22 26.57 64.81 0.575201
870 93.75 169.00 20.50 50.00 0.194356
870 57.75 101.00 20.50 50.00 0.177687
870 212.15 133.62 26.57 64.81 -0.457905
870 449.78 111.68 48.64 118.64 -0.905524
870 181.75 173.00 20.50 50.00 -1.049736
870 227.75 143.00 20.50 50.00 -1.236212
870 245.75 145.00 20.50 50.00 -1.258633
870 177.75 131.00 20.50 50.00 -1.571104
870 408.19 125.45 22.38 54.58 -1.879389
870 -0.59 40.40 48.64 118.64 -2.680475
870 619.75 57.00 20.50 50.00 -2.903301
900 225.75 151.00 20.50 50.00 0.624854
900 397.18 142.59 28.92 70.53 0.380171
900 458.88 165.15 24.37 59.45 0.359503
900 490.95 84.51 69.16 168.67 0.005724
900 190.58 129.23 34.37 83.83 -0.300189
900 218.16 140.73 22.38 54.58 -0.525117
900 4.46 89.11 24.37 59.45 -0.862694
900 -0.35 111.53 28.92 70.53 -0.875965
900 469.75 159.00 20.50 50.00 -0.942571
900 449.69 169.09 22.38 54.58 -1.101042
900 249.75 151.00 20.50 50.00 -1.294931
900 177.17 129.23 34.37 83.83 -1.391137
900 375.75 149.00 20.50 50.00 -1.461335
900 147.02 125.87 34.37 83.83 -1.600355
900 21.57 204.00 22.38 54.58 -1.776352
900 168.62 150.89 24.37 59.45 -1.791039
900 619.75 87.00 20.50 50.00 -2.077417
900 517.89 77.75 69.16 168.67 -2.143693
930 209.75 153.00 20.50 50.00 1.953861
930 375.43 151.64 22.38 54.58 1.130527
930 217.75 153.00 20.50 50.00 0.146205
930 400.00 142.59 28.92 70.53 -0.034199
930 433.75 103.00 20.50 50.00 -0.403190
930 4.10 182.18 22.38 54.58 -0.455319
930 117.68 171.27 22.38 54.58 -0.455924
930 133.75 165.00 20.50 50.00 -0.837537
930 415.75 179.00 20.50 50.00 -0.875613
930 194.80 136.63 24.37 59.45 -1.452257
930 533.77 5.22 107.29 261.69 -3.310892
960 199.55 150.89 24.37 59.45 0.510749
960 593.75 179.00 20.50 50.00 0.490357
960 103.75 173.00 20.50 50.00 0.374809
960 585.75 181.00 20.50 50.00 0.326945
960 410.38 151.64 22.38 54.58 0.282687
960 554.54 166.91 22.38 54.58 -0.432265
960 180.52 155.64 24.37 59.45 -0.484326
960 606.07 156.08 34.37 83.83 -0.664457
960 599.37 139.30 34.37 83.83 -0.706830
960 561.94 154.38 26.57 64.81 -0.886478
960 69.75 181.00 20.50 50.00 -0.898126
960 190.04 155.64 24.37 59.45 -1.318465
960 423.20 169.90 24.37 59.45 -1.372636
960 575.75 175.00 20.50 50.00 -1.374769
960 595.75 127.00 20.50 50.00 -1.390262
960 93.65 175.64 22.38 54.58 -1.390377
960 449.37 84.36 24.37 59.45 -1.551931
960 143.75 173.00 20.50 50.00 -1.691857
960 132.16 122.82 28.92 70.53 -1.837432
960 543.75 175.00 20.50 50.00 -2.058302
960 501.50 72.00 28.92 70.53 -2.679215
990 211.60 158.18 22.38 54.58 1.228772
990 423.48 153.82 22.38 54.58 0.782337
990 171.00 158.02 24.37 59.45 0.178481
990 502.12 201.82 22.38 54.58 0.027411
990 185.75 153.00 20.50 50.00 -0.426158
990 592.00 173.47 48.64 118.64 -0.569696
990 176.66 140.73 22.38 54.58 -1.010362
990 439.75 175.00 20.50 50.00 -1.248938
990 379.75 163.00 20.50 50.00 -1.380859
990 154.71 151.06 28.92 70.53 -1.541987
990 237.75 167.00 20.50 50.00 -1.588023
990 386.35 156.00 22.38 54.58 -1.805368
990 80.55 173.45 22.38 54.58 -2.149414
990 513.04 204.00 22.38 54.58 -2.182737
990 -0.77 83.08 63.08 153.85 -2.316001
990 553.75 27.00 20.50 50.00 -3.909442
1020 209.07 162.77 24.37 59.45 0.202926
1020 507.14 151.06 28.92 70.53 0.188623
1020 168.62 153.27 24.37 59.45 0.129449
1020 395.75 153.00 20.50 50.00 -0.311580
1020 104.57 171.27 22.38 54.58 -0.660463
1020 -0.38 173.85 31.54 76.92 -1.399549
1020 195.75 153.00 20.50 50.00 -1.453683
1020 217.33 167.35 26.57 64.81 -1.611615
1020 583.26 165.18 28.92 70.53 -1.622635
1020 440.46 40.62 75.52 184.20 -1.827322
1020 427.85 81.82 22.38 54.58 -1.972059
1020 -0.46 86.11 37.52 91.50 -2.023417
1020 619.75 81.00 20.50 50.00 -2.514229
1050 477.75 177.00 20.50 50.00 3.279116
1050 469.35 166.91 22.38 54.58 1.345507
1050 194.80 160.40 24.37 59.45 0.902624
1050 79.75 175.00 20.50 50.00 0.308176
1050 189.75 151.00 20.50 50.00 0.238999
1050 479.75 163.00 20.50 50.00 -0.412243
1050 160.35 148.24 28.92 70.53 -0.968350
1050 43.75 181.00 20.50 50.00 -1.050153
1050 87.75 171.00 20.50 50.00 -1.107342
1050 489.86 30.55 89.69 218.76 -1.180063
1050 449.37 100.99 24.37 59.45 -1.183110
1050 406.01 149.45 22.38 54.58 -1.258713
1050 151.75 147.00 20.50 50.00 -1.382519
1050 99.75 173.00 20.50 50.00 -1.420746
1050 585.97 146.01 34.37 83.83 -1.478358
1050 58.70 162.55 22.38 54.58 -1.576289
1050 467.17 60.00 22.38 54.58 -2.327657
1050 2.47 74.82 28.92 70.53 -2.916671
1050 441.75 37.00 20.50 50.00 -3.301123
1050 484.58 9.88 28.92 70.53 -3.868998
1050 508.67 7.64 22.38 54.58 -4.284281
1080 510.85 166.91 22.38 54.58 1.788507
1080 619.75 173.00 20.50 50.00 0.710323
1080 13.75 179.00 20.50 50.00 0.558419
1080 69.62 160.36 22.38 54.58 0.529957
1080 465.75 167.00 20.50 50.00 0.098429
1080 157.75 147.00 20.50 50.00 -0.043527
1080 502.12 173.45 22.38 54.58 -0.152179
1080 4.46 162.77 24.37 59.45 -0.543239
1080 52.15 171.27 22.38 54.58 -0.693761
1080 17.75 169.00 20.50 50.00 -0.964085
1080 205.75 153.00 20.50 50.00 -1.175756
1080 416.84 141.41 26.57 64.81 -1.277423
1080 542.47 39.27 89.69 218.76 -2.056523
1080 529.75 13.00 20.50 50.00 -3.641448
1080 589.75 19.00 20.50 50.00 -3.771817
1080 513.04 1.09 22.38 54.58 -3.967848
1080 499.33 5.94 24.37 59.45 -4.449543
1110 529.75 175.00 20.50 50.00 4.474986
1110 493.75 171.00 20.50 50.00 -0.188862
1110 139.52 140.73 22.38 54.58 -0.766075
1110 269.75 165.00 20.50 50.00 -0.907518
1110 432.22 153.82 22.38 54.58 -1.104200
1110 187.75 151.00 20.50 50.00 -1.483090
1110 538.11 64.22 69.16 168.67 -1.801814
1110 106.81 135.94 34.37 83.83 -1.990746
1140 561.19 169.90 24.37 59.45 7.100366
1140 4.46 155.64 24.37 59.45 1.429932
1140 599.50 142.00 41.00 100.00 0.817718
1140 525.50 165.15 24.37 59.45 0.314430
1140 169.75 147.00 20.50 50.00 -0.079971
1140 435.75 153.00 20.50 50.00 -0.162436
1140 177.27 148.24 28.92 70.53 -0.435891
1140 261.75 163.00 20.50 50.00 -0.969017
1140 87.31 130.08 37.52 91.50 -1.304343
1140 569.83 182.18 22.38 54.58 -1.485853
1140 219.56 151.06 28.92 70.53 -1.649391
1140 110.16 129.23 34.37 83.83 -1.767957
1140 556.43 158.02 24.37 59.45 -2.019316
1140 617.88 66.55 22.38 54.58 -2.255308
1140 592.00 38.47 37.52 91.50 -3.597791
1170 594.50 169.90 24.37 59.45 6.636035
1170 159.75 143.00 20.50 50.00 0.199695
1170 445.32 153.82 22.38 54.58 -0.281311
1170 433.75 161.00 20.50 50.00 -0.670608
1170 557.89 156.71 28.92 70.53 -0.740439
1170 104.23 136.92 31.54 76.92 -1.218399
1170 67.05 125.84 26.57 64.81 -1.757456
1200 84.23 125.65 28.92 70.53 0.858566
1200 447.75 153.00 20.50 50.00 0.222687
1200 143.89 140.73 22.38 54.58 -0.744740
1200 35.95 110.27 26.57 64.81 -0.905873
1200 456.25 153.82 22.38 54.58 -1.236988
1200 72.95 122.82 28.92 70.53 -1.254823
1200 619.75 183.00 20.50 50.00 -1.595903
1200 39.12 128.47 28.92 70.53 -1.601802
1200 -0.42 135.94 34.37 83.83 -1.620081
1200 581.03 144.73 37.52 91.50 -1.721511
1230 133.61 146.01 34.37 83.83 0.389716
1230 447.75 121.00 20.50 50.00 -0.296520
1230 17.20 110.18 22.38 54.58 -0.610008
1230 495.56 175.64 22.38 54.58 -0.661169
1230 71.50 118.00 41.00 100.00 -0.770223
1230 593.04 151.78 26.57 64.81 -0.906266
1230 608.85 167.69 31.54 76.92 -1.177209
1230 163.75 137.00 20.50 50.00 -1.404325
1230 20.41 128.43 26.57 64.81 -1.437902
1230 173.75 147.00 20.50 50.00 -1.702711
1260 70.39 118.46 31.54 76.92 0.379779
1260 159.62 143.08 31.54 76.92 -0.400868
1260 105.60 122.75 37.52 91.50 -0.873589
1260 527.75 155.00 20.50 50.00 -0.891020
1260 76.34 141.07 37.52 91.50 -1.354909
1260 460.61 151.64 22.38 54.58 -1.444843
1260 593.04 149.19 26.57 64.81 -1.604033
1260 6.44 40.62 75.52 184.20 -2.391838
1290 161.75 149.00 20.50 50.00 0.369061
1290 137.70 141.39 24.37 59.45 0.204092
1290 63.50 126.00 41.00 100.00 0.203102
1290 529.75 155.00 20.50 50.00 -0.585226
1290 458.43 160.36 22.38 54.58 -0.745555
1290 467.17 160.36 22.38 54.58 -1.362447
1290 -0.84 50.70 69.16 168.67 -1.786803
1290 47.50 118.00 41.00 100.00 -2.074138
1320 595.66 130.08 37.52 91.50 0.066698
1320 529.75 161.00 20.50 50.00 -0.030895
1320 67.31 130.77 31.54 76.92 -0.034067
1320 133.61 142.66 34.37 83.83 -0.577171
1320 8.46 114.55 22.38 54.58 -0.700401
1320 167.75 153.00 20.50 50.00 -0.790307
1320 106.77 146.14 24.37 59.45 -1.121757
1320 53.19 122.52 34.37 83.83 -1.940352
1350 589.32 152.73 34.37 83.83 -0.438862
1350 131.75 149.00 20.50 50.00 -0.561689
1350 73.99 140.73 22.38 54.58 -0.705711
1350 7.75 117.00 20.50 50.00 -0.898204
1350 105.75 151.00 20.50 50.00 -1.566435
1380 3.81 128.73 44.67 108.95 -0.421353
1380 151.89 153.88 28.92 70.53 -0.476708
1380 103.50 138.00 41.00 100.00 -0.534516
1380 141.75 149.00 20.50 50.00 -0.931685
1380 598.22 159.57 26.57 64.81 -1.050676
1380 64.23 124.62 31.54 76.92 -1.108193
1380 21.22 133.09 44.67 108.95 -1.306075
1380 565.75 147.00 20.50 50.00 -1.752014
1410 529.75 165.00 20.50 50.00 0.333490
1410 151.89 153.88 28.92 70.53 -0.424060
1410 98.96 116.44 48.64 118.64 -0.678881
1410 6.28 116.73 22.38 54.58 -0.748041
1410 63.25 122.52 34.37 83.83 -1.063874
1410 139.75 149.00 20.50 50.00 -1.255523
1410 599.50 122.00 41.00 100.00 -1.543056
1410 16.28 93.18 57.98 141.42 -2.122176
1440 63.50 130.00 41.00 100.00 0.117425
1440 151.89 156.71 28.92 70.53 -0.535180
1440 95.50 130.00 41.00 100.00 -0.874652
1440 126.64 154.38 26.57 64.81 -1.050338
1440 -0.84 57.47 69.16 168.67 -1.650705
1440 50.74 144.73 37.52 91.50 -1.974022
1470 153.46 155.38 31.54 76.92 0.566546
1470 60.41 124.36 44.67 108.95 -0.191385
1470 602.97 133.74 37.52 91.50 -0.322560
1470 590.38 149.23 31.54 76.92 -1.015198
1470 527.88 158.02 24.37 59.45 -1.075560
1470 98.29 133.74 37.52 91.50 -1.538217
1470 196.60 154.38 26.57 64.81 -1.712315
1470 -0.84 57.47 69.16 168.67 -1.908940
1470 133.75 149.00 20.50 50.00 -1.973062
1500 59.50 130.00 41.00 100.00 -0.216884
1500 599.37 139.30 34.37 83.83 -0.249937
1500 191.75 177.00 20.50 50.00 -0.402773
1500 95.50 130.00 41.00 100.00 -1.523562
1500 5.89 64.22 69.16 168.67 -1.902217
1530 156.80 148.40 37.52 91.50 0.707625
1530 454.13 169.90 24.37 59.45 0.432425
1530 602.97 137.40 37.52 91.50 0.391491
1530 55.50 138.00 41.00 100.00 -0.130319
1530 -0.77 76.92 63.08 153.85 -1.177708
1530 94.63 137.40 37.52 91.50 -1.415523
1530 135.75 153.00 20.50 50.00 -1.529361
1560 611.45 165.18 28.92 70.53 1.200146
1560 119.50 150.00 41.00 100.00 0.740378
1560 -0.54 128.73 44.67 108.95 -0.348736
1560 42.07 130.69 48.64 118.64 -0.477912
1560 456.51 172.28 24.37 59.45 -0.511533
1560 469.35 173.45 22.38 54.58 -0.754993
1560 32.49 188.73 22.38 54.58 -1.635702
1560 -0.46 86.11 37.52 91.50 -1.899228
1590 47.75 217.00 20.50 50.00 2.611532
1590 454.06 177.82 22.38 54.58 -0.818594
1590 144.23 161.54 31.54 76.92 -0.935306
1590 187.23 152.73 34.37 83.83 -1.191729
1590 13.75 219.00 20.50 50.00 -1.207228
1590 28.12 127.64 22.38 54.58 -1.919426
1620 29.75 123.00 20.50 50.00 0.317939
1620 471.50 130.00 41.00 100.00 0.130452
1620 496.95 172.28 24.37 59.45 -0.099762
1620 577.62 162.35 28.92 70.53 -0.593366
1620 175.76 158.02 24.37 59.45 -0.619868
1620 -0.42 129.23 34.37 83.83 -0.979665
1620 111.13 188.73 22.38 54.58 -1.210105
1620 225.75 173.00 20.50 50.00 -1.893010
1650 517.89 172.54 26.57 64.81 0.504034
1650 95.50 146.00 41.00 100.00 -0.064564
1650 116.86 149.37 34.37 83.83 -0.707308
1650 227.75 179.00 20.50 50.00 -0.765680
1650 163.77 152.73 34.37 83.83 -0.801233
1650 505.75 189.00 20.50 50.00 -1.067020
1650 -0.46 119.08 37.52 91.50 -1.525061
1650 143.75 167.00 20.50 50.00 -1.620002
1650 389.75 171.00 20.50 50.00 -1.693065
1650 423.75 167.00 20.50 50.00 -1.713157
1650 523.75 65.00 20.50 50.00 -2.811473
1650 171.00 34.45 24.37 59.45 -3.355826
1680 527.75 185.00 20.50 50.00 0.198265
1680 438.77 160.36 22.38 54.58 0.097733
1680 489.39 156.97 26.57 64.81 -0.110322
1680 567.65 188.73 22.38 54.58 -0.340953
1680 353.58 173.45 22.38 54.58 -0.480802
1680 89.75 145.00 20.50 50.00 -0.678105
1680 535.33 162.35 28.92 70.53 -0.968108
1680 243.24 172.54 26.57 64.81 -1.225664
1680 37.75 119.00 20.50 50.00 -1.306813
1680 53.22 139.76 28.92 70.53 -1.542442
1680 430.03 151.64 22.38 54.58 -1.580062
1710 463.75 171.00 20.50 50.00 1.481550
1710 574.20 180.00 22.38 54.58 0.159662
1710 144.23 130.77 31.54 76.92 0.015945
1710 21.75 107.00 20.50 50.00 -0.044247
1710 27.84 125.65 28.92 70.53 -0.267127
1710 523.96 171.27 22.38 54.58 -0.303992
1710 103.75 133.00 20.50 50.00 -0.375884
1710 -0.32 180.32 26.57 64.81 -0.427833
1710 80.55 125.45 22.38 54.58 -0.668814
1710 133.75 173.00 20.50 50.00 -0.904592
1710 89.28 127.64 22.38 54.58 -0.916852
1710 42.07 121.19 48.64 118.64 -1.129194
1710 471.75 165.00 20.50 50.00 -1.225447
1710 78.22 146.14 24.37 59.45 -1.302839
1710 473.75 179.00 20.50 50.00 -1.405089
1710 545.80 175.64 22.38 54.58 -1.580272
1710 204.34 155.73 37.52 91.50 -1.645745
1710 599.50 98.00 41.00 100.00 -1.719250
1710 617.88 182.18 22.38 54.58 -2.093225
1710 619.75 43.00 20.50 50.00 -2.590445
1740 489.75 165.00 20.50 50.00 3.492539
1740 592.12 165.15 24.37 59.45 1.407544
1740 479.03 141.41 26.57 64.81 1.031650
1740 30.63 115.25 24.37 59.45 0.678398
1740 563.28 169.09 22.38 54.58 0.664610
1740 173.75 179.00 20.50 50.00 0.128147
1740 91.92 130.77 31.54 76.92 -0.179327
1740 16.56 108.71 28.92 70.53 -0.204446
1740 113.46 186.15 31.54 76.92 -0.226052
1740 63.94 115.25 24.37 59.45 -0.287513
1740 619.75 177.00 20.50 50.00 -0.469836
1740 362.32 160.36 22.38 54.58 -0.513456
1740 45.60 105.82 22.38 54.58 -0.993260
1740 617.88 116.73 22.38 54.58 -1.331385
1740 572.01 173.45 22.38 54.58 -1.503079
1740 -0.42 95.66 34.37 83.83 -1.515654
1740 432.71 131.88 24.37 59.45 -1.746631
1740 121.36 115.64 44.67 108.95 -1.834482
1740 553.75 171.00 20.50 50.00 -2.022949
1770 525.50 167.52 24.37 59.45 2.693935
1770 537.75 179.00 20.50 50.00 1.498607
1770 619.75 181.00 20.50 50.00 1.132867
1770 455.71 154.38 26.57 64.81 0.319933
1770 233.75 161.00 20.50 50.00 -0.197349
1770 353.75 167.00 20.50 50.00 -0.232004
1770 217.75 159.00 20.50 50.00 -0.342093
1770 509.75 177.00 20.50 50.00 -0.393078
1770 530.51 153.82 22.38 54.58 -0.922834
1770 -0.27 110.18 22.38 54.58 -0.926168
1770 470.38 143.08 31.54 76.92 -1.021881
1770 519.75 159.00 20.50 50.00 -1.065385
1770 613.75 91.00 20.50 50.00 -1.336305
1770 380.37 148.51 24.37 59.45 -1.385901
1770 163.75 155.00 20.50 50.00 -1.487956
1770 195.75 149.00 20.50 50.00 -1.594194
1770 89.28 140.73 22.38 54.58 -1.777520
1770 589.75 103.00 20.50 50.00 -1.830806
1770 100.20 145.09 22.38 54.58 -1.904579
1800 591.72 165.18 28.92 70.53 2.651988
1800 151.50 130.00 41.00 100.00 0.915022
1800 218.59 158.02 24.37 59.45 0.299164
1800 521.77 177.82 22.38 54.58 0.084089
1800 603.40 175.14 26.57 64.81 -0.114710
1800 569.83 182.18 22.38 54.58 -0.528621
1800 493.38 147.27 22.38 54.58 -0.956966
1800 196.60 154.38 26.57 64.81 -1.031432
1800 395.75 159.00 20.50 50.00 -1.035791
1800 156.54 189.23 31.54 76.92 -1.174239
1800 613.77 169.95 26.57 64.81 -1.399332
1800 277.75 151.00 20.50 50.00 -1.635539
1800 523.12 143.76 24.37 59.45 -1.710299
1800 606.07 112.45 34.37 83.83 -1.838503
1800 104.39 143.76 24.37 59.45 -1.854576
1800 20.00 105.81 52.90 129.03 -1.877688
1800 64.45 136.22 26.57 64.81 -2.160243
1830 225.75 163.00 20.50 50.00 1.745667
1830 542.41 166.15 34.37 83.83 0.767881
1830 162.69 152.31 31.54 76.92 0.142027
1830 130.26 139.30 34.37 83.83 -0.120663
1830 441.75 171.00 20.50 50.00 -0.304401
1830 599.50 154.00 41.00 100.00 -0.408338
1830 515.30 138.81 26.57 64.81 -0.684890
1830 199.55 160.40 24.37 59.45 -0.833325
1830 61.29 121.29 52.90 129.03 -0.852706
1830 529.83 144.73 37.52 91.50 -0.921700
1830 233.75 161.00 20.50 50.00 -1.150258
1830 435.75 165.00 20.50 50.00 -1.440801
1830 -0.84 70.99 69.16 168.67 -1.917560
1830 118.66 134.26 24.37 59.45 -1.949682
1830 595.92 54.55 44.67 108.95 -2.662771
