30 341.70 89.51 26.57 64.81 -1.633836
30 617.88 193.09 22.38 54.58 -2.307344
30 173.75 5.00 20.50 50.00 -3.922614
60 78.36 158.18 22.38 54.58 -0.609282
60 56.52 188.73 22.38 54.58 -1.006150
60 397.75 129.00 20.50 50.00 -1.597730
60 584.69 199.69 37.52 91.50 -1.664138
60 325.03 71.45 37.52 91.50 -2.145591
60 308.02 68.76 26.57 64.81 -2.221574
60 606.07 55.38 34.37 83.83 -2.494716
60 153.75 59.00 20.50 50.00 -2.734930
90 57.75 191.00 20.50 50.00 -0.736849
90 395.65 137.45 44.67 108.95 -1.332048
90 347.75 97.00 20.50 50.00 -1.593472
90 606.07 88.95 34.37 83.83 -2.255529
90 171.75 7.00 20.50 50.00 -4.182100
120 58.70 190.91 22.38 54.58 -0.372135
120 395.65 141.82 44.67 108.95 -1.394251
120 343.61 139.76 28.92 70.53 -1.703048
120 165.75 171.00 20.50 50.00 -1.825048
120 602.97 100.76 37.52 91.50 -2.331991
120 611.45 74.82 28.92 70.53 -2.687795
150 57.75 193.00 20.50 50.00 0.392507
150 362.32 160.36 22.38 54.58 -1.016172
150 387.50 142.00 41.00 100.00 -1.264391
150 602.97 100.76 37.52 91.50 -2.130028
180 59.75 193.00 20.50 50.00 0.435487
180 163.75 181.00 20.50 50.00 -0.854171
180 306.92 58.46 63.08 153.85 -2.882573
180 606.07 52.03 34.37 83.83 -3.224876
210 57.75 193.00 20.50 50.00 0.234712
210 391.29 141.82 44.67 108.95 -0.555905
210 359.84 156.97 26.57 64.81 -0.669359
210 339.93 153.27 24.37 59.45 -1.573228
210 309.75 81.00 20.50 50.00 -1.606953
210 63.75 199.00 20.50 50.00 -1.674503
240 27.46 139.20 98.11 239.31 6.617436
240 23.00 260.00 82.00 200.00 0.382751
240 60.27 248.73 89.69 218.76 0.013806
240 358.96 160.40 24.37 59.45 -0.044251
240 396.11 177.73 26.57 64.81 -1.774128
240 7.00 212.00 82.00 200.00 -1.792256
240 606.07 78.88 34.37 83.83 -2.533965
240 306.92 58.46 63.08 153.85 -2.787463
270 228.06 129.60 98.11 239.31 6.304833
270 56.52 193.09 22.38 54.58 -0.130055
270 170.10 169.09 22.38 54.58 -0.717115
270 306.92 58.46 63.08 153.85 -2.407463
270 602.97 60.46 37.52 91.50 -2.781840
270 247.00 52.00 82.00 200.00 -3.243942
270 203.50 302.00 41.00 100.00 -4.362931
300 419.10 129.60 98.11 239.31 6.268289
300 21.15 158.77 75.52 184.20 4.936124
300 119.75 183.00 20.50 50.00 0.661216
300 161.75 181.00 20.50 50.00 -1.343294
300 419.10 216.00 98.11 239.31 -1.726793
300 -0.54 246.55 44.67 108.95 -1.961083
300 349.25 142.59 28.92 70.53 -1.988293
300 47.00 268.00 82.00 200.00 -2.715659
330 527.00 124.00 82.00 200.00 7.718354
330 168.28 158.77 75.52 184.20 4.708416
330 138.85 158.77 75.52 184.20 0.454749
330 515.60 246.71 34.37 83.83 -0.624077
330 57.75 193.00 20.50 50.00 -0.638187
330 577.42 193.55 52.90 129.03 -0.913880
330 63.75 199.00 20.50 50.00 -1.561890
330 306.92 58.46 63.08 153.85 -2.678653
330 543.28 33.60 98.11 239.31 -2.936719
330 170.10 14.18 22.38 54.58 -4.224270
360 303.00 156.00 82.00 200.00 5.880199
360 595.50 218.00 41.00 100.00 3.441404
360 582.65 138.35 57.98 141.42 3.358640
360 282.48 200.47 57.98 141.42 0.375308
360 556.54 244.62 31.54 76.92 -0.074419
360 542.41 240.00 34.37 83.83 -0.306046
360 141.71 180.00 22.38 54.58 -0.363502
360 58.70 193.09 22.38 54.58 -0.701444
360 571.75 221.00 20.50 50.00 -1.009048
360 295.00 68.00 82.00 200.00 -1.511346
360 395.65 141.82 44.67 108.95 -1.724193
360 617.88 55.64 22.38 54.58 -2.753651
360 173.75 61.00 20.50 50.00 -2.955649
360 532.51 255.53 28.92 70.53 -2.979553
390 439.00 148.00 82.00 200.00 7.041109
390 599.37 240.00 34.37 83.83 0.652411
390 129.75 173.00 20.50 50.00 0.079404
390 54.42 186.53 24.37 59.45 -0.161376
390 380.77 187.69 63.08 153.85 -1.083081
390 361.34 160.40 24.37 59.45 -2.000529
420 582.65 206.12 57.98 141.42 1.583763
420 115.75 183.00 20.50 50.00 0.103640
420 606.07 132.59 34.37 83.83 -0.908901
420 71.75 157.00 20.50 50.00 -1.176750
420 41.75 199.00 20.50 50.00 -1.378548
420 395.65 137.45 44.67 108.95 -1.447240
420 33.75 195.00 20.50 50.00 -1.584825
420 171.75 67.00 20.50 50.00 -1.604656
420 15.22 144.00 26.57 64.81 -1.957872
420 617.88 112.36 22.38 54.58 -2.240387
420 135.75 49.00 20.50 50.00 -2.311059
420 562.69 281.54 31.54 76.92 -3.004250
420 581.75 315.00 20.50 50.00 -5.085175
450 171.75 181.00 20.50 50.00 -0.502983
450 97.25 184.16 24.37 59.45 -0.527041
450 -0.32 169.95 26.57 64.81 -1.329681
450 606.07 203.08 34.37 83.83 -1.685362
450 602.97 152.06 37.52 91.50 -1.960109
450 175.87 50.59 26.57 64.81 -2.101454
450 440.96 44.73 22.38 54.58 -2.203635
450 325.38 58.46 63.08 153.85 -2.377516
450 18.74 338.61 24.37 59.45 -3.696651
450 15.22 310.05 26.57 64.81 -4.618546
450 6.28 348.00 22.38 54.58 -7.514502
480 413.75 177.00 20.50 50.00 -0.113560
480 515.75 83.00 20.50 50.00 -0.782183
480 511.75 93.00 20.50 50.00 -1.246890
480 16.87 146.18 44.67 108.95 -1.579162
480 203.75 183.00 20.50 50.00 -1.870597
480 92.49 257.82 24.37 59.45 -2.219290
480 551.23 56.73 89.69 218.76 -2.446483
480 190.04 41.58 24.37 59.45 -2.628197
480 336.00 43.94 69.16 168.67 -2.837990
480 134.41 48.00 26.57 64.81 -3.238421
480 118.87 27.24 26.57 64.81 -3.497398
480 178.46 29.84 26.57 64.81 -3.838538
480 167.75 7.00 20.50 50.00 -4.210057
480 493.04 -1.41 28.92 70.53 -4.736687
480 -0.32 320.43 26.57 64.81 -6.119792
510 425.58 160.40 24.37 59.45 -0.010727
510 401.30 151.78 26.57 64.81 -0.274380
510 -0.25 153.00 20.50 50.00 -0.659364
510 153.46 158.46 31.54 76.92 -0.957714
510 375.38 149.19 26.57 64.81 -1.385380
510 211.75 175.00 20.50 50.00 -1.450783
510 203.75 179.00 20.50 50.00 -1.817288
510 126.42 46.91 22.38 54.58 -1.931857
510 98.02 46.91 22.38 54.58 -3.445071
510 107.31 35.38 31.54 76.92 -3.453127
540 459.21 170.82 28.92 70.53 1.079548
540 408.38 149.37 34.37 83.83 0.171717
540 617.88 204.00 22.38 54.58 -0.621185
540 123.75 27.00 20.50 50.00 -3.538606
540 52.15 12.00 22.38 54.58 -4.463308
570 383.08 145.41 28.92 70.53 -0.366600
570 416.46 148.40 37.52 91.50 -0.390211
570 341.75 161.00 20.50 50.00 -1.501641
570 528.46 126.15 63.08 153.85 -1.731285
570 123.75 177.00 20.50 50.00 -1.875961
570 386.35 103.64 22.38 54.58 -1.889009
570 7.00 60.00 82.00 200.00 -2.441293
570 331.92 32.31 31.54 76.92 -3.852775
570 80.00 6.49 26.57 64.81 -4.284104
600 394.97 135.94 34.37 83.83 -0.010584
600 -0.42 166.15 34.37 83.83 -0.179315
600 556.73 146.18 44.67 108.95 -0.243060
600 343.75 161.00 20.50 50.00 -0.256984
600 515.75 211.00 20.50 50.00 -1.331552
600 397.03 89.11 24.37 59.45 -2.020670
600 351.75 49.00 20.50 50.00 -2.224252
600 337.75 25.00 20.50 50.00 -3.296633
630 349.22 158.18 22.38 54.58 -0.346228
630 416.46 122.75 37.52 91.50 -0.574970
630 467.66 159.39 37.52 91.50 -0.704720
630 111.75 197.00 20.50 50.00 -0.954655
630 -0.38 173.85 31.54 76.92 -1.484535
630 28.12 169.09 22.38 54.58 -1.504762
630 602.97 56.79 37.52 91.50 -2.012997
630 611.45 117.18 28.92 70.53 -2.087891
630 419.74 63.53 28.92 70.53 -2.338772
630 383.16 22.05 26.57 64.81 -3.901241
630 356.54 -1.54 31.54 76.92 -4.205407
630 393.46 7.69 31.54 76.92 -4.218759
660 349.75 159.00 20.50 50.00 0.180478
660 461.75 179.00 20.50 50.00 -0.347571
660 475.75 177.00 20.50 50.00 -0.504205
660 433.75 171.00 20.50 50.00 -0.701305
660 516.15 76.92 63.08 153.85 -0.999473
660 101.15 196.24 28.92 70.53 -1.336740
660 595.92 133.09 44.67 108.95 -1.476987
660 499.33 167.52 24.37 59.45 -1.534360
660 403.50 106.00 41.00 100.00 -1.659534
660 231.75 189.00 20.50 50.00 -1.932775
660 435.50 14.00 41.00 100.00 -3.734097
690 349.47 149.19 26.57 64.81 0.845143
690 537.40 188.91 24.37 59.45 0.315480
690 584.69 155.73 37.52 91.50 -0.069329
690 183.75 183.00 20.50 50.00 -1.417333
690 524.05 179.29 28.92 70.53 -1.724480
690 595.92 128.73 44.67 108.95 -1.753982
690 556.43 179.41 24.37 59.45 -1.967761
690 425.75 62.77 75.52 184.20 -2.831884
690 487.75 21.00 20.50 50.00 -3.543767
690 478.09 9.82 22.38 54.58 -4.486151
720 121.46 185.51 26.57 64.81 1.138730
720 453.55 90.32 52.90 129.03 0.032063
720 361.34 153.27 24.37 59.45 -0.525622
720 458.71 126.45 52.90 129.03 -1.402596
720 113.75 159.00 20.50 50.00 -1.648213
720 537.40 205.54 24.37 59.45 -1.833084
720 484.21 63.57 26.57 64.81 -2.331301
720 497.75 23.00 20.50 50.00 -2.346163
720 482.68 13.07 24.37 59.45 -4.496984
750 358.12 135.94 34.37 83.83 -0.299696
750 451.75 175.00 20.50 50.00 -0.887273
750 63.75 161.00 20.50 50.00 -0.895547
750 386.35 180.00 22.38 54.58 -1.563167
750 559.00 60.00 82.00 200.00 -1.805218
750 470.78 62.97 24.37 59.45 -2.478321
750 487.00 28.00 82.00 200.00 -3.368562
780 359.50 126.00 41.00 100.00 -0.692632
780 21.57 171.27 22.38 54.58 -0.807049
780 266.51 148.40 37.52 91.50 -1.094108
780 481.10 30.55 89.69 218.76 -2.201370
780 619.75 221.00 20.50 50.00 -2.449418
780 440.46 62.77 75.52 184.20 -2.490864
780 559.00 36.00 82.00 200.00 -2.966801
780 617.75 9.00 20.50 50.00 -4.867937
810 269.15 149.19 26.57 64.81 -0.945426
810 397.03 165.15 24.37 59.45 -1.436791
810 -1.00 28.00 82.00 200.00 -3.955310
840 387.31 155.38 31.54 76.92 -0.672083
840 45.60 195.27 22.38 54.58 -1.188096
840 35.75 195.00 20.50 50.00 -1.409472
870 558.81 191.29 24.37 59.45 -0.289056
870 255.00 127.69 31.54 76.92 -0.859502
870 483.75 107.00 20.50 50.00 -1.162030
870 441.88 159.44 34.37 83.83 -1.206751
870 445.32 123.27 22.38 54.58 -1.672300
870 481.75 89.00 20.50 50.00 -2.052353
870 619.75 189.00 20.50 50.00 -2.277457
900 362.32 162.55 22.38 54.58 0.313305
900 582.65 70.59 57.98 141.42 -1.521948
900 539.06 85.59 34.37 83.83 -1.731066
900 523.75 87.00 20.50 50.00 -1.934597
900 129.23 175.14 26.57 64.81 -1.937966
930 357.25 149.19 26.57 64.81 -1.083199
930 585.75 77.00 20.50 50.00 -1.427252
930 465.31 141.82 44.67 108.95 -1.830239
930 613.53 34.45 24.37 59.45 -2.970509
930 580.44 26.82 28.92 70.53 -3.463190
960 374.63 145.41 28.92 70.53 -0.311061
960 425.67 134.18 22.38 54.58 -0.942231
960 400.00 145.41 28.92 70.53 -1.231846
960 571.79 111.55 69.16 168.67 -1.517732
960 140.07 8.32 24.37 59.45 -4.276933
990 441.75 163.00 20.50 50.00 0.335671
990 617.88 97.09 22.38 54.58 -0.732940
990 471.75 125.00 20.50 50.00 -1.028827
990 137.75 189.00 20.50 50.00 -1.156877
990 483.75 131.00 20.50 50.00 -1.388779
990 447.75 137.00 20.50 50.00 -1.482288
990 429.80 175.14 26.57 64.81 -1.526783
990 383.54 130.08 37.52 91.50 -1.581038
990 611.45 213.18 28.92 70.53 -1.974592
990 122.69 10.77 31.54 76.92 -4.640842
1020 452.24 124.36 44.67 108.95 -0.019307
1020 519.75 121.00 20.50 50.00 -0.576658
1020 432.22 173.45 22.38 54.58 -0.619158
1020 389.75 93.00 20.50 50.00 -1.257131
1020 611.45 77.65 28.92 70.53 -2.741227
1020 93.75 5.00 20.50 50.00 -4.743365
1050 479.35 110.97 52.90 129.03 0.571731
1050 565.75 105.00 20.50 50.00 -0.051990
1050 446.73 104.47 57.98 141.42 -0.199173
1050 526.87 156.71 28.92 70.53 -0.972421
1050 555.75 103.00 20.50 50.00 -0.990670
1050 119.75 55.00 20.50 50.00 -1.356506
1050 556.72 118.91 22.38 54.58 -1.707119
1050 243.75 107.00 20.50 50.00 -1.760564
1050 619.75 241.00 20.50 50.00 -2.506692
1050 129.75 63.00 20.50 50.00 -2.676319
1050 582.65 14.12 57.98 141.42 -3.257128
1080 478.63 163.05 37.52 91.50 2.643920
1080 492.44 144.95 48.64 118.64 1.315924
1080 465.34 169.51 34.37 83.83 0.972032
1080 445.32 204.00 22.38 54.58 0.908382
1080 557.75 205.00 20.50 50.00 0.139076
1080 79.75 161.00 20.50 50.00 -0.083476
1080 451.88 210.55 22.38 54.58 -0.240675
1080 565.52 62.77 75.52 184.20 -0.314937
1080 587.74 178.06 52.90 129.03 -0.421945
1080 510.00 89.23 63.08 153.85 -0.831634
1080 137.75 83.00 20.50 50.00 -1.876590
1080 340.48 123.27 22.38 54.58 -1.894204
1080 445.71 93.44 37.52 91.50 -2.034337
1080 -0.71 76.23 57.98 141.42 -2.918619
1080 487.75 227.00 20.50 50.00 -2.937139
1080 109.75 53.00 20.50 50.00 -3.017828
1080 617.88 40.36 22.38 54.58 -3.076107
1080 119.75 5.00 20.50 50.00 -4.396679
1080 587.21 15.27 44.67 108.95 -4.586832
1110 423.85 138.46 63.08 153.85 2.235201
1110 503.50 158.00 41.00 100.00 0.627570
1110 407.50 182.00 41.00 100.00 0.209819
1110 485.06 160.40 24.37 59.45 0.178361
1110 613.53 74.85 24.37 59.45 -0.312160
1110 604.78 112.36 22.38 54.58 -0.687283
1110 370.97 203.87 52.90 129.03 -0.772397
1110 468.40 105.74 24.37 59.45 -0.885025
1110 441.06 177.88 57.98 141.42 -0.968834
1110 447.75 111.00 20.50 50.00 -1.134650
1110 477.92 84.36 24.37 59.45 -1.136218
1110 491.19 94.91 22.38 54.58 -1.633567
1110 544.84 77.75 69.16 168.67 -1.703414
1110 489.75 65.00 20.50 50.00 -1.919122
1110 606.07 189.65 34.37 83.83 -2.099096
1110 361.34 222.18 24.37 59.45 -2.144177
1110 619.75 41.00 20.50 50.00 -2.268868
1110 103.75 45.00 20.50 50.00 -2.359150
1110 419.74 43.77 28.92 70.53 -2.854894
1110 575.75 31.00 20.50 50.00 -3.034638
1110 60.89 5.45 22.38 54.58 -4.832256
1140 313.08 132.31 63.08 153.85 2.499067
1140 276.15 163.08 63.08 153.85 -0.117642
1140 571.79 64.22 69.16 168.67 -0.333037
1140 445.71 122.75 37.52 91.50 -0.694021
1140 218.08 226.15 31.54 76.92 -0.903682
1140 294.62 113.85 63.08 153.85 -1.162324
1140 466.07 99.89 26.57 64.81 -1.355606
1140 485.38 70.77 63.08 153.85 -1.455197
1140 421.33 97.43 48.64 118.64 -1.629705
1140 241.75 103.00 20.50 50.00 -1.651457
1140 424.23 32.31 31.54 76.92 -2.994785
1140 91.75 47.00 20.50 50.00 -3.180660
1140 611.45 26.82 28.92 70.53 -3.619832
1170 151.00 124.00 82.00 200.00 2.325705
1170 46.49 243.36 34.37 83.83 0.395475
1170 606.07 109.09 34.37 83.83 0.118677
1170 78.58 183.53 57.98 141.42 -0.082606
1170 443.50 126.00 41.00 100.00 -0.486388
1170 49.66 174.65 24.37 59.45 -1.297625
1170 547.99 88.36 22.38 54.58 -1.516816
1170 611.45 60.71 28.92 70.53 -1.699487
1170 417.41 102.55 44.67 108.95 -1.754762
1170 -0.35 159.53 28.92 70.53 -1.902722
1170 504.94 68.76 26.57 64.81 -1.930511
1170 550.17 66.55 22.38 54.58 -2.333280
1170 570.71 193.66 24.37 59.45 -2.350291
1170 537.75 61.00 20.50 50.00 -2.742644
1170 427.31 32.31 31.54 76.92 -3.608647
1170 49.97 12.00 22.38 54.58 -4.456018
1170 65.75 5.00 20.50 50.00 -4.777812
1200 -0.77 144.62 63.08 153.85 -0.724780
1200 617.88 46.91 22.38 54.58 -0.971898
1200 555.43 159.39 37.52 91.50 -1.252146
1200 615.91 169.90 24.37 59.45 -1.481878
1200 542.41 149.37 34.37 83.83 -1.548761
1200 418.39 55.38 75.52 184.20 -1.728184
1200 554.17 60.97 26.57 64.81 -1.754456
1200 484.60 62.77 75.52 184.20 -1.805745
1200 611.45 7.06 28.92 70.53 -4.502779
1230 451.75 167.00 20.50 50.00 0.233543
1230 48.91 177.73 26.57 64.81 0.094946
1230 455.71 118.05 26.57 64.81 -0.447328
1230 139.75 187.00 20.50 50.00 -0.469068
1230 481.76 105.88 28.92 70.53 -1.054679
1230 619.75 57.00 20.50 50.00 -1.119866
1230 595.92 154.91 44.67 108.95 -1.164781
1230 599.50 114.00 41.00 100.00 -1.453803
1230 499.31 62.77 75.52 184.20 -1.706767
1230 97.25 70.10 24.37 59.45 -1.799308
1230 425.13 28.53 34.37 83.83 -2.819869
1260 443.50 134.00 41.00 100.00 0.548538
1260 619.75 55.00 20.50 50.00 -0.125376
1260 457.75 115.00 20.50 50.00 -0.775909
1260 421.77 111.27 44.67 108.95 -1.128652
1260 523.12 58.22 24.37 59.45 -1.204405
1260 602.97 152.06 37.52 91.50 -1.234609
1260 25.75 199.00 20.50 50.00 -1.271432
1260 555.75 139.00 20.50 50.00 -1.314235
1260 611.45 120.00 28.92 70.53 -1.565607
1260 46.32 180.32 26.57 64.81 -1.658313
1260 556.43 67.72 24.37 59.45 -2.093607
1260 613.75 49.00 20.50 50.00 -2.563546
1260 105.75 69.00 20.50 50.00 -2.580195
1260 613.77 73.95 26.57 64.81 -2.633117
1260 502.12 70.91 22.38 54.58 -2.714944
1260 97.75 65.00 20.50 50.00 -2.910628
1260 427.31 38.46 31.54 76.92 -3.444170
1260 44.91 17.82 24.37 59.45 -4.418981
1290 455.71 123.24 26.57 64.81 0.894096
1290 619.75 57.00 20.50 50.00 0.483160
1290 611.45 125.65 28.92 70.53 -0.108727
1290 499.31 70.15 75.52 184.20 -1.304930
1290 4.10 199.64 22.38 54.58 -1.405851
1290 47.58 179.29 28.92 70.53 -1.544202
1290 489.39 92.11 26.57 64.81 -1.761881
1290 603.75 51.00 20.50 50.00 -2.163283
1290 95.84 73.09 22.38 54.58 -2.219913
1290 428.48 35.24 34.37 83.83 -2.982023
1290 567.75 53.00 20.50 50.00 -3.125049
1290 40.15 10.69 24.37 59.45 -4.668477
1320 456.51 124.75 24.37 59.45 0.544219
1320 43.73 182.92 26.57 64.81 0.234702
1320 399.45 136.36 22.38 54.58 -0.898525
1320 4.10 199.64 22.38 54.58 -0.919299
1320 524.29 28.57 117.14 285.71 -1.657488
1320 419.75 163.00 20.50 50.00 -1.855385
1320 484.21 70.99 69.16 168.67 -2.003265
1320 428.19 43.77 28.92 70.53 -2.932467
1320 47.78 20.73 22.38 54.58 -4.167622
1350 445.71 141.07 37.52 91.50 0.640003
1350 46.32 185.51 26.57 64.81 -0.522137
1350 455.71 118.05 26.57 64.81 -0.535081
1350 -0.25 203.00 20.50 50.00 -0.578928
1350 606.07 115.80 34.37 83.83 -0.981293
1350 499.31 70.15 75.52 184.20 -1.012400
1350 478.94 159.53 28.92 70.53 -1.149072
1350 421.77 115.64 44.67 108.95 -1.163708
1350 577.42 131.61 52.90 129.03 -1.331399
1350 617.88 55.64 22.38 54.58 -1.391053
1350 9.75 205.00 20.50 50.00 -1.414944
1350 97.75 195.00 20.50 50.00 -2.172967
1350 619.75 183.00 20.50 50.00 -2.246821
1350 569.75 57.00 20.50 50.00 -2.441242
1350 95.75 63.00 20.50 50.00 -2.657561
1350 83.75 55.00 20.50 50.00 -2.824951
1350 608.77 46.34 24.37 59.45 -2.916971
1350 427.31 41.54 31.54 76.92 -3.120359
1350 47.78 25.09 22.38 54.58 -3.718986
1350 61.75 13.00 20.50 50.00 -4.074057
1380 455.71 123.24 26.57 64.81 0.803535
1380 46.32 185.51 26.57 64.81 -0.534073
1380 451.75 172.28 24.37 59.45 -0.708398
1380 -0.77 101.54 63.08 153.85 -1.141462
1380 565.52 62.77 75.52 184.20 -1.196964
1380 491.98 92.11 26.57 64.81 -1.553516
1380 484.21 110.27 26.57 64.81 -1.768630
1380 506.67 77.54 75.52 184.20 -1.980807
1380 83.75 57.00 20.50 50.00 -2.683283
1380 549.75 39.00 20.50 50.00 -3.015373
1380 427.31 38.46 31.54 76.92 -3.147769
1380 47.78 25.09 22.38 54.58 -3.994867
1410 458.30 120.65 26.57 64.81 0.019992
1410 -0.25 205.00 20.50 50.00 -0.920399
1410 397.75 139.00 20.50 50.00 -1.025385
1410 499.31 70.15 75.52 184.20 -1.253500
1410 434.83 133.09 44.67 108.95 -1.335745
1410 44.91 186.53 24.37 59.45 -1.577173
1410 559.00 60.00 82.00 200.00 -1.695492
1410 9.75 205.00 20.50 50.00 -1.782939
1410 95.75 75.00 20.50 50.00 -2.293849
1410 428.48 35.24 34.37 83.83 -3.393970
1410 49.75 25.00 20.50 50.00 -3.575056
1410 619.75 9.00 20.50 50.00 -4.572630
1440 455.71 123.24 26.57 64.81 0.567304
1440 450.53 172.54 26.57 64.81 -0.691792
1440 43.73 185.51 26.57 64.81 -1.092854
1440 -0.25 205.00 20.50 50.00 -1.187489
1440 484.21 70.99 69.16 168.67 -1.591326
1440 468.40 120.00 24.37 59.45 -1.877944
1440 17.75 205.00 20.50 50.00 -1.945023
1440 7.75 203.00 20.50 50.00 -2.136257
1440 524.29 28.57 117.14 285.71 -2.139296
1440 167.92 184.36 22.38 54.58 -2.178212
1440 97.25 67.72 24.37 59.45 -2.340081
1440 428.48 31.89 34.37 83.83 -3.354602
1470 455.71 123.24 26.57 64.81 0.736868
1470 44.76 182.12 28.92 70.53 -0.413773
1470 5.75 203.00 20.50 50.00 -0.536818
1470 608.63 128.47 28.92 70.53 -0.901252
1470 417.41 111.27 44.67 108.95 -0.908950
1470 447.93 168.00 28.92 70.53 -1.035259
1470 619.75 59.00 20.50 50.00 -1.063494
1470 469.35 118.91 22.38 54.58 -1.106696
1470 525.75 67.00 20.50 50.00 -1.308096
1470 608.85 164.62 31.54 76.92 -1.419052
1470 478.94 108.71 28.92 70.53 -1.825290
1470 98.02 73.09 22.38 54.58 -2.055767
1470 492.19 96.24 24.37 59.45 -2.195129
1470 611.33 51.27 22.38 54.58 -2.237658
1470 549.11 68.81 34.37 83.83 -2.416994
1470 517.75 67.00 20.50 50.00 -2.782159
1470 47.78 25.09 22.38 54.58 -4.071696
1500 455.71 123.24 26.57 64.81 0.575187
1500 592.00 144.95 48.64 118.64 -0.287643
1500 619.75 57.00 20.50 50.00 -0.434197
1500 412.74 110.12 57.98 141.42 -1.106568
1500 41.13 182.92 26.57 64.81 -1.169860
1500 611.75 57.00 20.50 50.00 -1.463828
1500 499.31 70.15 75.52 184.20 -1.583690
1500 -0.25 205.00 20.50 50.00 -1.625405
1500 611.45 120.00 28.92 70.53 -1.802972
1500 430.48 45.82 44.67 108.95 -2.702715
1500 45.60 20.73 22.38 54.58 -3.645732
1530 455.71 123.24 26.57 64.81 0.767904
1530 44.76 182.12 28.92 70.53 -0.254290
1530 447.94 172.54 26.57 64.81 -0.276591
1530 -0.25 205.00 20.50 50.00 -0.962944
1530 417.41 111.27 44.67 108.95 -1.263210
1530 533.77 46.96 107.29 261.69 -1.595621
1530 506.67 70.15 75.52 184.20 -1.806715
1530 495.86 69.18 28.92 70.53 -2.771242
1530 430.48 45.82 44.67 108.95 -3.317189
1560 455.71 123.24 26.57 64.81 1.252242
1560 447.93 170.82 28.92 70.53 -0.005791
1560 615.70 53.45 22.38 54.58 -0.312258
1560 43.73 185.51 26.57 64.81 -0.545467
1560 -0.25 205.00 20.50 50.00 -0.579349
1560 606.07 115.80 34.37 83.83 -0.583639
1560 599.50 162.00 41.00 100.00 -0.684482
1560 484.21 112.86 26.57 64.81 -0.945635
1560 417.41 111.27 44.67 108.95 -1.195775
1560 506.67 70.15 75.52 184.20 -1.624097
1560 9.75 203.00 20.50 50.00 -1.910623
1560 95.75 75.00 20.50 50.00 -2.488345
1560 41.75 53.00 20.50 50.00 -2.952702
1560 47.29 20.20 24.37 59.45 -3.994688
1590 443.54 133.09 44.67 108.95 -0.047698
1590 619.75 57.00 20.50 50.00 -0.740498
1590 606.07 156.08 34.37 83.83 -0.785223
1590 417.41 111.27 44.67 108.95 -0.848908
1590 459.75 113.00 20.50 50.00 -1.453947
1590 -0.27 201.82 22.38 54.58 -1.461808
1590 -0.35 165.18 28.92 70.53 -1.508312
1590 506.67 70.15 75.52 184.20 -1.552424
1590 41.13 185.51 26.57 64.81 -1.759591
1590 613.77 76.54 26.57 64.81 -1.859655
1590 484.21 94.70 26.57 64.81 -2.005834
1590 93.65 66.55 22.38 54.58 -2.821151
1590 427.31 44.62 31.54 76.92 -2.835343
1590 607.75 49.00 20.50 50.00 -3.316666
1620 443.54 133.09 44.67 108.95 0.579428
1620 475.75 125.00 20.50 50.00 0.007706
1620 619.75 55.00 20.50 50.00 -0.102480
1620 608.85 124.62 31.54 76.92 -0.369960
1620 41.13 185.51 26.57 64.81 -0.554434
1620 595.92 154.91 44.67 108.95 -0.611427
1620 163.75 179.00 20.50 50.00 -0.697037
1620 548.11 166.72 37.52 91.50 -1.563544
1620 -0.25 177.00 20.50 50.00 -1.683396
1620 434.40 73.09 22.38 54.58 -1.713556
1620 491.95 70.15 75.52 184.20 -1.768499
1620 -0.25 205.00 20.50 50.00 -2.194437
1620 9.75 205.00 20.50 50.00 -2.410753
1620 436.59 51.27 22.38 54.58 -3.071260
1620 554.17 63.57 26.57 64.81 -3.107127
1620 611.75 53.00 20.50 50.00 -3.408240
1650 445.04 130.69 48.64 118.64 0.367158
1650 439.75 73.00 20.50 50.00 -1.166698
1650 426.07 125.94 48.64 118.64 -1.322978
1650 524.29 40.00 117.14 285.71 -2.103061
1650 495.00 60.00 82.00 200.00 -2.223769
1650 77.75 59.00 20.50 50.00 -2.423567
1650 89.28 66.55 22.38 54.58 -2.658609
1650 444.61 39.21 24.37 59.45 -3.494771
1650 615.91 5.94 24.37 59.45 -3.842253
1650 571.92 10.77 31.54 76.92 -4.067983
1680 463.72 121.41 57.98 141.42 1.019644
1680 436.15 107.69 63.08 153.85 0.579436
1680 4.10 164.73 22.38 54.58 -1.322826
1680 504.42 84.51 69.16 168.67 -1.447832
1680 543.28 43.20 98.11 239.31 -2.233739
1680 -0.35 193.41 28.92 70.53 -2.445858
1680 76.18 77.45 22.38 54.58 -2.663065
1680 103.75 71.00 20.50 50.00 -2.785821
1680 439.50 10.00 41.00 100.00 -3.891795
1680 33.01 5.94 24.37 59.45 -4.883174
1680 539.75 -1.00 20.50 50.00 -5.181733
1710 470.48 114.35 28.92 70.53 0.940181
1710 615.91 112.87 24.37 59.45 0.539279
1710 485.97 62.40 98.11 239.31 0.478783
1710 575.92 82.24 34.37 83.83 -0.819319
1710 615.91 86.73 24.37 59.45 -0.979034
1710 573.04 154.46 48.64 118.64 -1.113969
1710 457.75 121.00 20.50 50.00 -1.345015
1710 431.75 145.00 20.50 50.00 -1.426238
1710 93.75 59.00 20.50 50.00 -1.586265
1710 343.75 155.00 20.50 50.00 -1.651384
1710 94.87 181.78 24.37 59.45 -1.924522
1710 476.44 180.32 26.57 64.81 -1.969269
1710 605.99 99.89 26.57 64.81 -1.997872
1710 41.23 99.27 22.38 54.58 -2.100675
1710 65.26 81.82 22.38 54.58 -2.403442
1710 593.46 69.23 31.54 76.92 -2.891925
1710 609.75 31.00 20.50 50.00 -3.414847
1710 -0.25 11.00 20.50 50.00 -4.774801
1740 532.70 94.91 22.38 54.58 1.309584
1740 -0.27 171.27 22.38 54.58 -0.348989
1740 543.75 183.00 20.50 50.00 -0.412660
1740 493.04 117.18 28.92 70.53 -0.423079
1740 591.56 58.91 44.67 108.95 -0.695187
1740 582.60 62.97 24.37 59.45 -0.933906
1740 33.75 69.00 20.50 50.00 -1.382714
1740 349.22 156.00 22.38 54.58 -1.426820
1740 558.32 84.51 69.16 168.67 -1.812321
1740 513.61 84.36 24.37 59.45 -1.940379
1740 3.75 65.00 20.50 50.00 -2.694934
1740 608.85 35.38 31.54 76.92 -3.108584
1740 59.18 27.33 24.37 59.45 -3.781373
1740 6.28 7.64 22.38 54.58 -3.958927
1740 -0.77 316.92 63.08 153.85 -4.176916
1740 -0.25 15.00 20.50 50.00 -4.514209
1770 515.75 137.00 20.50 50.00 0.552459
1770 571.79 125.07 69.16 168.67 -0.000713
1770 441.75 129.00 20.50 50.00 -0.249690
1770 495.75 119.00 20.50 50.00 -0.571868
1770 523.75 139.00 20.50 50.00 -1.027504
1770 443.75 187.00 20.50 50.00 -1.334477
1770 455.00 127.69 31.54 76.92 -1.343646
1770 587.74 64.52 52.90 129.03 -1.366747
1770 471.31 97.10 37.52 91.50 -1.373535
1770 494.57 190.70 26.57 64.81 -1.445094
1770 430.03 132.00 22.38 54.58 -1.655545
1770 -1.00 284.00 82.00 200.00 -1.691772
1800 41.82 109.09 149.09 363.64 0.645902
1800 445.11 105.88 28.92 70.53 0.036087
1800 425.75 109.00 20.50 50.00 -0.550129
1800 217.75 107.00 20.50 50.00 -0.620994
1800 351.75 159.00 20.50 50.00 -0.792695
1800 533.77 67.83 107.29 261.69 -0.954181
1800 431.75 121.00 20.50 50.00 -1.195658
1800 412.56 110.18 22.38 54.58 -1.361820
1800 373.75 169.00 20.50 50.00 -1.427886
1800 486.37 110.12 57.98 141.42 -1.471788
1800 460.61 97.09 22.38 54.58 -1.764340
1830 211.60 94.91 22.38 54.58 0.375894
1830 359.75 153.00 20.50 50.00 0.249619
1830 454.06 177.82 22.38 54.58 -0.235335
1830 482.68 184.16 24.37 59.45 -0.276061
1830 515.75 77.00 20.50 50.00 -0.452463
1830 459.75 67.00 20.50 50.00 -0.939699
1830 515.60 166.15 34.37 83.83 -1.127935
1830 485.75 65.00 20.50 50.00 -1.344203
1830 -0.25 217.00 20.50 50.00 -1.507053
1830 533.77 36.52 107.29 261.69 -1.670311
1830 489.60 75.11 37.52 91.50 -1.775057
1830 468.40 53.47 24.37 59.45 -1.866267
1830 114.10 36.52 107.29 261.69 -2.213817
1830 573.75 19.00 20.50 50.00 -3.390095
1830 552.35 12.00 22.38 54.58 -4.003373
