30 567.65 160.36 22.38 54.58 0.962000
30 450.75 165.18 28.92 70.53 -0.145209
30 197.17 143.76 24.37 59.45 -0.508192
30 587.74 90.32 52.90 129.03 -0.529712
30 485.06 179.41 24.37 59.45 -1.356933
30 619.75 35.00 20.50 50.00 -2.766005
60 512.25 172.87 34.37 83.83 -0.272342
60 416.93 160.36 22.38 54.58 -0.754332
60 587.74 162.58 52.90 129.03 -1.097271
60 41.75 173.00 20.50 50.00 -1.712116
60 22.20 151.06 28.92 70.53 -1.822035
60 473.75 39.00 20.50 50.00 -2.139283
60 520.74 29.70 24.37 59.45 -3.348207
60 495.75 43.00 20.50 50.00 -3.422146
90 430.33 162.77 24.37 59.45 0.133194
90 615.91 160.40 24.37 59.45 0.092615
90 451.75 177.03 24.37 59.45 -0.794588
90 553.75 163.00 20.50 50.00 -1.069212
90 560.70 168.00 28.92 70.53 -1.219841
90 619.75 245.00 20.50 50.00 -1.436359
90 443.14 175.64 22.38 54.58 -1.992344
120 463.64 177.03 24.37 59.45 2.849111
120 477.75 189.00 20.50 50.00 0.775458
120 515.20 177.71 37.52 91.50 -0.745112
150 529.01 179.58 34.37 83.83 3.881206
150 542.41 179.58 34.37 83.83 1.605528
150 582.65 166.59 57.98 141.42 0.685448
150 561.75 221.00 20.50 50.00 0.003752
150 510.85 169.09 22.38 54.58 -1.168045
150 147.37 156.97 26.57 64.81 -1.975656
180 143.89 156.00 22.38 54.58 -0.744802
180 587.74 162.58 52.90 129.03 -1.311050
180 473.30 187.76 28.92 70.53 -1.343533
180 19.75 187.00 20.50 50.00 -2.207253
180 565.52 18.46 75.52 184.20 -2.610224
180 619.75 265.00 20.50 50.00 -2.815819
210 121.04 153.27 24.37 59.45 -0.488564
210 41.13 154.38 26.57 64.81 -0.510550
210 167.75 169.00 20.50 50.00 -0.637374
210 3.75 189.00 20.50 50.00 -0.711018
210 602.59 258.55 22.38 54.58 -1.243133
210 145.75 169.00 20.50 50.00 -1.525693
210 611.45 117.18 28.92 70.53 -1.737667
240 1.75 183.00 20.50 50.00 2.937278
240 473.72 164.73 22.38 54.58 0.609469
240 613.77 177.73 26.57 64.81 0.487028
240 90.97 126.41 37.52 91.50 -0.070024
240 76.54 140.00 31.54 76.92 -0.477641
240 602.97 100.76 37.52 91.50 -0.777747
240 127.75 141.00 20.50 50.00 -1.087917
240 55.75 177.00 20.50 50.00 -1.103662
240 427.74 95.48 52.90 129.03 -1.224986
240 481.76 142.59 28.92 70.53 -1.288663
240 561.09 57.82 22.38 54.58 -3.004798
270 615.91 165.15 24.37 59.45 0.824859
270 515.75 173.00 20.50 50.00 0.122202
270 27.50 126.00 41.00 100.00 -0.145719
270 619.75 127.00 20.50 50.00 -0.301664
270 3.75 193.00 20.50 50.00 -0.783099
270 571.75 169.00 20.50 50.00 -0.832934
270 448.46 76.92 63.08 153.85 -1.137958
270 401.64 121.09 22.38 54.58 -1.211634
270 417.75 181.00 20.50 50.00 -1.432852
270 -0.38 130.77 31.54 76.92 -1.577552
300 559.09 111.76 37.52 91.50 -0.630167
300 254.16 160.94 57.98 141.42 -1.633050
300 350.38 149.23 31.54 76.92 -1.679119
300 82.73 103.64 22.38 54.58 -1.716976
300 432.22 162.55 22.38 54.58 -1.787416
300 484.21 30.42 69.16 168.67 -3.363656
330 611.45 136.94 28.92 70.53 -0.327308
330 491.19 164.73 22.38 54.58 -0.689061
330 617.88 84.00 22.38 54.58 -1.472397
330 173.38 143.76 24.37 59.45 -1.777467
330 -0.25 85.00 20.50 50.00 -2.137329
330 619.75 57.00 20.50 50.00 -2.722221
330 585.75 67.00 20.50 50.00 -2.824581
330 593.75 7.00 20.50 50.00 -4.328125
360 367.75 129.00 20.50 50.00 0.029343
360 617.88 166.91 22.38 54.58 -0.934317
360 585.97 162.80 34.37 83.83 -0.995997
360 170.10 134.18 22.38 54.58 -1.552166
360 1.91 77.45 22.38 54.58 -2.756841
360 617.88 79.64 22.38 54.58 -2.796958
390 611.45 142.59 28.92 70.53 -0.415759
390 105.75 163.00 20.50 50.00 -1.195873
390 427.75 153.00 20.50 50.00 -1.203317
390 61.75 169.00 20.50 50.00 -1.306982
390 371.75 147.00 20.50 50.00 -1.405876
390 381.75 147.00 20.50 50.00 -1.430032
390 6.86 60.46 37.52 91.50 -2.460278
420 442.75 154.38 26.57 64.81 0.301807
420 -0.25 187.00 20.50 50.00 -0.335127
420 573.71 177.71 37.52 91.50 -1.754824
450 132.94 158.02 24.37 59.45 -0.400418
450 477.75 177.00 20.50 50.00 -1.478960
450 619.75 103.00 20.50 50.00 -1.669799
450 -0.84 70.99 69.16 168.67 -2.761979
480 492.15 152.73 34.37 83.83 0.639438
480 445.75 163.00 20.50 50.00 -0.314950
480 391.54 148.24 28.92 70.53 -0.971283
480 453.75 161.00 20.50 50.00 -1.049257
480 13.75 183.00 20.50 50.00 -1.109285
480 467.75 165.00 20.50 50.00 -1.127421
480 327.75 161.00 20.50 50.00 -1.395994
480 611.45 29.65 28.92 70.53 -2.617091
510 563.75 175.00 20.50 50.00 0.742558
510 502.12 158.18 22.38 54.58 -0.397863
510 357.71 153.88 28.92 70.53 -0.449084
510 478.09 158.18 22.38 54.58 -0.543407
510 397.27 162.55 22.38 54.58 -0.597091
510 431.75 175.00 20.50 50.00 -1.123538
510 104.57 177.82 22.38 54.58 -1.138473
510 423.75 175.00 20.50 50.00 -1.367370
510 405.75 175.00 20.50 50.00 -1.463485
510 339.11 146.59 26.57 64.81 -1.499319
510 307.31 146.15 31.54 76.92 -1.726600
510 453.75 169.00 20.50 50.00 -1.806552
510 533.75 171.00 20.50 50.00 -1.834851
510 41.75 177.00 20.50 50.00 -1.935186
510 571.79 84.51 69.16 168.67 -2.328566
510 599.50 38.00 41.00 100.00 -3.174257
540 421.75 189.00 20.50 50.00 0.801194
540 565.77 149.23 31.54 76.92 0.542254
540 437.57 164.76 26.57 64.81 0.384250
540 609.75 175.00 20.50 50.00 0.133472
540 377.75 183.00 20.50 50.00 -0.574036
540 320.82 160.36 22.38 54.58 -0.653063
540 467.17 180.00 22.38 54.58 -1.010301
540 543.75 171.00 20.50 50.00 -1.248562
540 31.75 173.00 20.50 50.00 -1.315605
540 552.46 139.30 34.37 83.83 -1.322376
540 526.87 168.00 28.92 70.53 -1.379976
540 479.75 185.00 20.50 50.00 -1.534221
540 405.75 181.00 20.50 50.00 -1.639631
540 415.75 183.00 20.50 50.00 -1.656850
570 487.75 199.00 20.50 50.00 3.726499
570 403.75 191.00 20.50 50.00 1.970349
570 493.75 193.00 20.50 50.00 1.759249
570 397.75 181.00 20.50 50.00 0.778998
570 463.75 199.00 20.50 50.00 0.641362
570 619.75 189.00 20.50 50.00 0.618825
570 357.75 161.00 20.50 50.00 -0.154407
570 501.75 197.00 20.50 50.00 -0.271716
570 433.75 199.00 20.50 50.00 -0.314338
570 471.54 193.09 22.38 54.58 -0.714390
570 104.23 143.08 31.54 76.92 -1.056256
570 129.34 148.24 28.92 70.53 -1.128699
570 511.16 77.75 69.16 168.67 -2.199396
570 606.39 198.42 24.37 59.45 -2.299709
600 453.57 182.12 28.92 70.53 2.884486
600 573.09 193.66 24.37 59.45 2.064212
600 583.26 182.12 28.92 70.53 1.388936
600 561.75 207.00 20.50 50.00 1.311579
600 565.46 190.91 22.38 54.58 0.824167
600 153.72 135.94 34.37 83.83 0.780592
600 544.54 196.04 24.37 59.45 0.711618
600 601.75 203.00 20.50 50.00 0.389129
600 529.75 205.00 20.50 50.00 0.041023
600 607.75 197.00 20.50 50.00 -0.304987
600 281.05 162.80 34.37 83.83 -0.409783
600 401.78 150.89 24.37 59.45 -0.623177
600 320.97 164.76 26.57 64.81 -0.631443
600 603.75 217.00 20.50 50.00 -2.187011
600 604.78 33.82 22.38 54.58 -3.502110
630 512.25 179.58 34.37 83.83 4.354404
630 602.97 130.08 37.52 91.50 -0.300667
630 175.09 126.41 37.52 91.50 -0.472430
630 449.37 169.90 24.37 59.45 -0.677542
630 23.04 142.66 34.37 83.83 -1.317900
630 615.91 191.29 24.37 59.45 -1.799582
630 608.85 44.62 31.54 76.92 -3.573404
660 478.22 149.70 48.64 118.64 2.362963
660 366.69 156.00 22.38 54.58 -0.397551
660 491.50 122.00 41.00 100.00 -0.573322
660 186.06 119.08 37.52 91.50 -0.626749
660 39.75 169.00 20.50 50.00 -1.072529
660 540.80 126.41 37.52 91.50 -1.188894
660 35.75 153.00 20.50 50.00 -1.377187
660 473.85 133.62 26.57 64.81 -1.592573
660 528.85 149.23 31.54 76.92 -1.600554
660 220.73 115.80 34.37 83.83 -1.631828
660 395.75 155.00 20.50 50.00 -1.834606
660 529.75 85.00 20.50 50.00 -1.838414
660 529.01 193.01 34.37 83.83 -1.921063
690 390.09 138.35 57.98 141.42 2.290932
690 29.75 161.00 20.50 50.00 -0.037549
690 227.75 155.00 20.50 50.00 -0.044860
690 115.75 165.00 20.50 50.00 -0.495249
690 193.37 111.76 37.52 91.50 -0.560795
690 530.26 150.89 24.37 59.45 -0.770165
690 411.03 107.08 75.52 184.20 -1.270663
690 555.07 72.00 28.92 70.53 -1.950573
690 8.11 134.12 28.92 70.53 -2.098356
690 565.52 55.38 75.52 184.20 -2.327876
720 226.85 91.64 89.69 218.76 1.344032
720 508.67 162.55 22.38 54.58 0.849025
720 23.75 165.00 20.50 50.00 0.379443
720 319.00 108.00 82.00 200.00 -0.601673
720 409.75 151.00 20.50 50.00 -0.609840
720 522.31 76.92 63.08 153.85 -0.844973
720 573.75 55.00 20.50 50.00 -0.891775
720 605.77 133.85 31.54 76.92 -0.913865
720 189.71 115.42 37.52 91.50 -1.075473
720 598.23 160.36 22.38 54.58 -1.594737
720 471.75 147.00 20.50 50.00 -1.633075
720 619.75 67.00 20.50 50.00 -1.918851
750 66.53 131.83 69.16 168.67 3.801337
750 19.75 171.00 20.50 50.00 1.189894
750 523.75 171.00 20.50 50.00 0.060773
750 554.54 153.82 22.38 54.58 -0.200549
750 187.50 114.00 41.00 100.00 -0.230919
750 592.00 116.44 48.64 118.64 -0.627211
750 234.14 115.80 34.37 83.83 -0.780241
750 -0.42 129.23 34.37 83.83 -0.911514
750 499.75 165.00 20.50 50.00 -1.042756
750 228.10 148.51 24.37 59.45 -1.178018
750 79.23 83.08 63.08 153.85 -1.854311
750 591.75 55.00 20.50 50.00 -1.947080
750 581.75 61.00 20.50 50.00 -2.114603
750 615.91 41.58 24.37 59.45 -3.330316
780 611.45 159.53 28.92 70.53 0.699772
780 79.75 171.00 20.50 50.00 0.584420
780 504.30 164.73 22.38 54.58 0.525749
780 195.50 114.00 41.00 100.00 0.196840
780 153.75 175.00 20.50 50.00 0.126936
780 17.75 175.00 20.50 50.00 -0.070364
780 11.75 165.00 20.50 50.00 -0.210611
780 233.45 156.00 22.38 54.58 -0.265907
780 165.75 171.00 20.50 50.00 -0.279867
780 430.03 182.18 22.38 54.58 -0.429050
780 527.88 153.27 24.37 59.45 -0.985774
780 593.75 59.00 20.50 50.00 -1.131050
780 608.85 112.31 31.54 76.92 -1.162342
780 567.13 164.76 26.57 64.81 -1.198880
780 532.70 177.82 22.38 54.58 -1.331572
780 3.75 173.00 20.50 50.00 -1.662809
780 -0.27 132.00 22.38 54.58 -1.666089
780 600.41 51.27 22.38 54.58 -1.922405
780 598.23 68.73 22.38 54.58 -2.659818
810 515.75 171.00 20.50 50.00 0.626200
810 237.82 158.18 22.38 54.58 0.215193
810 117.68 180.00 22.38 54.58 0.105520
810 541.75 181.00 20.50 50.00 -0.037886
810 15.75 175.00 20.50 50.00 -0.070226
810 195.50 118.00 41.00 100.00 -0.283462
810 605.75 59.00 20.50 50.00 -0.713616
810 104.39 174.65 24.37 59.45 -0.858430
810 532.36 125.87 34.37 83.83 -0.948320
810 574.20 164.73 22.38 54.58 -1.041239
810 613.52 51.27 22.38 54.58 -1.136024
810 513.75 155.00 20.50 50.00 -1.392865
810 582.65 87.53 57.98 141.42 -1.496913
810 619.75 27.00 20.50 50.00 -3.975821
840 243.75 161.00 20.50 50.00 0.797136
840 554.17 169.95 26.57 64.81 0.019368
840 591.75 163.00 20.50 50.00 -0.091505
840 46.49 166.15 34.37 83.83 -0.715706
840 91.75 173.00 20.50 50.00 -0.806946
840 203.50 114.00 41.00 100.00 -0.825883
840 63.25 169.51 34.37 83.83 -1.355271
840 619.75 53.00 20.50 50.00 -3.384696
840 615.91 13.07 24.37 59.45 -3.879455
870 5.75 185.00 20.50 50.00 1.509944
870 211.50 122.00 41.00 100.00 0.602307
870 97.75 181.00 20.50 50.00 0.555751
870 254.28 165.15 24.37 59.45 -0.174851
870 606.07 176.22 34.37 83.83 -0.351275
870 571.98 142.59 28.92 70.53 -0.380382
870 593.75 189.00 20.50 50.00 -1.261941
870 606.07 119.16 34.37 83.83 -1.262339
870 241.75 125.00 20.50 50.00 -1.394123
870 -0.30 203.17 24.37 59.45 -1.601202
870 258.79 128.43 26.57 64.81 -1.628287
870 473.30 184.94 28.92 70.53 -1.661214
900 93.75 187.00 20.50 50.00 4.104132
900 208.44 120.00 44.67 108.95 -0.619390
900 591.50 126.00 41.00 100.00 -0.674720
900 250.92 164.73 22.38 54.58 -1.037510
900 495.56 201.82 22.38 54.58 -1.306952
900 602.72 166.15 34.37 83.83 -1.336294
930 209.75 189.00 20.50 50.00 0.704294
930 75.75 189.00 20.50 50.00 0.239039
930 619.75 191.00 20.50 50.00 -0.057275
930 81.75 167.00 20.50 50.00 -0.428366
930 503.50 138.00 41.00 100.00 -0.770770
930 187.58 175.64 22.38 54.58 -0.856993
930 543.81 208.86 26.57 64.81 -1.096232
930 606.07 85.59 34.37 83.83 -1.500397
930 175.75 93.00 20.50 50.00 -1.531294
930 613.77 156.97 26.57 64.81 -1.847988
930 242.18 166.91 22.38 54.58 -1.852857
960 27.75 185.00 20.50 50.00 3.370088
960 165.75 187.00 20.50 50.00 2.528173
960 577.42 105.81 52.90 129.03 0.087096
960 520.65 116.13 52.90 129.03 0.067824
960 -0.27 188.73 22.38 54.58 -0.001226
960 495.78 137.45 44.67 108.95 -0.208021
960 173.75 95.00 20.50 50.00 -0.357188
960 125.75 193.00 20.50 50.00 -0.740599
960 608.63 179.29 28.92 70.53 -0.923100
960 606.07 219.86 34.37 83.83 -1.094107
960 251.75 181.00 20.50 50.00 -1.537488
960 587.74 74.84 52.90 129.03 -1.929393
990 73.46 191.29 24.37 59.45 4.907791
990 511.75 177.00 20.50 50.00 0.582070
990 486.83 162.55 22.38 54.58 0.437239
990 82.73 188.73 22.38 54.58 0.098679
990 459.75 161.00 20.50 50.00 -0.932390
990 385.75 161.00 20.50 50.00 -0.943537
990 113.31 81.82 22.38 54.58 -1.253393
990 153.72 156.08 34.37 83.83 -1.313463
990 537.75 199.00 20.50 50.00 -1.388411
990 79.75 73.00 20.50 50.00 -1.576122
990 93.65 68.73 22.38 54.58 -1.823007
990 551.50 162.00 41.00 100.00 -1.834425
990 -1.10 39.27 89.69 218.76 -1.893697
990 463.75 123.00 20.50 50.00 -1.896147
990 208.85 87.53 57.98 141.42 -2.408792
1020 361.75 161.00 20.50 50.00 1.288039
1020 23.49 62.97 24.37 59.45 -0.068361
1020 454.06 160.36 22.38 54.58 -0.324297
1020 351.75 159.00 20.50 50.00 -0.486512
1020 187.75 55.00 20.50 50.00 -0.925349
1020 578.57 140.73 22.38 54.58 -0.960832
1020 6.84 179.41 24.37 59.45 -0.987763
1020 568.30 163.96 48.64 118.64 -1.300181
1020 617.88 158.18 22.38 54.58 -1.397479
1020 521.75 125.00 20.50 50.00 -1.498136
1020 421.75 113.00 20.50 50.00 -1.517906
1020 34.68 64.36 22.38 54.58 -1.756701
1020 619.75 67.00 20.50 50.00 -2.124926
1020 495.75 173.00 20.50 50.00 -2.178670
1020 86.53 76.36 44.67 108.95 -2.347994
1020 4.10 53.45 22.38 54.58 -3.160515
1050 619.75 155.00 20.50 50.00 0.535201
1050 307.75 155.00 20.50 50.00 0.187187
1050 455.75 171.00 20.50 50.00 0.162461
1050 415.75 173.00 20.50 50.00 0.044869
1050 519.75 187.00 20.50 50.00 -0.028206
1050 94.87 39.21 24.37 59.45 -0.839191
1050 485.06 169.90 24.37 59.45 -1.519720
1050 34.68 182.18 22.38 54.58 -2.188719
1050 3.75 55.00 20.50 50.00 -2.223521
1050 105.91 37.62 26.57 64.81 -2.330709
1050 121.75 51.00 20.50 50.00 -2.428977
1050 23.00 42.81 26.57 64.81 -3.127380
1050 106.77 15.45 24.37 59.45 -3.512353
1080 407.75 181.00 20.50 50.00 1.599382
1080 602.97 133.74 37.52 91.50 0.225186
1080 593.04 112.86 26.57 64.81 -0.061002
1080 611.45 184.94 28.92 70.53 -0.187634
1080 379.75 159.00 20.50 50.00 -0.596954
1080 274.95 160.36 22.38 54.58 -0.781012
1080 445.32 173.45 22.38 54.58 -0.853970
1080 540.97 184.94 28.92 70.53 -1.147074
1080 495.00 167.69 31.54 76.92 -1.467242
1080 49.66 27.33 24.37 59.45 -1.978761
1080 595.75 181.00 20.50 50.00 -2.036639
1080 81.75 41.00 20.50 50.00 -2.132756
1080 41.13 35.03 26.57 64.81 -3.662830
1080 95.55 19.46 26.57 64.81 -3.806155
1110 430.38 176.92 31.54 76.92 3.284267
1110 273.75 165.00 20.50 50.00 1.550550
1110 606.07 189.65 34.37 83.83 0.475456
1110 194.01 149.19 26.57 64.81 0.168805
1110 254.28 160.40 24.37 59.45 -0.003435
1110 279.75 171.00 20.50 50.00 -0.211373
1110 608.85 84.61 31.54 76.92 -1.338267
1110 460.61 180.00 22.38 54.58 -1.516932
1110 379.80 158.18 22.38 54.58 -1.664881
1110 558.91 149.45 22.38 54.58 -1.782497
1110 545.75 223.00 20.50 50.00 -2.958714
1140 503.36 166.59 57.98 141.42 4.123763
1140 458.08 170.77 31.54 76.92 0.842637
1140 233.45 169.09 22.38 54.58 0.364452
1140 257.75 161.00 20.50 50.00 0.094278
1140 484.52 162.58 52.90 129.03 -0.032464
1140 173.28 154.38 26.57 64.81 -0.041224
1140 605.99 141.41 26.57 64.81 -0.064848
1140 471.31 155.73 37.52 91.50 -0.160735
1140 615.91 153.27 24.37 59.45 -0.161758
1140 95.84 162.55 22.38 54.58 -0.290409
1140 71.75 165.00 20.50 50.00 -0.298203
1140 354.66 169.95 26.57 64.81 -0.541260
1140 482.09 68.81 34.37 83.83 -0.780665
1140 141.71 142.91 22.38 54.58 -0.860138
1140 445.34 180.32 26.57 64.81 -0.883259
1140 575.00 143.08 31.54 76.92 -1.268309
1140 165.75 161.00 20.50 50.00 -1.400131
1140 375.75 159.00 20.50 50.00 -1.498826
1140 93.65 127.64 22.38 54.58 -1.562692
1140 619.75 111.00 20.50 50.00 -2.053508
1140 105.75 135.00 20.50 50.00 -2.069875
1140 571.98 9.88 28.92 70.53 -4.430881
1170 599.62 146.15 31.54 76.92 0.855895
1170 611.45 142.59 28.92 70.53 0.343798
1170 251.75 153.00 20.50 50.00 -0.088388
1170 149.96 154.38 26.57 64.81 -0.207576
1170 371.06 158.18 22.38 54.58 -0.582938
1170 485.77 124.62 31.54 76.92 -0.585191
1170 61.15 149.23 31.54 76.92 -0.675415
1170 191.37 151.06 28.92 70.53 -0.688872
1170 243.75 159.00 20.50 50.00 -0.865851
1170 339.66 148.40 37.52 91.50 -0.885860
1170 619.75 201.00 20.50 50.00 -0.951786
1170 478.74 176.22 34.37 83.83 -1.143343
1170 508.67 99.27 22.38 54.58 -1.473835
1170 522.51 170.38 37.52 91.50 -1.736844
1170 510.85 33.82 22.38 54.58 -1.836422
1200 487.75 183.00 20.50 50.00 1.191307
1200 476.44 159.57 26.57 64.81 0.943944
1200 131.75 179.00 20.50 50.00 0.610968
1200 344.29 164.76 26.57 64.81 0.415196
1200 235.75 157.00 20.50 50.00 0.121311
1200 181.02 156.00 22.38 54.58 0.060856
1200 365.75 161.00 20.50 50.00 0.035957
1200 587.74 147.10 52.90 129.03 -0.134237
1200 126.42 156.00 22.38 54.58 -0.174422
1200 211.75 153.00 20.50 50.00 -0.282274
1200 241.75 147.00 20.50 50.00 -0.555783
1200 549.29 155.64 24.37 59.45 -0.764688
1200 139.75 149.00 20.50 50.00 -0.833844
1200 219.75 157.00 20.50 50.00 -0.961201
1200 29.74 135.94 34.37 83.83 -1.006975
1200 375.43 156.00 22.38 54.58 -1.142886
1200 504.32 128.47 28.92 70.53 -1.144264
1200 495.00 183.08 31.54 76.92 -1.222368
1200 535.02 84.36 24.37 59.45 -1.276699
1200 608.85 87.69 31.54 76.92 -1.697534
1200 509.75 109.00 20.50 50.00 -1.959878
1200 92.69 131.29 28.92 70.53 -2.013287
1200 542.16 77.23 24.37 59.45 -2.370192
1200 527.75 7.00 20.50 50.00 -4.625225
1230 525.50 177.03 24.37 59.45 3.206069
1230 85.75 183.00 20.50 50.00 1.883126
1230 384.16 158.18 22.38 54.58 1.585250
1230 185.28 150.89 24.37 59.45 0.660133
1230 515.99 177.03 24.37 59.45 0.378931
1230 128.60 145.09 22.38 54.58 0.219378
1230 253.75 151.00 20.50 50.00 0.108819
1230 229.75 151.00 20.50 50.00 -0.032535
1230 360.14 160.36 22.38 54.58 -0.892323
1230 578.57 64.36 22.38 54.58 -0.900504
1230 -0.65 90.32 52.90 129.03 -1.280881
1230 44.76 105.88 28.92 70.53 -1.546772
1230 547.75 105.00 20.50 50.00 -1.612259
1230 33.48 145.41 28.92 70.53 -1.789508
1230 594.54 55.06 28.92 70.53 -2.427393
1230 477.75 49.00 20.50 50.00 -3.041126
1230 467.75 47.00 20.50 50.00 -3.184167
1260 535.02 179.41 24.37 59.45 5.626732
1260 23.75 186.55 22.38 54.58 3.173053
1260 180.52 153.27 24.37 59.45 1.462505
1260 527.88 172.28 24.37 59.45 0.856798
1260 388.53 160.36 22.38 54.58 0.813943
1260 245.75 153.00 20.50 50.00 0.738580
1260 -0.25 99.00 20.50 50.00 -0.032258
1260 579.75 99.00 20.50 50.00 -0.185620
1260 255.75 153.00 20.50 50.00 -0.310462
1260 5.29 145.41 28.92 70.53 -0.441452
1260 571.75 101.00 20.50 50.00 -0.616286
1260 399.41 153.27 24.37 59.45 -0.681161
1260 225.75 155.00 20.50 50.00 -0.880781
1260 611.45 156.71 28.92 70.53 -0.994454
1260 73.30 119.16 34.37 83.83 -1.399384
1260 131.50 130.00 41.00 100.00 -1.827075
1260 613.77 45.41 26.57 64.81 -1.939436
1260 11.75 91.00 20.50 50.00 -2.109530
1290 535.33 173.65 28.92 70.53 7.257812
1290 564.53 180.32 26.57 64.81 7.044662
1290 524.05 173.65 28.92 70.53 2.102960
1290 165.51 154.38 26.57 64.81 1.451979
1290 389.89 162.77 24.37 59.45 1.264647
1290 241.75 157.00 20.50 50.00 0.961093
1290 401.78 155.64 24.37 59.45 0.954681
1290 546.61 176.47 28.92 70.53 0.666640
1290 95.50 138.00 41.00 100.00 0.429282
1290 613.52 90.55 22.38 54.58 0.138789
1290 251.75 157.00 20.50 50.00 0.097571
1290 220.34 153.82 22.38 54.58 -0.222464
1290 595.75 183.00 20.50 50.00 -0.232702
1290 59.75 111.00 20.50 50.00 -0.982415
1290 181.75 149.00 20.50 50.00 -1.014076
1290 575.75 209.00 20.50 50.00 -1.176738
1290 493.75 171.00 20.50 50.00 -1.317406
1290 605.75 91.00 20.50 50.00 -1.323690
1290 556.76 188.11 26.57 64.81 -1.876886
1290 513.04 20.73 22.38 54.58 -4.039126
1290 495.86 -1.41 28.92 70.53 -4.689257
1320 577.49 188.11 26.57 64.81 6.048616
1320 585.26 195.89 26.57 64.81 2.834345
1320 484.64 199.64 22.38 54.58 1.857290
1320 555.81 169.51 34.37 83.83 1.320595
1320 388.34 156.97 26.57 64.81 0.850448
1320 235.24 153.27 24.37 59.45 0.768743
1320 399.41 160.40 24.37 59.45 0.558787
1320 246.55 156.00 22.38 54.58 0.024254
1320 602.72 176.22 34.37 83.83 -0.145856
1320 154.71 148.24 28.92 70.53 -0.807703
1320 351.41 162.80 34.37 83.83 -1.158418
1320 477.75 173.00 20.50 50.00 -1.277830
1320 101.24 98.82 57.98 141.42 -1.322850
1320 73.30 135.94 34.37 83.83 -1.437305
1320 199.75 145.00 20.50 50.00 -1.490364
1320 -0.77 107.69 63.08 153.85 -1.655784
1320 535.75 35.00 20.50 50.00 -3.643190
1320 537.75 5.00 20.50 50.00 -3.855012
1350 496.91 177.71 37.52 91.50 6.295030
1350 103.75 183.00 20.50 50.00 2.624875
1350 232.86 148.51 24.37 59.45 1.251466
1350 402.69 143.08 31.54 76.92 1.048824
1350 325.03 159.39 37.52 91.50 0.959001
1350 -0.71 93.18 57.98 141.42 0.445589
1350 512.25 176.22 34.37 83.83 0.019277
1350 149.07 142.59 28.92 70.53 -0.010018
1350 211.60 147.27 22.38 54.58 -0.112448
1350 93.75 183.00 20.50 50.00 -0.461485
1350 391.54 148.24 28.92 70.53 -1.128183
1350 359.75 151.00 20.50 50.00 -1.259542
1350 242.18 145.09 22.38 54.58 -1.293646
1350 77.75 117.00 20.50 50.00 -1.318711
1350 543.75 179.00 20.50 50.00 -1.323702
1350 150.44 123.27 22.38 54.58 -1.708958
1350 332.34 181.37 37.52 91.50 -1.855966
1350 551.23 21.82 89.69 218.76 -3.563495
1380 317.28 163.64 44.67 108.95 4.858051
1380 49.97 177.82 22.38 54.58 3.294262
1380 86.53 154.91 44.67 108.95 2.098601
1380 63.07 173.45 22.38 54.58 1.716021
1380 411.92 136.92 31.54 76.92 1.578668
1380 605.81 153.88 28.92 70.53 1.174036
1380 41.75 183.00 20.50 50.00 1.070479
1380 185.39 132.00 22.38 54.58 0.152429
1380 8.46 177.82 22.38 54.58 -0.049207
1380 402.82 148.24 28.92 70.53 -0.083577
1380 611.45 170.82 28.92 70.53 -0.652172
1380 250.92 145.09 22.38 54.58 -0.784659
1380 159.75 133.00 20.50 50.00 -0.924571
1380 321.78 121.19 48.64 118.64 -0.928831
1380 229.75 149.00 20.50 50.00 -0.997485
1380 299.86 168.00 44.67 108.95 -1.015892
1380 143.44 134.12 28.92 70.53 -1.276596
1380 73.75 179.00 20.50 50.00 -1.368080
1380 344.78 121.41 57.98 141.42 -1.958331
1380 461.75 167.00 20.50 50.00 -2.074449
1380 -0.25 73.00 20.50 50.00 -2.363127
1410 16.28 144.00 57.98 141.42 4.636270
1410 408.46 148.24 28.92 70.53 1.542635
1410 418.08 136.92 31.54 76.92 0.310359
1410 -0.59 168.71 48.64 118.64 0.224999
1410 489.75 159.00 20.50 50.00 0.191897
1410 230.48 146.14 24.37 59.45 -0.425548
1410 368.87 149.45 22.38 54.58 -1.148366
1410 577.69 76.92 63.08 153.85 -2.256304
1410 32.84 77.75 69.16 168.67 -2.878836
1440 415.08 139.30 34.37 83.83 0.498149
1440 402.69 143.08 31.54 76.92 0.245479
1440 365.75 151.00 20.50 50.00 -0.298517
1440 481.62 151.78 26.57 64.81 -0.413383
1440 137.00 138.81 26.57 64.81 -0.795381
1440 223.35 148.51 24.37 59.45 -1.234733
1440 153.75 143.00 20.50 50.00 -1.671140
1440 613.75 191.00 20.50 50.00 -2.312174
1440 619.75 83.00 20.50 50.00 -2.536626
1470 416.46 133.74 37.52 91.50 0.644986
1470 137.34 134.18 22.38 54.58 0.136970
1470 176.66 132.00 22.38 54.58 -0.095093
1470 495.56 151.64 22.38 54.58 -1.506621
1470 366.10 146.14 24.37 59.45 -1.600774
1470 120.88 131.29 28.92 70.53 -1.759015
1470 29.75 185.00 20.50 50.00 -2.140406
1500 427.43 152.06 37.52 91.50 0.756456
1500 222.38 151.06 28.92 70.53 -0.186809
1500 416.46 141.07 37.52 91.50 -0.242712
1500 115.50 134.00 41.00 100.00 -0.352689
1500 505.75 179.00 20.50 50.00 -0.576353
1500 595.92 128.73 44.67 108.95 -0.763705
1500 -0.38 130.77 31.54 76.92 -0.943244
1500 105.91 141.41 26.57 64.81 -1.266212
1500 405.03 152.73 34.37 83.83 -1.292764
1500 518.36 158.02 24.37 59.45 -1.499072
1500 547.75 179.00 20.50 50.00 -1.831901
1500 -0.42 55.38 34.37 83.83 -3.060693
1530 439.50 146.00 41.00 100.00 1.285629
1530 427.85 188.73 22.38 54.58 0.185851
1530 125.75 133.00 20.50 50.00 -0.102197
1530 191.75 147.00 20.50 50.00 -0.178356
1530 523.96 151.64 22.38 54.58 -0.232193
1530 101.15 145.41 28.92 70.53 -0.412381
1530 477.92 141.39 24.37 59.45 -0.735489
1530 163.87 139.01 24.37 59.45 -0.928999
1530 111.13 127.64 22.38 54.58 -0.973969
1530 370.86 148.51 24.37 59.45 -1.053640
1530 575.75 177.00 20.50 50.00 -1.102721
1530 395.09 166.91 22.38 54.58 -1.209719
1530 4.10 116.73 22.38 54.58 -1.258758
1530 536.03 162.16 26.57 64.81 -1.466413
1530 617.88 66.55 22.38 54.58 -1.902143
1560 217.38 146.01 34.37 83.83 1.060285
1560 463.75 195.00 20.50 50.00 -0.017335
1560 184.23 146.15 31.54 76.92 -0.160481
1560 377.75 161.00 20.50 50.00 -0.369843
1560 115.75 133.00 20.50 50.00 -0.420457
1560 507.14 196.24 28.92 70.53 -0.745333
1560 613.77 154.38 26.57 64.81 -0.830410
1560 66.45 121.29 52.90 129.03 -0.937023
1560 551.58 115.46 26.57 64.81 -1.195400
1560 45.75 183.00 20.50 50.00 -1.276617
1560 137.75 129.00 20.50 50.00 -1.338971
1560 464.98 142.91 22.38 54.58 -1.445732
1560 383.75 147.00 20.50 50.00 -1.542706
1560 507.31 124.62 31.54 76.92 -1.555852
1560 541.75 155.00 20.50 50.00 -1.606228
1560 577.69 27.69 63.08 153.85 -3.185032
1590 237.75 157.00 20.50 50.00 1.046248
1590 93.65 127.64 22.38 54.58 0.525780
1590 201.75 171.00 20.50 50.00 0.296236
1590 217.33 149.19 26.57 64.81 0.242377
1590 173.82 149.37 34.37 83.83 0.165887
1590 593.04 154.38 26.57 64.81 -0.126078
1590 391.75 163.00 20.50 50.00 -0.219495
1590 619.75 165.00 20.50 50.00 -0.338419
1590 427.21 167.35 26.57 64.81 -0.460767
1590 -0.25 107.00 20.50 50.00 -0.583786
1590 23.75 125.00 20.50 50.00 -0.643652
1590 617.75 133.00 20.50 50.00 -0.782210
1590 513.46 183.08 31.54 76.92 -0.839698
1590 442.06 137.40 37.52 91.50 -1.220332
1590 609.15 160.36 22.38 54.58 -1.535940
1590 557.89 168.00 28.92 70.53 -1.595912
1590 95.84 112.36 22.38 54.58 -1.669711
1590 484.21 154.38 26.57 64.81 -1.699750
1590 144.23 127.69 31.54 76.92 -1.928547
1590 613.77 193.30 26.57 64.81 -2.069536
1620 133.75 183.00 20.50 50.00 1.110650
1620 602.97 196.03 37.52 91.50 0.701548
1620 503.75 197.00 20.50 50.00 0.379398
1620 201.78 144.00 26.57 64.81 0.240994
1620 383.75 157.00 20.50 50.00 0.130040
1620 182.91 145.41 28.92 70.53 -0.259086
1620 46.32 107.68 26.57 64.81 -0.266952
1620 221.75 155.00 20.50 50.00 -0.268920
1620 454.52 116.44 48.64 118.64 -0.624951
1620 592.00 87.92 48.64 118.64 -0.769486
1620 171.00 148.51 24.37 59.45 -1.399713
1650 209.75 155.00 20.50 50.00 1.227839
1650 484.21 91.27 69.16 168.67 0.344772
1650 563.52 196.24 28.92 70.53 -0.186074
1650 177.17 139.30 34.37 83.83 -0.420506
1650 603.75 177.00 20.50 50.00 -0.527137
1650 382.75 150.89 24.37 59.45 -0.600505
1650 359.75 155.00 20.50 50.00 -0.761306
1650 203.75 149.00 20.50 50.00 -0.946181
1650 611.75 181.00 20.50 50.00 -1.476013
1650 434.83 102.55 44.67 108.95 -1.504862
1650 167.12 129.23 34.37 83.83 -1.539533
1650 432.71 169.90 24.37 59.45 -1.953336
1650 128.85 133.85 31.54 76.92 -2.006416
1650 559.16 139.30 34.37 83.83 -2.011929
1650 543.81 198.49 26.57 64.81 -2.307501
1680 197.75 159.00 20.50 50.00 -0.297006
1680 385.90 148.24 28.92 70.53 -0.594618
1680 615.91 141.39 24.37 59.45 -0.838150
1680 160.46 133.74 37.52 91.50 -0.857415
1680 449.75 165.00 20.50 50.00 -1.086374
1680 133.75 169.00 20.50 50.00 -1.195338
1680 143.50 122.00 41.00 100.00 -1.445836
1680 617.88 219.27 22.38 54.58 -1.585823
1680 538.11 57.47 69.16 168.67 -1.612162
1680 205.05 156.00 22.38 54.58 -1.718839
1680 602.97 75.11 37.52 91.50 -1.803650
1680 617.88 256.36 22.38 54.58 -2.014309
1680 498.85 149.37 34.37 83.83 -2.098718
1680 515.30 9.08 26.57 64.81 -4.356739
1710 553.75 179.00 20.50 50.00 0.793853
1710 399.75 159.00 20.50 50.00 0.062233
1710 223.75 163.00 20.50 50.00 -0.386286
1710 407.75 179.00 20.50 50.00 -0.433896
1710 594.54 227.29 28.92 70.53 -0.699636
1710 537.06 162.55 22.38 54.58 -0.767676
1710 481.75 173.00 20.50 50.00 -0.852431
1710 528.33 177.82 22.38 54.58 -0.912637
1710 105.75 177.00 20.50 50.00 -0.988093
1710 501.75 169.00 20.50 50.00 -1.071663
1710 489.01 175.64 22.38 54.58 -1.403940
1710 515.75 171.00 20.50 50.00 -1.840552
1710 453.75 179.00 20.50 50.00 -1.898371
1710 148.26 171.27 22.38 54.58 -1.909156
1740 215.75 163.00 20.50 50.00 1.351398
1740 189.75 157.00 20.50 50.00 0.625169
1740 611.75 177.00 20.50 50.00 0.523591
1740 615.75 205.00 20.50 50.00 0.448233
1740 413.68 153.27 24.37 59.45 -0.300784
1740 619.75 183.00 20.50 50.00 -0.625297
1740 134.41 167.35 26.57 64.81 -0.630450
1740 533.44 172.54 26.57 64.81 -0.701789
1740 56.68 112.86 26.57 64.81 -0.767459
1740 175.76 158.02 24.37 59.45 -0.854549
1740 225.75 169.00 20.50 50.00 -0.976702
1740 515.22 186.55 22.38 54.58 -1.115296
1740 207.75 159.00 20.50 50.00 -1.371642
1740 444.61 179.41 24.37 59.45 -1.379471
1740 593.46 155.38 31.54 76.92 -1.483033
1740 67.75 177.00 20.50 50.00 -1.939055
1740 544.54 179.41 24.37 59.45 -2.025353
1740 -0.77 83.08 63.08 153.85 -2.300800
1770 122.05 166.91 22.38 54.58 0.779067
1770 75.84 179.41 24.37 59.45 0.183089
1770 202.87 160.36 22.38 54.58 -0.140765
1770 211.60 162.55 22.38 54.58 -0.142731
1770 176.66 153.82 22.38 54.58 -0.242104
1770 435.09 148.51 24.37 59.45 -0.458756
1770 615.91 160.40 24.37 59.45 -1.040613
1770 87.10 177.82 22.38 54.58 -1.170453
1770 131.75 173.00 20.50 50.00 -1.409849
1770 468.40 86.73 24.37 59.45 -1.654042
1770 449.75 71.00 20.50 50.00 -1.802391
1770 21.75 103.00 20.50 50.00 -1.915907
1770 35.75 193.00 20.50 50.00 -2.031569
1770 -0.27 101.45 22.38 54.58 -2.092517
1770 582.67 11.68 26.57 64.81 -2.728795
1770 572.31 29.84 26.57 64.81 -2.896546
1770 519.75 17.00 20.50 50.00 -3.733159
1770 563.75 27.00 20.50 50.00 -4.158148
1770 598.23 5.45 22.38 54.58 -4.449121
1800 91.75 175.00 20.50 50.00 1.845792
1800 47.75 177.00 20.50 50.00 0.834378
1800 497.75 153.82 22.38 54.58 -0.095179
1800 11.75 189.00 20.50 50.00 -0.284927
1800 405.75 161.00 20.50 50.00 -0.378602
1800 205.05 160.36 22.38 54.58 -0.638870
1800 81.75 175.00 20.50 50.00 -0.645491
1800 442.23 105.74 24.37 59.45 -0.819714
1800 189.76 160.36 22.38 54.58 -0.842351
1800 153.72 122.52 34.37 83.83 -0.883983
1800 535.33 52.23 28.92 70.53 -1.223268
1800 451.75 71.00 20.50 50.00 -1.278534
1800 56.52 177.82 22.38 54.58 -1.330588
1800 617.88 166.91 22.38 54.58 -1.365749
1800 459.75 73.00 20.50 50.00 -1.850830
1800 433.75 51.00 20.50 50.00 -2.228391
1800 480.30 39.21 24.37 59.45 -2.739139
1830 30.77 164.76 26.57 64.81 1.205215
1830 13.75 171.00 20.50 50.00 0.930723
1830 413.75 159.00 20.50 50.00 0.296616
1830 142.19 141.41 26.57 64.81 -0.222688
1830 583.50 154.00 41.00 100.00 -0.224771
1830 75.75 165.00 20.50 50.00 -0.225912
1830 615.91 160.40 24.37 59.45 -0.642105
1830 38.54 156.97 26.57 64.81 -0.645082
1830 405.75 155.00 20.50 50.00 -0.772699
1830 132.94 148.51 24.37 59.45 -0.829824
1830 183.75 155.00 20.50 50.00 -1.157675
1830 521.38 77.54 75.52 184.20 -1.220587
1830 231.26 162.55 22.38 54.58 -1.673078
1830 61.75 175.00 20.50 50.00 -1.754287
1830 83.75 161.00 20.50 50.00 -1.810950
1830 600.41 42.55 22.38 54.58 -2.806000
1830 445.34 16.86 26.57 64.81 -3.751424
1830 555.75 33.00 20.50 50.00 -3.788638
1830 511.41 -2.38 48.64 118.64 -3.880801
1830 481.62 14.27 26.57 64.81 -3.964059
1830 502.12 20.73 22.38 54.58 -4.048999
1830 570.71 20.20 24.37 59.45 -4.341122
1830 553.75 -1.00 20.50 50.00 -4.508570
