30 595.92 194.18 44.67 108.95 1.332082
30 430.03 177.82 22.38 54.58 1.322082
30 470.48 187.76 28.92 70.53 -0.504334
30 113.31 134.18 22.38 54.58 -0.751825
30 381.75 175.00 20.50 50.00 -1.402775
30 434.74 130.08 37.52 91.50 -1.427035
30 332.79 153.27 24.37 59.45 -1.430641
30 147.75 161.00 20.50 50.00 -1.457490
30 602.97 60.46 37.52 91.50 -1.859941
30 597.75 125.00 20.50 50.00 -1.883118
30 579.27 219.86 34.37 83.83 -2.746369
30 613.77 19.46 26.57 64.81 -3.157710
30 569.72 45.41 26.57 64.81 -3.338745
30 433.75 11.00 20.50 50.00 -3.998896
30 497.75 11.00 20.50 50.00 -4.273123
30 526.26 19.64 44.67 108.95 -4.290877
30 568.33 5.94 24.37 59.45 -4.630922
60 466.07 175.14 26.57 64.81 1.127427
60 144.83 181.78 24.37 59.45 0.440361
60 454.06 169.09 22.38 54.58 0.277721
60 391.75 171.00 20.50 50.00 0.172325
60 592.00 173.47 48.64 118.64 -0.160591
60 137.34 188.73 22.38 54.58 -0.446363
60 505.55 146.01 34.37 83.83 -0.778373
60 271.75 167.00 20.50 50.00 -0.886462
60 535.02 169.90 24.37 59.45 -0.966086
60 163.55 175.64 22.38 54.58 -1.075772
60 459.75 195.00 20.50 50.00 -1.112664
60 474.19 105.81 52.90 129.03 -1.369584
60 444.61 162.77 24.37 59.45 -1.455084
60 279.75 169.00 20.50 50.00 -1.462546
60 82.59 149.19 26.57 64.81 -1.658789
60 173.75 181.00 20.50 50.00 -2.149702
60 435.75 35.00 20.50 50.00 -3.160633
60 440.96 20.73 22.38 54.58 -3.921227
90 533.49 166.72 37.52 91.50 0.988154
90 438.77 169.09 22.38 54.58 0.512414
90 405.75 167.00 20.50 50.00 -0.445848
90 480.71 93.18 57.98 141.42 -0.470340
90 549.33 144.95 48.64 118.64 -0.563712
90 143.13 128.73 44.67 108.95 -0.964002
90 455.75 177.00 20.50 50.00 -1.360266
90 101.24 93.18 57.98 141.42 -1.709933
90 522.51 155.73 37.52 91.50 -2.058313
90 43.75 197.00 20.50 50.00 -2.245753
120 604.78 193.09 22.38 54.58 2.228832
120 587.31 164.62 31.54 76.92 1.717045
120 122.05 173.45 22.38 54.58 0.576161
120 493.75 189.00 20.50 50.00 0.487635
120 516.15 76.92 63.08 153.85 0.372677
120 411.75 163.00 20.50 50.00 -0.424100
120 54.09 167.35 26.57 64.81 -0.448798
120 534.62 95.39 63.08 153.85 -0.618846
120 -0.38 133.85 31.54 76.92 -0.735181
120 375.75 173.00 20.50 50.00 -1.162056
120 95.51 148.24 28.92 70.53 -1.595783
120 63.50 54.00 41.00 100.00 -2.429924
150 581.75 183.00 20.50 50.00 2.291848
150 563.75 183.00 20.50 50.00 2.161662
150 573.75 185.00 20.50 50.00 0.627397
150 109.14 179.41 24.37 59.45 -0.035043
150 587.75 189.00 20.50 50.00 -0.064923
150 438.77 149.45 22.38 54.58 -0.164530
150 599.50 130.00 41.00 100.00 -0.395104
150 483.75 167.00 20.50 50.00 -0.518729
150 259.03 167.52 24.37 59.45 -0.983484
150 150.44 184.36 22.38 54.58 -1.190556
150 391.75 163.00 20.50 50.00 -1.368240
150 348.06 129.23 34.37 83.83 -1.826900
150 16.28 14.12 57.98 141.42 -4.154173
180 517.75 171.00 20.50 50.00 2.745791
180 450.75 139.76 28.92 70.53 -0.938922
180 569.16 165.18 28.92 70.53 -1.072896
180 347.75 187.00 20.50 50.00 -1.192844
180 -0.50 102.00 41.00 100.00 -1.303206
180 377.44 142.59 28.92 70.53 -1.474445
180 317.71 141.07 37.52 91.50 -1.699839
180 351.75 63.00 20.50 50.00 -1.930599
180 -0.27 210.55 22.38 54.58 -2.251308
180 577.69 33.85 63.08 153.85 -3.634860
210 549.43 162.35 28.92 70.53 2.084618
210 523.75 173.00 20.50 50.00 -0.190489
210 562.69 152.31 31.54 76.92 -1.054668
210 379.75 165.00 20.50 50.00 -1.144417
240 79.75 185.00 20.50 50.00 -0.804087
240 327.75 89.00 20.50 50.00 -1.033851
240 339.75 91.00 20.50 50.00 -1.250667
240 388.72 145.41 28.92 70.53 -1.757959
270 455.75 187.00 20.50 50.00 -0.684703
270 -0.25 195.00 20.50 50.00 -0.938501
270 416.06 150.89 24.37 59.45 -1.353414
270 441.75 183.00 20.50 50.00 -1.394665
270 283.50 114.00 41.00 100.00 -1.720205
270 513.61 179.41 24.37 59.45 -1.752898
270 -0.71 81.88 57.98 141.42 -2.010427
270 362.43 53.19 26.57 64.81 -2.552685
300 541.15 186.15 31.54 76.92 0.096106
300 428.19 156.71 28.92 70.53 -0.499462
300 -0.27 190.91 22.38 54.58 -0.635042
300 512.71 188.11 26.57 64.81 -0.730423
300 67.75 157.00 20.50 50.00 -1.146945
300 146.08 160.36 22.38 54.58 -1.695267
300 526.87 184.94 28.92 70.53 -1.726138
300 377.99 48.71 24.37 59.45 -2.039023
300 11.92 161.54 31.54 76.92 -2.058986
330 619.75 149.00 20.50 50.00 0.144789
330 -0.25 207.00 20.50 50.00 -0.618199
330 427.50 170.00 41.00 100.00 -0.861757
330 -0.50 130.00 41.00 100.00 -1.190321
330 377.99 167.52 24.37 59.45 -1.339998
330 385.13 98.61 24.37 59.45 -1.898147
330 471.54 166.91 22.38 54.58 -2.058334
330 537.14 152.06 37.52 91.50 -2.147858
330 440.16 22.05 26.57 64.81 -2.862536
360 484.21 156.97 26.57 64.81 -0.354856
360 424.62 164.76 26.57 64.81 -0.421755
360 495.86 156.71 28.92 70.53 -0.797172
360 387.51 167.52 24.37 59.45 -0.819367
360 613.77 125.84 26.57 64.81 -1.100581
360 13.75 207.00 20.50 50.00 -1.180187
360 99.75 191.00 20.50 50.00 -1.378234
360 105.75 165.00 20.50 50.00 -1.557204
360 613.75 279.00 20.50 50.00 -2.408868
390 17.20 201.82 22.38 54.58 1.215378
390 535.00 146.15 31.54 76.92 -0.214678
390 -0.32 149.19 26.57 64.81 -0.469177
390 25.75 195.00 20.50 50.00 -0.559990
390 185.75 139.00 20.50 50.00 -0.686577
390 465.34 149.37 34.37 83.83 -0.769806
390 402.82 156.71 28.92 70.53 -1.151971
390 41.23 182.18 22.38 54.58 -1.164173
390 486.83 162.55 22.38 54.58 -1.808632
390 -0.30 186.53 24.37 59.45 -2.060857
420 617.88 177.82 22.38 54.58 1.188699
420 133.75 183.00 20.50 50.00 -0.214756
420 445.77 158.46 31.54 76.92 -0.306452
420 111.13 158.18 22.38 54.58 -0.814959
420 401.75 185.00 20.50 50.00 -0.835998
420 117.68 177.82 22.38 54.58 -0.970683
420 606.39 179.41 24.37 59.45 -1.169264
420 197.17 160.40 24.37 59.45 -1.230145
420 109.75 193.00 20.50 50.00 -1.562421
420 462.03 165.18 28.92 70.53 -1.788285
420 -1.31 -5.22 107.29 261.69 -3.848690
450 84.92 156.00 22.38 54.58 0.576378
450 532.51 159.53 28.92 70.53 -0.731108
450 587.74 131.61 52.90 129.03 -0.767585
450 72.23 149.19 26.57 64.81 -1.027690
450 21.22 72.00 44.67 108.95 -1.099350
450 582.60 110.50 24.37 59.45 -1.241675
450 566.40 155.73 37.52 91.50 -1.249600
450 -0.32 138.81 26.57 64.81 -1.558459
450 510.12 188.11 26.57 64.81 -1.711516
450 163.17 83.29 28.92 70.53 -1.739233
450 613.77 86.92 26.57 64.81 -1.886472
450 61.75 193.00 20.50 50.00 -2.402581
450 -0.32 45.41 26.57 64.81 -2.437295
450 29.93 50.18 44.67 108.95 -3.378620
450 -0.32 22.05 26.57 64.81 -4.017413
480 41.75 197.00 20.50 50.00 -0.385177
480 227.75 171.00 20.50 50.00 -0.760884
480 175.87 159.57 26.57 64.81 -0.928295
480 509.03 121.41 57.98 141.42 -1.363544
480 392.89 92.67 48.64 118.64 -1.512124
480 437.75 151.00 20.50 50.00 -1.542156
480 539.25 232.36 22.38 54.58 -1.654848
480 -0.32 188.11 26.57 64.81 -1.730446
480 479.75 107.00 20.50 50.00 -1.733776
480 147.02 62.10 34.37 83.83 -1.911858
480 615.91 67.72 24.37 59.45 -2.571260
480 78.36 20.73 22.38 54.58 -3.801866
480 -1.00 20.00 82.00 200.00 -3.874297
510 505.75 181.00 20.50 50.00 2.227307
510 -0.46 122.75 37.52 91.50 0.310995
510 33.75 139.00 20.50 50.00 -0.269211
510 161.75 187.00 20.50 50.00 -0.443286
510 73.75 151.00 20.50 50.00 -0.490808
510 163.55 153.82 22.38 54.58 -0.732253
510 427.74 95.48 52.90 129.03 -1.189246
510 587.21 150.55 44.67 108.95 -1.543910
510 405.49 111.76 37.52 91.50 -1.828633
510 98.29 148.40 37.52 91.50 -1.909311
510 131.50 38.00 41.00 100.00 -2.834061
510 -0.46 1.83 37.52 91.50 -4.869119
540 567.75 183.00 20.50 50.00 9.745797
540 105.91 172.54 26.57 64.81 -0.135970
540 -0.46 126.41 37.52 91.50 -0.789042
540 70.13 187.76 28.92 70.53 -1.186321
540 495.75 133.00 20.50 50.00 -1.203211
540 121.36 124.36 44.67 108.95 -1.211143
540 559.75 187.00 20.50 50.00 -1.433875
540 595.50 130.00 41.00 100.00 -1.615967
540 401.94 85.16 52.90 129.03 -1.776882
540 429.73 93.18 57.98 141.42 -2.054111
540 76.77 -2.58 52.90 129.03 -4.109264
540 517.55 24.00 44.67 108.95 -4.173620
570 477.92 191.29 24.37 59.45 -0.457519
570 275.95 139.76 28.92 70.53 -1.011534
570 175.00 158.46 31.54 76.92 -1.017786
570 191.86 81.88 57.98 141.42 -1.494372
570 15.00 124.62 31.54 76.92 -1.778116
570 401.42 76.23 57.98 141.42 -1.856638
570 11.92 10.77 31.54 76.92 -3.035295
570 26.39 11.75 34.37 83.83 -4.270296
570 105.75 7.00 20.50 50.00 -4.348630
570 39.77 9.16 37.52 91.50 -4.984390
600 558.91 129.82 22.38 54.58 -0.181935
600 267.75 131.00 20.50 50.00 -0.208490
600 49.84 139.30 34.37 83.83 -0.709721
600 239.75 143.00 20.50 50.00 -0.907280
600 171.54 58.46 63.08 153.85 -1.223419
600 549.29 141.39 24.37 59.45 -1.288655
600 244.76 153.27 24.37 59.45 -1.295364
600 611.75 123.00 20.50 50.00 -1.628232
600 437.05 43.94 69.16 168.67 -2.434977
600 -0.84 50.70 69.16 168.67 -3.039898
600 46.49 -1.68 34.37 83.83 -4.366393
600 85.75 3.00 20.50 50.00 -4.405802
630 602.97 141.07 37.52 91.50 -0.287423
630 586.08 145.41 28.92 70.53 -0.683447
630 232.86 146.14 24.37 59.45 -0.846180
630 498.68 142.59 28.92 70.53 -0.872070
630 49.75 161.00 20.50 50.00 -1.337623
630 116.57 130.08 37.52 91.50 -1.755585
630 405.03 112.45 34.37 83.83 -2.072995
630 -0.50 186.00 41.00 100.00 -2.191628
630 135.00 28.00 82.00 200.00 -2.805016
660 188.55 153.88 28.92 70.53 1.427402
660 87.75 169.00 20.50 50.00 0.303959
660 427.85 103.64 22.38 54.58 -0.651247
660 263.97 151.78 26.57 64.81 -0.694281
660 21.75 87.00 20.50 50.00 -0.793303
660 613.77 154.38 26.57 64.81 -0.896549
660 98.08 143.08 31.54 76.92 -0.936919
660 -0.42 176.22 34.37 83.83 -1.769454
660 445.32 75.27 22.38 54.58 -2.007552
660 111.00 20.00 82.00 200.00 -3.963915
690 27.84 190.59 28.92 70.53 1.098745
690 11.60 160.40 24.37 59.45 0.898955
690 491.75 183.00 20.50 50.00 -0.643593
690 606.07 152.73 34.37 83.83 -0.733750
690 239.50 102.00 41.00 100.00 -1.171628
690 521.77 184.36 22.38 54.58 -1.176651
690 425.75 111.00 20.50 50.00 -1.204827
690 59.75 173.00 20.50 50.00 -1.367151
690 49.75 177.00 20.50 50.00 -1.379539
690 575.46 184.16 24.37 59.45 -1.685269
720 532.64 186.53 24.37 59.45 1.335612
720 519.59 186.55 22.38 54.58 0.498493
720 606.07 186.29 34.37 83.83 0.436689
720 161.37 145.09 22.38 54.58 0.006918
720 450.53 144.00 26.57 64.81 -0.924048
720 3.75 163.00 20.50 50.00 -1.125006
720 542.16 186.53 24.37 59.45 -1.192615
720 193.78 92.67 48.64 118.64 -1.447912
720 406.01 97.09 22.38 54.58 -1.555665
720 587.21 106.91 44.67 108.95 -1.567968
720 602.97 45.80 37.52 91.50 -3.352084
720 436.54 41.54 31.54 76.92 -3.364869
720 39.75 15.00 20.50 50.00 -3.939363
720 82.69 7.69 31.54 76.92 -4.323497
720 -0.59 -2.38 48.64 118.64 -4.657735
750 557.75 195.00 20.50 50.00 0.390345
750 617.88 166.91 22.38 54.58 0.340308
750 111.75 145.00 20.50 50.00 0.287277
750 185.28 129.50 24.37 59.45 0.114055
750 605.75 171.00 20.50 50.00 -0.910338
750 515.50 118.00 41.00 100.00 -1.129910
750 611.45 204.71 28.92 70.53 -1.135984
750 159.18 147.27 22.38 54.58 -1.204758
750 493.75 169.00 20.50 50.00 -1.374961
750 439.47 156.71 28.92 70.53 -1.683675
750 545.75 175.00 20.50 50.00 -2.032885
750 599.62 81.54 31.54 76.92 -2.678936
750 587.26 11.88 48.64 118.64 -3.251587
750 434.74 23.82 37.52 91.50 -4.001401
780 168.62 124.75 24.37 59.45 0.694551
780 617.88 151.64 22.38 54.58 -0.112367
780 399.75 167.00 20.50 50.00 -1.179234
780 51.75 139.00 20.50 50.00 -1.243609
780 127.75 139.00 20.50 50.00 -1.252427
780 517.75 173.00 20.50 50.00 -1.262492
780 149.59 139.01 24.37 59.45 -1.401393
780 187.58 156.00 22.38 54.58 -1.622944
780 -0.27 180.00 22.38 54.58 -1.663895
780 577.49 162.16 26.57 64.81 -1.687854
780 4.10 116.73 22.38 54.58 -1.698645
780 55.75 11.00 20.50 50.00 -4.054830
810 -0.27 171.27 22.38 54.58 0.713914
810 205.05 153.82 22.38 54.58 0.709251
810 582.65 81.88 57.98 141.42 -0.305682
810 151.50 78.00 41.00 100.00 -0.937368
810 142.17 115.42 37.52 91.50 -1.054112
810 553.75 177.00 20.50 50.00 -1.125334
810 406.48 141.41 26.57 64.81 -1.296802
810 198.50 160.36 22.38 54.58 -1.462008
810 126.91 119.16 34.37 83.83 -1.826474
810 183.75 89.00 20.50 50.00 -1.867839
810 28.80 111.76 37.52 91.50 -2.007634
810 447.94 29.84 26.57 64.81 -3.225595
810 451.88 5.45 22.38 54.58 -4.066689
810 602.97 16.49 37.52 91.50 -4.308421
840 456.25 169.09 22.38 54.58 1.053137
840 353.75 157.00 20.50 50.00 0.002980
840 25.14 119.08 37.52 91.50 -0.015634
840 364.51 151.64 22.38 54.58 -0.286666
840 342.30 158.02 24.37 59.45 -0.711803
840 504.32 153.88 28.92 70.53 -1.278301
840 107.75 105.00 20.50 50.00 -1.526710
840 47.78 160.36 22.38 54.58 -1.574423
840 122.31 64.61 63.08 153.85 -1.663018
840 213.75 153.00 20.50 50.00 -1.732924
840 223.75 155.00 20.50 50.00 -1.757514
840 535.00 36.00 82.00 200.00 -3.547588
870 535.00 170.77 31.54 76.92 0.519957
870 -0.54 137.45 44.67 108.95 -0.174262
870 367.61 144.00 26.57 64.81 -0.557207
870 611.33 127.64 22.38 54.58 -0.600952
870 325.03 159.39 37.52 91.50 -0.754139
870 480.27 123.27 22.38 54.58 -0.848899
870 90.88 102.55 44.67 108.95 -1.052459
870 511.75 161.00 20.50 50.00 -1.115452
870 395.09 156.00 22.38 54.58 -1.242782
870 428.48 122.52 34.37 83.83 -1.330840
870 548.67 127.06 57.98 141.42 -1.505102
870 463.75 97.00 20.50 50.00 -1.537739
870 124.23 62.18 22.38 54.58 -2.429013
870 450.53 58.38 26.57 64.81 -2.715344
870 17.91 14.40 98.11 239.31 -3.506963
900 595.92 98.18 44.67 108.95 -0.040738
900 383.16 144.00 26.57 64.81 -0.556190
900 80.00 92.31 34.37 83.83 -1.014649
900 509.75 153.00 20.50 50.00 -1.026399
900 204.31 153.27 24.37 59.45 -1.052901
900 59.75 99.00 20.50 50.00 -1.081372
900 100.21 50.70 69.16 168.67 -1.522191
900 453.03 111.76 37.52 91.50 -1.646862
900 69.75 95.00 20.50 50.00 -1.746668
900 565.44 102.55 44.67 108.95 -1.885524
900 181.02 138.55 22.38 54.58 -1.914178
900 599.37 38.60 34.37 83.83 -3.287987
930 442.23 158.02 24.37 59.45 -0.091135
930 273.46 140.00 31.54 76.92 -0.293215
930 291.75 169.00 20.50 50.00 -0.403457
930 375.75 143.00 20.50 50.00 -0.628219
930 608.85 124.62 31.54 76.92 -0.900337
930 70.52 83.17 48.64 118.64 -0.901767
930 187.75 135.00 20.50 50.00 -1.184636
930 155.14 146.59 26.57 64.81 -1.565695
930 409.07 138.81 26.57 64.81 -1.915941
930 459.21 136.94 28.92 70.53 -2.020395
930 535.02 65.35 24.37 59.45 -2.177954
930 56.30 68.91 48.64 118.64 -2.335302
930 110.00 33.85 63.08 153.85 -2.446503
930 89.48 73.66 48.64 118.64 -2.541938
930 157.53 52.23 28.92 70.53 -2.878340
930 -1.00 20.00 82.00 200.00 -3.412083
960 270.38 152.31 31.54 76.92 -0.336500
960 61.59 76.23 57.98 141.42 -1.003494
960 384.16 140.73 22.38 54.58 -1.717376
960 410.96 144.00 89.69 218.76 -1.735912
960 106.95 37.18 69.16 168.67 -2.002120
960 619.75 21.00 20.50 50.00 -3.338156
960 13.79 40.62 75.52 184.20 -3.370039
990 290.24 182.18 22.38 54.58 0.454928
990 427.75 173.00 20.50 50.00 0.084942
990 61.29 90.32 52.90 129.03 -0.653564
990 285.75 155.00 20.50 50.00 -1.270438
990 116.86 41.96 34.37 83.83 -1.623859
990 90.88 93.82 44.67 108.95 -1.668864
990 453.75 173.00 20.50 50.00 -1.975975
990 563.75 79.00 20.50 50.00 -2.110548
990 592.00 97.43 48.64 118.64 -2.219008
990 157.53 63.53 28.92 70.53 -2.894076
990 -1.10 30.55 89.69 218.76 -2.955053
990 416.84 37.62 26.57 64.81 -3.055948
1020 61.29 95.48 52.90 129.03 -0.059355
1020 161.75 181.00 20.50 50.00 -0.403755
1020 427.75 181.00 20.50 50.00 -0.725659
1020 113.31 103.64 22.38 54.58 -0.929137
1020 42.07 92.67 48.64 118.64 -1.536969
1020 119.50 42.00 41.00 100.00 -1.595672
1020 187.66 153.27 24.37 59.45 -1.848949
1020 107.75 91.00 20.50 50.00 -1.931263
1020 -0.77 64.61 63.08 153.85 -2.615416
1020 153.46 66.15 31.54 76.92 -2.760386
1020 582.65 70.59 57.98 141.42 -2.768619
1020 8.89 2.38 48.64 118.64 -4.911319
1050 152.63 184.36 22.38 54.58 -0.126799
1050 182.90 158.02 24.37 59.45 -0.215808
1050 69.12 106.91 44.67 108.95 -0.341545
1050 111.13 112.36 22.38 54.58 -0.534549
1050 247.75 179.00 20.50 50.00 -0.988753
1050 433.75 185.00 20.50 50.00 -1.134077
1050 115.50 50.00 41.00 100.00 -1.324914
1050 54.33 101.45 22.38 54.58 -1.367385
1050 543.62 166.91 22.38 54.58 -1.789230
1050 153.46 72.31 31.54 76.92 -2.421784
1050 -0.77 70.77 63.08 153.85 -2.459107
1050 8.89 7.13 48.64 118.64 -4.480580
1080 154.81 186.55 22.38 54.58 1.285635
1080 429.75 187.00 20.50 50.00 0.373443
1080 61.59 98.82 57.98 141.42 -0.195271
1080 118.06 57.88 28.92 70.53 -0.350828
1080 141.75 191.00 20.50 50.00 -0.510312
1080 181.05 159.57 26.57 64.81 -0.961066
1080 84.25 93.18 57.98 141.42 -1.172759
1080 36.15 83.08 63.08 153.85 -1.207974
1080 485.75 185.00 20.50 50.00 -1.223510
1080 405.64 162.35 28.92 70.53 -1.428327
1080 418.44 174.65 24.37 59.45 -1.930441
1080 565.75 91.00 20.50 50.00 -2.015161
1080 -0.84 57.47 69.16 168.67 -2.302077
1080 -0.59 11.88 48.64 118.64 -4.096027
1110 151.97 184.16 24.37 59.45 0.940623
1110 105.91 107.68 26.57 64.81 -0.079990
1110 50.27 93.18 57.98 141.42 -0.754857
1110 611.45 184.94 28.92 70.53 -0.898564
1110 485.75 185.00 20.50 50.00 -0.997244
1110 274.35 169.51 34.37 83.83 -1.102526
1110 119.50 58.00 41.00 100.00 -1.116274
1110 141.75 193.00 20.50 50.00 -1.480595
1110 191.75 163.00 20.50 50.00 -1.585909
1110 563.57 174.65 24.37 59.45 -1.913020
1110 -0.77 70.77 63.08 153.85 -2.702459
1110 505.75 55.00 20.50 50.00 -3.010639
1110 8.89 11.88 48.64 118.64 -4.322694
1140 150.44 188.73 22.38 54.58 0.719749
1140 50.97 105.81 52.90 129.03 -0.325802
1140 188.83 162.16 26.57 64.81 -0.354075
1140 71.61 105.81 52.90 129.03 -0.534209
1140 411.75 165.00 20.50 50.00 -0.791474
1140 111.13 123.27 22.38 54.58 -1.011518
1140 619.75 201.00 20.50 50.00 -1.138595
1140 116.57 56.79 37.52 91.50 -1.183659
1140 426.12 159.27 44.67 108.95 -1.203805
1140 279.62 170.77 31.54 76.92 -1.267025
1140 157.00 195.27 22.38 54.58 -1.339734
1140 117.68 116.73 22.38 54.58 -1.341454
1140 171.75 125.00 20.50 50.00 -1.579170
1140 563.50 158.00 41.00 100.00 -1.627764
1140 156.54 78.46 31.54 76.92 -2.080336
1140 143.89 195.27 22.38 54.58 -2.111723
1140 -1.00 52.00 82.00 200.00 -2.328579
1170 10.65 243.27 22.38 54.58 1.731202
1170 145.75 179.00 20.50 50.00 1.305685
1170 188.83 169.95 26.57 64.81 -0.469413
1170 115.50 74.00 41.00 100.00 -0.552913
1170 56.13 110.97 52.90 129.03 -0.657432
1170 3.75 251.00 20.50 50.00 -0.713631
1170 108.94 129.82 22.38 54.58 -1.006890
1170 421.75 199.00 20.50 50.00 -1.012140
1170 19.75 247.00 20.50 50.00 -1.207834
1170 167.12 152.73 34.37 83.83 -1.625275
1170 97.25 165.15 24.37 59.45 -1.767603
1170 -0.84 77.75 69.16 168.67 -1.826853
1170 582.65 87.53 57.98 141.42 -2.044494
1170 37.33 111.68 48.64 118.64 -2.301346
1170 -0.27 212.73 22.38 54.58 -2.326897
1170 15.02 225.82 22.38 54.58 -2.339980
1170 -0.25 241.00 20.50 50.00 -2.467966
1170 -0.54 10.91 44.67 108.95 -4.876389
1200 152.55 221.84 26.57 64.81 0.523157
1200 115.50 66.00 41.00 100.00 0.182669
1200 106.77 115.25 24.37 59.45 0.160697
1200 71.81 118.91 22.38 54.58 -0.610142
1200 131.82 203.68 26.57 64.81 -0.656955
1200 63.75 113.00 20.50 50.00 -0.717133
1200 423.75 193.00 20.50 50.00 -0.749419
1200 189.75 167.00 20.50 50.00 -0.882573
1200 55.75 113.00 20.50 50.00 -1.498526
1200 279.51 188.11 26.57 64.81 -1.586465
1200 147.21 193.66 24.37 59.45 -1.632543
1200 508.85 134.26 24.37 59.45 -1.642256
1200 565.46 94.91 22.38 54.58 -2.060690
1200 577.69 83.08 63.08 153.85 -2.083052
1200 -0.84 77.75 69.16 168.67 -2.119044
1200 98.02 234.55 22.38 54.58 -2.793882
1200 -0.71 14.12 57.98 141.42 -4.380328
1230 187.75 169.00 20.50 50.00 1.014571
1230 233.60 174.05 37.52 91.50 0.398369
1230 113.31 116.73 22.38 54.58 -0.115190
1230 146.08 190.91 22.38 54.58 -0.145984
1230 608.58 180.32 26.57 64.81 -0.181013
1230 50.97 105.81 52.90 129.03 -0.464736
1230 218.97 170.38 37.52 91.50 -0.804355
1230 77.82 115.64 44.67 108.95 -0.864772
1230 119.50 62.00 41.00 100.00 -0.949164
1230 418.08 164.62 31.54 76.92 -1.306078
1230 408.46 176.47 28.92 70.53 -2.089067
1230 -1.00 52.00 82.00 200.00 -2.484260
1230 -0.71 -2.82 57.98 141.42 -5.205029
1260 295.06 190.70 26.57 64.81 2.643405
1260 189.75 167.00 20.50 50.00 0.781735
1260 417.75 193.00 20.50 50.00 0.140627
1260 106.76 116.73 22.38 54.58 0.013177
1260 307.71 199.64 22.38 54.58 -0.143715
1260 50.97 100.65 52.90 129.03 -0.277228
1260 141.71 193.09 22.38 54.58 -0.472355
1260 427.75 193.00 20.50 50.00 -0.558649
1260 91.47 123.27 22.38 54.58 -0.744560
1260 608.58 177.73 26.57 64.81 -0.980287
1260 119.50 62.00 41.00 100.00 -1.002359
1260 115.75 125.00 20.50 50.00 -1.579077
1260 -0.71 93.18 57.98 141.42 -1.594169
1260 281.59 187.76 28.92 70.53 -1.751923
1260 133.75 201.00 20.50 50.00 -1.842964
1260 456.25 190.91 22.38 54.58 -2.041240
1260 505.75 65.00 20.50 50.00 -2.319117
1260 -0.59 11.88 48.64 118.64 -4.542657
1290 319.75 195.00 20.50 50.00 1.656912
1290 187.75 167.00 20.50 50.00 1.182499
1290 137.70 158.02 24.37 59.45 0.062328
1290 61.04 106.93 48.64 118.64 -0.010750
1290 106.77 110.50 24.37 59.45 -0.222050
1290 140.07 191.29 24.37 59.45 -0.735779
1290 115.50 66.00 41.00 100.00 -0.961548
1290 51.75 113.00 20.50 50.00 -1.399813
1290 94.87 115.25 24.37 59.45 -1.457532
1290 485.75 191.00 20.50 50.00 -1.735626
1290 44.76 134.12 28.92 70.53 -1.815778
1290 -0.77 76.92 63.08 153.85 -2.056059
1290 -0.59 11.88 48.64 118.64 -4.707167
1320 107.75 111.00 20.50 50.00 0.335461
1320 191.75 165.00 20.50 50.00 0.272252
1320 429.75 191.00 20.50 50.00 -0.266952
1320 132.94 193.66 24.37 59.45 -0.580351
1320 408.85 164.62 31.54 76.92 -1.019380
1320 115.50 54.00 41.00 100.00 -1.064141
1320 329.56 175.64 22.38 54.58 -1.083416
1320 48.46 95.39 63.08 153.85 -1.396795
1320 121.75 201.00 20.50 50.00 -1.532265
1320 319.75 185.00 20.50 50.00 -1.575164
1320 146.26 165.18 28.92 70.53 -1.612870
1320 613.77 180.32 26.57 64.81 -2.018519
1320 -0.71 110.12 57.98 141.42 -2.034079
1320 12.98 48.67 34.37 83.83 -2.920416
1350 187.75 169.00 20.50 50.00 0.085043
1350 423.75 193.00 20.50 50.00 -0.545582
1350 100.21 57.47 69.16 168.67 -0.894142
1350 13.79 70.15 75.52 184.20 -1.362434
1350 385.13 169.90 24.37 59.45 -1.366959
1350 619.75 195.00 20.50 50.00 -1.590403
1350 323.00 177.82 22.38 54.58 -1.787081
1350 150.37 75.52 34.37 83.83 -1.819047
1350 72.95 108.71 28.92 70.53 -2.030537
1350 491.75 203.00 20.50 50.00 -2.066176
1350 31.75 45.00 20.50 50.00 -2.967949
1350 -0.50 10.00 41.00 100.00 -4.589312
1380 181.75 169.00 20.50 50.00 0.934913
1380 499.93 193.09 22.38 54.58 0.722371
1380 80.00 92.67 48.64 118.64 -0.042347
1380 565.46 208.36 22.38 54.58 -0.581677
1380 430.03 193.09 22.38 54.58 -0.605131
1380 95.58 59.29 57.98 141.42 -0.797852
1380 31.75 107.00 20.50 50.00 -1.003332
1380 482.69 167.69 31.54 76.92 -1.007165
1380 443.14 173.45 22.38 54.58 -1.202943
1380 439.75 199.00 20.50 50.00 -1.218161
1380 120.21 156.08 34.37 83.83 -1.299938
1380 592.00 121.19 48.64 118.64 -1.559949
1380 53.75 105.00 20.50 50.00 -1.655657
1380 267.75 177.00 20.50 50.00 -1.741050
1380 502.12 208.36 22.38 54.58 -1.942513
1380 -0.30 224.55 24.37 59.45 -2.166528
1380 523.75 53.00 20.50 50.00 -3.046485
1410 165.73 162.55 22.38 54.58 1.274863
1410 492.19 198.42 24.37 59.45 0.500833
1410 519.75 191.00 20.50 50.00 0.191441
1410 63.75 101.00 20.50 50.00 -0.113795
1410 438.53 169.51 34.37 83.83 -0.355471
1410 619.75 137.00 20.50 50.00 -0.911942
1410 533.75 195.00 20.50 50.00 -1.178902
1410 608.85 176.92 31.54 76.92 -1.187838
1410 72.64 48.00 75.52 184.20 -1.199048
1410 381.75 171.00 20.50 50.00 -1.357291
1410 9.75 219.00 20.50 50.00 -1.466258
1410 23.75 95.00 20.50 50.00 -1.498070
1410 574.80 165.18 28.92 70.53 -2.008799
1410 47.78 94.91 22.38 54.58 -2.044447
1410 549.75 21.00 20.50 50.00 -2.973111
1440 154.81 151.64 22.38 54.58 3.697322
1440 231.75 177.00 20.50 50.00 0.092463
1440 563.75 191.00 20.50 50.00 -0.228151
1440 486.80 185.51 26.57 64.81 -0.418887
1440 -0.54 89.45 44.67 108.95 -0.519434
1440 568.33 81.98 24.37 59.45 -0.705105
1440 397.27 156.00 22.38 54.58 -0.729898
1440 608.85 161.54 31.54 76.92 -0.818972
1440 569.75 197.00 20.50 50.00 -1.006975
1440 416.84 162.16 26.57 64.81 -1.143549
1440 606.07 85.59 34.37 83.83 -1.171052
1440 105.91 175.14 26.57 64.81 -1.394133
1440 47.78 44.73 22.38 54.58 -1.479292
1440 541.43 201.82 22.38 54.58 -1.575012
1440 523.96 204.00 22.38 54.58 -1.595952
1440 408.92 155.64 24.37 59.45 -1.722272
1440 589.49 81.82 22.38 54.58 -1.854791
1440 148.26 145.09 22.38 54.58 -1.879561
1440 473.72 199.64 22.38 54.58 -1.907329
1440 23.04 68.81 34.37 83.83 -2.166149
1440 116.57 45.80 37.52 91.50 -2.339949
1440 44.76 80.47 28.92 70.53 -2.466108
1440 59.79 30.42 69.16 168.67 -2.494666
1470 130.56 139.01 24.37 59.45 1.561083
1470 434.40 184.36 22.38 54.58 -0.111321
1470 540.80 185.04 37.52 91.50 -0.132674
1470 390.72 156.00 22.38 54.58 -0.177919
1470 5.75 173.00 20.50 50.00 -0.487672
1470 381.75 155.00 20.50 50.00 -0.535169
1470 8.46 151.64 22.38 54.58 -0.795712
1470 76.34 148.40 37.52 91.50 -0.797037
1470 -0.27 156.00 22.38 54.58 -1.208495
1470 503.75 83.00 20.50 50.00 -1.310866
1470 599.50 98.00 41.00 100.00 -1.513899
1470 617.88 53.45 22.38 54.58 -1.602504
1470 463.48 110.27 26.57 64.81 -1.628260
1470 193.75 175.00 20.50 50.00 -1.699522
1470 320.82 160.36 22.38 54.58 -1.882115
1470 77.41 58.38 26.57 64.81 -2.255968
1470 -0.32 11.68 26.57 64.81 -2.914906
1470 619.75 33.00 20.50 50.00 -3.288064
1470 87.50 22.00 41.00 100.00 -3.422777
1470 14.17 27.48 37.52 91.50 -4.213484
1500 102.39 140.73 22.38 54.58 0.909767
1500 153.75 179.00 20.50 50.00 0.899691
1500 567.50 186.00 41.00 100.00 0.350171
1500 111.75 139.00 20.50 50.00 -0.535479
1500 478.94 190.59 28.92 70.53 -0.555424
1500 393.75 159.00 20.50 50.00 -0.578520
1500 207.75 175.00 20.50 50.00 -0.650762
1500 219.75 171.00 20.50 50.00 -0.659851
1500 89.75 179.00 20.50 50.00 -0.764974
1500 422.56 142.59 28.92 70.53 -0.782316
1500 467.67 179.29 28.92 70.53 -0.861372
1500 584.98 155.64 24.37 59.45 -1.261460
1500 401.64 156.00 22.38 54.58 -1.628963
1500 165.75 175.00 20.50 50.00 -1.681802
1500 521.75 87.00 20.50 50.00 -1.825418
1500 613.53 89.11 24.37 59.45 -2.164467
1500 49.66 48.71 24.37 59.45 -3.271491
1500 63.50 18.00 41.00 100.00 -3.902829
1500 619.75 25.00 20.50 50.00 -4.051957
1530 608.85 155.38 31.54 76.92 0.837118
1530 72.69 122.75 37.52 91.50 -0.427027
1530 381.75 159.00 20.50 50.00 -0.613398
1530 156.80 137.40 37.52 91.50 -1.316878
1530 397.03 153.27 24.37 59.45 -1.431671
1530 201.75 155.00 20.50 50.00 -1.888986
1530 588.34 155.73 37.52 91.50 -1.951390
1530 592.00 54.65 48.64 118.64 -2.150430
1530 -1.19 14.40 98.11 239.31 -3.562667
1560 389.89 148.51 24.37 59.45 -0.280670
1560 416.84 146.59 26.57 64.81 -0.788991
1560 113.75 173.00 20.50 50.00 -0.824179
1560 381.98 153.82 22.38 54.58 -0.983699
1560 179.75 145.00 20.50 50.00 -1.180773
1560 211.45 165.15 24.37 59.45 -1.376269
1560 23.75 114.55 22.38 54.58 -1.399444
1560 33.75 109.00 20.50 50.00 -1.419783
1560 613.77 229.62 26.57 64.81 -1.440435
1560 608.85 143.08 31.54 76.92 -1.512126
1560 140.31 132.59 34.37 83.83 -1.624920
1560 400.00 139.76 28.92 70.53 -1.710761
1560 5.77 87.69 31.54 76.92 -1.756949
1560 175.75 175.00 20.50 50.00 -1.938215
1560 615.91 74.85 24.37 59.45 -2.149658
1590 388.72 139.76 28.92 70.53 1.751140
1590 187.75 167.00 20.50 50.00 -0.958126
1590 165.75 173.00 20.50 50.00 -0.972926
1590 418.43 129.23 34.37 83.83 -1.059373
1590 379.80 158.18 22.38 54.58 -1.197206
1590 400.00 131.29 28.92 70.53 -1.329542
1590 451.50 122.00 41.00 100.00 -1.476532
1590 387.51 169.90 24.37 59.45 -1.674018
1620 391.62 122.52 34.37 83.83 0.347839
1620 137.75 163.00 20.50 50.00 0.101740
1620 602.97 133.74 37.52 91.50 0.084526
1620 530.51 160.36 22.38 54.58 -0.113754
1620 104.57 156.00 22.38 54.58 -0.475406
1620 425.58 117.62 24.37 59.45 -0.644535
1620 413.68 117.62 24.37 59.45 -1.264061
1620 85.75 167.00 20.50 50.00 -1.437114
1620 128.60 164.73 22.38 54.58 -1.495242
1620 13.98 98.61 24.37 59.45 -1.532308
1620 97.75 165.00 20.50 50.00 -1.727775
1620 436.54 121.54 31.54 76.92 -1.983979
1650 221.75 155.00 20.50 50.00 1.595971
1650 67.75 165.00 20.50 50.00 0.810164
1650 229.75 151.00 20.50 50.00 0.207876
1650 404.16 136.63 24.37 59.45 0.123941
1650 487.75 167.00 20.50 50.00 -0.587922
1650 192.42 146.14 24.37 59.45 -0.776950
1650 57.75 169.00 20.50 50.00 -0.889849
1650 409.75 177.00 20.50 50.00 -0.997958
1650 430.03 151.64 22.38 54.58 -1.126678
1650 397.03 162.77 24.37 59.45 -1.293243
1650 528.33 88.36 22.38 54.58 -1.656772
1650 456.69 93.44 37.52 91.50 -1.831895
1650 -0.38 140.00 31.54 76.92 -1.894083
1650 108.50 131.03 26.57 64.81 -1.930080
1650 551.23 30.55 89.69 218.76 -2.948531
1650 534.88 42.55 22.38 54.58 -2.966963
1680 235.75 139.00 20.50 50.00 0.529674
1680 416.59 102.18 48.64 118.64 0.127116
1680 401.64 156.00 22.38 54.58 -0.357904
1680 163.17 134.12 28.92 70.53 -0.621685
1680 152.55 138.81 26.57 64.81 -0.934060
1680 105.91 159.57 26.57 64.81 -1.070800
1680 229.75 145.00 20.50 50.00 -1.183805
1680 76.34 104.43 37.52 91.50 -1.449396
1680 3.75 173.00 20.50 50.00 -1.637976
1680 436.15 70.77 63.08 153.85 -1.773563
1680 66.60 75.52 34.37 83.83 -2.494951
1680 546.45 80.00 52.90 129.03 -2.512171
1680 565.52 18.46 75.52 184.20 -2.908669
1710 449.37 169.90 24.37 59.45 0.785946
1710 105.91 167.35 26.57 64.81 -0.263096
1710 91.75 91.00 20.50 50.00 -0.832989
1710 10.65 175.64 22.38 54.58 -1.159798
1710 141.75 137.00 20.50 50.00 -1.200086
1710 477.47 57.47 69.16 168.67 -1.285453
1710 565.52 55.38 75.52 184.20 -1.348632
1710 231.75 153.00 20.50 50.00 -1.373841
1710 -0.30 167.52 24.37 59.45 -1.522852
1710 58.85 105.88 28.92 70.53 -1.761620
1710 467.67 179.29 28.92 70.53 -2.108962
1710 82.73 84.00 22.38 54.58 -2.220595
1710 65.75 85.00 20.50 50.00 -2.408400
1710 -0.30 77.23 24.37 59.45 -2.533722
1710 35.50 70.00 41.00 100.00 -2.756768
1710 21.49 71.45 37.52 91.50 -3.059875
1710 -0.25 55.00 20.50 50.00 -3.086746
1740 595.92 172.36 44.67 108.95 0.834899
1740 485.77 161.54 31.54 76.92 0.336000
1740 168.62 146.14 24.37 59.45 0.039030
1740 419.11 175.64 22.38 54.58 -0.301749
1740 530.61 98.18 44.67 108.95 -0.827938
1740 157.73 146.59 26.57 64.81 -0.962889
1740 231.26 149.45 22.38 54.58 -0.976617
1740 430.38 121.54 31.54 76.92 -1.151974
1740 42.53 79.60 24.37 59.45 -1.160784
1740 110.16 146.01 34.37 83.83 -1.221519
1740 395.75 151.00 20.50 50.00 -1.345182
1740 606.07 102.38 34.37 83.83 -2.337787
1740 619.75 43.00 20.50 50.00 -3.025633
1740 611.75 45.00 20.50 50.00 -3.289969
1770 80.59 160.40 24.37 59.45 2.536752
1770 197.75 175.00 20.50 50.00 1.698174
1770 425.75 179.00 20.50 50.00 0.424678
1770 165.75 141.00 20.50 50.00 0.162395
1770 71.08 162.77 24.37 59.45 0.151244
1770 45.75 169.00 20.50 50.00 -0.071007
1770 89.87 151.06 28.92 70.53 -0.382621
1770 419.75 185.00 20.50 50.00 -0.394913
1770 218.59 155.64 24.37 59.45 -0.855207
1770 582.65 160.94 57.98 141.42 -0.860876
1770 207.24 164.73 22.38 54.58 -1.204530
1770 613.77 89.51 26.57 64.81 -1.301680
1770 565.44 159.27 44.67 108.95 -1.387992
1770 482.09 129.23 34.37 83.83 -1.403220
1770 -0.25 87.00 20.50 50.00 -1.464741
1770 27.75 87.00 20.50 50.00 -1.522380
1770 6.28 159.44 34.37 83.83 -1.540944
1770 381.75 163.00 20.50 50.00 -1.588090
1770 600.18 88.94 28.92 70.53 -1.677609
1770 140.62 148.24 28.92 70.53 -1.711314
1770 579.50 98.00 41.00 100.00 -2.121134
1770 63.07 79.64 22.38 54.58 -2.538556
1800 36.30 156.71 28.92 70.53 2.021995
1800 49.66 162.77 24.37 59.45 0.732455
1800 139.75 183.00 20.50 50.00 0.411616
1800 116.28 134.26 24.37 59.45 0.231598
1800 441.75 185.00 20.50 50.00 -0.206241
1800 130.56 139.01 24.37 59.45 -0.342980
1800 596.04 97.09 22.38 54.58 -0.855163
1800 495.56 127.64 22.38 54.58 -0.883745
1800 419.43 146.59 26.57 64.81 -1.114671
1800 470.78 196.04 24.37 59.45 -1.272856
1800 237.75 157.00 20.50 50.00 -1.345359
1800 449.37 179.41 24.37 59.45 -1.432180
1800 518.41 159.53 28.92 70.53 -1.520037
1800 9.75 171.00 20.50 50.00 -1.681693
1800 140.62 145.41 28.92 70.53 -1.701880
1830 131.82 133.62 26.57 64.81 0.768134
1830 442.29 142.59 28.92 70.53 0.539517
1830 333.75 181.00 20.50 50.00 0.499854
1830 460.61 162.55 22.38 54.58 0.336006
1830 163.75 185.00 20.50 50.00 0.124404
1830 208.85 152.31 31.54 76.92 -0.191844
1830 535.71 105.73 34.37 83.83 -0.203219
1830 431.01 142.59 28.92 70.53 -0.373235
1830 463.75 183.00 20.50 50.00 -0.565717
1830 494.57 180.32 26.57 64.81 -0.623277
1830 -0.30 207.92 24.37 59.45 -0.653840
1830 199.19 162.16 26.57 64.81 -0.714394
1830 481.62 188.11 26.57 64.81 -0.743806
1830 -0.25 157.00 20.50 50.00 -0.830689
1830 6.28 164.73 22.38 54.58 -1.000379
1830 120.88 142.59 28.92 70.53 -1.311418
1830 -0.30 186.53 24.37 59.45 -1.930336
1830 467.75 195.00 20.50 50.00 -1.969892
1830 592.00 144.73 37.52 91.50 -2.136305
1830 613.77 11.68 26.57 64.81 -2.676152
1830 569.75 45.00 20.50 50.00 -2.913673
