30 579.75 217.00 20.50 50.00 1.476585
30 337.97 153.88 28.92 70.53 0.308278
30 326.15 156.97 26.57 64.81 0.119568
30 351.75 183.00 20.50 50.00 -0.769022
30 317.28 181.09 44.67 108.95 -1.341249
30 245.77 155.38 31.54 76.92 -1.429594
30 539.78 203.17 24.37 59.45 -2.194935
30 561.75 221.00 20.50 50.00 -2.903070
30 417.75 5.00 20.50 50.00 -4.020025
30 520.65 18.07 52.90 129.03 -4.271349
60 183.75 187.00 20.50 50.00 4.178585
60 111.75 195.00 20.50 50.00 3.016957
60 49.97 190.91 22.38 54.58 2.089703
60 560.70 179.29 28.92 70.53 0.905423
60 191.75 187.00 20.50 50.00 -0.000781
60 103.75 197.00 20.50 50.00 -0.496725
60 37.77 188.91 24.37 59.45 -0.596122
60 559.75 157.00 20.50 50.00 -1.120736
60 478.09 166.91 22.38 54.58 -1.595279
60 291.75 227.00 20.50 50.00 -1.947718
60 419.75 7.00 20.50 50.00 -3.409980
60 393.75 7.00 20.50 50.00 -4.585112
90 95.84 241.09 22.38 54.58 0.010032
90 321.78 116.44 48.64 118.64 -0.152699
90 447.94 172.54 26.57 64.81 -1.238075
90 388.53 171.27 22.38 54.58 -1.289851
90 339.05 146.18 44.67 108.95 -1.507296
90 458.88 177.03 24.37 59.45 -1.562833
90 230.20 229.09 44.67 108.95 -1.894258
90 71.75 241.00 20.50 50.00 -2.333363
90 339.75 15.00 20.50 50.00 -3.075203
90 515.48 18.07 52.90 129.03 -3.705398
90 419.75 5.00 20.50 50.00 -3.741133
90 397.75 5.00 20.50 50.00 -4.022703
120 71.81 188.73 22.38 54.58 2.022656
120 35.39 188.91 24.37 59.45 1.361723
120 115.49 182.18 22.38 54.58 1.131023
120 169.75 183.00 20.50 50.00 -0.072664
120 108.94 188.73 22.38 54.58 -0.612603
120 331.50 142.00 41.00 100.00 -0.617066
120 319.62 155.38 31.54 76.92 -0.822805
120 561.75 171.00 20.50 50.00 -1.045188
120 63.75 197.00 20.50 50.00 -1.706421
120 -0.54 189.82 44.67 108.95 -1.939486
120 419.75 5.00 20.50 50.00 -3.379502
120 341.75 11.00 20.50 50.00 -3.944111
150 100.20 186.55 22.38 54.58 6.858370
150 73.75 195.00 20.50 50.00 2.454598
150 143.75 187.00 20.50 50.00 1.787507
150 16.36 188.91 24.37 59.45 0.697954
150 332.34 144.73 37.52 91.50 -0.159914
150 135.75 193.00 20.50 50.00 -0.619530
150 33.75 205.00 20.50 50.00 -1.030338
150 458.43 180.00 22.38 54.58 -1.041159
150 61.56 193.66 24.37 59.45 -1.210705
150 401.30 172.54 26.57 64.81 -1.298459
150 561.75 173.00 20.50 50.00 -1.399341
150 387.75 173.00 20.50 50.00 -1.523150
150 93.65 195.27 22.38 54.58 -1.577781
150 41.23 201.82 22.38 54.58 -2.041803
150 419.75 5.00 20.50 50.00 -3.152009
150 337.75 15.00 20.50 50.00 -3.374211
150 515.48 18.07 52.90 129.03 -4.096977
150 455.75 9.00 20.50 50.00 -4.726666
180 99.63 184.16 24.37 59.45 4.848937
180 130.56 186.53 24.37 59.45 3.574077
180 42.53 186.53 24.37 59.45 2.803863
180 75.75 193.00 20.50 50.00 1.744137
180 67.44 197.45 22.38 54.58 0.656581
180 121.75 197.00 20.50 50.00 -0.262548
180 321.78 116.44 48.64 118.64 -0.388370
180 109.14 184.16 24.37 59.45 -0.670311
180 386.35 171.27 22.38 54.58 -0.996601
180 55.75 201.00 20.50 50.00 -1.131504
180 23.00 177.73 26.57 64.81 -1.160687
180 344.71 162.80 34.37 83.83 -1.187199
180 561.75 173.00 20.50 50.00 -1.213148
180 458.43 180.00 22.38 54.58 -1.344884
180 419.75 5.00 20.50 50.00 -3.352048
180 359.62 7.69 31.54 76.92 -4.012950
180 339.75 11.00 20.50 50.00 -4.150279
210 95.55 188.11 26.57 64.81 2.066071
210 71.75 195.00 20.50 50.00 0.496136
210 119.86 190.91 22.38 54.58 0.434200
210 279.75 199.00 20.50 50.00 0.399459
210 563.75 175.00 20.50 50.00 -0.043455
210 109.75 197.00 20.50 50.00 -0.056801
210 319.35 110.97 52.90 129.03 -0.604114
210 37.77 188.91 24.37 59.45 -0.854630
210 85.35 196.04 24.37 59.45 -1.211811
210 411.75 169.00 20.50 50.00 -1.288104
210 60.89 195.27 22.38 54.58 -1.397104
210 336.00 140.20 48.64 118.64 -1.573463
210 419.75 7.00 20.50 50.00 -3.320318
240 92.69 184.94 28.92 70.53 1.882434
240 73.99 195.27 22.38 54.58 1.331502
240 37.77 188.91 24.37 59.45 0.717030
240 63.07 197.45 22.38 54.58 0.143671
240 113.31 190.91 22.38 54.58 -0.032289
240 319.35 116.13 52.90 129.03 -0.404863
240 29.75 201.00 20.50 50.00 -1.193434
240 52.15 206.18 22.38 54.58 -1.315321
240 561.09 169.09 22.38 54.58 -1.467289
240 247.75 170.82 28.92 70.53 -1.933516
240 337.75 15.00 20.50 50.00 -3.692900
270 92.95 188.11 26.57 64.81 4.965009
270 35.95 188.11 26.57 64.81 3.220664
270 115.49 190.91 22.38 54.58 1.364069
270 106.76 199.64 22.38 54.58 0.056270
270 331.31 152.73 34.37 83.83 -0.078439
270 81.75 201.00 20.50 50.00 -0.516652
270 49.66 188.91 24.37 59.45 -0.567665
270 563.75 173.00 20.50 50.00 -0.844717
270 388.53 173.45 22.38 54.58 -0.953853
270 458.30 175.14 26.57 64.81 -0.968882
270 58.70 197.45 22.38 54.58 -1.000042
270 73.75 195.00 20.50 50.00 -1.248563
270 27.75 201.00 20.50 50.00 -1.552082
270 349.47 177.73 26.57 64.81 -1.777422
270 108.94 184.36 22.38 54.58 -1.786161
270 419.75 7.00 20.50 50.00 -3.460802
270 339.75 13.00 20.50 50.00 -3.644845
300 84.23 187.76 28.92 70.53 5.621239
300 28.18 188.11 26.57 64.81 2.970847
300 63.75 197.00 20.50 50.00 0.515698
300 123.70 173.65 28.92 70.53 0.006226
300 329.75 175.00 20.50 50.00 -0.164615
300 461.75 189.00 20.50 50.00 -0.840216
300 611.45 136.94 28.92 70.53 -0.934531
300 139.52 204.00 22.38 54.58 -1.001833
300 19.75 201.00 20.50 50.00 -1.252013
300 76.18 197.45 22.38 54.58 -1.320755
300 402.82 173.65 28.92 70.53 -1.447352
300 52.15 199.64 22.38 54.58 -1.449038
300 335.75 9.00 20.50 50.00 -3.321832
300 417.75 5.00 20.50 50.00 -3.732782
330 72.23 188.11 26.57 64.81 3.679202
330 12.63 188.11 26.57 64.81 3.166797
330 121.46 190.70 26.57 64.81 1.085047
330 48.91 193.30 26.57 64.81 0.869737
330 321.78 121.19 48.64 118.64 -0.373425
330 412.56 166.91 22.38 54.58 -0.458070
330 4.10 199.64 22.38 54.58 -0.546538
330 272.76 197.45 22.38 54.58 -0.769087
330 565.75 173.00 20.50 50.00 -1.016376
330 450.75 170.82 28.92 70.53 -1.598220
330 27.75 203.00 20.50 50.00 -1.752557
330 63.07 201.82 22.38 54.58 -2.080678
330 416.93 1.09 22.38 54.58 -4.171430
360 56.55 182.94 34.37 83.83 4.954208
360 102.39 195.27 22.38 54.58 2.060022
360 47.78 204.00 22.38 54.58 1.245575
360 33.01 193.66 24.37 59.45 1.099267
360 319.35 110.97 52.90 129.03 -0.130055
360 1.75 205.00 20.50 50.00 -0.992070
360 25.94 201.82 22.38 54.58 -1.160725
360 333.75 9.00 20.50 50.00 -4.341529
360 463.64 5.94 24.37 59.45 -4.398983
390 42.69 186.15 31.54 76.92 4.173106
390 85.35 196.04 24.37 59.45 2.259786
390 16.36 196.04 24.37 59.45 0.952701
390 314.19 110.97 52.90 129.03 -0.424955
390 261.75 201.00 20.50 50.00 -1.200986
390 33.46 195.38 31.54 76.92 -1.235540
390 466.07 172.54 26.57 64.81 -1.959062
390 6.84 200.79 24.37 59.45 -2.102366
390 411.75 1.00 20.50 50.00 -4.519501
420 27.31 183.08 31.54 76.92 3.911796
420 13.75 205.00 20.50 50.00 1.332705
420 68.70 193.66 24.37 59.45 1.174422
420 -0.27 201.82 22.38 54.58 0.578135
420 323.50 138.00 41.00 100.00 0.084607
420 256.65 196.04 24.37 59.45 -0.478458
420 469.35 184.36 22.38 54.58 -0.516169
420 571.75 167.00 20.50 50.00 -0.738165
420 458.88 184.16 24.37 59.45 -0.767145
420 617.88 138.55 22.38 54.58 -1.565276
450 6.28 182.94 34.37 83.83 3.021591
450 47.58 184.94 28.92 70.53 0.459709
450 319.35 136.77 52.90 129.03 -0.342587
450 2.08 222.18 24.37 59.45 -0.736969
450 439.75 195.00 20.50 50.00 -0.840866
450 414.25 182.92 26.57 64.81 -1.345831
480 -0.38 180.00 31.54 76.92 0.904014
480 33.36 190.70 26.57 64.81 -0.095196
480 377.99 198.42 24.37 59.45 -0.642601
480 316.54 192.31 31.54 76.92 -0.863636
480 501.75 169.00 20.50 50.00 -1.164485
480 218.59 153.27 24.37 59.45 -1.349743
510 177.75 137.00 20.50 50.00 0.966769
510 288.46 76.92 63.08 153.85 -0.069995
510 213.92 204.71 28.92 70.53 -0.090559
510 187.75 133.00 20.50 50.00 -1.968487
510 76.34 250.99 37.52 91.50 -1.981962
540 21.15 176.92 31.54 76.92 2.026246
540 289.75 201.00 20.50 50.00 -0.210892
540 251.89 144.73 37.52 91.50 -0.406560
540 134.86 133.74 37.52 91.50 -1.691787
540 591.67 147.27 22.38 54.58 -1.811943
570 205.46 153.88 28.92 70.53 1.194796
570 16.34 176.22 34.37 83.83 -0.104579
570 583.75 165.00 20.50 50.00 -0.174736
570 226.29 159.39 37.52 91.50 -0.270494
570 69.03 152.06 37.52 91.50 -1.328721
570 197.00 145.41 28.92 70.53 -1.537875
600 171.75 221.00 20.50 50.00 -0.012499
600 573.75 165.00 20.50 50.00 -0.675146
600 113.68 111.55 69.16 168.67 -0.943163
600 -0.25 201.00 20.50 50.00 -0.949684
600 411.66 177.73 26.57 64.81 -1.349021
600 611.45 120.00 28.92 70.53 -1.967967
630 419.75 173.00 20.50 50.00 0.279754
630 119.86 225.82 22.38 54.58 -0.294524
630 552.35 164.73 22.38 54.58 -0.600291
630 60.41 133.09 44.67 108.95 -1.763113
660 537.75 175.00 20.50 50.00 0.279882
660 381.75 179.00 20.50 50.00 -0.784396
660 39.62 158.46 31.54 76.92 -0.990485
660 543.75 169.00 20.50 50.00 -1.255929
660 11.50 106.00 41.00 100.00 -1.500990
660 205.05 210.55 22.38 54.58 -2.186894
660 91.50 194.00 41.00 100.00 -2.284090
690 32.59 154.46 48.64 118.64 -0.600210
690 491.19 177.82 22.38 54.58 -0.854617
690 54.40 196.03 37.52 91.50 -2.147568
720 543.75 151.00 20.50 50.00 -1.445771
720 91.47 265.09 22.38 54.58 -2.082670
720 100.10 266.85 34.37 83.83 -3.389389
750 39.04 188.73 22.38 54.58 0.672212
750 303.50 170.00 41.00 100.00 -1.226423
750 255.29 225.82 22.38 54.58 -1.659722
780 183.75 203.00 20.50 50.00 -1.222224
780 543.75 151.00 20.50 50.00 -1.705720
810 82.97 191.29 24.37 59.45 -0.839534
810 613.77 120.65 26.57 64.81 -2.226925
810 98.02 201.82 22.38 54.58 -2.233755
810 428.66 -4.80 98.11 239.31 -4.932526
840 -0.27 210.55 22.38 54.58 -1.576344
870 418.36 -5.22 107.29 261.69 -5.245982
900 611.75 163.00 20.50 50.00 -1.779681
900 428.85 -5.22 107.29 261.69 -5.174358
930 -0.54 159.27 44.67 108.95 -1.127773
930 -0.42 45.31 34.37 83.83 -3.532431
930 428.85 -5.22 107.29 261.69 -4.846992
960 543.50 146.00 41.00 100.00 -0.668454
960 3.75 221.00 20.50 50.00 -1.497539
960 -0.42 38.60 34.37 83.83 -3.653772
960 428.85 -5.22 107.29 261.69 -4.851899
990 600.41 193.09 22.38 54.58 -0.503474
990 -0.35 196.24 28.92 70.53 -1.203638
990 432.86 -5.71 117.14 285.71 -4.836594
1020 588.90 193.41 28.92 70.53 -0.963433
1020 1.75 221.00 20.50 50.00 -0.974892
1020 619.75 189.00 20.50 50.00 -1.387434
1020 -0.27 86.18 22.38 54.58 -2.386557
1020 439.34 5.22 107.29 261.69 -3.947836
1050 85.77 195.38 31.54 76.92 3.164008
1050 619.75 149.00 20.50 50.00 -0.938817
1050 103.75 63.00 20.50 50.00 -2.728617
1080 8.89 187.72 48.64 118.64 4.864426
1080 368.91 185.04 37.52 91.50 4.376810
1080 180.53 177.88 57.98 141.42 3.305316
1080 123.23 183.23 52.90 129.03 3.267413
1080 205.81 188.39 52.90 129.03 1.310745
1080 105.60 218.02 37.52 91.50 -1.022742
1080 157.07 219.86 34.37 83.83 -1.365827
1110 299.47 183.53 57.98 141.42 7.118978
1110 450.53 165.63 69.16 168.67 4.070637
1110 528.74 151.38 75.52 184.20 2.594308
1110 504.42 158.87 69.16 168.67 0.829409
1110 325.99 224.73 44.67 108.95 0.424641
1110 282.48 166.59 57.98 141.42 -0.880287
1110 416.84 172.39 69.16 168.67 -1.974864
1140 157.00 230.18 22.38 54.58 -0.208258
1140 602.97 185.04 37.52 91.50 -1.678759
1170 26.11 64.22 69.16 168.67 -1.059251
1170 92.49 177.03 24.37 59.45 -1.862255
1170 515.38 43.08 126.15 307.69 -2.534906
1200 273.13 162.35 28.92 70.53 0.177167
1200 365.75 211.00 20.50 50.00 -1.156738
1200 178.14 143.76 24.37 59.45 -1.681553
1200 197.70 40.62 75.52 184.20 -1.915238
1200 101.75 51.00 20.50 50.00 -2.750913
1200 245.77 20.00 31.54 76.92 -3.340978
1200 349.47 9.08 26.57 64.81 -4.564683
1230 -0.38 167.69 31.54 76.92 -0.979650
1230 293.33 130.69 48.64 118.64 -1.386739
1230 48.91 172.54 26.57 64.81 -1.845623
1230 338.29 156.00 22.38 54.58 -1.921769
1230 191.95 20.73 22.38 54.58 -2.950407
1230 205.05 22.91 22.38 54.58 -3.598993
1230 376.13 2.58 52.90 129.03 -4.082247
1230 220.97 13.07 24.37 59.45 -4.383696
1260 217.75 153.00 20.50 50.00 0.220204
1260 279.75 159.00 20.50 50.00 -0.311968
1260 617.88 166.91 22.38 54.58 -1.355893
1260 197.17 148.51 24.37 59.45 -1.413205
1260 255.75 157.00 20.50 50.00 -1.482720
1260 385.75 165.00 20.50 50.00 -1.582263
1260 23.75 149.00 20.50 50.00 -1.726502
1260 455.17 77.54 75.52 184.20 -1.867527
1260 378.08 47.69 31.54 76.92 -2.582491
1290 372.79 151.78 26.57 64.81 -0.414921
1290 187.23 135.94 34.37 83.83 -0.903294
1290 174.45 156.71 28.92 70.53 -1.046799
1290 423.75 171.00 20.50 50.00 -1.269274
1290 287.29 151.78 26.57 64.81 -1.392499
1290 2.27 195.89 26.57 64.81 -1.606564
1290 25.75 137.00 20.50 50.00 -1.866586
1290 514.02 77.54 75.52 184.20 -2.158221
1320 543.79 134.12 28.92 70.53 1.845008
1320 23.75 135.00 20.50 50.00 0.841282
1320 277.13 125.45 22.38 54.58 0.393212
1320 284.80 133.74 37.52 91.50 -0.692380
1320 136.96 146.01 34.37 83.83 -0.735469
1320 399.62 143.08 31.54 76.92 -0.923855
1320 246.55 125.45 22.38 54.58 -1.185942
1320 268.40 127.64 22.38 54.58 -1.342298
1320 477.75 -1.00 20.50 50.00 -4.364884
1350 539.78 146.14 24.37 59.45 1.681601
1350 275.50 134.00 41.00 100.00 1.007029
1350 251.50 122.00 41.00 100.00 0.952482
1350 235.24 122.38 24.37 59.45 -0.353341
1350 411.50 138.00 41.00 100.00 -0.594982
1350 6.86 166.72 37.52 91.50 -1.256046
1350 103.70 116.44 48.64 118.64 -1.504889
1350 -0.30 127.13 24.37 59.45 -2.000393
1350 573.09 72.47 24.37 59.45 -2.310936
1350 619.75 47.00 20.50 50.00 -2.587396
1380 517.89 156.97 26.57 64.81 3.480382
1380 508.85 158.02 24.37 59.45 0.564877
1380 271.74 131.03 26.57 64.81 0.158477
1380 277.70 152.73 34.37 83.83 -0.232363
1380 261.41 131.88 24.37 59.45 -0.529321
1380 175.76 129.50 24.37 59.45 -0.624648
1380 404.35 128.73 44.67 108.95 -0.969508
1380 15.75 149.00 20.50 50.00 -1.008785
1380 117.75 183.00 20.50 50.00 -1.301428
1380 11.75 163.00 20.50 50.00 -1.898386
1410 494.57 162.16 26.57 64.81 3.620266
1410 274.35 159.44 34.37 83.83 0.349565
1410 9.75 157.00 20.50 50.00 -0.281863
1410 407.50 146.00 41.00 100.00 -0.661123
1410 108.30 141.82 44.67 108.95 -0.919461
1410 18.74 143.76 24.37 59.45 -1.332869
1410 264.03 142.91 22.38 54.58 -1.438700
1410 504.32 159.53 28.92 70.53 -1.880157
1410 68.70 215.05 24.37 59.45 -2.473328
1440 274.33 133.62 26.57 64.81 0.315219
1440 411.50 154.00 41.00 100.00 -0.112388
1440 276.54 167.69 31.54 76.92 -0.433842
1440 257.75 143.00 20.50 50.00 -1.054920
1440 602.97 141.07 37.52 91.50 -1.499579
1440 619.75 115.00 20.50 50.00 -1.789943
1440 4.46 155.64 24.37 59.45 -1.813254
1440 615.91 51.09 24.37 59.45 -3.396525
1440 16.97 -9.60 197.95 482.80 -3.588476
1470 468.66 154.38 26.57 64.81 3.600497
1470 259.50 142.00 41.00 100.00 0.810230
1470 -0.54 168.00 44.67 108.95 0.115414
1470 404.35 150.55 44.67 108.95 -0.211552
1470 107.75 197.00 20.50 50.00 -0.820252
1470 480.27 166.91 22.38 54.58 -1.285219
1500 -0.65 147.10 52.90 129.03 1.150371
1500 456.51 184.16 24.37 59.45 0.523670
1500 256.65 143.76 24.37 59.45 0.141394
1500 260.94 162.80 34.37 83.83 -0.593514
1500 156.73 146.14 24.37 59.45 -0.707092
1500 239.75 147.00 20.50 50.00 -1.004574
1500 450.53 164.76 26.57 64.81 -1.047464
1500 101.75 201.00 20.50 50.00 -1.533414
1500 383.00 60.00 82.00 200.00 -1.739269
1530 544.54 181.78 24.37 59.45 0.741458
1530 -0.65 136.77 52.90 129.03 0.229783
1530 387.75 199.00 20.50 50.00 -0.342061
1530 248.23 163.05 37.52 91.50 -0.499941
1530 142.45 150.89 24.37 59.45 -1.298854
1530 75.50 178.00 41.00 100.00 -1.571815
1530 -0.38 216.92 31.54 76.92 -1.717826
1530 599.50 122.00 41.00 100.00 -1.755190
1530 602.97 82.44 37.52 91.50 -2.084037
1560 227.69 146.59 26.57 64.81 0.020612
1560 398.00 56.00 164.00 400.00 -0.294663
1560 235.50 154.00 41.00 100.00 -0.504104
1560 79.50 178.00 41.00 100.00 -0.787241
1560 -0.35 153.88 28.92 70.53 -1.437842
1560 140.07 155.64 24.37 59.45 -1.844599
1560 367.12 48.00 89.69 218.76 -2.143061
1590 259.03 146.14 24.37 59.45 0.841333
1590 470.82 161.74 107.29 261.69 0.284212
1590 111.50 170.00 41.00 100.00 -0.021195
1590 227.69 144.00 26.57 64.81 -1.000260
1590 -0.35 153.88 28.92 70.53 -1.008442
1590 268.55 146.14 24.37 59.45 -1.093449
1590 395.65 150.55 44.67 108.95 -1.119860
1590 505.00 46.67 136.67 333.33 -1.851394
1590 49.97 212.73 22.38 54.58 -2.104847
1620 179.50 166.00 41.00 100.00 1.684759
1620 325.65 146.14 24.37 59.45 0.452654
1620 313.75 146.14 24.37 59.45 -0.309328
1620 459.50 158.00 41.00 100.00 -0.366189
1620 327.96 169.51 34.37 83.83 -0.371717
1620 287.29 141.41 26.57 64.81 -0.611179
1620 195.50 166.00 41.00 100.00 -0.651538
1620 1.75 157.00 20.50 50.00 -0.800893
1620 223.35 148.51 24.37 59.45 -1.005937
1620 619.75 101.00 20.50 50.00 -1.605482
1620 608.63 278.12 28.92 70.53 -4.735489
1650 424.62 138.81 26.57 64.81 1.027178
1650 287.50 158.00 41.00 100.00 0.916815
1650 395.09 145.09 22.38 54.58 -0.196072
1650 416.06 141.39 24.37 59.45 -0.353671
1650 436.54 176.92 31.54 76.92 -0.659922
1650 570.71 203.17 24.37 59.45 -1.160464
1650 224.23 161.54 31.54 76.92 -1.574261
1650 331.74 145.09 22.38 54.58 -1.648483
1650 434.98 141.41 26.57 64.81 -1.849990
1680 589.74 139.01 24.37 59.45 0.889198
1680 459.26 140.20 48.64 118.64 0.797024
1680 599.62 130.77 31.54 76.92 -0.598135
1680 497.19 140.20 48.64 118.64 -1.132020
1680 532.64 139.01 24.37 59.45 -1.156676
1680 8.89 149.70 48.64 118.64 -1.199303
1680 410.38 180.00 22.38 54.58 -1.438893
1680 565.95 136.63 24.37 59.45 -1.677264
1680 424.62 169.95 26.57 64.81 -1.701097
1680 215.75 191.00 20.50 50.00 -1.892198
1710 449.69 182.18 22.38 54.58 -0.108828
1710 441.75 191.00 20.50 50.00 -0.431881
1710 619.75 185.00 20.50 50.00 -0.463965
1710 406.54 181.78 24.37 59.45 -0.804390
1710 574.20 186.55 22.38 54.58 -1.443614
1710 476.54 155.38 31.54 76.92 -1.540748
1710 425.58 179.41 24.37 59.45 -1.882307
1710 613.77 149.19 26.57 64.81 -1.904340
1740 371.06 199.64 22.38 54.58 -0.232226
1740 419.75 203.00 20.50 50.00 -0.952511
1740 453.03 159.39 37.52 91.50 -1.539932
1740 546.61 190.59 28.92 70.53 -1.541909
1740 403.75 205.00 20.50 50.00 -1.619103
1740 438.53 159.44 34.37 83.83 -1.704997
1740 219.75 87.00 20.50 50.00 -1.777916
1740 85.75 215.00 20.50 50.00 -2.208461
1740 167.75 207.00 20.50 50.00 -2.513675
1740 247.75 7.06 28.92 70.53 -4.551734
1770 289.96 203.17 24.37 59.45 1.490239
1770 617.88 208.36 22.38 54.58 -0.041087
1770 233.46 198.46 31.54 76.92 -0.407422
1770 515.59 190.59 28.92 70.53 -0.418356
1770 279.75 209.00 20.50 50.00 -1.034215
1770 255.29 217.09 22.38 54.58 -1.575984
1770 617.88 73.09 22.38 54.58 -1.907436
1770 506.48 208.36 22.38 54.58 -2.182636
1770 117.75 31.00 20.50 50.00 -3.471811
1800 67.05 201.08 26.57 64.81 -1.101636
1800 473.85 128.43 26.57 64.81 -1.388924
1800 30.63 219.80 24.37 59.45 -1.835500
1830 469.35 103.64 22.38 54.58 -0.713574
1830 330.41 58.22 24.37 59.45 -1.808995
1830 606.07 102.38 34.37 83.83 -2.308821
1830 223.50 10.00 41.00 100.00 -4.117855
