30 473.85 177.73 26.57 64.81 8.000950
30 520.49 167.35 26.57 64.81 4.721933
30 454.06 164.73 22.38 54.58 1.829076
30 67.75 203.00 20.50 50.00 -0.152092
30 458.88 177.03 24.37 59.45 -0.164359
30 486.83 188.73 22.38 54.58 -0.365992
30 471.54 158.18 22.38 54.58 -0.852468
30 364.51 180.00 22.38 54.58 -0.991536
30 427.43 137.40 37.52 91.50 -1.090543
30 383.08 165.18 28.92 70.53 -1.113494
30 -0.35 134.12 28.92 70.53 -1.257452
30 113.75 193.00 20.50 50.00 -1.260846
30 368.48 162.77 24.37 59.45 -1.314638
30 503.36 53.65 57.98 141.42 -1.395420
30 186.23 169.95 26.57 64.81 -1.409439
30 512.71 159.57 26.57 64.81 -1.547329
30 466.02 186.53 24.37 59.45 -1.573553
30 23.75 193.09 22.38 54.58 -1.760152
30 475.75 137.00 20.50 50.00 -1.810387
30 149.75 193.00 20.50 50.00 -2.084214
30 530.85 164.76 26.57 64.81 -2.084215
60 525.50 181.78 24.37 59.45 9.048562
60 120.21 172.87 34.37 83.83 2.628448
60 535.02 179.41 24.37 59.45 0.916835
60 448.59 142.66 34.37 83.83 0.898526
60 471.31 115.42 37.52 91.50 0.052089
60 497.70 76.23 57.98 141.42 -0.339840
60 356.58 167.52 24.37 59.45 -0.396954
60 420.11 144.73 37.52 91.50 -0.622389
60 388.53 184.36 22.38 54.58 -1.125689
60 -0.35 184.94 28.92 70.53 -1.339845
60 349.75 183.00 20.50 50.00 -1.468830
60 375.43 186.55 22.38 54.58 -1.722025
60 235.24 184.16 24.37 59.45 -2.002194
90 540.97 173.65 28.92 70.53 5.667472
90 582.67 182.92 26.57 64.81 4.406851
90 459.75 183.00 20.50 50.00 1.183588
90 442.69 136.92 31.54 76.92 -0.007891
90 467.66 115.42 37.52 91.50 -1.138741
90 181.75 171.00 20.50 50.00 -1.786431
90 224.71 195.27 22.38 54.58 -2.034425
90 503.36 64.94 57.98 141.42 -2.070752
90 -0.50 130.00 41.00 100.00 -2.092812
90 395.75 5.00 20.50 50.00 -3.898420
120 547.31 173.85 31.54 76.92 6.382606
120 457.75 185.00 20.50 50.00 5.857996
120 237.49 182.94 34.37 83.83 3.655075
120 439.85 174.65 24.37 59.45 0.350125
120 464.00 122.75 37.52 91.50 0.236283
120 407.50 146.00 41.00 100.00 0.078221
120 445.11 142.59 28.92 70.53 -0.275700
120 341.75 185.00 20.50 50.00 -0.283827
120 363.72 198.42 24.37 59.45 -0.691345
120 553.46 192.31 31.54 76.92 -0.977308
120 372.57 159.39 37.52 91.50 -1.200732
120 -0.59 140.20 48.64 118.64 -1.752852
120 481.10 21.82 89.69 218.76 -3.311251
120 388.53 5.45 22.38 54.58 -3.533432
120 619.75 9.00 20.50 50.00 -3.942935
150 456.25 188.73 22.38 54.58 6.071610
150 566.34 182.12 28.92 70.53 4.554321
150 299.50 170.00 41.00 100.00 3.443219
150 462.80 195.27 22.38 54.58 0.812975
150 337.75 185.00 20.50 50.00 0.655258
150 435.18 139.30 34.37 83.83 0.044172
150 -0.38 140.00 31.54 76.92 0.031109
150 375.38 190.70 26.57 64.81 0.026924
150 39.75 163.00 20.50 50.00 -0.085406
150 409.14 155.73 37.52 91.50 -0.224381
150 359.84 198.49 26.57 64.81 -0.418464
150 492.04 104.47 57.98 141.42 -0.421611
150 459.50 126.00 41.00 100.00 -0.839522
150 60.89 160.36 22.38 54.58 -0.856005
150 28.25 150.89 24.37 59.45 -1.206909
150 574.80 190.59 28.92 70.53 -1.277934
150 51.75 167.00 20.50 50.00 -1.543284
150 571.98 168.00 28.92 70.53 -1.553499
150 417.75 83.00 20.50 50.00 -2.034443
150 507.75 29.00 20.50 50.00 -3.666307
180 361.47 186.29 34.37 83.83 5.046681
180 460.61 188.73 22.38 54.58 4.645828
180 584.23 180.00 31.54 76.92 4.522040
180 350.38 183.08 31.54 76.92 0.968884
180 431.83 142.66 34.37 83.83 0.771429
180 335.75 187.00 20.50 50.00 0.660527
180 467.17 197.45 22.38 54.58 0.460090
180 484.21 57.47 69.16 168.67 -1.595720
180 592.67 189.65 34.37 83.83 -1.669358
180 423.48 173.45 22.38 54.58 -1.726165
180 465.34 129.23 34.37 83.83 -1.761146
180 413.75 85.00 20.50 50.00 -2.098711
180 -0.30 210.30 24.37 59.45 -2.139883
210 599.37 176.22 34.37 83.83 4.635178
210 463.64 188.91 24.37 59.45 4.047648
210 428.48 182.94 34.37 83.83 3.198988
210 336.11 180.00 22.38 54.58 0.460970
210 -0.38 143.08 31.54 76.92 0.278851
210 418.08 195.38 31.54 76.92 -0.501773
210 409.75 143.00 20.50 50.00 -0.518401
210 492.04 93.18 57.98 141.42 -0.896430
210 455.50 126.00 41.00 100.00 -1.208827
210 368.48 198.42 24.37 59.45 -1.284177
210 259.75 213.00 20.50 50.00 -1.300771
210 415.75 163.00 20.50 50.00 -1.645060
210 434.98 151.78 26.57 64.81 -1.699744
210 137.00 211.46 26.57 64.81 -2.120175
210 72.23 208.86 26.57 64.81 -2.558485
210 381.75 13.00 20.50 50.00 -3.909250
240 599.37 176.22 34.37 83.83 4.747185
240 491.98 195.89 26.57 64.81 3.845038
240 466.02 188.91 24.37 59.45 3.211622
240 337.55 179.41 24.37 59.45 0.207772
240 400.00 150.55 44.67 108.95 -0.033773
240 179.75 217.00 20.50 50.00 -0.110015
240 473.16 196.04 24.37 59.45 -0.356685
240 433.46 146.15 31.54 76.92 -0.398973
240 370.86 198.42 24.37 59.45 -0.476821
240 -0.35 184.94 28.92 70.53 -1.103827
240 464.85 131.29 28.92 70.53 -1.231324
240 502.35 190.70 26.57 64.81 -1.449534
240 -0.32 149.19 26.57 64.81 -1.734809
240 515.22 90.55 22.38 54.58 -1.888215
240 465.75 83.00 20.50 50.00 -2.463310
240 377.75 7.00 20.50 50.00 -4.587054
270 437.05 104.79 69.16 168.67 0.483461
270 412.56 147.27 22.38 54.58 0.340067
270 335.75 187.00 20.50 50.00 0.122401
270 371.06 201.82 22.38 54.58 -0.137625
270 343.75 217.00 20.50 50.00 -0.748691
270 511.23 112.87 24.37 59.45 -0.882947
270 354.66 203.68 26.57 64.81 -0.925009
270 -0.32 149.19 26.57 64.81 -1.124163
270 421.75 183.00 20.50 50.00 -1.161936
270 520.74 115.25 24.37 59.45 -1.503618
270 -0.32 185.51 26.57 64.81 -1.669716
270 413.75 87.00 20.50 50.00 -1.861926
270 377.75 9.00 20.50 50.00 -4.187248
270 513.75 9.00 20.50 50.00 -4.538259
300 599.62 183.08 31.54 76.92 6.465915
300 473.85 188.11 26.57 64.81 6.313666
300 491.54 101.54 63.08 153.85 0.475475
300 331.75 187.00 20.50 50.00 0.258213
300 460.34 130.08 37.52 91.50 -0.036792
300 428.48 142.66 34.37 83.83 -0.380011
300 412.56 145.09 22.38 54.58 -0.772119
300 371.06 201.82 22.38 54.58 -0.898325
300 340.48 182.18 22.38 54.58 -1.866097
300 357.95 210.55 22.38 54.58 -1.886291
300 381.75 9.00 20.50 50.00 -3.915310
330 599.37 176.22 34.37 83.83 5.353957
330 481.76 184.94 28.92 70.53 5.286915
330 497.70 110.12 57.98 141.42 -0.103125
330 331.74 186.55 22.38 54.58 -0.322335
330 455.50 130.00 41.00 100.00 -0.405808
330 430.38 149.23 31.54 76.92 -0.539272
330 403.50 154.00 41.00 100.00 -0.673822
330 368.48 200.79 24.37 59.45 -0.990964
330 336.52 201.08 26.57 64.81 -1.173475
330 356.58 205.54 24.37 59.45 -1.548881
330 31.75 167.00 20.50 50.00 -1.830120
330 486.37 76.23 57.98 141.42 -2.597357
330 381.75 11.00 20.50 50.00 -4.274875
330 373.75 9.00 20.50 50.00 -4.386351
330 495.78 6.55 44.67 108.95 -4.881142
360 488.85 180.00 31.54 76.92 6.719499
360 602.69 183.08 31.54 76.92 5.681635
360 500.00 116.13 52.90 129.03 -0.085203
360 448.39 121.29 52.90 129.03 -0.144530
360 412.56 147.27 22.38 54.58 -0.282154
360 433.83 151.06 28.92 70.53 -1.249455
360 335.17 181.78 24.37 59.45 -1.293338
360 422.02 177.73 26.57 64.81 -1.303651
360 393.75 171.00 20.50 50.00 -1.431999
360 515.75 95.00 20.50 50.00 -1.435755
360 157.73 190.70 26.57 64.81 -2.065990
360 3.75 227.00 20.50 50.00 -2.311520
390 409.75 147.00 20.50 50.00 0.383430
390 401.75 139.00 20.50 50.00 -0.104189
390 423.75 137.00 20.50 50.00 -0.243000
390 491.54 89.23 63.08 153.85 -0.349562
390 605.99 180.32 26.57 64.81 -0.517150
390 442.69 100.00 31.54 76.92 -0.583306
390 466.02 117.62 24.37 59.45 -0.994484
390 415.75 135.00 20.50 50.00 -1.239248
390 455.00 136.92 31.54 76.92 -1.459998
390 64.45 206.27 26.57 64.81 -1.589874
390 -0.27 197.45 22.38 54.58 -2.048775
420 512.78 184.94 28.92 70.53 8.237435
420 605.77 183.08 31.54 76.92 5.329088
420 523.08 195.89 26.57 64.81 2.635346
420 430.38 146.15 31.54 76.92 0.419865
420 487.70 106.93 48.64 118.64 0.385533
420 366.17 196.24 28.92 70.53 -0.085449
420 329.75 189.00 20.50 50.00 -0.342481
420 453.03 130.08 37.52 91.50 -0.485397
420 419.75 187.00 20.50 50.00 -0.537200
420 599.26 207.92 24.37 59.45 -0.591248
420 -0.30 193.66 24.37 59.45 -1.171023
420 354.20 207.92 24.37 59.45 -1.519424
450 602.69 186.15 31.54 76.92 5.662547
450 525.77 180.00 31.54 76.92 4.589266
450 538.15 196.24 28.92 70.53 2.136633
450 413.75 145.00 20.50 50.00 1.517961
450 517.89 208.86 26.57 64.81 1.123295
450 405.75 145.00 20.50 50.00 0.352205
450 430.38 146.15 31.54 76.92 -0.735128
450 458.64 129.23 34.37 83.83 -0.866450
450 485.38 89.23 63.08 153.85 -1.157553
450 421.30 138.55 22.38 54.58 -1.295275
450 -0.27 193.09 22.38 54.58 -1.892487
450 377.61 5.45 22.38 54.58 -3.588477
450 499.93 36.00 22.38 54.58 -3.679198
450 369.75 9.00 20.50 50.00 -4.005591
480 330.41 179.41 24.37 59.45 0.043183
480 351.82 207.92 24.37 59.45 -0.916608
510 545.76 182.94 34.37 83.83 6.247393
510 589.32 182.94 34.37 83.83 6.053180
510 555.81 193.01 34.37 83.83 3.753439
510 424.23 146.15 31.54 76.92 1.040304
510 479.23 101.54 63.08 153.85 -0.822385
510 416.06 179.41 24.37 59.45 -1.344805
510 387.20 166.72 37.52 91.50 -1.555353
510 405.75 85.00 20.50 50.00 -2.088599
510 619.75 25.00 20.50 50.00 -3.769384
540 548.11 181.37 37.52 91.50 6.502023
540 582.62 182.94 34.37 83.83 5.602791
540 559.09 192.37 37.52 91.50 1.902041
540 383.41 149.70 48.64 118.64 0.579452
540 323.00 182.18 22.38 54.58 0.141664
540 412.80 137.40 37.52 91.50 0.005707
540 351.82 203.17 24.37 59.45 -0.219643
540 478.22 106.93 48.64 118.64 -0.912560
540 439.18 120.00 44.67 108.95 -1.183691
540 139.60 188.11 26.57 64.81 -1.812080
540 401.75 83.00 20.50 50.00 -1.849353
540 369.75 5.00 20.50 50.00 -3.861689
540 229.75 17.00 20.50 50.00 -4.143669
570 549.11 189.65 34.37 83.83 5.981320
570 577.37 181.37 37.52 91.50 4.766195
570 411.73 142.66 34.37 83.83 0.666407
570 559.16 199.72 34.37 83.83 0.142497
570 382.59 150.55 44.67 108.95 -0.388398
570 469.38 98.82 57.98 141.42 -1.142649
570 313.75 184.16 24.37 59.45 -1.346656
570 438.40 130.08 37.52 91.50 -1.413213
570 333.93 203.68 26.57 64.81 -1.440321
570 395.75 83.00 20.50 50.00 -1.865516
570 349.22 201.82 22.38 54.58 -1.981875
570 365.75 3.00 20.50 50.00 -4.267287
600 555.75 185.00 20.50 50.00 0.831866
600 581.75 181.00 20.50 50.00 0.651332
600 368.87 169.09 22.38 54.58 -0.192427
600 309.00 181.78 24.37 59.45 -0.766161
600 431.50 126.00 41.00 100.00 -0.822785
600 371.81 187.76 28.92 70.53 -0.919742
600 405.77 146.15 31.54 76.92 -0.988248
600 397.27 182.18 22.38 54.58 -1.298572
600 301.75 193.00 20.50 50.00 -1.390655
600 6.28 182.94 34.37 83.83 -1.399099
600 387.75 83.00 20.50 50.00 -1.552393
600 473.08 95.39 63.08 153.85 -1.694643
600 547.75 183.00 20.50 50.00 -2.019599
630 547.50 182.00 41.00 100.00 7.585702
630 571.50 178.00 41.00 100.00 4.472134
630 466.92 95.39 63.08 153.85 0.057741
630 364.82 176.22 34.37 83.83 -0.326843
630 559.50 194.00 41.00 100.00 -0.478982
630 301.86 181.78 24.37 59.45 -0.680644
630 320.97 206.27 26.57 64.81 -1.093940
630 427.50 122.00 41.00 100.00 -1.222441
630 117.68 190.91 22.38 54.58 -1.286799
630 335.17 203.17 24.37 59.45 -1.502501
630 297.65 201.08 26.57 64.81 -1.677095
630 608.85 201.54 31.54 76.92 -2.121314
630 149.75 195.00 20.50 50.00 -2.401513
660 543.50 186.00 41.00 100.00 6.085197
660 575.92 186.29 34.37 83.83 3.708047
660 396.54 146.15 31.54 76.92 -0.225126
660 365.17 150.55 44.67 108.95 -0.276279
660 -0.35 201.88 28.92 70.53 -0.297608
660 565.86 196.36 34.37 83.83 -0.431410
660 466.92 101.54 63.08 153.85 -0.751951
660 289.75 195.00 20.50 50.00 -0.780954
660 297.10 181.78 24.37 59.45 -1.111414
660 420.11 130.08 37.52 91.50 -1.168206
660 327.37 204.00 22.38 54.58 -1.347821
660 318.51 207.92 24.37 59.45 -1.421679
660 354.76 182.94 34.37 83.83 -1.684033
660 606.07 223.22 34.37 83.83 -2.382088
660 177.75 7.00 20.50 50.00 -4.402372
660 347.75 1.00 20.50 50.00 -4.653306
690 543.67 181.09 44.67 108.95 6.609196
690 577.37 192.37 37.52 91.50 5.090649
690 559.50 198.00 41.00 100.00 0.801308
690 452.39 104.47 57.98 141.42 -0.074531
690 283.75 193.00 20.50 50.00 -0.161045
690 356.46 154.91 44.67 108.95 -0.365577
690 387.20 137.40 37.52 91.50 -0.529053
690 615.91 122.38 24.37 59.45 -0.556904
690 290.24 184.36 22.38 54.58 -0.667635
690 415.50 126.00 41.00 100.00 -0.948155
690 592.00 185.04 37.52 91.50 -0.967144
690 323.27 203.17 24.37 59.45 -1.053778
690 295.75 205.00 20.50 50.00 -1.385149
690 -0.27 188.73 22.38 54.58 -2.110116
690 617.88 77.45 22.38 54.58 -2.754446
720 549.33 178.22 48.64 118.64 7.712829
720 592.00 192.37 37.52 91.50 6.004213
720 569.80 194.18 44.67 108.95 0.788040
720 278.07 181.78 24.37 59.45 0.230598
720 381.57 146.01 34.37 83.83 0.149314
720 454.62 107.69 63.08 153.85 -0.279947
720 608.85 164.62 31.54 76.92 -0.288484
720 351.50 158.00 41.00 100.00 -0.587587
720 270.58 188.73 22.38 54.58 -0.612980
720 606.07 206.43 34.37 83.83 -0.787243
720 436.15 89.23 63.08 153.85 -1.049191
720 407.50 122.00 41.00 100.00 -1.107703
720 313.20 201.08 26.57 64.81 -1.366379
750 556.77 178.06 52.90 129.03 7.374077
750 602.97 192.37 37.52 91.50 1.475374
750 266.17 181.78 24.37 59.45 0.057718
750 365.26 141.07 37.52 91.50 -0.075309
750 437.05 98.03 69.16 168.67 -0.476900
750 391.29 120.00 44.67 108.95 -0.672841
750 358.96 184.16 24.37 59.45 -1.083475
750 281.59 207.53 28.92 70.53 -1.244353
750 595.66 170.38 37.52 91.50 -1.294355
750 615.91 165.15 24.37 59.45 -1.380908
750 294.72 205.54 24.37 59.45 -1.384010
750 271.75 207.00 20.50 50.00 -2.228988
750 449.75 73.00 20.50 50.00 -2.507485
750 319.75 -1.00 20.50 50.00 -4.022369
780 571.33 172.24 57.98 141.42 6.094162
780 599.50 150.00 41.00 100.00 0.411669
780 354.29 144.73 37.52 91.50 0.323511
780 416.84 104.79 69.16 168.67 -0.241278
780 317.75 179.00 20.50 50.00 -0.882789
780 284.41 199.06 28.92 70.53 -1.180152
780 378.23 128.73 44.67 108.95 -1.447075
780 221.75 191.00 20.50 50.00 -1.515104
780 254.28 186.53 24.37 59.45 -1.740742
780 595.92 220.36 44.67 108.95 -2.110048
780 599.50 78.00 41.00 100.00 -2.586848
780 121.75 1.00 20.50 50.00 -4.244525
810 599.50 194.00 41.00 100.00 2.685952
810 599.50 230.00 41.00 100.00 0.769396
810 608.85 149.23 31.54 76.92 0.337624
810 416.84 104.79 69.16 168.67 -0.193326
810 235.47 208.86 26.57 64.81 -0.422220
810 335.75 189.00 20.50 50.00 -0.567798
810 263.75 211.00 20.50 50.00 -0.836909
810 295.51 172.36 44.67 108.95 -0.949646
810 596.02 162.80 34.37 83.83 -1.001989
810 229.08 190.91 22.38 54.58 -1.183056
810 75.75 193.00 20.50 50.00 -1.266329
810 583.50 190.00 41.00 100.00 -1.509642
810 335.00 143.08 31.54 76.92 -1.732463
810 396.63 84.51 69.16 168.67 -1.881497
810 599.50 82.00 41.00 100.00 -2.014566
810 319.75 73.00 20.50 50.00 -2.169367
840 209.75 193.00 20.50 50.00 0.466533
840 317.71 141.07 37.52 91.50 -0.025119
840 388.97 77.54 75.52 184.20 -0.676358
840 619.75 217.00 20.50 50.00 -0.742513
840 286.80 150.55 44.67 108.95 -0.790823
840 619.75 197.00 20.50 50.00 -0.839087
840 350.63 122.75 37.52 91.50 -1.414120
840 -0.50 186.00 41.00 100.00 -1.704889
840 251.75 213.00 20.50 50.00 -2.051298
870 195.75 189.00 20.50 50.00 -0.295594
870 297.10 179.41 24.37 59.45 -0.648521
870 386.92 89.23 63.08 153.85 -0.749907
870 255.50 178.00 41.00 100.00 -1.188732
870 304.50 142.66 34.37 83.83 -1.289471
870 608.85 189.23 31.54 76.92 -1.468933
870 199.82 204.71 28.92 70.53 -1.526865
870 223.35 203.17 24.37 59.45 -2.146096
870 332.05 21.82 89.69 218.76 -3.536751
900 606.07 179.58 34.37 83.83 1.685073
900 182.91 204.71 28.92 70.53 -0.263638
900 249.75 171.00 20.50 50.00 -0.287411
900 602.97 214.35 37.52 91.50 -0.492835
900 291.10 142.66 34.37 83.83 -0.653106
900 366.90 84.92 75.52 184.20 -0.762722
900 213.75 211.00 20.50 50.00 -0.853014
900 251.92 198.46 31.54 76.92 -1.308030
900 317.28 111.27 44.67 108.95 -1.467366
900 593.46 186.15 31.54 76.92 -1.706293
930 556.77 178.06 52.90 129.03 10.719874
930 591.50 170.00 41.00 100.00 1.580546
930 281.14 133.74 37.52 91.50 0.487989
930 240.00 166.91 22.38 54.58 0.268619
930 362.95 91.27 69.16 168.67 -0.110654
930 539.85 173.47 48.64 118.64 -0.475729
930 264.23 158.46 31.54 76.92 -0.859920
930 -0.46 188.70 37.52 91.50 -1.153609
930 205.46 196.24 28.92 70.53 -1.497853
930 239.30 204.71 28.92 70.53 -1.597576
930 175.09 196.03 37.52 91.50 -1.634843
930 602.97 119.08 37.52 91.50 -1.685876
960 530.37 178.22 48.64 118.64 10.185887
960 602.97 181.37 37.52 91.50 2.871608
960 583.50 170.00 41.00 100.00 0.165322
960 565.75 201.00 20.50 50.00 0.125404
960 226.89 166.91 22.38 54.58 0.073806
960 349.47 91.27 69.16 168.67 -0.162632
960 266.17 179.41 24.37 59.45 -0.902919
960 156.54 198.46 31.54 76.92 -1.100187
960 230.84 199.06 28.92 70.53 -1.182432
960 242.11 196.24 28.92 70.53 -1.285532
960 30.66 196.24 28.92 70.53 -1.685754
960 270.17 130.08 37.52 91.50 -1.740732
960 329.26 70.99 69.16 168.67 -1.843372
960 295.50 122.00 41.00 100.00 -1.851955
960 602.97 115.42 37.52 91.50 -2.074236
990 487.70 173.47 48.64 118.64 8.830980
990 577.78 178.22 48.64 118.64 3.802973
990 193.46 198.46 31.54 76.92 0.230215
990 558.81 168.71 48.64 118.64 -0.010716
990 322.53 91.27 69.16 168.67 -0.259550
990 155.75 209.00 20.50 50.00 -0.484083
990 123.50 186.00 41.00 100.00 -0.603744
990 508.84 189.82 44.67 108.95 -0.918700
990 602.72 135.94 34.37 83.83 -0.967267
990 205.77 186.15 31.54 76.92 -1.582047
990 302.32 70.99 69.16 168.67 -2.313650
1020 402.37 168.71 48.64 118.64 7.586339
1020 141.63 149.70 48.64 118.64 1.911149
1020 518.86 174.05 37.52 91.50 0.833117
1020 72.69 192.37 37.52 91.50 0.199561
1020 185.28 172.28 24.37 59.45 0.173500
1020 263.91 70.15 75.52 184.20 -0.692216
1020 96.75 179.58 34.37 83.83 -0.787356
1020 427.50 194.00 41.00 100.00 -0.837178
1020 617.88 258.55 22.38 54.58 -1.234476
1020 599.75 201.00 20.50 50.00 -1.431183
1020 161.75 125.00 20.50 50.00 -1.761908
1020 197.70 70.15 75.52 184.20 -2.447726
1020 617.88 214.91 22.38 54.58 -2.768639
1020 159.75 55.00 20.50 50.00 -2.877225
1050 323.50 174.00 41.00 100.00 7.364302
1050 602.97 177.71 37.52 91.50 4.566266
1050 96.75 189.65 34.37 83.83 1.647050
1050 107.50 166.00 41.00 100.00 0.703648
1050 32.46 192.37 37.52 91.50 -0.861898
1050 54.09 198.49 26.57 64.81 -0.868556
1050 219.77 62.77 75.52 184.20 -0.921955
1050 143.50 126.00 41.00 100.00 -0.960597
1050 561.75 201.00 20.50 50.00 -1.096701
1050 464.00 159.21 48.64 118.64 -1.577537
1050 327.50 202.00 41.00 100.00 -1.808091
1050 14.17 181.37 37.52 91.50 -2.018932
1050 165.38 95.39 63.08 153.85 -2.205196
1050 113.90 39.21 24.37 59.45 -2.981082
1080 275.50 170.00 41.00 100.00 8.375535
1080 537.14 185.04 37.52 91.50 6.136048
1080 85.77 192.31 31.54 76.92 2.167363
1080 548.11 199.69 37.52 91.50 1.206965
1080 10.51 192.37 37.52 91.50 0.238589
1080 463.50 174.00 41.00 100.00 -0.005660
1080 529.83 166.72 37.52 91.50 -0.276301
1080 123.70 168.00 28.92 70.53 -0.534698
1080 38.54 193.30 26.57 64.81 -1.095359
1080 197.70 70.15 75.52 184.20 -1.154992
1080 95.75 49.00 20.50 50.00 -3.257659
1110 415.50 182.00 41.00 100.00 9.357417
1110 197.03 177.71 37.52 91.50 7.414463
1110 26.39 196.36 34.37 83.83 1.903874
1110 435.18 196.36 34.37 83.83 -0.108758
1110 39.62 192.31 31.54 76.92 -0.414693
1110 403.50 194.00 41.00 100.00 -0.693487
1110 80.00 133.74 37.52 91.50 -0.819050
1110 72.23 175.14 26.57 64.81 -0.915378
1110 619.75 95.00 20.50 50.00 -1.357187
1110 103.70 106.93 48.64 118.64 -1.685566
1110 501.15 195.38 31.54 76.92 -2.001626
1110 143.00 52.00 82.00 200.00 -2.231650
1140 108.30 181.09 44.67 108.95 4.110101
1140 95.24 194.18 44.67 108.95 0.726331
1140 127.50 190.00 41.00 100.00 -0.564523
1170 173.38 153.27 24.37 59.45 -0.466082
1170 482.68 210.30 24.37 59.45 -1.601755
1200 233.60 188.70 37.52 91.50 -0.034338
1200 437.47 162.77 24.37 59.45 -0.450301
1200 329.75 155.00 20.50 50.00 -0.464171
1200 230.48 91.48 24.37 59.45 -1.543835
1200 211.75 97.00 20.50 50.00 -1.609534
1200 416.93 166.91 22.38 54.58 -1.705256
1200 247.14 100.99 24.37 59.45 -1.812125
1200 157.75 255.00 20.50 50.00 -2.832880
1200 36.44 28.53 34.37 83.83 -3.521215
1230 541.75 185.00 20.50 50.00 2.536467
1230 229.75 175.00 20.50 50.00 0.590994
1230 191.95 182.18 22.38 54.58 0.107178
1230 242.38 165.15 24.37 59.45 0.086901
1230 606.07 152.73 34.37 83.83 -0.002097
1230 475.75 175.00 20.50 50.00 -0.217188
1230 545.75 173.00 20.50 50.00 -0.488526
1230 294.72 167.52 24.37 59.45 -0.551939
1230 4.10 193.09 22.38 54.58 -0.828636
1230 8.46 94.91 22.38 54.58 -0.833283
1230 453.57 151.06 28.92 70.53 -0.962002
1230 501.75 187.00 20.50 50.00 -1.304253
1230 17.83 86.11 37.52 91.50 -1.737367
1230 574.90 97.30 26.57 64.81 -1.865634
1230 49.75 179.00 20.50 50.00 -1.983202
1230 576.38 33.82 22.38 54.58 -3.812546
1260 465.75 179.00 20.50 50.00 1.722460
1260 613.77 169.95 26.57 64.81 0.419412
1260 508.67 182.18 22.38 54.58 -0.017237
1260 168.85 149.23 31.54 76.92 -0.039494
1260 121.46 177.73 26.57 64.81 -0.083750
1260 402.82 145.41 28.92 70.53 -0.161599
1260 163.75 183.00 20.50 50.00 -0.669517
1260 421.30 164.73 22.38 54.58 -0.681760
1260 505.75 167.00 20.50 50.00 -0.716212
1260 394.65 162.77 24.37 59.45 -0.782060
1260 2.27 79.14 26.57 64.81 -1.472594
1260 541.75 89.00 20.50 50.00 -2.337109
1260 557.89 9.88 28.92 70.53 -3.416697
1260 517.75 7.00 20.50 50.00 -4.090336
1260 437.75 5.00 20.50 50.00 -4.662396
1290 523.96 175.64 22.38 54.58 4.130874
1290 485.75 179.00 20.50 50.00 2.682456
1290 455.75 181.00 20.50 50.00 1.805605
1290 552.35 193.09 22.38 54.58 0.297679
1290 149.59 143.76 24.37 59.45 0.291594
1290 129.75 187.00 20.50 50.00 -0.065070
1290 161.37 142.91 22.38 54.58 -0.873838
1290 423.20 165.15 24.37 59.45 -1.087963
1290 189.76 160.36 22.38 54.58 -1.091399
1290 183.21 153.82 22.38 54.58 -1.190436
1290 401.68 132.59 34.37 83.83 -1.286269
1290 565.52 48.00 75.52 184.20 -1.305206
1290 499.33 174.65 24.37 59.45 -1.323656
1290 532.70 175.64 22.38 54.58 -1.361872
1290 -0.50 162.00 41.00 100.00 -1.444413
1290 449.75 175.00 20.50 50.00 -1.456228
1290 433.83 148.24 28.92 70.53 -1.636801
1290 390.38 155.38 31.54 76.92 -1.818164
1290 602.97 12.82 37.52 91.50 -4.048395
1320 504.30 175.64 22.38 54.58 5.396191
1320 445.75 179.00 20.50 50.00 2.175151
1320 463.75 177.00 20.50 50.00 1.857874
1320 123.42 193.66 24.37 59.45 0.962127
1320 451.75 173.00 20.50 50.00 0.554205
1320 139.75 199.00 20.50 50.00 0.507859
1320 513.75 181.00 20.50 50.00 0.232431
1320 405.75 167.00 20.50 50.00 0.151637
1320 549.43 168.00 28.92 70.53 -0.007343
1320 497.75 182.18 22.38 54.58 -0.172030
1320 590.38 140.00 31.54 76.92 -0.433467
1320 155.75 153.00 20.50 50.00 -0.439584
1320 171.00 160.40 24.37 59.45 -1.192506
1320 417.41 106.91 44.67 108.95 -1.487378
1320 54.42 203.17 24.37 59.45 -1.782884
1320 539.75 179.00 20.50 50.00 -1.926451
1320 -0.35 63.53 28.92 70.53 -2.418395
1320 619.75 51.00 20.50 50.00 -3.120555
1350 475.75 175.00 20.50 50.00 3.533728
1350 577.62 159.53 28.92 70.53 3.404263
1350 552.25 168.00 28.92 70.53 3.004449
1350 405.49 119.08 37.52 91.50 1.252347
1350 85.35 131.88 24.37 59.45 0.813292
1350 592.00 149.70 48.64 118.64 0.293834
1350 458.43 175.64 22.38 54.58 -0.015513
1350 447.75 175.00 20.50 50.00 -0.170903
1350 564.53 172.54 26.57 64.81 -0.225050
1350 41.23 188.73 22.38 54.58 -0.232920
1350 471.75 165.00 20.50 50.00 -0.926646
1350 111.13 186.55 22.38 54.58 -1.324546
1350 495.56 175.64 22.38 54.58 -1.410769
1350 418.43 135.94 34.37 83.83 -1.437233
1350 393.75 177.00 20.50 50.00 -1.673024
1350 541.15 155.38 31.54 76.92 -1.800482
1350 519.75 169.00 20.50 50.00 -1.924860
1350 73.46 134.26 24.37 59.45 -1.936042
1380 506.47 167.52 24.37 59.45 4.795950
1380 553.75 165.00 20.50 50.00 1.185746
1380 421.15 130.77 31.54 76.92 0.899703
1380 493.04 159.53 28.92 70.53 0.763610
1380 587.85 154.38 26.57 64.81 0.674495
1380 515.59 153.88 28.92 70.53 0.420740
1380 530.26 162.77 24.37 59.45 0.073971
1380 387.50 130.00 41.00 100.00 -0.319283
1380 56.55 115.80 34.37 83.83 -0.337701
1380 76.18 186.55 22.38 54.58 -0.379398
1380 617.88 210.55 22.38 54.58 -0.787337
1380 422.56 94.59 28.92 70.53 -1.944441
1410 602.69 155.38 31.54 76.92 6.781456
1410 574.80 165.18 28.92 70.53 5.841614
1410 442.06 119.08 37.52 91.50 0.321230
1410 73.46 184.16 24.37 59.45 0.272429
1410 463.75 169.00 20.50 50.00 0.244038
1410 562.69 170.77 31.54 76.92 0.083722
1410 311.20 172.87 34.37 83.83 -0.073358
1410 69.75 113.00 20.50 50.00 -0.234374
1410 271.75 199.00 20.50 50.00 -0.318665
1410 515.22 175.64 22.38 54.58 -0.831599
1410 619.75 135.00 20.50 50.00 -1.136593
1410 36.11 111.76 37.52 91.50 -1.320536
1410 619.75 33.00 20.50 50.00 -3.583485
1440 471.75 171.00 20.50 50.00 1.717536
1440 526.14 166.91 22.38 54.58 1.425051
1440 312.30 144.95 48.64 118.64 0.290736
1440 545.75 125.00 20.50 50.00 -0.424839
1440 196.31 158.18 22.38 54.58 -0.631165
1440 487.75 171.00 20.50 50.00 -0.699062
1440 440.96 164.73 22.38 54.58 -0.960173
1440 545.75 163.00 20.50 50.00 -1.253939
1440 575.00 170.77 31.54 76.92 -1.368434
1440 132.94 198.42 24.37 59.45 -1.377348
1440 179.75 205.00 20.50 50.00 -1.690570
1440 141.75 231.00 20.50 50.00 -1.872251
1440 533.75 57.00 20.50 50.00 -2.367737
1440 -0.50 66.00 41.00 100.00 -2.959643
1470 539.75 173.00 20.50 50.00 4.137122
1470 510.85 169.09 22.38 54.58 2.702818
1470 571.75 167.00 20.50 50.00 1.726735
1470 528.33 164.73 22.38 54.58 0.590370
1470 157.73 156.97 26.57 64.81 0.221636
1470 469.35 160.36 22.38 54.58 -0.196874
1470 171.75 165.00 20.50 50.00 -0.410786
1470 181.75 163.00 20.50 50.00 -0.566942
1470 256.21 173.65 28.92 70.53 -0.630528
1470 197.75 177.00 20.50 50.00 -0.770928
1470 595.92 111.27 44.67 108.95 -0.880062
1470 332.33 173.65 28.92 70.53 -0.970354
1470 3.75 261.00 20.50 50.00 -1.303095
1470 270.58 190.91 22.38 54.58 -1.465374
1470 79.50 62.00 41.00 100.00 -1.867499
1470 110.38 210.77 31.54 76.92 -1.995223
1470 579.27 125.87 34.37 83.83 -2.031472
1470 65.37 60.46 37.52 91.50 -2.200484
1470 95.50 66.00 41.00 100.00 -2.242767
1470 5.75 215.00 20.50 50.00 -2.395625
1470 11.50 46.00 41.00 100.00 -2.572238
1500 603.00 156.71 28.92 70.53 4.578376
1500 556.54 155.38 31.54 76.92 0.774213
1500 619.75 173.00 20.50 50.00 0.592233
1500 473.75 167.00 20.50 50.00 0.190390
1500 361.34 146.14 24.37 59.45 0.176406
1500 167.92 177.82 22.38 54.58 -0.114661
1500 491.98 154.38 26.57 64.81 -0.176320
1500 142.19 156.97 26.57 64.81 -0.793243
1500 333.93 177.73 26.57 64.81 -0.915906
1500 383.75 183.00 20.50 50.00 -1.031358
1500 619.75 201.00 20.50 50.00 -1.151376
1500 241.75 179.00 20.50 50.00 -1.422989
1500 126.42 175.64 22.38 54.58 -1.551802
1500 544.23 155.38 31.54 76.92 -1.618697
1500 233.75 185.00 20.50 50.00 -1.790573
1500 533.49 67.79 37.52 91.50 -1.834655
1500 209.75 115.00 20.50 50.00 -1.920983
1500 -0.65 95.48 52.90 129.03 -2.409822
1500 513.61 62.97 24.37 59.45 -2.435339
1500 21.57 199.64 22.38 54.58 -2.609313
1500 613.77 37.62 26.57 64.81 -3.003679
1530 495.75 169.00 20.50 50.00 3.066094
1530 525.77 152.31 31.54 76.92 0.744385
1530 39.04 186.55 22.38 54.58 0.171275
1530 203.50 162.00 41.00 100.00 0.005539
1530 487.75 167.00 20.50 50.00 -0.355481
1530 4.10 188.73 22.38 54.58 -0.585935
1530 116.28 184.16 24.37 59.45 -0.871468
1530 106.76 171.27 22.38 54.58 -0.907486
1530 583.26 63.53 28.92 70.53 -0.925292
1530 121.46 136.22 26.57 64.81 -1.078899
1530 51.75 189.00 20.50 50.00 -1.187920
1530 361.34 143.76 24.37 59.45 -1.334346
1530 611.45 179.29 28.92 70.53 -1.658796
1530 451.75 159.00 20.50 50.00 -1.728006
1530 129.75 197.00 20.50 50.00 -1.878094
1530 529.83 42.14 37.52 91.50 -3.262158
1530 596.02 28.53 34.37 83.83 -3.298522
1530 -1.00 20.00 82.00 200.00 -3.471644
1530 551.50 -2.00 41.00 100.00 -5.012919
1560 523.12 165.15 24.37 59.45 2.657375
1560 465.75 169.00 20.50 50.00 0.684861
1560 366.69 180.00 22.38 54.58 0.050356
1560 517.41 158.18 22.38 54.58 -0.938424
1560 49.84 92.31 34.37 83.83 -1.440119
1560 87.77 76.54 26.57 64.81 -1.703897
1560 29.75 173.00 20.50 50.00 -1.848370
1560 565.52 70.15 75.52 184.20 -2.128323
1590 579.27 159.44 34.37 83.83 4.946935
1590 388.53 127.64 22.38 54.58 -0.202079
1590 126.52 170.82 28.92 70.53 -0.229410
1590 186.06 144.73 37.52 91.50 -0.665608
1590 476.44 167.35 26.57 64.81 -0.705075
1590 589.32 169.51 34.37 83.83 -0.915685
1590 75.84 67.72 24.37 59.45 -1.632277
1590 565.52 25.85 75.52 184.20 -2.980848
1590 -0.50 22.00 41.00 100.00 -3.970507
1620 559.75 169.00 20.50 50.00 3.223702
1620 451.75 121.00 20.50 50.00 -0.574420
1620 471.54 99.27 22.38 54.58 -0.959044
1620 617.88 175.64 22.38 54.58 -1.115358
1620 192.42 188.91 24.37 59.45 -1.166838
1620 -0.92 129.23 75.52 184.20 -1.194711
1620 390.86 170.38 37.52 91.50 -1.329054
1620 489.75 167.00 20.50 50.00 -1.985829
1620 619.75 157.00 20.50 50.00 -2.166837
1620 1.91 64.36 22.38 54.58 -2.367084
1620 21.95 59.29 57.98 141.42 -3.210111
1620 47.29 24.95 24.37 59.45 -3.985716
1620 606.07 18.46 34.37 83.83 -4.083487
1650 485.06 181.78 24.37 59.45 -0.505337
1650 513.04 180.00 22.38 54.58 -0.686311
1650 111.13 127.64 22.38 54.58 -1.084999
1650 421.78 156.08 34.37 83.83 -1.176786
1650 139.75 239.00 20.50 50.00 -1.188964
1650 226.89 147.27 22.38 54.58 -1.328292
1650 46.81 102.18 48.64 118.64 -1.600932
1650 102.39 121.09 22.38 54.58 -1.680649
1650 608.85 32.31 31.54 76.92 -3.541007
1680 506.48 177.82 22.38 54.58 2.554250
1680 477.75 185.00 20.50 50.00 0.761216
1680 539.25 177.82 22.38 54.58 -0.149417
1680 551.58 175.14 26.57 64.81 -0.760948
1680 68.70 184.16 24.37 59.45 -0.764397
1680 -0.46 141.07 37.52 91.50 -1.077741
1680 204.31 143.76 24.37 59.45 -1.475333
1680 191.75 171.00 20.50 50.00 -1.522530
1680 107.75 179.00 20.50 50.00 -1.563974
1680 617.88 64.36 22.38 54.58 -1.820459
1680 494.57 164.76 26.57 64.81 -1.931293
1680 599.50 294.00 41.00 100.00 -2.409251
1710 523.12 179.41 24.37 59.45 0.868235
1710 11.60 184.16 24.37 59.45 -0.185633
1710 197.75 163.00 20.50 50.00 -0.526192
1710 565.75 179.00 20.50 50.00 -0.779269
1710 498.08 155.38 31.54 76.92 -1.022233
1710 467.67 184.94 28.92 70.53 -1.469468
1710 92.95 172.54 26.57 64.81 -1.608604
1710 530.51 193.09 22.38 54.58 -1.622003
1710 602.97 137.40 37.52 91.50 -1.770509
1710 408.19 190.91 22.38 54.58 -2.090630
1710 533.75 59.00 20.50 50.00 -2.363978
1710 527.75 65.00 20.50 50.00 -2.799741
1740 617.88 162.55 22.38 54.58 -0.426187
1740 58.85 165.18 28.92 70.53 -0.861591
1740 398.70 146.59 26.57 64.81 -1.295026
1740 47.75 185.00 20.50 50.00 -1.387846
1740 481.75 199.00 20.50 50.00 -1.558680
1740 171.00 153.27 24.37 59.45 -1.572329
1740 557.89 139.76 28.92 70.53 -1.943850
1740 34.68 188.73 22.38 54.58 -2.004409
1740 485.75 71.00 20.50 50.00 -2.176770
1740 565.95 43.96 24.37 59.45 -2.979629
1770 109.75 159.00 20.50 50.00 -0.260623
1770 437.47 153.27 24.37 59.45 -0.833362
1770 456.25 162.55 22.38 54.58 -1.569999
1770 87.75 155.00 20.50 50.00 -1.689131
1770 404.35 76.36 44.67 108.95 -1.915116
1770 577.69 107.69 63.08 153.85 -2.174258
1770 467.75 35.00 20.50 50.00 -3.079800
1770 230.30 -9.60 197.95 482.80 -3.298344
1770 617.88 18.55 22.38 54.58 -3.686397
1770 571.33 14.12 57.98 141.42 -3.933658
1800 560.00 144.00 57.98 141.42 3.197504
1800 602.97 170.38 37.52 91.50 2.353265
1800 497.17 162.16 26.57 64.81 2.307054
1800 494.57 193.66 24.37 59.45 1.748035
1800 233.75 141.00 20.50 50.00 0.465321
1800 504.94 185.51 26.57 64.81 -0.335174
1800 333.75 73.00 20.50 50.00 -0.647177
1800 371.06 79.64 22.38 54.58 -0.756510
1800 163.55 169.09 22.38 54.58 -0.945469
1800 541.29 157.42 52.90 129.03 -1.478962
1800 522.51 166.72 37.52 91.50 -1.545960
1800 5.77 130.77 31.54 76.92 -1.829715
1800 363.75 63.00 20.50 50.00 -1.966573
1800 341.15 53.85 31.54 76.92 -2.562645
1800 455.75 21.00 20.50 50.00 -4.223867
