30 408.92 196.04 24.37 59.45 0.194103
30 494.57 203.68 26.57 64.81 -1.394852
30 568.85 183.08 31.54 76.92 -2.280066
30 617.88 62.18 22.38 54.58 -2.539073
60 403.89 195.89 26.57 64.81 0.895026
60 499.76 208.86 26.57 64.81 -1.113019
60 427.85 208.36 22.38 54.58 -1.911320
60 414.25 203.68 26.57 64.81 -2.211243
90 416.06 203.17 24.37 59.45 0.991316
90 613.75 175.00 20.50 50.00 -0.652319
90 529.83 192.37 37.52 91.50 -2.098126
120 453.57 204.71 28.92 70.53 2.257028
120 592.00 187.72 48.64 118.64 -0.000847
120 433.46 189.23 31.54 76.92 -1.235511
120 494.84 172.90 52.90 129.03 -1.476523
120 568.85 180.00 31.54 76.92 -2.176020
150 543.01 189.18 57.98 141.42 1.080682
150 619.75 177.00 20.50 50.00 0.592237
150 571.33 177.88 57.98 141.42 0.060293
150 458.88 167.52 24.37 59.45 -1.057967
150 482.96 182.97 48.64 118.64 -1.323677
150 171.75 169.00 20.50 50.00 -2.103268
180 518.41 165.18 28.92 70.53 0.637572
180 504.32 162.35 28.92 70.53 -0.712972
180 617.75 177.00 20.50 50.00 -1.173686
180 163.75 167.00 20.50 50.00 -1.518092
210 619.75 177.00 20.50 50.00 -0.486991
210 490.22 184.94 28.92 70.53 -1.170290
210 551.58 154.38 26.57 64.81 -1.230672
210 606.07 75.52 34.37 83.83 -1.406239
210 379.75 195.00 20.50 50.00 -1.429923
210 153.75 165.00 20.50 50.00 -1.586901
210 536.03 169.95 26.57 64.81 -1.709271
240 425.67 201.82 22.38 54.58 -1.826358
270 602.97 155.73 37.52 91.50 -0.669515
270 107.75 173.00 20.50 50.00 -0.909361
270 165.73 153.82 22.38 54.58 -1.012269
270 344.68 172.28 24.37 59.45 -1.096961
270 543.79 232.94 28.92 70.53 -1.349138
270 533.75 167.00 20.50 50.00 -1.489335
270 307.75 153.00 20.50 50.00 -1.528266
270 565.95 236.44 24.37 59.45 -1.738063
270 442.29 173.65 28.92 70.53 -1.966684
270 455.29 182.94 34.37 83.83 -2.078063
270 559.75 255.00 20.50 50.00 -2.143257
300 595.92 159.27 44.67 108.95 -1.422621
330 562.69 241.54 31.54 76.92 -0.777351
330 299.43 115.42 37.52 91.50 -1.111651
330 611.45 125.65 28.92 70.53 -1.359823
330 562.69 201.54 31.54 76.92 -1.467027
330 393.46 164.62 31.54 76.92 -1.621057
360 -0.25 173.00 20.50 50.00 -1.266095
360 535.75 251.00 20.50 50.00 -2.816146
390 571.75 145.00 20.50 50.00 0.042868
420 332.79 153.27 24.37 59.45 -0.999324
420 323.27 150.89 24.37 59.45 -1.071647
420 23.75 177.00 20.50 50.00 -2.227221
450 471.54 219.27 22.38 54.58 -1.609887
480 433.75 159.00 20.50 50.00 -1.480865
480 501.75 37.00 20.50 50.00 -2.500901
480 619.75 5.00 20.50 50.00 -4.774382
510 499.93 175.64 22.38 54.58 0.715736
510 611.45 43.77 28.92 70.53 -2.899444
540 243.75 143.00 20.50 50.00 -0.573776
540 501.75 175.00 20.50 50.00 -1.066295
540 347.06 146.14 24.37 59.45 -1.207693
540 454.13 150.89 24.37 59.45 -1.461872
540 356.58 148.51 24.37 59.45 -1.548570
540 47.78 169.09 22.38 54.58 -1.735635
540 456.51 29.70 24.37 59.45 -3.274954
570 372.79 144.00 26.57 64.81 0.298802
570 467.75 161.00 20.50 50.00 -1.365906
570 205.75 121.00 20.50 50.00 -1.446158
570 29.75 161.00 20.50 50.00 -1.460286
570 619.75 57.00 20.50 50.00 -1.981161
600 508.85 153.27 24.37 59.45 0.274162
600 379.75 155.00 20.50 50.00 -0.362223
600 536.03 149.19 26.57 64.81 -1.440963
630 447.75 161.00 20.50 50.00 1.121365
630 509.75 181.00 20.50 50.00 0.791355
630 602.97 130.08 37.52 91.50 0.362160
630 412.56 151.64 22.38 54.58 -0.070957
630 248.74 142.91 22.38 54.58 -0.900366
630 394.36 128.47 28.92 70.53 -1.017082
630 441.75 153.00 20.50 50.00 -1.519812
660 549.29 158.02 24.37 59.45 0.500237
660 499.75 147.00 20.50 50.00 -0.412385
660 407.75 155.00 20.50 50.00 -0.517895
660 432.71 162.77 24.37 59.45 -0.805702
660 352.11 98.18 44.67 108.95 -1.626849
660 443.79 64.22 69.16 168.67 -2.444126
690 477.92 162.77 24.37 59.45 0.390059
690 349.75 145.00 20.50 50.00 -0.839311
690 273.75 143.00 20.50 50.00 -1.526676
690 182.40 104.43 37.52 91.50 -1.914642
720 584.98 165.15 24.37 59.45 1.996962
720 347.75 149.00 20.50 50.00 -0.519315
720 597.75 175.00 20.50 50.00 -0.998939
720 320.89 91.48 24.37 59.45 -1.181087
720 555.07 153.88 28.92 70.53 -1.203865
720 559.50 98.00 41.00 100.00 -1.536979
720 568.85 149.23 31.54 76.92 -2.020955
720 567.65 12.00 22.38 54.58 -4.235020
750 371.75 147.00 20.50 50.00 -0.323043
750 617.88 162.55 22.38 54.58 -0.973997
750 379.75 151.00 20.50 50.00 -1.612527
780 401.75 153.00 20.50 50.00 0.352333
780 78.22 155.64 24.37 59.45 -1.274041
780 403.89 167.35 26.57 64.81 -1.555721
780 526.87 142.59 28.92 70.53 -1.570454
780 223.75 157.00 20.50 50.00 -1.610229
780 551.75 167.00 20.50 50.00 -1.904313
780 609.75 101.00 20.50 50.00 -2.151733
810 39.75 165.00 20.50 50.00 0.129767
810 423.75 159.00 20.50 50.00 -0.443856
810 403.75 163.00 20.50 50.00 -0.654538
810 550.38 143.08 31.54 76.92 -0.736115
810 587.74 95.48 52.90 129.03 -0.810682
810 6.84 155.64 24.37 59.45 -0.848738
810 53.22 142.59 28.92 70.53 -1.167630
810 471.31 166.72 37.52 91.50 -1.180445
810 204.34 100.76 37.52 91.50 -1.373958
810 17.81 149.19 26.57 64.81 -1.508225
810 619.75 281.00 20.50 50.00 -4.509642
840 507.75 165.00 20.50 50.00 0.359245
840 429.75 163.00 20.50 50.00 0.153894
840 519.75 169.00 20.50 50.00 -0.104815
840 38.54 144.00 26.57 64.81 -0.208665
840 281.50 158.18 22.38 54.58 -0.258525
840 307.71 149.45 22.38 54.58 -0.494257
840 65.75 159.00 20.50 50.00 -1.307150
840 -0.46 122.75 37.52 91.50 -1.521334
840 418.44 148.51 24.37 59.45 -1.943013
840 23.00 149.19 26.57 64.81 -2.009000
840 193.78 87.92 48.64 118.64 -2.466682
870 533.75 157.00 20.50 50.00 1.104238
870 476.44 146.59 26.57 64.81 0.421027
870 615.91 148.51 24.37 59.45 -0.201070
870 553.75 157.00 20.50 50.00 -0.308395
870 423.75 161.00 20.50 50.00 -0.950891
870 -0.25 165.00 20.50 50.00 -1.168207
870 193.75 173.00 20.50 50.00 -1.188006
870 466.07 144.00 26.57 64.81 -1.283293
870 399.45 25.09 22.38 54.58 -2.937483
900 585.26 144.00 26.57 64.81 1.612746
900 349.25 145.41 28.92 70.53 0.605992
900 407.11 97.43 48.64 118.64 -0.521441
900 577.75 157.00 20.50 50.00 -0.604367
900 602.72 129.23 34.37 83.83 -0.709901
900 161.75 163.00 20.50 50.00 -0.810737
900 489.75 155.00 20.50 50.00 -1.120404
900 323.00 158.18 22.38 54.58 -1.163630
900 504.30 151.64 22.38 54.58 -1.224022
900 457.75 165.00 20.50 50.00 -1.279600
900 95.84 158.18 22.38 54.58 -1.309177
900 167.75 101.00 20.50 50.00 -1.565324
900 180.53 76.23 57.98 141.42 -2.229334
900 563.75 191.00 20.50 50.00 -2.288444
900 435.75 39.00 20.50 50.00 -2.796520
930 497.75 159.00 20.50 50.00 -0.351565
930 375.00 143.08 31.54 76.92 -0.587465
930 523.75 167.00 20.50 50.00 -0.659296
930 563.28 145.09 22.38 54.58 -0.998928
930 608.85 124.62 31.54 76.92 -1.039087
930 161.37 169.09 22.38 54.58 -1.449372
930 327.75 75.00 20.50 50.00 -1.891237
930 418.39 25.85 75.52 184.20 -3.311286
930 528.26 16.86 26.57 64.81 -3.706627
960 425.67 173.45 22.38 54.58 1.839518
960 375.75 161.00 20.50 50.00 0.114002
960 417.75 177.00 20.50 50.00 -0.645403
960 619.75 141.00 20.50 50.00 -0.897985
960 479.75 153.00 20.50 50.00 -1.125822
960 -0.32 167.35 26.57 64.81 -1.259964
960 331.74 40.36 22.38 54.58 -1.700661
960 489.81 141.39 24.37 59.45 -1.847313
960 138.85 33.23 75.52 184.20 -3.415628
990 408.46 142.59 28.92 70.53 0.842188
990 497.17 138.81 26.57 64.81 -0.539802
990 521.90 133.09 44.67 108.95 -0.570520
990 385.75 159.00 20.50 50.00 -0.984613
990 463.87 59.35 52.90 129.03 -1.302456
990 577.75 149.00 20.50 50.00 -1.520138
990 433.46 124.62 31.54 76.92 -1.576858
990 65.75 171.00 20.50 50.00 -1.831487
990 157.53 55.06 28.92 70.53 -2.294264
990 407.75 57.00 20.50 50.00 -2.311790
990 132.16 52.23 28.92 70.53 -3.049221
990 502.12 49.09 22.38 54.58 -3.069868
990 486.80 14.27 26.57 64.81 -3.797824
1020 465.34 132.59 34.37 83.83 1.284336
1020 606.96 140.73 22.38 54.58 1.239754
1020 451.92 136.92 31.54 76.92 1.164874
1020 339.75 155.00 20.50 50.00 0.557533
1020 439.62 143.08 31.54 76.92 -1.487855
1020 606.96 108.00 22.38 54.58 -1.641276
1020 397.27 153.82 22.38 54.58 -1.881606
1020 519.59 118.91 22.38 54.58 -2.053087
1020 106.76 40.36 22.38 54.58 -2.987270
1020 108.94 22.91 22.38 54.58 -4.085123
1020 116.86 18.46 34.37 83.83 -4.223860
1050 542.41 139.30 34.37 83.83 1.939535
1050 563.75 175.00 20.50 50.00 1.337853
1050 351.75 151.00 20.50 50.00 0.991607
1050 430.03 153.82 22.38 54.58 -0.553832
1050 571.33 87.53 57.98 141.42 -1.150348
1050 553.46 121.54 31.54 76.92 -1.262743
1080 599.37 119.16 34.37 83.83 -0.346782
1080 146.26 156.71 28.92 70.53 -0.855110
1080 529.69 145.41 28.92 70.53 -1.853888
1110 370.20 144.00 26.57 64.81 0.102767
1110 443.75 139.00 20.50 50.00 -0.054729
1110 489.81 155.64 24.37 59.45 -1.250744
1110 91.75 235.00 20.50 50.00 -1.303771
1140 377.99 162.77 24.37 59.45 0.866881
1140 497.75 189.00 20.50 50.00 -0.401887
1140 298.50 153.88 28.92 70.53 -0.639968
1140 25.58 176.73 44.67 108.95 -1.221077
1140 487.40 153.88 28.92 70.53 -1.440505
1140 11.50 106.00 41.00 100.00 -1.534123
1140 30.63 257.82 24.37 59.45 -2.664688
1170 -0.65 178.06 52.90 129.03 0.610624
1170 520.49 185.51 26.57 64.81 -0.536968
1170 619.75 179.00 20.50 50.00 -1.204613
1170 563.75 63.00 20.50 50.00 -1.687169
1170 587.74 54.19 52.90 129.03 -2.180470
1170 511.23 51.09 24.37 59.45 -2.777619
1200 522.69 180.00 31.54 76.92 0.805262
1200 295.68 162.35 28.92 70.53 -0.202319
1200 608.63 49.41 28.92 70.53 -2.657837
1200 -0.42 206.43 34.37 83.83 -2.753555
1200 513.61 51.09 24.37 59.45 -3.342495
1200 619.75 35.00 20.50 50.00 -3.618058
1200 -0.27 25.09 22.38 54.58 -3.772185
1230 385.75 169.95 26.57 64.81 0.241321
1230 473.75 155.00 20.50 50.00 -1.010677
1230 -0.38 170.77 31.54 76.92 -1.537996
1230 309.90 171.27 22.38 54.58 -1.592511
1230 608.85 50.77 31.54 76.92 -1.830843
1230 434.40 149.45 22.38 54.58 -1.971052
1230 528.33 66.55 22.38 54.58 -2.732960
1230 -0.27 269.45 22.38 54.58 -4.323854
1230 619.75 345.00 20.50 50.00 -7.587066
1260 304.14 165.18 28.92 70.53 0.013668
1260 385.75 167.35 26.57 64.81 -0.141032
1260 608.85 50.77 31.54 76.92 -1.536793
1260 533.75 71.00 20.50 50.00 -2.741890
1260 3.75 9.00 20.50 50.00 -4.114457
1290 304.14 168.00 28.92 70.53 0.880957
1290 385.75 169.95 26.57 64.81 0.318509
1290 -0.35 173.65 28.92 70.53 -0.197570
1290 447.51 153.82 22.38 54.58 -0.896149
1290 437.47 146.14 24.37 59.45 -1.062765
1290 294.72 160.40 24.37 59.45 -1.625804
1290 527.88 60.59 24.37 59.45 -1.836897
1290 602.97 45.80 37.52 91.50 -2.003111
1290 525.65 179.58 34.37 83.83 -2.044613
1290 -0.30 29.70 24.37 59.45 -3.538583
1320 308.02 167.35 26.57 64.81 0.503838
1320 297.65 172.54 26.57 64.81 -0.123376
1320 385.90 168.00 28.92 70.53 -0.501132
1320 -0.35 173.65 28.92 70.53 -0.747183
1320 469.75 155.00 20.50 50.00 -1.472904
1320 428.48 122.52 34.37 83.83 -1.487875
1320 -0.35 221.65 28.92 70.53 -1.588317
1320 608.58 58.38 26.57 64.81 -1.615939
1320 594.50 148.51 24.37 59.45 -1.859682
1320 619.75 43.00 20.50 50.00 -2.439067
1320 525.67 53.19 26.57 64.81 -3.033326
1350 301.32 170.82 28.92 70.53 0.310388
1350 385.13 177.03 24.37 59.45 -0.561478
1350 -0.35 173.65 28.92 70.53 -0.686907
1350 437.57 141.41 26.57 64.81 -0.744447
1350 617.88 166.91 22.38 54.58 -1.589940
1350 606.07 48.67 34.37 83.83 -1.947114
1380 304.14 168.00 28.92 70.53 0.158191
1380 -0.35 173.65 28.92 70.53 -0.352165
1380 435.75 159.00 20.50 50.00 -0.412650
1380 385.75 169.95 26.57 64.81 -0.431883
1380 447.51 153.82 22.38 54.58 -1.108659
1380 461.75 157.00 20.50 50.00 -1.456830
1380 619.75 45.00 20.50 50.00 -2.102123
1380 -0.35 221.65 28.92 70.53 -2.721383
1410 304.14 168.00 28.92 70.53 1.335556
1410 387.51 177.03 24.37 59.45 0.576775
1410 -0.35 173.65 28.92 70.53 -0.190681
1410 593.86 151.64 22.38 54.58 -1.212390
1410 430.38 127.69 31.54 76.92 -1.378332
1410 295.75 167.00 20.50 50.00 -1.389158
1410 461.26 148.51 24.37 59.45 -1.519389
1410 602.97 45.80 37.52 91.50 -2.244078
1410 -0.35 7.06 28.92 70.53 -4.536886
1440 304.14 168.00 28.92 70.53 1.362392
1440 385.13 177.03 24.37 59.45 -0.137072
1440 -0.35 173.65 28.92 70.53 -0.384886
1440 461.26 148.51 24.37 59.45 -0.929074
1440 569.83 153.82 22.38 54.58 -1.025917
1440 447.51 153.82 22.38 54.58 -1.558969
1440 431.01 134.12 28.92 70.53 -1.607529
1440 592.12 150.89 24.37 59.45 -1.656981
1440 -0.35 221.65 28.92 70.53 -2.045577
1440 608.85 50.77 31.54 76.92 -2.165202
1440 149.59 51.09 24.37 59.45 -3.282196
1440 -0.32 11.68 26.57 64.81 -4.627155
1470 385.75 175.14 26.57 64.81 0.506003
1470 304.14 168.00 28.92 70.53 -0.468730
1470 -0.38 173.85 31.54 76.92 -1.815948
1470 617.88 40.36 22.38 54.58 -2.376214
1470 608.63 55.06 28.92 70.53 -2.518899
1470 -0.35 221.65 28.92 70.53 -2.685270
1470 -0.27 31.64 22.38 54.58 -3.668123
1500 301.15 166.15 34.37 83.83 -0.391188
1500 471.50 146.00 41.00 100.00 -0.394081
1500 525.77 183.08 31.54 76.92 -0.575003
1500 345.75 193.00 20.50 50.00 -1.278873
1500 371.75 199.00 20.50 50.00 -1.327277
1500 608.85 53.85 31.54 76.92 -1.418212
1500 -0.32 180.32 26.57 64.81 -1.479996
1500 569.16 134.12 28.92 70.53 -1.897561
1500 156.73 46.34 24.37 59.45 -2.870732
1500 -0.35 9.88 28.92 70.53 -4.345520
1530 385.75 175.14 26.57 64.81 0.229419
1530 -0.35 179.29 28.92 70.53 0.173913
1530 304.14 170.82 28.92 70.53 -0.227223
1530 435.09 150.89 24.37 59.45 -0.650902
1530 526.17 177.71 37.52 91.50 -1.743994
1530 569.16 139.76 28.92 70.53 -1.963682
1530 608.85 56.92 31.54 76.92 -2.055132
1530 -0.35 15.53 28.92 70.53 -3.701178
1560 306.96 170.82 28.92 70.53 0.640535
1560 385.75 172.54 26.57 64.81 0.333185
1560 -0.38 173.85 31.54 76.92 -0.467259
1560 575.75 157.00 20.50 50.00 -1.043052
1560 291.92 164.62 31.54 76.92 -1.118347
1560 602.97 49.47 37.52 91.50 -1.483552
1560 567.75 153.00 20.50 50.00 -1.786475
1560 445.32 158.18 22.38 54.58 -1.826437
1560 531.75 75.00 20.50 50.00 -2.659721
1560 -0.32 11.68 26.57 64.81 -4.558743
1590 305.43 169.95 26.57 64.81 1.413204
1590 385.75 172.54 26.57 64.81 -0.097683
1590 433.75 157.00 20.50 50.00 -0.711119
1590 569.75 159.00 20.50 50.00 -0.943419
1590 -0.30 184.16 24.37 59.45 -1.098843
1590 463.48 146.59 26.57 64.81 -1.280891
1590 522.51 177.71 37.52 91.50 -1.288563
1590 608.85 53.85 31.54 76.92 -1.612509
1590 -0.32 224.43 26.57 64.81 -2.602789
1590 116.57 45.80 37.52 91.50 -3.319653
1590 615.91 32.08 24.37 59.45 -3.700597
1590 -0.32 11.68 26.57 64.81 -3.994686
1620 304.14 170.82 28.92 70.53 0.690693
1620 -0.38 170.77 31.54 76.92 -0.988966
1620 568.33 155.64 24.37 59.45 -1.859019
1620 619.75 47.00 20.50 50.00 -2.280923
1620 513.75 81.00 20.50 50.00 -2.554051
1620 605.81 57.88 28.92 70.53 -2.683065
1620 -0.38 7.69 31.54 76.92 -4.250893
1650 304.14 170.82 28.92 70.53 0.721726
1650 385.75 175.14 26.57 64.81 0.541008
1650 78.36 171.27 22.38 54.58 -0.813559
1650 518.95 176.22 34.37 83.83 -1.298693
1650 615.91 172.28 24.37 59.45 -1.420490
1650 -0.38 170.77 31.54 76.92 -1.648550
1650 605.81 57.88 28.92 70.53 -2.053086
1650 47.09 177.71 37.52 91.50 -2.085358
1650 619.75 45.00 20.50 50.00 -2.888766
1650 520.74 60.59 24.37 59.45 -2.939682
1650 95.75 31.00 20.50 50.00 -3.302340
1650 -0.50 6.00 41.00 100.00 -4.684952
1680 295.00 164.62 31.54 76.92 0.180056
1680 441.75 161.00 20.50 50.00 -0.409024
1680 385.90 170.82 28.92 70.53 -0.516216
1680 -0.35 176.47 28.92 70.53 -0.664607
1680 463.64 148.51 24.37 59.45 -1.116078
1680 311.38 172.28 24.37 59.45 -1.445207
1680 525.65 182.94 34.37 83.83 -1.474521
1680 429.80 141.41 26.57 64.81 -1.571870
1680 608.85 53.85 31.54 76.92 -1.613577
1680 456.25 158.18 22.38 54.58 -1.763913
1680 -0.35 9.88 28.92 70.53 -4.136681
1710 304.14 168.00 28.92 70.53 0.309922
1710 385.75 172.54 26.57 64.81 -0.611281
1710 444.61 150.89 24.37 59.45 -0.893501
1710 606.07 149.37 34.37 83.83 -0.910982
1710 -0.30 184.16 24.37 59.45 -1.103931
1710 593.86 151.64 22.38 54.58 -1.645864
1710 569.83 153.82 22.38 54.58 -1.940914
1710 608.85 50.77 31.54 76.92 -2.073951
1710 154.81 53.45 22.38 54.58 -2.386227
1710 507.31 38.46 31.54 76.92 -3.813243
1710 -0.35 9.88 28.92 70.53 -3.914439
1740 304.14 170.82 28.92 70.53 0.936096
1740 526.17 177.71 37.52 91.50 -1.642152
1740 599.31 122.75 37.52 91.50 -1.787702
1740 619.75 49.00 20.50 50.00 -2.247834
1740 104.39 29.70 24.37 59.45 -3.578523
1740 -0.25 29.00 20.50 50.00 -4.053143
1770 385.13 179.41 24.37 59.45 1.678103
1770 309.78 170.82 28.92 70.53 0.981309
1770 291.10 159.44 34.37 83.83 -1.313951
1770 569.83 156.00 22.38 54.58 -1.388757
1770 531.75 77.00 20.50 50.00 -2.034688
1770 602.97 45.80 37.52 91.50 -2.167862
1770 -0.32 11.68 26.57 64.81 -4.380842
1800 304.14 165.18 28.92 70.53 0.766133
1800 385.75 169.95 26.57 64.81 -0.351281
1800 592.12 150.89 24.37 59.45 -1.044531
1800 434.98 141.41 26.57 64.81 -1.164865
1800 568.33 150.89 24.37 59.45 -1.220060
1800 -0.32 180.32 26.57 64.81 -1.248528
1800 451.92 127.69 31.54 76.92 -1.472199
1800 606.07 48.67 34.37 83.83 -2.239889
1800 -0.32 11.68 26.57 64.81 -4.391391
1830 387.51 177.03 24.37 59.45 0.199799
1830 304.14 168.00 28.92 70.53 0.192577
1830 -0.35 176.47 28.92 70.53 -0.498313
1830 437.47 146.14 24.37 59.45 -0.745798
1830 593.86 151.64 22.38 54.58 -1.672348
1830 567.65 151.64 22.38 54.58 -1.994996
1830 606.07 52.03 34.37 83.83 -2.115058
1830 527.88 60.59 24.37 59.45 -2.887821
1830 611.45 24.00 28.92 70.53 -3.992862
1830 -0.35 7.06 28.92 70.53 -4.246345
