30 545.39050293 178.066558838 20.7048339844 43.3678894043 0.919660747051
60 588.484191895 166.123031616 24.9106445312 48.6499328613 0.996346056461
60 1.81349849701 187.640960693 18.5103187561 46.0003051758 0.939454615116
60 14.6797552109 193.359832764 16.1773033142 39.2237548828 0.903348684311
90 123.441711426 181.091018677 18.4907531738 39.7201538086 0.674715638161
90 192.698852539 176.792236328 16.2913818359 34.4185180664 0.117425039411
120 73.8348464966 187.566741943 17.4490966797 45.2209472656 0.609484791756
150 149.106948853 171.042419434 18.7478027344 41.511932373 0.990330576897
150 34.0926971436 189.658035278 19.2866363525 40.8317565918 0.841888129711
150 211.333755493 175.365127563 14.0541687012 36.9426574707 0.69459438324
150 137.608886719 174.890380859 15.6663818359 41.1806640625 0.0849906653166
180 89.0823440552 178.136306763 15.8968200684 36.1008911133 0.986637830734
210 41.8165054321 175.045944214 15.553855896 36.4112243652 0.989833474159
210 609.489929199 164.225570679 21.8126220703 50.146697998 0.799247682095
240 492.493713379 171.795013428 23.3303222656 41.5997619629 0.771888136864
270 387.99911499 162.925842285 25.9263916016 46.8179931641 0.386919945478
270 1.67646217346 151.096557617 16.9824867249 59.1767578125 0.102003261447
300 164.726531982 174.27432251 21.2975463867 37.637298584 0.982424914837
300 619.986022949 181.331787109 17.4647216797 49.712310791 0.973438501358
480 560.940917969 183.582702637 18.8829345703 41.810546875 0.989865005016
510 594.096313477 177.086120605 24.9609375 58.9058532715 0.993623554707
510 74.5066223145 187.537216187 21.7355194092 53.7239990234 0.956438243389
510 96.5099105835 190.378463745 21.7581634521 44.8734130859 0.22504131496
570 494.939666748 192.106964111 16.7514648438 40.4438781738 0.992590546608
600 549.853881836 182.264343262 16.3227539062 53.0284423828 0.0860545709729
660 477.53112793 185.907714844 20.0101928711 46.7721252441 0.903613746166
660 575.955810547 191.322494507 19.9122314453 44.7841796875 0.260089427233
690 487.738830566 186.509689331 16.4735107422 32.831237793 0.823924958706
690 177.733551025 188.01852417 17.8926696777 36.0378112793 0.743905246258
690 554.300048828 184.417541504 15.5750732422 38.9163513184 0.108418129385
720 155.810043335 197.332824707 16.7050170898 30.3515319824 0.994762957096
720 528.063781738 177.753936768 16.2922363281 43.323425293 0.193814113736
750 545.526000977 186.209732056 17.7467041016 37.6764221191 0.995764613152
780 584.349304199 183.841079712 23.3889160156 48.2949829102 0.997775137424
780 512.736938477 173.1118927 19.7340087891 46.8998718262 0.400288909674
780 563.094238281 187.459747314 15.8404541016 40.2987365723 0.352815240622
780 616.74029541 178.715042114 16.9755859375 51.8178405762 0.204406872392
840 107.244949341 172.641021729 20.9288482666 40.7756958008 0.116412214935
840 619.856262207 70.698890686 19.143737793 59.2686233521 0.0883383974433
840 589.830993652 184.964752197 23.9470214844 42.3211975098 0.065194003284
870 74.8377761841 166.384262085 24.199432373 46.075378418 0.413134098053
870 389.18258667 166.945419312 16.2893676758 41.4761352539 0.051446210593
900 11.8995857239 168.271743774 17.7784957886 57.5354919434 0.501710772514
960 474.168518066 184.084854126 18.2303466797 40.3549194336 0.931207954884
990 499.643890381 185.922317505 16.5370788574 30.1097717285 0.0881482511759
1050 389.399536133 170.843322754 16.4310913086 39.505645752 0.330746620893
1080 586.482666016 175.392318726 29.6571044922 53.6773376465 0.935739576817
1110 109.965881348 179.06288147 15.9839019775 34.095703125 0.974683403969
1170 27.5679244995 174.418380737 22.2355575562 52.5599365234 0.991097688675
1230 428.023010254 159.432846069 32.1859130859 54.6487731934 0.0522630736232
1350 619.764587402 186.7318573 19.2354125977 55.565246582 0.99699473381
1350 97.7111663818 191.276870728 15.3263244629 37.1933288574 0.489736527205
1380 170.265640259 191.583145142 15.7023620605 26.9472045898 0.988384842873
1380 71.2281265259 197.247543335 14.8001861572 37.005645752 0.919001281261
1380 161.605957031 198.196548462 15.0816040039 22.2993469238 0.912365913391
1410 39.4374961853 196.334320068 15.9219818115 36.2582092285 0.99470102787
1410 27.2388458252 195.132766724 15.7956466675 38.4708251953 0.248395785689
1410 548.678710938 186.689208984 15.9089355469 38.5453491211 0.136879071593
1440 136.367477417 195.803894043 16.55859375 29.7086181641 0.85225379467
1470 471.05569458 183.305557251 21.0026855469 41.7469482422 0.11725949496
1500 67.1864318848 194.134765625 15.7776489258 39.0350646973 0.085256293416
1590 6.44313526154 188.780822754 20.6566505432 52.8255310059 0.051400590688
1620 547.771484375 160.466506958 20.2620849609 48.5389404297 0.0697418749332
1770 552.042114258 168.928649902 25.7950439453 59.7109069824 0.914031982422
