30 360.276428223 166.995040894 50.0256347656 94.0646209717 0.993051290512
60 424.479553223 147.446838379 29.2895507812 60.9334716797 0.903056383133
60 524.40447998 127.945129395 31.1547851562 110.488800049 0.0761635676026
90 486.602630615 169.891921997 21.5830078125 67.256439209 0.59089910984
90 622.031555176 183.859161377 16.9684448242 66.0267333984 0.0755288749933
150 430.800262451 180.208084106 21.6226806641 53.658782959 0.862498283386
270 423.108398438 185.795181274 19.619140625 33.0530700684 0.688483715057
270 305.346191406 176.829742432 15.5867919922 30.9417724609 0.43147328496
300 434.702728271 185.7550354 15.9716186523 34.7113647461 0.884391605854
330 609.43927002 187.289505005 18.8692626953 35.493927002 0.559486508369
360 538.497924805 176.593429565 20.8033447266 40.6051940918 0.615468978882
390 437.343078613 178.061798096 18.5953979492 50.2511291504 0.986585259438
420 466.669311523 176.835769653 23.2371826172 54.8344116211 0.992597460747
420 526.103393555 172.919555664 38.0952148438 72.2744140625 0.914252758026
450 516.278015137 171.051147461 27.3142089844 72.4141845703 0.997752726078
480 49.969039917 185.895935059 16.1462249756 44.4716491699 0.449919700623
600 546.565124512 57.4932479858 16.5262451172 37.5606689453 0.909557640553
630 56.276473999 186.062332153 18.0008850098 32.8351135254 0.1998873353
660 20.1677932739 188.37928772 20.3363761902 43.2355041504 0.987745344639
690 119.072669983 174.429244995 18.9214706421 37.26953125 0.115338079631
690 33.4645080566 164.157272339 17.9377441406 53.1426696777 0.108721628785
750 194.009552002 155.482498169 15.8928833008 32.1546325684 0.403980612755
780 81.0929336548 155.908203125 17.5934143066 38.657043457 0.178779453039
810 140.896484375 162.322036743 16.1010437012 34.8774108887 0.538065910339
810 7.09884643555 156.714752197 19.8844795227 49.6452941895 0.0658265501261
840 425.219909668 161.168334961 16.2232666016 44.7620849609 0.99154728651
840 4.54807186127 164.079864502 20.9056663513 54.7276306152 0.128246411681
870 149.870635986 180.59967041 15.2279663086 28.5407409668 0.952769994736
870 6.54321193695 184.708099365 16.902923584 41.5732421875 0.928631305695
870 448.171691895 148.697143555 20.5382080078 64.4461975098 0.180912002921
900 134.563659668 177.175323486 16.7630310059 33.6060791016 0.969341993332
900 39.9763259888 181.139953613 15.7118759155 39.8025817871 0.945534050465
900 1.89549160004 166.413116455 16.4728851318 58.9595947266 0.402222067118
900 48.9088058472 185.887191772 15.0156402588 35.4083862305 0.196964323521
930 565.157714844 148.570083618 30.7053222656 67.3894958496 0.996653616428
930 503.653259277 157.638015747 22.4721679688 58.940826416 0.996205687523
930 135.550765991 180.100204468 17.3811035156 31.5133056641 0.0821755826473
960 518.837646484 158.354919434 25.9661865234 67.0187683105 0.998100221157
960 128.917984009 191.674453735 16.8202209473 31.8754882812 0.979206562042
960 581.636779785 156.512359619 23.9536132812 64.7848815918 0.868148565292
960 140.041275024 187.736465454 15.1174926758 27.1251220703 0.380424231291
990 524.01574707 155.7759552 25.8470458984 75.7964172363 0.998085975647
990 127.936912537 195.295333862 14.2206039429 28.0824890137 0.168769881129
1020 524.736022949 161.254638672 29.3400878906 72.6479492188 0.99851423502
1020 166.781143188 190.381622314 16.8823852539 32.4914245605 0.994428634644
1020 128.892547607 196.804840088 15.4952697754 34.4098510742 0.97473859787
1050 517.720336914 160.936096191 28.9641113281 75.0280151367 0.99849152565
1050 135.462188721 198.091629028 16.7073974609 32.6685791016 0.994325339794
1050 498.430847168 165.023590088 19.508972168 77.1076049805 0.229744017124
1080 516.936218262 166.762969971 31.0758056641 73.5409545898 0.99731272459
1110 512.25567627 168.896697998 30.0404052734 77.5718078613 0.992170631886
1110 52.130897522 199.695892334 14.9214553833 42.0660400391 0.343582481146
1140 78.3042297363 203.672393799 15.0489349365 38.5808105469 0.604396820068
1290 396.504394531 188.693756104 19.0869140625 32.4624328613 0.993763267994
1320 397.233917236 194.915039062 17.4385375977 30.8420715332 0.116201706231
1410 598.539306641 191.840393066 24.0815429688 64.5668029785 0.789130628109
1440 462.522399902 184.101409912 22.9192504883 55.0405273438 0.993597984314
1440 37.161781311 184.706954956 21.8148880005 46.780456543 0.381221055984
1500 497.644287109 159.95401001 26.9615478516 78.6235961914 0.958309471607
1530 504.390533447 159.87940979 28.9670715332 65.3816833496 0.109151758254
1560 505.998443604 166.256072998 27.9180603027 75.0001220703 0.99890422821
1560 80.6952362061 186.139526367 17.524307251 38.4557189941 0.592218995094
1560 452.410308838 118.50843811 32.6529541016 90.1644287109 0.405045002699
1590 509.857727051 167.142974854 25.6502685547 76.7694702148 0.987230718136
1620 512.132751465 166.383026123 21.1529541016 66.9103393555 0.98722499609
1620 480.278289795 180.722198486 20.2294311523 55.8690185547 0.983912408352
1650 521.277404785 160.058654785 19.7410888672 58.355682373 0.869547486305
1680 524.483154297 170.751495361 22.6362304688 57.0719909668 0.988064944744
1680 538.268554688 170.414794922 22.1473388672 52.8135986328 0.0563041716814
1710 525.950073242 174.274810791 30.8273925781 86.5634155273 0.998802185059
1710 489.527252197 189.636398315 16.1281738281 48.3902587891 0.842674136162
1710 558.743530273 180.819641113 22.6566162109 60.8003234863 0.495709687471
1710 421.588012695 194.783630371 20.8067016602 43.2698974609 0.187583550811
1710 68.5933151245 211.408691406 16.0669403076 36.1643981934 0.143479272723
1740 545.154785156 170.794265747 37.2160644531 97.9892730713 0.999013543129
1740 599.223205566 171.684539795 23.9155273438 91.6097717285 0.994106769562
1740 32.6077194214 214.62940979 17.3366012573 31.8921508789 0.758920073509
1740 507.340057373 183.824523926 13.0904846191 51.1671447754 0.439880907536
1740 616.514709473 170.207489014 20.1669921875 85.8182678223 0.211503475904
1740 514.890686035 192.054077148 15.8159179688 53.0729370117 0.0500896945596
1770 595.782714844 163.598480225 39.1361083984 114.457000732 0.999619483948
1770 547.429931641 179.653991699 21.1550292969 68.7550964355 0.215362504125
