90 438.061187744 176.089691162 16.5778198242 43.343536377 0.66025865078
120 483.56741333 178.590713501 19.0888061523 46.6529541016 0.990102887154
120 468.223114014 175.492111206 17.3693237305 52.1040344238 0.544077396393
120 495.460510254 186.608886719 16.4411621094 37.5367126465 0.0826620236039
150 494.355895996 176.175582886 21.3319091797 55.1639709473 0.995700418949
150 389.164245605 177.619232178 17.3882446289 39.7533874512 0.993798792362
180 503.057495117 166.33782959 26.5489501953 82.95703125 0.992006123066
180 379.299285889 181.440307617 19.7066040039 42.4181518555 0.957329452038
180 524.303222656 167.481506348 15.7291259766 68.5756225586 0.928569018841
180 455.300201416 167.13873291 21.7650146484 69.2785644531 0.818373024464
180 493.957489014 171.207611084 17.3268432617 72.9559631348 0.130093425512
210 547.711303711 156.904800415 34.0816650391 100.11680603 0.998341917992
210 583.615844727 168.896240234 26.3287353516 83.6639099121 0.996542155743
210 519.989196777 162.879516602 24.4573974609 81.7890930176 0.988911747932
210 483.942962646 172.907669067 25.2918701172 68.1295776367 0.979408144951
210 503.421569824 169.87171936 22.6728515625 71.1915588379 0.0891816616058
240 543.330993652 166.290924072 50.7858886719 105.542572021 0.998881280422
240 437.509613037 168.123092651 22.7968139648 61.6389160156 0.988436758518
240 394.401153564 165.387634277 24.590637207 60.4732971191 0.981401622295
240 618.055847168 190.664306641 19.5037841797 68.56640625 0.723581969738
270 528.820251465 162.098739624 29.4613037109 78.3268432617 0.994985818863
270 10.8184299469 140.753921509 22.5506725311 69.7076721191 0.321266412735
300 590.325439453 188.003265381 36.2160644531 88.6412963867 0.915027916431
300 7.01076030731 147.503601074 16.1801986694 56.4731140137 0.0950124710798
480 445.04309082 180.738357544 28.0329589844 55.9465637207 0.790732145309
510 482.870849609 173.62713623 25.3450317383 56.4981079102 0.988146960735
540 96.4352340698 188.799499512 20.7883148193 39.361541748 0.0863244235516
600 538.207397461 201.085769653 14.9678955078 36.5283508301 0.0610119998455
630 595.01171875 153.524505615 25.1799316406 73.3325195312 0.13143363595
660 11.0318231583 196.730880737 20.6805915833 51.1060180664 0.642213106155
870 7.90697288513 197.630020142 19.783416748 54.4049377441 0.97900724411
990 398.20111084 175.433609009 22.0022583008 46.5283813477 0.163629308343
1020 409.140991211 159.600158691 32.5739135742 67.1222229004 0.977821230888
1170 342.657196045 200.267578125 15.5758056641 30.8427124023 0.0559785030782
1200 376.002685547 201.191650391 15.7603759766 29.317779541 0.925857543945
1200 604.860534668 175.423095703 24.4318847656 54.5431213379 0.0771325305104
1230 381.532623291 200.415588379 16.1607055664 33.1887817383 0.988065481186
1260 348.343139648 203.054641724 17.1386108398 28.3963928223 0.490555465221
1290 360.683898926 201.780700684 16.2936401367 33.1176757812 0.280786752701
1290 175.033874512 201.705490112 17.9189453125 32.3927001953 0.133188351989
1440 41.5227088928 193.061569214 19.7564086914 44.3075256348 0.944842755795
1470 476.913543701 177.48840332 23.2752075195 49.6297607422 0.982051670551
1500 591.921630859 188.118133545 24.5235595703 65.2508239746 0.136344254017
1590 580.446899414 176.832855225 25.6711425781 51.1290283203 0.737323403358
1680 453.302154541 171.002578735 26.5328979492 53.740447998 0.959887087345
1770 445.466247559 170.761138916 34.7369384766 63.5114135742 0.244045808911
1800 3.64592170715 199.408538818 21.1447029114 46.6031188965 0.980944991112
