60 624.252990723 210.800979614 14.7470092773 52.2286224365 0.21406391263
90 486.688018799 175.031280518 23.8670043945 56.111328125 0.64222151041
240 187.433502197 163.211837769 18.9218139648 33.9219665527 0.986973464489
390 287.648040771 152.340988159 25.2947387695 56.1045837402 0.0578629337251
600 291.276733398 161.157333374 20.6415405273 42.1649169922 0.97763389349
630 0.995297431946 158.79927063 16.8886756897 56.4400634766 0.285552203655
660 209.973388672 168.909988403 16.097442627 35.7416687012 0.12308498472
690 12.5074319839 177.440811157 20.2355308533 54.3828430176 0.995266914368
690 224.222305298 175.744171143 15.9518432617 30.8413085938 0.402844965458
690 530.783874512 184.600830078 24.3009033203 58.0778198242 0.0625967383385
720 469.397949219 172.938659668 24.112487793 59.8881225586 0.0995233505964
750 500.401824951 183.529296875 16.299041748 42.4237670898 0.0840430930257
780 340.939758301 175.540771484 23.491027832 64.0493469238 0.541819512844
810 557.010864258 167.247543335 24.7598876953 57.3728637695 0.99792778492
810 586.609375 168.249755859 23.2952880859 67.5401916504 0.966497421265
840 612.434143066 201.09564209 17.6657714844 49.0456542969 0.994447112083
840 505.786346436 183.508895874 17.3787536621 41.4544067383 0.826492667198
840 555.210998535 151.720611572 28.1351318359 78.5552062988 0.10386698693
960 9.51870536804 198.097915649 19.7027549744 60.6856231689 0.371372193098
1020 494.599029541 170.219161987 13.9182128906 50.6315307617 0.551721453667
1050 205.568405151 173.708297729 17.6243591309 44.3254089355 0.0975679159164
1080 204.230224609 165.82208252 17.2729492188 38.9219970703 0.477070778608
1170 393.445495605 174.868408203 17.6353759766 39.1744689941 0.0592459589243
1230 492.574829102 160.988647461 17.9896850586 51.6706848145 0.20256882906
1260 525.580383301 166.810317993 22.7459716797 55.0706481934 0.997714757919
1260 434.17376709 155.04359436 23.693359375 56.2573242188 0.517884969711
1290 592.386169434 159.92086792 22.3891601562 58.0335998535 0.996735870838
1290 451.178863525 158.137466431 25.6790161133 61.2342834473 0.859633743763
1440 622.786804199 145.475402832 16.2131958008 46.9539794922 0.138062864542
1500 420.642272949 156.833312988 17.0999755859 41.0114746094 0.555138587952
1530 419.067138672 156.063751221 16.9105224609 42.6586303711 0.646937608719
1590 397.252471924 151.245285034 19.323059082 46.5817871094 0.814912319183
1590 428.047668457 156.167617798 18.2285766602 41.822265625 0.266164422035
1650 442.063293457 156.513977051 16.7491455078 44.2631530762 0.995642781258
1650 29.5832557678 183.901901245 22.5740432739 63.4079589844 0.987278699875
1650 52.7389678955 185.68196106 25.0729370117 63.4033508301 0.961968779564
1680 445.388153076 157.262039185 21.6534423828 56.6128540039 0.998011827469
1680 25.4407424927 192.678390503 21.2498474121 59.3012084961 0.724486708641
1680 562.206359863 152.417312622 18.302734375 60.1567077637 0.511955618858
1680 482.927978516 137.94972229 26.5159912109 65.0113830566 0.106478862464
1740 405.829589844 160.108032227 18.603515625 39.038482666 0.681345462799
1740 393.875183105 164.340698242 21.3232421875 40.0230712891 0.194903537631
1770 612.676391602 150.648773193 20.8743896484 52.8874511719 0.993019402027
1770 595.716796875 151.506790161 19.3397216797 62.9989624023 0.984005689621
1770 407.039794922 165.581954956 18.4508666992 35.1854248047 0.967355072498
1800 610.276428223 145.53805542 23.4099121094 71.8719787598 0.996108353138
1800 404.157196045 162.170227051 23.3016967773 39.9029541016 0.932465851307
1800 41.4825286865 191.907974243 20.382774353 48.6931762695 0.527059793472
1800 2.37168502808 183.431762695 20.0405254364 51.240814209 0.207751020789
1800 19.2200775146 188.132965088 20.340057373 50.5494384766 0.0602892972529
1830 408.154815674 177.515853882 19.4677734375 35.6358032227 0.889275074005
