30 482.004119873 163.769775391 20.617980957 56.2963562012 0.221005365252
90 300.995269775 177.315567017 18.831237793 31.3038330078 0.995059013367
90 491.792785645 171.58215332 18.0751953125 37.6643676758 0.90445369482
120 301.600830078 172.842483521 16.0180053711 32.2475280762 0.196602597833
180 87.6675872803 171.604095459 17.0810089111 37.3980102539 0.0554528348148
210 468.203948975 157.265899658 26.4250488281 68.073059082 0.965990245342
240 41.6413764954 171.68397522 17.0912322998 47.7085266113 0.959767401218
300 496.101287842 167.973480225 18.4554748535 44.0367431641 0.717268586159
420 239.593276978 174.457641602 22.8239593506 57.098815918 0.0580815710127
510 516.828063965 169.976242065 20.3931884766 43.2876281738 0.844842791557
570 19.3704776764 198.336227417 25.2899913788 67.5559844971 0.918064236641
600 512.458374023 178.897750854 18.5040283203 45.3238830566 0.942025601864
630 508.43649292 174.373535156 18.3515319824 43.1496582031 0.816102743149
630 242.886444092 173.863113403 16.1352233887 31.2002563477 0.402883112431
630 524.401977539 177.40763855 15.9036865234 42.0971679688 0.0526376366615
660 241.583236694 172.466659546 18.2648773193 30.6883544922 0.92972868681
690 246.4375 174.751541138 16.1573486328 33.002166748 0.124466314912
690 623.342163086 188.648300171 15.6578369141 34.4066162109 0.0694098547101
720 245.024154663 173.952255249 16.5088348389 30.4290771484 0.461093485355
750 519.046081543 177.290405273 14.2991943359 45.3330993652 0.211996123195
750 240.943832397 175.305679321 16.3928985596 30.2752380371 0.15175011754
810 244.753051758 176.427337646 16.9510192871 33.9602050781 0.919072270393
810 506.7628479 171.866699219 20.748260498 45.8860473633 0.0536743365228
840 246.424194336 171.67199707 16.0563964844 32.7257385254 0.948478758335
870 238.604614258 173.756454468 16.9349060059 32.6455688477 0.930193126202
900 514.901000977 172.408203125 17.7913818359 47.2733459473 0.592002809048
900 245.362854004 174.141799927 15.7468261719 35.1796875 0.234887719154
990 516.980163574 183.36668396 19.4627685547 45.3265380859 0.0667075142264
1020 520.685241699 180.16897583 18.1623535156 49.5359802246 0.3664021492
1140 539.964904785 182.196228027 15.37890625 53.3784790039 0.550606608391
1230 18.9843502045 190.52130127 16.8969364166 49.7250976562 0.0521561913192
1440 611.907104492 151.815719604 20.6971435547 37.0256652832 0.0994090512395
1470 416.875976562 172.349899292 22.6312255859 52.7460632324 0.44285979867
1590 298.200134277 189.989044189 17.5570678711 32.3809814453 0.144071698189
1650 486.53817749 171.848114014 18.8701782227 50.3023681641 0.103412799537
1710 402.895385742 197.956924438 18.6438598633 31.7375183105 0.993261396885
1740 277.726531982 185.304351807 17.7915039062 29.2197265625 0.967977821827
1770 261.997528076 184.511016846 21.7700805664 37.8073120117 0.970628142357
1770 452.75692749 165.154815674 26.9232788086 87.2731323242 0.516417622566
