30 236.940536499 170.975280762 16.5736083984 38.6151428223 0.0906076058745
30 245.853729248 175.217849731 16.0882263184 32.3433227539 0.0906076058745
60 301.758575439 182.538772583 17.0056762695 31.5180358887 0.946263313293
240 618.893310547 142.96963501 17.8551025391 68.9086914062 0.64366799593
270 6.89040470123 189.712936401 16.178691864 42.2044372559 0.913517951965
630 338.380981445 187.205352783 18.2649536133 43.1880187988 0.142100602388
690 214.577819824 154.810424805 22.2109375 48.462097168 0.359430015087
720 272.995910645 161.653747559 24.0874633789 49.345123291 0.963699579239
720 468.722503662 173.720718384 24.9259643555 53.5298156738 0.728695094585
750 329.126190186 150.428649902 28.0335693359 64.3409729004 0.716005146503
780 378.701507568 140.444580078 30.9235229492 67.672454834 0.999346911907
810 426.092346191 121.447128296 34.6990356445 79.1509094238 0.999481022358
840 439.755828857 168.462936401 16.9966430664 40.4277648926 0.993798911572
900 621.24230957 180.266143799 17.7576904297 72.0009460449 0.339758574963
1170 263.319732666 119.593307495 17.9797973633 41.1435852051 0.968672394753
1260 8.0559129715 161.877807617 19.5539169312 31.1174316406 0.494891226292
1350 518.612304688 154.437774658 32.5908203125 72.8020019531 0.158113479614
1350 1.631503582 128.140884399 15.1325206757 51.0596923828 0.0842331200838
1380 283.622955322 121.408370972 19.755859375 35.8567199707 0.268352329731
1440 391.756408691 106.948623657 17.8239135742 37.6888275146 0.0731490775943
1500 520.420776367 157.843078613 31.3499755859 68.0157470703 0.482697159052
1560 373.901702881 149.137374878 23.9206542969 54.0448608398 0.996686518192
1590 417.224975586 180.321731567 22.70703125 46.8840026855 0.218684032559
1620 437.521972656 170.932952881 22.7341918945 52.794128418 0.993698835373
1620 506.894683838 179.954162598 21.6180114746 60.2151489258 0.940925657749
1650 458.602813721 160.875732422 31.2483520508 63.9995727539 0.997219562531
1650 543.826416016 160.21395874 27.3100585938 54.7914123535 0.994559586048
1680 521.895446777 159.276168823 33.7127685547 77.0054931641 0.998940765858
1680 557.653198242 159.284637451 24.9208984375 64.3877563477 0.996491014957
1680 620.66619873 153.385177612 18.3338012695 60.3877258301 0.922819793224
1680 580.770690918 175.256134033 18.8851318359 48.5881652832 0.331926524639
1680 572.324829102 168.039199829 17.5394287109 49.0690002441 0.0720488652587
1740 603.852722168 190.208786011 25.1643066406 51.9748535156 0.9938788414
1770 445.866729736 193.174713135 22.7626342773 53.7140808105 0.890332877636
