30 170.67338562 173.234802246 14.881652832 36.9376831055 0.0648420453072
60 169.872451782 175.980926514 16.759185791 32.9862670898 0.496092498302
90 163.286010742 176.381866455 18.7319641113 35.8556213379 0.8161637187
120 170.009979248 174.005004883 16.7642211914 34.9681396484 0.923538088799
150 167.654052734 175.322753906 19.3702087402 34.9740600586 0.633831977844
270 70.603553772 180.346496582 28.9643096924 78.3145141602 0.998118817806
300 4.76870346069 188.85774231 40.4532394409 98.0337677002 0.998873174191
750 420.625549316 162.693161011 17.2608642578 34.1091003418 0.91521948576
780 418.427612305 173.882385254 18.0107421875 36.3482971191 0.880562663078
810 490.042663574 170.399703979 16.3286132812 32.2737731934 0.208611235023
1050 7.05240726471 206.559799194 22.1553115845 53.5074920654 0.654132187366
1110 4.22619915009 215.059616089 18.7959594727 43.678604126 0.347626894712
1140 51.5482330322 161.850631714 23.1540374756 58.1518249512 0.0554982982576
1470 113.851242065 161.675628662 15.9736328125 33.2014160156 0.91217315197
1500 383.325927734 149.457321167 15.8689575195 26.7048950195 0.891336739063
1500 50.7039031982 160.618515015 17.6675872803 36.6572875977 0.366176396608
1530 366.355102539 154.858932495 15.8165283203 25.6596984863 0.873929858208
1560 360.886322021 157.172988892 16.4954833984 36.128692627 0.271215111017
1590 381.74987793 161.522735596 19.3978271484 35.375213623 0.978748083115
1620 130.763519287 159.874450684 17.6827392578 35.6839599609 0.852619111538
1650 432.693664551 140.449630737 22.9909057617 46.1013183594 0.996557354927
1650 516.686706543 149.969238281 16.7193603516 41.2815856934 0.440770298243
1650 598.824279785 97.2496185303 23.0139160156 70.6366577148 0.134812906384
