30 609.558227539 174.357421875 25.3541259766 64.7894592285 0.998169779778
30 461.753936768 174.954544067 18.9912109375 45.0685424805 0.992225170135
60 609.226867676 174.316879272 25.8436279297 64.6828918457 0.998086929321
60 464.823669434 173.208724976 23.8804931641 52.9045715332 0.990452408791
90 607.709899902 174.836868286 29.8702392578 71.9362487793 0.989497542381
90 475.784729004 182.251525879 23.1948242188 46.4145812988 0.989176809788
120 604.895690918 170.846115112 29.548828125 69.1981506348 0.993076205254
120 481.083343506 174.957687378 23.3843994141 51.1996459961 0.988243699074
150 608.519470215 177.826187134 26.5098876953 67.8038635254 0.996138870716
150 492.304779053 176.656387329 22.8102722168 50.1622009277 0.9911865592
150 437.788482666 189.171859741 17.4625854492 35.1697998047 0.072670571506
180 504.207550049 193.282928467 24.7881164551 53.0793457031 0.610269188881
210 522.671813965 203.07043457 21.2438964844 51.8790588379 0.997287869453
210 439.388824463 226.500213623 16.8921508789 33.1578979492 0.739821791649
210 206.106246948 206.157821655 16.6065063477 28.4285888672 0.293409734964
240 538.168579102 206.724731445 27.1599121094 49.386932373 0.997664213181
240 208.526473999 201.145446777 16.4215087891 26.081817627 0.972412645817
240 6.98993587494 222.832199097 19.7849235535 50.9581756592 0.953805088997
240 450.543457031 225.441619873 16.7937011719 31.9222412109 0.708517551422
270 567.256713867 196.395568848 25.5233154297 57.3184814453 0.996218383312
270 208.237335205 194.286819458 16.2703552246 27.9995727539 0.898230791092
270 452.533233643 203.524734497 18.698059082 37.0292053223 0.0588823780417
300 607.228881836 181.25340271 26.3815917969 66.1106567383 0.997814416885
330 97.4091949463 171.406188965 23.5149841309 52.4250793457 0.873245835304
330 207.606262207 180.973693848 18.1646118164 26.3192138672 0.761775910854
360 211.734725952 177.723907471 22.9686889648 28.5673828125 0.987747788429
390 563.015991211 203.195495605 17.5693359375 39.1803894043 0.190751761198
690 581.709228516 166.269546509 27.1003417969 109.377548218 0.877584934235
750 33.472492218 179.99710083 17.6966400146 47.2391052246 0.955292284489
780 427.56829834 168.403015137 25.6937255859 55.5281982422 0.991069793701
780 468.782226562 147.194702148 24.5278320312 68.2418518066 0.915118455887
810 433.68057251 166.235168457 32.8502807617 75.5762939453 0.998843431473
810 72.3480224609 173.237136841 18.8156433105 34.5484924316 0.960887253284
840 478.29006958 161.804748535 43.2948303223 102.373840332 0.999080300331
870 574.818908691 147.481384277 52.2691650391 159.373138428 0.999109685421
870 391.050567627 177.918807983 18.8687133789 46.8661193848 0.992103278637
960 497.000854492 166.268371582 39.1186523438 137.172607422 0.998794674873
960 0.883160591125 193.432723999 18.3837661743 51.4389953613 0.574466824532
1050 597.27355957 165.423797607 27.5399169922 86.6066589355 0.998656392097
1140 471.710205078 198.678161621 18.9594116211 45.0344848633 0.678703963757
1200 578.302307129 170.190551758 19.0435791016 73.6187438965 0.995009064674
1200 588.423461914 163.445083618 18.7985839844 73.3450927734 0.134395301342
1290 162.173278809 181.050750732 15.2902526855 31.9235534668 0.412136763334
1320 90.9419250488 186.844329834 19.9452972412 26.8856201172 0.966754496098
1350 68.6886367798 186.595474243 15.4447937012 28.1082458496 0.858835577965
1350 132.096588135 160.239059448 25.6289672852 52.2913513184 0.57879191637
1350 546.491943359 157.504974365 31.8349609375 82.2922363281 0.0975956171751
1410 409.020477295 173.721633911 16.217956543 32.4773864746 0.971508324146
1440 420.653564453 164.87272644 16.9473876953 35.2671203613 0.991612792015
1500 281.174499512 162.702301025 27.1508178711 59.6748352051 0.0765287727118
1530 31.6036109924 166.473098755 16.8577575684 38.0367431641 0.99153393507
1530 279.32244873 160.642791748 16.6944580078 39.334777832 0.107381694019
1560 16.6719436646 161.388519287 23.9234313965 53.6383056641 0.950516343117
1590 0.982551574707 175.619628906 19.9862632751 51.6055603027 0.9873508811
1620 445.807373047 197.394561768 18.8269042969 39.1420898438 0.814540624619
1650 4.23917388916 184.290924072 16.9006690979 41.1170959473 0.452937185764
1680 445.859985352 195.695800781 22.0462646484 42.5312194824 0.763169288635
1680 2.95534420013 185.394470215 17.4989089966 50.2464599609 0.10517065227
1740 5.99666976929 181.608886719 17.6412601471 45.0574645996 0.0823474377394
1770 5.29365348816 188.625244141 19.8546485901 38.5655822754 0.87945574522
1800 8.18818759918 189.386459351 18.7144317627 41.3292236328 0.906580924988
1800 460.305236816 180.921829224 21.0704345703 45.6260375977 0.654170274734
1830 200.735412598 200.837478638 21.2406311035 37.1342773438 0.469740331173
1830 464.479125977 167.864639282 20.1635131836 49.5386047363 0.149236619473
