30 544.416870117 185.985443115 20.0584716797 56.7984313965 0.870149731636
60 7.09778404236 201.361679077 22.7216949463 40.8859863281 0.578513920307
60 541.76763916 184.103408813 25.3308105469 67.3695983887 0.349532574415
90 544.284851074 191.355728149 23.3289794922 59.4196166992 0.914209604263
90 7.234603405 203.943206787 15.1412525177 45.2772216797 0.880262613297
120 554.646057129 188.751907349 22.5501708984 66.390045166 0.990248143673
150 577.8046875 186.515640259 25.0993652344 75.0620269775 0.976914584637
750 392.977478027 196.726852417 17.5336914062 36.8113708496 0.574856162071
780 117.495811462 173.072036743 30.2349014282 73.5832824707 0.992378354073
840 123.998283386 216.189758301 18.6078872681 36.4709777832 0.674864590168
990 450.253479004 215.659317017 18.2647705078 34.6326599121 0.113771811128
1020 323.888885498 206.336685181 19.9730834961 35.1188354492 0.0511897392571
1050 340.634460449 206.315216064 22.5100708008 37.6718444824 0.396892160177
1110 244.654510498 214.561096191 16.6996459961 28.6593933105 0.992125213146
1170 358.364501953 201.025253296 17.2461547852 35.4435119629 0.181607574224
1200 102.729110718 183.724914551 15.9920043945 30.0681152344 0.315229594707
1200 495.532348633 156.383453369 24.0731811523 61.1288452148 0.0639310404658
1320 436.327178955 190.156112671 16.3705444336 34.5210571289 0.255463838577
1350 532.372436523 186.220672607 23.0620117188 43.2904663086 0.944455564022
1440 418.171630859 177.366012573 22.3435668945 44.9729309082 0.997294485569
1590 88.4060211182 171.861953735 15.7116546631 28.798248291 0.876671850681
