30 483.898468018 169.640548706 17.990234375 45.0509033203 0.0792793110013
60 481.158050537 173.025512695 20.1192016602 47.2215881348 0.873570799828
90 480.078948975 166.964324951 21.5233154297 49.3612365723 0.996139109135
90 319.352111816 99.9355773926 30.1658935547 56.0694885254 0.100720874965
120 479.588806152 169.167724609 20.6198120117 47.8974914551 0.984942317009
120 41.9520187378 169.530181885 22.8904724121 73.508972168 0.137241393328
180 480.928253174 167.220397949 21.4639282227 50.0422973633 0.0941082984209
210 479.72479248 175.053268433 22.0935058594 50.5104675293 0.859840214252
570 412.004882812 162.130249023 30.7223510742 69.8450012207 0.991143345833
570 9.78867530823 204.638366699 23.4109630585 47.0264892578 0.10581715405
690 622.419189453 176.123535156 15.2543945312 41.7353210449 0.733229219913
750 524.066040039 164.879623413 16.3907470703 48.7751159668 0.804062724113
900 593.622558594 132.849761963 33.9102783203 112.415802002 0.302593648434
1350 458.379180908 149.609909058 18.7158813477 48.8309326172 0.996317028999
1440 249.696899414 149.661300659 15.3507080078 36.9277954102 0.305558979511
1470 160.974838257 138.648864746 23.7979736328 53.7721557617 0.0933631509542
1470 252.036224365 153.789245605 16.6680908203 32.4280090332 0.064451366663
1530 5.37458705902 200.169952393 13.7803659439 40.4038696289 0.254291296005
1530 49.018196106 158.348251343 17.0346374512 37.3316345215 0.107413426042
