30 449.791015625 174.38508606 17.4979248047 38.8282775879 0.556863307953
210 117.468032837 189.111419678 17.2071685791 26.5997314453 0.475736856461
240 5.65968751907 190.546051025 14.9789142609 41.7075500488 0.200941473246
300 88.8968048096 186.762908936 17.7406463623 29.5330200195 0.270146131516
390 6.90395259857 167.759994507 27.6137542725 65.0407104492 0.8462703228
420 332.750732422 179.987762451 18.6342773438 37.3031616211 0.984452545643
420 418.434509277 162.125152588 19.5306396484 44.6422119141 0.0946769863367
570 479.657958984 173.818069458 15.7567138672 33.8395080566 0.107257626951
690 490.443969727 151.556854248 17.2902832031 42.8802490234 0.355576813221
720 385.749023438 147.828933716 23.8866577148 56.3789367676 0.443210422993
750 487.857849121 161.530792236 18.7395629883 39.7684631348 0.976291060448
780 485.523742676 165.550308228 17.5331420898 38.7217102051 0.667609393597
840 485.732849121 168.748931885 17.4362182617 40.3243713379 0.095100402832
900 496.880157471 181.10597229 16.2398986816 32.9938049316 0.0618416704237
930 491.983612061 177.400390625 15.4556274414 37.4263305664 0.0584009587765
960 493.390563965 187.118377686 21.7929077148 38.5205383301 0.879331111908
990 535.273010254 186.346054077 20.4885253906 43.2955322266 0.514609932899
1140 540.605285645 182.674194336 22.9901123047 43.5165100098 0.750239729881
1230 184.736709595 200.93069458 15.9830322266 31.2402954102 0.473627477884
1260 46.6189537048 212.900665283 15.1569595337 36.8170166016 0.722615003586
1260 54.7694778442 211.376739502 15.007484436 33.552734375 0.722615003586
1410 11.4435739517 199.862350464 18.250415802 36.5252685547 0.859210014343
1410 589.052062988 194.415267944 22.9390869141 58.1153869629 0.0906370803714
1440 324.215301514 177.162445068 19.728515625 37.0124816895 0.143306717277
1440 593.473449707 143.487426758 23.6480712891 55.321685791 0.0612691789865
1500 415.648925781 178.472488403 27.278137207 44.8409118652 0.961164236069
1530 425.263092041 183.100326538 29.0129394531 59.0102844238 0.997442007065
1530 79.3301391602 191.33265686 22.2587432861 43.6548156738 0.207211494446
1560 473.053131104 175.945007324 32.698425293 72.6311645508 0.999100208282
1590 583.584594727 166.538513184 44.4123535156 108.883056641 0.999562203884
1620 100.054336548 187.59312439 21.5648498535 46.4869995117 0.0897238999605
1710 14.154463768 171.661865234 23.0366783142 62.5744628906 0.503157198429
1800 356.867614746 168.866851807 23.7639160156 47.2357788086 0.997173905373
1830 249.082092285 157.479614258 25.6018066406 59.9080505371 0.99717605114
