90 408.382904053 159.839935303 20.2704467773 48.6994628906 0.0691836923361
180 623.253173828 160.394668579 15.7468261719 66.6703491211 0.815312683582
210 458.87197876 168.481323242 19.1317138672 42.3484191895 0.994943320751
240 477.821105957 161.180175781 20.8875732422 47.6352233887 0.979296207428
270 493.852600098 167.40045166 23.348449707 50.2279052734 0.997270286083
270 6.02752399445 176.791488647 15.5010824203 36.0800476074 0.946498632431
300 518.836486816 169.609146118 25.4332275391 55.0975341797 0.995993971825
330 554.027893066 181.255950928 26.4011230469 64.4155578613 0.996808230877
360 589.953186035 187.49130249 32.1306152344 82.0047607422 0.999263942242
480 52.0301437378 202.288330078 16.3939743042 40.7760009766 0.603722572327
510 66.0772857666 205.900390625 17.5635986328 32.8639831543 0.332562416792
510 21.6257705688 198.513092041 20.0990409851 38.840637207 0.0548930838704
690 0.901731014252 193.800003052 15.2136383057 50.6340637207 0.975184559822
1080 194.575576782 189.349914551 16.0717163086 29.6774902344 0.982122063637
1110 154.358856201 186.513381958 16.8135070801 32.6175537109 0.970612406731
1140 134.557846069 187.460647583 16.5573425293 25.7250976562 0.786417126656
1230 504.893981934 164.17137146 26.6208496094 50.8346252441 0.609355807304
1230 57.094078064 187.388565063 22.6714782715 35.9146728516 0.362681895494
1260 530.130859375 156.477020264 23.6394042969 51.3322753906 0.962022900581
1260 40.5870323181 172.713378906 17.0834197998 40.2867126465 0.0731464922428
1320 2.35882949829 173.706954956 17.2984886169 52.024810791 0.148723319173
1500 7.93781280518 199.144836426 18.5569419861 42.754486084 0.497506797314
1560 2.31666469574 193.934860229 15.4078531265 52.1265258789 0.691867351532
1650 5.02548027039 208.578292847 15.8566131592 45.1088256836 0.122657746077
