30 94.1752243042 194.644134521 19.1777648926 35.4627990723 0.991439223289
60 56.0047492981 197.485092163 17.4277763367 31.9405517578 0.993188142776
60 1.66485023499 190.029174805 18.3245849609 65.5084228516 0.26147288084
300 249.041397095 179.669586182 23.9367218018 34.5747375488 0.696484029293
300 125.684951782 194.2472229 22.4392089844 42.1829528809 0.284931004047
330 459.336975098 170.935638428 23.1705932617 53.4377746582 0.0902243852615
330 121.381851196 193.61555481 19.7733154297 45.4844970703 0.0585192479193
420 462.058502197 174.330490112 25.3966064453 60.0522155762 0.507628202438
600 481.168182373 171.841751099 23.7778320312 45.4034423828 0.277103841305
630 480.167175293 175.210449219 22.9438476562 45.6069335938 0.581299304962
660 485.764923096 178.143157959 20.5522460938 41.078704834 0.214269980788
690 475.33581543 170.035736084 22.6126708984 51.4821166992 0.174413740635
750 481.858154297 183.638244629 22.9774780273 42.7626953125 0.203655809164
780 247.537033081 184.400375366 28.9149627686 40.8782958984 0.986177921295
930 242.390350342 196.915313721 18.6446838379 31.6955566406 0.696079790592
1140 576.170532227 65.4288482666 25.8321533203 70.779006958 0.284211754799
1230 488.32711792 189.419754028 16.8017578125 28.4431152344 0.931669950485
1260 498.786529541 199.259689331 15.7921447754 25.9994812012 0.289891690016
1260 491.921173096 204.949478149 14.4145507812 26.6658325195 0.165577769279
1290 456.565093994 201.937194824 16.0823974609 30.7475280762 0.993516921997
1290 346.053588867 205.679122925 17.0382080078 24.6547851562 0.201068654656
1290 337.558258057 202.742004395 17.0755004883 23.5150146484 0.0531913563609
1320 352.069580078 193.869338989 18.6809692383 34.1629638672 0.946282088757
1350 212.807769775 192.757888794 23.9060668945 44.6520996094 0.985933721066
1380 55.6627883911 194.266433716 25.1534576416 61.1884155273 0.991407334805
1530 47.2924499512 202.831985474 20.0498504639 39.9111633301 0.803718984127
1560 49.849822998 205.414093018 19.3463363647 41.0789794922 0.578520298004
1560 175.71472168 196.79296875 20.227142334 39.5733642578 0.180751442909
1590 47.3985595703 198.089736938 20.3202972412 49.0258789062 0.0874734297395
1740 493.257080078 207.088851929 25.6293334961 51.6197662354 0.991892576218
1740 110.866020203 194.977767944 20.7836227417 40.4936828613 0.509548485279
1770 225.122283936 211.34413147 18.9839782715 24.3759155273 0.398134440184
1770 81.581161499 187.2293396 21.4797515869 44.6662902832 0.11234293133
1800 231.856262207 202.559799194 17.422088623 29.7585144043 0.255773901939
