210 567.184631348 164.574081421 17.0964355469 32.8343200684 0.315879493952
240 423.81918335 200.405639648 19.3148193359 39.3435974121 0.187384948134
240 625.013793945 209.09223938 13.9862060547 40.7516174316 0.0940724983811
360 339.688110352 180.226898193 20.8059082031 36.0382385254 0.97745090723
390 187.269775391 186.620941162 22.8611450195 37.9869384766 0.921937286854
420 543.282531738 200.930130005 37.4802246094 56.3659210205 0.949032783508
420 255.760528564 175.442230225 18.7263793945 39.1005859375 0.779024124146
660 185.242126465 173.748382568 16.6859741211 34.2995910645 0.30008456111
720 389.128479004 152.951782227 31.1135864258 56.3010864258 0.416672646999
1740 436.414459229 182.699417114 22.4579467773 54.4911193848 0.546045601368
