270 478.247955322 179.399230957 14.8208007812 37.5640869141 0.0904118418694
300 487.687774658 174.959365845 20.0707397461 45.3881225586 0.997597515583
330 482.600250244 180.871139526 16.8823242188 36.5185546875 0.991478741169
330 500.186523438 175.907272339 16.9617919922 45.4100646973 0.146718069911
360 484.381347656 173.250305176 15.8659667969 36.6573791504 0.996293962002
360 509.490386963 174.606582642 16.8379211426 39.2062988281 0.815654873848
360 496.367797852 179.164581299 15.2722167969 37.5508728027 0.0755196809769
360 2.17655277252 90.5105514526 14.9582128525 52.8775100708 0.0751323848963
390 516.74206543 170.342147827 17.3663330078 46.3238525391 0.994991838932
390 489.378631592 173.089050293 16.4246826172 40.8121948242 0.861581921577
390 546.487915039 162.08706665 18.5889892578 61.6789855957 0.803618133068
390 509.887084961 172.902618408 13.0668945312 40.694152832 0.317562550306
390 500.840515137 169.895935059 13.9007568359 45.9630432129 0.0669685974717
420 520.724121094 168.344528198 21.0112304688 50.7059631348 0.997654020786
420 571.243835449 177.139724731 20.6042480469 54.821685791 0.760093867779
420 486.601013184 176.88381958 15.4333496094 43.818359375 0.562970578671
420 512.503723145 173.400695801 17.08203125 41.6787109375 0.0672266632318
420 546.548217773 169.933013916 14.0656738281 46.440246582 0.0514084212482
450 520.338378906 168.692092896 20.8383789062 61.3251037598 0.989265322685
450 530.659912109 163.59803772 21.6402587891 55.565246582 0.165473759174
450 557.314331055 172.065673828 19.9927978516 63.998840332 0.0626989901066
480 526.461853027 167.435241699 21.7735595703 59.6116333008 0.995640993118
480 513.160888672 169.863708496 19.4008789062 61.5640258789 0.992955446243
480 580.492858887 180.231338501 23.1541748047 69.0025024414 0.219825252891
510 529.929931641 165.62008667 20.6994628906 58.9672241211 0.996831357479
510 582.087036133 183.229766846 22.1668701172 69.0862121582 0.599428772926
510 2.2984752655 195.649490356 16.2821464539 40.2113342285 0.297133952379
540 528.428466797 168.164306641 19.9266357422 61.8419494629 0.995772659779
540 584.224914551 192.751876831 24.1837158203 58.056640625 0.0545728541911
570 527.838745117 168.778762817 17.6247558594 63.5961608887 0.98599421978
570 512.186828613 173.139022827 16.0987548828 59.736907959 0.675610184669
570 583.954040527 190.465759277 25.9260253906 61.3895568848 0.110141374171
600 530.912109375 173.260559082 19.3269042969 57.0923156738 0.980460107327
600 584.944885254 191.793060303 20.8597412109 60.7739868164 0.761027574539
630 530.229248047 172.872238159 24.7100830078 70.0367736816 0.995778679848
660 527.69744873 172.204147339 22.4251708984 67.9129333496 0.99495524168
660 583.604797363 190.062225342 23.1883544922 57.4879455566 0.458015292883
690 525.911071777 172.782592773 22.7545166016 66.0331726074 0.995309174061
720 527.906066895 171.12286377 23.7810058594 63.6801147461 0.996736466885
750 435.561004639 180.668792725 25.4278564453 53.7294616699 0.977954506874
750 519.501464844 184.223388672 23.3371582031 55.9264831543 0.654684066772
780 522.630187988 178.899032593 22.2860107422 58.7661132812 0.989932656288
810 519.669128418 174.912796021 23.3161621094 63.3703918457 0.394579380751
810 580.603881836 193.894592285 21.5758056641 60.3445739746 0.330776005983
840 525.006835938 171.658432007 23.9647216797 68.2215881348 0.99638569355
870 528.906738281 172.442626953 23.9692382812 62.6640930176 0.996727705002
870 585.098510742 191.880126953 21.5054931641 62.4361572266 0.223285719752
900 528.182556152 174.70489502 22.7263183594 59.8832092285 0.995466351509
900 583.954040527 188.286972046 20.0871582031 65.5783691406 0.37525293231
930 521.80090332 174.421234131 25.0893554688 61.3818054199 0.992364287376
930 581.610351562 189.614273071 24.095703125 65.4352111816 0.689229547977
960 518.64465332 174.289657593 23.1469726562 58.2883605957 0.689905583858
960 585.200500488 188.015716553 23.3062744141 69.3040466309 0.108194932342
990 519.773864746 174.171981812 21.384765625 63.9127197266 0.989894688129
990 584.165405273 188.101028442 21.8310546875 63.7156066895 0.349124163389
1020 518.325805664 177.710845947 24.8895263672 56.5599975586 0.986134231091
1020 587.083862305 194.018676758 20.5421142578 58.3730773926 0.116151429713
1050 516.550476074 172.918823242 21.7886962891 64.7043457031 0.989090025425
1050 583.155395508 189.694473267 21.8470458984 64.8940124512 0.361009001732
1080 516.966125488 169.49987793 27.2451171875 67.3680114746 0.988861858845
1080 584.821655273 187.383636475 21.6745605469 68.113067627 0.12503285706
1110 524.032409668 173.113037109 24.0831298828 68.3712768555 0.995969414711
1110 583.701721191 183.42237854 22.3256835938 70.3548583984 0.203682109714
1140 529.826599121 174.398162842 20.0767822266 53.2311096191 0.995635092258
1140 584.957946777 186.084716797 20.9866943359 68.2682800293 0.215080335736
1170 527.18548584 171.225036621 23.1019287109 64.5010986328 0.997076272964
1200 525.35333252 173.493209839 20.7775878906 61.5902099609 0.997154593468
1200 585.469177246 185.529403687 22.5084228516 61.8909606934 0.105134174228
1200 539.193725586 180.196258545 14.2811279297 48.7173156738 0.051648363471
1230 522.263366699 171.464447021 25.4366455078 66.9443054199 0.996403932571
1230 582.401916504 187.734222412 22.5203857422 64.8213195801 0.157499074936
1260 518.903930664 180.773498535 20.2628173828 53.7044372559 0.995828449726
1290 519.902099609 171.117416382 22.5490722656 57.4192810059 0.997833073139
1290 586.822875977 194.713485718 21.3577880859 54.6047973633 0.260044127703
1320 523.930786133 168.008117676 28.4317626953 70.5632019043 0.990227460861
1320 582.309326172 183.251846313 25.8757324219 63.7116394043 0.615053892136
1350 529.536254883 172.586868286 24.3829345703 65.9429321289 0.995293200016
1380 531.634460449 171.126708984 21.3190917969 60.1034240723 0.99699306488
1380 582.611083984 185.193283081 23.4133300781 63.2588195801 0.196493521333
1410 526.874511719 172.946685791 21.2681884766 60.3418579102 0.987502455711
1410 2.49410867691 205.466644287 15.8421859741 38.5817871094 0.933823764324
1410 581.433105469 190.761459351 22.8820800781 61.723449707 0.519186317921
1440 520.089416504 186.196716309 23.3022460938 56.3654785156 0.974591255188
1440 581.433227539 192.479400635 22.125 55.7444763184 0.970987319946
1470 518.503112793 181.496551514 24.7779541016 59.0664367676 0.96621888876
1470 584.516357422 184.038238525 24.7193603516 70.3230895996 0.844496965408
1500 519.733825684 175.625823975 24.2600097656 66.2798461914 0.978961527348
1500 587.593688965 192.121231079 19.0627441406 55.9187316895 0.473073899746
1530 523.082519531 171.127685547 25.1365966797 65.4228210449 0.997686743736
1530 581.143798828 183.8175354 22.2680664062 69.8594665527 0.110245600343
1530 538.66809082 172.148727417 19.4281005859 60.4676818848 0.0589222460985
1560 529.023254395 172.823486328 20.5668945312 59.8634643555 0.996459186077
1590 519.725708008 174.173797607 23.8026123047 59.8073120117 0.986472845078
1590 585.847167969 187.706451416 22.7600097656 62.0916748047 0.836874246597
1620 522.336547852 177.338241577 17.9969482422 50.1373596191 0.995131492615
1620 582.828186035 186.081481934 24.4075927734 70.9592590332 0.278001308441
1650 522.314697266 181.560775757 19.2248535156 52.9220581055 0.99022102356
1650 535.264221191 179.929428101 16.9910888672 48.7894287109 0.290559768677
1650 581.492004395 187.121627808 22.4040527344 64.5722045898 0.136196672916
1680 531.472595215 172.476348877 22.7770996094 71.1674804688 0.996606945992
1680 584.35546875 187.675216675 23.2911376953 59.337310791 0.779386162758
1680 36.0641670227 208.159576416 16.6111755371 33.1289672852 0.657613754272
1710 524.129821777 173.618759155 23.6248779297 63.6952819824 0.997392058372
1740 523.773010254 168.052230835 25.4678955078 68.9012756348 0.996642947197
1740 580.845153809 193.180145264 22.1983642578 61.4140625 0.28326818347
1770 525.052185059 171.380477905 22.3447265625 63.1137390137 0.991675138474
1770 32.1214294434 209.938613892 16.6998214722 33.7046508789 0.910461485386
1770 581.456726074 186.699234009 24.0349121094 63.5452270508 0.549285590649
1800 525.569702148 172.681274414 22.4395751953 62.5537109375 0.995917737484
1800 34.5018692017 205.258071899 16.7219467163 37.4395446777 0.950076818466
1830 523.512695312 170.578704834 22.1577148438 62.2130126953 0.995493888855
