270 6.17206907272 190.50894165 14.602848053 41.4179077148 0.594256520271
300 556.301330566 174.598419189 26.1927490234 66.3872070312 0.99684035778
300 571.456970215 175.615310669 23.2574462891 70.8049621582 0.0830198451877
420 534.610168457 0.0 89.0792236328 184.701873779 0.970864057541
480 453.85748291 160.076171875 18.9805908203 54.8632507324 0.884908914566
690 1.37091255188 185.514480591 15.75141716 53.6966247559 0.0574730634689
840 571.440917969 170.371826172 36.6843261719 97.964263916 0.552992105484
930 475.235839844 163.373046875 25.5697631836 60.7788085938 0.984937131405
1050 0.885672092438 150.43951416 15.6005954742 62.7578430176 0.0884461328387
1080 595.419494629 167.085876465 32.4083251953 76.1723327637 0.968164741993
1080 492.412841797 164.204284668 42.7995605469 73.6641540527 0.850128054619
1440 384.739562988 174.03125 18.4489746094 35.7520141602 0.683791100979
1470 591.747070312 70.0913009644 40.8609619141 134.150909424 0.216348201036
1530 500.811218262 149.771148682 29.1473388672 53.1505432129 0.13563606143
1560 401.931396484 168.785369873 15.3561401367 26.8789367676 0.956027209759
1560 393.462463379 167.242752075 15.5788574219 31.1755981445 0.838017404079
1590 440.532287598 169.613739014 16.7508544922 42.0579528809 0.996694207191
1620 511.794189453 167.870391846 21.484375 49.7878112793 0.998300254345
1620 524.858215332 171.574569702 18.4440917969 45.4778747559 0.867800831795
1620 491.160339355 166.933349609 18.4462280273 46.4741821289 0.0634538829327
