60 208.234222412 107.635154724 18.8324279785 27.9226760864 0.571197807789
150 206.40927124 109.550758362 16.6717834473 29.2848434448 0.176326751709
210 209.573181152 112.104393005 17.6264343262 24.4122238159 0.433622986078
240 215.533340454 110.130569458 18.1562805176 26.9556274414 0.153694093227
300 210.008331299 110.86026001 18.0582885742 27.9488525391 0.320111006498
330 210.508514404 113.542366028 15.5993347168 28.3197860718 0.250549703836
360 210.602050781 111.248413086 17.3097229004 24.9360351562 0.665301144123
390 215.543426514 108.368881226 19.275970459 26.5110473633 0.1054514274
420 208.120956421 112.843727112 17.7015075684 23.6140975952 0.511677861214
450 210.417785645 111.892669678 17.580078125 25.493270874 0.539230763912
480 215.636993408 103.509727478 18.1064453125 31.0936355591 0.273119211197
510 213.548370361 105.794929504 19.616607666 28.6388015747 0.265205204487
540 209.446075439 113.458267212 16.0530700684 25.9087524414 0.194806322455
570 209.346099854 113.2710495 17.6796875 25.2677993774 0.106370359659
600 208.914916992 114.05039978 18.278503418 24.1270446777 0.34490352869
630 210.113311768 111.867767334 17.126159668 23.0717926025 0.304574400187
660 211.0965271 112.355659485 16.0411071777 27.5391921997 0.707631289959
690 211.384338379 112.1095047 16.6466064453 23.681312561 0.671038687229
720 210.094223022 112.701782227 17.602142334 26.2563171387 0.840064704418
750 213.477478027 109.908096313 21.178527832 31.7644805908 0.216036111116
780 210.973953247 112.680618286 16.2470397949 26.732635498 0.676142811775
810 210.200485229 114.172897339 15.6951293945 25.7178344727 0.329453349113
840 210.586151123 113.323417664 16.1640319824 25.9154434204 0.916809797287
870 208.619720459 113.649642944 17.5415344238 22.741973877 0.301136881113
900 208.438461304 113.771194458 18.0399780273 24.3583831787 0.169674560428
930 211.2840271 110.245727539 17.3874511719 24.6793365479 0.365685522556
960 215.129745483 99.7578964233 18.9565734863 32.5559921265 0.388293594122
990 213.271499634 103.66796875 21.4304504395 34.9161529541 0.249917969108
1050 213.521987915 100.398635864 20.9230651855 34.9956054688 0.306542903185
1080 207.911102295 111.54460144 16.9883117676 24.637588501 0.42876458168
1110 211.994491577 112.954841614 15.721496582 26.3114395142 0.766417622566
1140 213.473083496 102.87322998 21.8560791016 36.5318145752 0.269120723009
1170 210.399414062 112.259796143 16.365447998 27.4046325684 0.244871109724
1200 208.68522644 110.908790588 16.9371337891 25.9392623901 0.510694801807
1200 216.333129883 102.962081909 18.9370117188 32.4085083008 0.291628301144
1230 208.409744263 109.523933411 18.6292114258 26.4663009644 0.547216713428
1260 213.189117432 105.876579285 21.1575622559 32.1301803589 0.269609183073
1290 214.37336731 107.39995575 20.4102478027 28.6347122192 0.168751865625
1410 88.0705032349 183.433456421 31.2927093506 74.108291626 0.191985681653
1620 527.393920898 60.4606933594 30.8232421875 42.9925537109 0.123644292355
1650 422.179870605 197.098251343 17.6292724609 29.9202575684 0.946110785007
1650 209.103927612 185.186096191 24.2322692871 47.1563415527 0.895125448704
1680 364.035217285 186.757202148 25.0324707031 43.7110290527 0.997685313225
1680 430.385070801 197.089202881 23.0567626953 32.7619628906 0.908772706985
1770 581.881774902 191.659729004 28.408203125 56.4785461426 0.996039867401
1770 2.34951877594 210.007629395 15.7267942429 35.0417785645 0.44969278574
1800 429.619995117 191.662841797 22.6313476562 48.2083435059 0.0572946928442
