60 146.062347412 178.349822998 24.1782836914 43.074432373 0.989867091179
90 509.827850342 173.037689209 20.791595459 39.265838623 0.997987031937
90 485.469024658 178.502685547 21.7240600586 39.6580505371 0.960193872452
120 574.157531738 171.268081665 23.5485839844 60.8560791016 0.996910989285
120 535.396606445 169.269119263 27.5582275391 60.2167663574 0.996233761311
150 130.904571533 183.383529663 16.2003479004 26.8367004395 0.953010261059
150 142.793045044 182.126998901 16.0572509766 29.4276733398 0.93619543314
150 3.65807723999 185.106018066 16.8344020844 35.5419921875 0.0517837293446
180 385.191467285 169.401168823 19.0608520508 32.3428039551 0.0965473279357
210 99.29296875 188.718017578 16.6582336426 31.658203125 0.95332545042
210 416.694488525 177.84286499 18.5836791992 34.6287536621 0.069784425199
240 438.634490967 183.816223145 21.8265380859 40.458404541 0.997042834759
240 391.429138184 175.752990723 18.4155273438 35.6997375488 0.215091273189
240 429.814849854 185.28604126 17.3014526367 33.7217712402 0.0751555562019
240 13.4084424973 195.803344727 18.1820487976 27.3669433594 0.0658912435174
270 469.663818359 185.714538574 17.9516601562 41.5579833984 0.997814893723
270 406.974761963 183.498565674 15.6625366211 31.7178955078 0.994533658028
270 481.877349854 185.360748291 19.2814331055 41.837677002 0.0560588501394
300 432.749908447 184.806472778 16.6916503906 33.0907897949 0.995532870293
300 522.297485352 184.071350098 22.5728759766 54.7220153809 0.978964865208
300 476.055633545 187.367340088 15.9748535156 35.6477661133 0.924890637398
300 543.535644531 177.774551392 21.6696777344 59.6073608398 0.843417704105
300 467.044769287 181.225692749 15.8233642578 31.121673584 0.220635920763
330 459.934173584 178.200134277 19.177734375 44.1887817383 0.993698954582
330 514.425354004 186.456512451 19.7706298828 36.3303222656 0.788303494453
360 556.436340332 174.984298706 24.4212646484 59.0555419922 0.997534394264
360 592.665405273 179.621337891 24.9395751953 53.115814209 0.997264623642
360 201.444381714 188.14491272 15.9985656738 28.8901672363 0.895499408245
360 577.245178223 178.108078003 24.3031005859 54.7865600586 0.759769976139
360 455.998779297 182.886749268 19.701171875 38.3109436035 0.726370215416
360 516.845214844 171.766845703 23.0140380859 63.6813659668 0.592538654804
390 477.303131104 184.952911377 16.5025634766 35.660369873 0.995125830173
390 605.647705078 163.220275879 27.4107666016 81.0677490234 0.99493598938
420 508.592407227 182.292175293 19.7985839844 44.9334411621 0.997349023819
450 555.266174316 173.587554932 29.6574707031 67.3156738281 0.969597637653
480 578.265014648 175.487091064 28.7683105469 71.2252197266 0.946630716324
510 482.727264404 180.345962524 22.0239257812 46.0246276855 0.991858303547
540 529.567382812 181.446655273 24.7429199219 46.3688964844 0.997062981129
540 510.123382568 182.526077271 21.320892334 43.6568908691 0.991297125816
570 604.693054199 174.689361572 28.5444335938 63.1769714355 0.99033665657
720 100.818183899 173.354110718 17.5671539307 38.7988586426 0.928357541561
720 6.64597988129 191.626724243 18.5138587952 41.1769104004 0.160709246993
780 91.1301116943 183.462295532 16.4745941162 38.1467285156 0.993408203125
780 608.041442871 177.990844727 24.8682861328 43.1950683594 0.702520549297
810 177.746658325 180.701065063 17.1567382812 38.5421447754 0.887838661671
810 69.9733734131 194.260787964 15.1964416504 35.4498596191 0.665622472763
840 477.31829834 181.517288208 21.72265625 46.5309448242 0.937592923641
840 7.76516294479 188.217453003 15.9662895203 30.2983093262 0.139999955893
870 460.921691895 174.667785645 19.516418457 65.5832214355 0.888375282288
870 560.097595215 201.02633667 17.2661132812 44.8377685547 0.451039791107
900 515.891845703 175.878616333 31.8229980469 76.7038269043 0.997401952744
900 462.398254395 171.089706421 19.8423461914 53.0830688477 0.99177479744
900 556.56842041 176.816772461 23.7033691406 51.3559875488 0.98548823595
900 624.849487305 216.366546631 14.1505126953 43.3656921387 0.592793524265
930 129.329559326 187.91986084 16.044342041 34.5609741211 0.464376926422
930 497.143371582 177.676300049 24.6796264648 45.4708251953 0.0550082921982
960 530.110290527 180.726776123 28.0241699219 62.3193969727 0.996850073338
960 589.730834961 160.440811157 29.03515625 75.8581848145 0.925766885281
1080 1.71893978119 188.264053345 17.2226028442 46.9995727539 0.273972690105
1110 386.837615967 169.981765747 16.4509887695 48.3042297363 0.943919181824
1200 417.141143799 169.545928955 20.7092895508 43.6809082031 0.0573812313378
1230 427.508880615 175.964157104 17.1297607422 38.4544677734 0.997761487961
1260 440.530700684 180.874099731 19.772277832 38.8498535156 0.998087704182
1290 457.97064209 179.936035156 19.4506225586 41.7880859375 0.998209357262
1320 488.679046631 183.550857544 17.7697753906 47.2383422852 0.997958183289
1350 84.6182632446 197.540435791 15.5388641357 25.7555847168 0.918313384056
1380 597.783752441 171.221588135 25.0810546875 81.4531860352 0.997470021248
1380 426.427520752 176.429489136 24.4994506836 49.1361083984 0.992518186569
1380 578.201171875 170.91986084 26.8522949219 77.6019897461 0.984983623028
1380 58.1208877563 193.117706299 15.6427307129 31.8459472656 0.978602468967
1410 466.374816895 173.70223999 22.6175537109 54.3852233887 0.997186243534
1410 38.2077522278 188.391540527 15.3890609741 39.0590820312 0.986042320728
1410 495.392425537 181.568832397 19.1847229004 51.116394043 0.72995954752
1440 528.797729492 162.059707642 24.3247070312 68.5255432129 0.981301426888
1530 9.45026302338 199.133895874 19.791103363 29.9760437012 0.987501382828
1560 538.684204102 181.264633179 24.1193847656 55.8479614258 0.993930339813
1560 621.709350586 174.852157593 17.2906494141 50.8303527832 0.151339530945
1590 588.184509277 181.303756714 35.1864013672 71.459564209 0.998804330826
1590 580.827758789 186.850036621 22.2354736328 52.2115783691 0.676518619061
1620 178.560668945 196.46925354 21.4111022949 28.7062988281 0.596465528011
1740 184.770095825 194.484985352 16.1682739258 29.8063049316 0.932405889034
1800 84.9798278809 195.96446228 16.8790588379 29.4699707031 0.997380077839
1830 28.0890350342 186.419967651 20.5587768555 41.0123291016 0.998130977154
1830 40.1466941833 197.450012207 17.4772186279 37.9393005371 0.170495539904
