60 81.8033294678 182.581085205 24.7019195557 56.3989257812 0.51210808754
90 79.68334198 187.010848999 23.9671783447 54.5972290039 0.578185260296
150 79.2735290527 173.850845337 30.9674072266 62.9094543457 0.856732070446
180 9.40816116333 188.960098267 20.0084609985 35.2042541504 0.12259542942
210 77.3630599976 177.290176392 23.6544036865 56.3366088867 0.32475322485
300 56.4660835266 182.209075928 29.6691017151 64.7882385254 0.994797468185
360 385.44921875 166.207611084 18.3929443359 52.6926269531 0.666413486004
390 10.1931800842 171.030456543 22.9946632385 54.6878356934 0.97126185894
390 413.188781738 167.16456604 28.5223999023 69.0867919922 0.282327890396
420 97.0342788696 171.520965576 15.9568481445 26.5765991211 0.566191613674
420 588.076599121 159.024536133 15.6546630859 34.7810974121 0.276624262333
480 39.0805587769 201.950286865 21.3031845093 39.3732299805 0.985818982124
540 408.111999512 216.624023438 19.7696533203 53.1128234863 0.141927167773
720 152.976486206 197.103912354 15.9437561035 28.0577697754 0.992427885532
720 136.107681274 201.514587402 15.7965393066 31.0425109863 0.751387536526
750 125.529533386 198.698364258 16.356010437 32.2635498047 0.991292893887
780 94.8129043579 200.389953613 19.692276001 35.6553039551 0.997200489044
780 118.340011597 199.390365601 16.5487518311 30.6559143066 0.969556748867
780 33.8977890015 197.7059021 23.3783569336 47.222076416 0.919445097446
810 47.3812675476 195.745132446 23.9178504944 43.5374755859 0.997552454472
810 83.8133468628 196.398498535 16.6058197021 34.1266479492 0.992356300354
810 0.548657417297 178.742706299 17.2270278931 47.410369873 0.419571459293
840 28.5190010071 190.499191284 19.6814880371 38.2321166992 0.995938181877
840 16.3659076691 188.755126953 22.0223445892 46.8370666504 0.390246719122
900 446.501403809 175.902938843 17.7910766602 37.8814086914 0.966020464897
930 191.490905762 173.550567627 17.8515319824 35.4435424805 0.989063441753
930 516.684326172 174.004623413 24.1175537109 57.9381713867 0.39505442977
960 498.19744873 180.93321228 23.4971923828 48.9788818359 0.976454257965
1020 75.4651260376 187.007644653 15.5745239258 38.4896850586 0.870104968548
1050 52.6077308655 178.427154541 16.3858222961 39.3269348145 0.995596826077
1080 21.276889801 182.744186401 21.7397766113 35.775177002 0.982136666775
1110 20.5688400269 181.630187988 17.0159187317 38.6674194336 0.990665197372
1140 21.8016319275 181.541412354 19.8561248779 43.1436462402 0.996880054474
1140 5.21826171875 179.560913086 20.3432998657 44.8853149414 0.122486166656
1170 118.187660217 193.673461914 24.515953064 64.3401794434 0.997693955898
1230 314.297302246 189.462341309 20.4621582031 47.8399047852 0.993508577347
1230 293.237426758 193.597869873 18.9013671875 43.441619873 0.959991455078
1230 304.958190918 194.460952759 17.7364501953 45.3190612793 0.807763159275
1260 416.633117676 186.19229126 23.2626953125 58.4666137695 0.997679650784
1260 399.763519287 190.129333496 23.1054077148 49.4895324707 0.990813195705
1260 223.799377441 183.659729004 25.7713928223 58.0646057129 0.161710068583
1290 419.029907227 190.106613159 24.0191040039 56.2280273438 0.996442973614
1290 442.447113037 194.419631958 18.1854858398 47.9300537109 0.99572634697
1320 292.906433105 176.837280273 26.3411865234 59.7024536133 0.995708703995
1320 315.597900391 175.811676025 25.2380981445 58.6565551758 0.993691921234
1350 140.049530029 173.611557007 28.0321960449 67.4047851562 0.997317373753
1350 108.032653809 171.485412598 29.685760498 66.673034668 0.994561612606
1380 550.286865234 191.666015625 17.2055664062 32.6677246094 0.217445358634
1380 560.764709473 194.574737549 16.9675292969 28.3330078125 0.13449627161
1410 513.502197266 187.232772827 18.7888183594 35.4999694824 0.182923614979
1470 0.209546089172 169.165802002 17.7150497437 55.6100769043 0.0908016711473
1500 615.589477539 180.725784302 23.4105224609 71.1700744629 0.962398588657
1650 4.23046302795 162.435424805 27.9029140472 88.6490783691 0.996743559837
1740 493.25 184.245483398 18.9513549805 42.0551147461 0.84677273035
1740 515.934875488 187.525512695 17.6405029297 49.410949707 0.235501304269
1770 442.226409912 186.230865479 22.5024414062 39.4945068359 0.983572423458
1770 517.23223877 174.253601074 24.5548095703 55.2500305176 0.631274402142
1770 216.379989624 177.43510437 19.8506164551 43.6528625488 0.127333477139
1800 578.097229004 181.997833252 26.0562744141 53.2868041992 0.996915102005
1800 206.060241699 184.126571655 15.8313293457 33.467376709 0.993683815002
1800 563.933837891 175.439559937 26.1215820312 54.3117980957 0.98247885704
1800 451.289642334 181.498443604 23.5676879883 46.0245056152 0.24740293622
1830 576.328674316 175.578598022 30.5628662109 64.1248168945 0.994838535786
1830 559.942260742 169.786956787 22.2939453125 60.7079467773 0.983025193214
1830 400.623718262 180.160415649 28.4088745117 61.3089294434 0.788696110249
1830 134.804718018 177.443954468 16.6922607422 39.282409668 0.663146018982
1830 460.007446289 190.655960083 16.6845703125 40.7147216797 0.253091484308
