30 469.84 192.39 17.83 43.48 69.25
30 27.62 48.05 20.00 48.78 63.42
30 519.33 5.12 20.00 48.78 51.90
30 333.96 186.59 20.00 48.78 33.30
30 68.50 193.94 31.71 77.35 27.68
30 337.87 14.88 20.00 48.78 26.15
30 244.02 176.09 35.65 86.96 22.67
30 140.79 186.59 20.00 48.78 21.28
30 17.66 181.96 17.83 43.48 20.41
30 541.71 266.58 22.47 54.79 0.82
60 173.96 202.20 20.00 48.78 48.80
60 525.18 7.07 20.00 48.78 45.87
60 4.21 192.44 20.00 48.78 24.95
60 6.67 26.71 31.71 77.35 24.17
60 25.67 48.05 20.00 48.78 22.72
60 505.26 7.24 28.28 68.97 21.91
60 334.22 10.00 28.28 68.97 21.12
60 468.10 195.87 17.83 43.48 20.73
60 461.14 194.13 17.83 43.48 20.46
90 171.30 200.82 22.47 54.79 65.16
90 339.82 14.88 20.00 48.78 60.67
90 12.45 187.17 17.83 43.48 46.11
90 8.41 14.15 40.00 97.56 37.85
90 415.92 249.78 17.83 43.48 32.52
90 339.40 185.43 17.83 43.48 28.76
90 568.11 278.29 20.00 48.78 27.94
90 244.02 179.57 35.65 86.96 26.18
90 425.55 67.12 22.47 54.79 10.70
120 541.14 199.35 17.83 43.48 57.52
120 177.88 207.40 22.47 54.79 53.26
120 490.71 194.13 17.83 43.48 46.61
120 11.47 26.55 28.28 68.97 27.68
120 480.27 194.13 17.83 43.48 23.95
120 426.36 88.04 17.83 43.48 22.94
120 549.84 199.35 17.83 43.48 22.53
120 169.11 207.40 22.47 54.79 19.68
120 520.27 286.30 17.83 43.48 19.62
120 191.03 205.21 22.47 54.79 18.46
120 348.10 188.91 17.83 43.48 17.03
120 212.45 93.26 17.83 43.48 13.64
120 260.19 193.94 31.71 77.35 11.70
150 4.73 14.52 22.47 54.79 41.14
150 582.88 194.13 17.83 43.48 30.59
150 8.71 225.17 28.28 68.97 25.01
150 449.66 58.36 22.47 54.79 9.51
150 52.99 211.95 20.00 48.78 9.45
150 573.96 192.44 20.00 48.78 7.53
180 363.23 170.98 20.00 48.78 58.32
180 167.77 193.54 25.23 61.54 46.43
180 240.27 68.91 17.83 43.48 28.44
180 92.45 202.83 17.83 43.48 27.29
180 69.31 203.38 25.23 61.54 27.14
180 605.92 181.23 25.23 61.54 12.32
180 371.04 169.02 20.00 48.78 11.04
210 136.52 175.35 31.71 77.35 72.46
210 363.23 161.22 20.00 48.78 48.50
210 355.43 163.17 20.00 48.78 33.54
210 518.53 171.52 17.83 43.48 24.33
210 540.79 167.07 20.00 48.78 20.78
210 605.18 116.34 20.00 48.78 14.08
210 611.85 176.71 22.47 54.79 12.03
210 196.79 65.43 17.83 43.48 7.10
210 70.55 204.15 20.00 48.78 6.59
210 108.69 183.69 25.23 61.54 2.22
240 145.00 181.95 40.00 97.56 91.57
240 19.03 178.45 31.71 77.35 62.83
240 219.07 151.55 50.80 123.90 51.81
240 346.64 152.60 22.47 54.79 36.82
240 182.88 55.00 17.83 43.48 33.66
240 160.54 172.61 35.65 86.96 33.58
240 202.28 33.48 35.65 86.96 31.86
240 431.52 26.59 20.00 48.78 28.56
240 111.79 178.45 31.71 77.35 28.39
240 3.75 187.17 17.83 43.48 27.64
240 10.23 164.00 25.23 61.54 24.16
240 608.38 8.92 25.23 61.54 22.21
240 44.18 12.33 22.47 54.79 21.48
240 186.64 198.63 22.47 54.79 10.06
240 22.13 156.77 31.71 77.35 6.49
270 238.66 178.05 40.00 97.56 46.52
270 261.10 152.48 45.20 110.24 42.32
270 6.16 174.88 20.00 48.78 35.14
270 207.13 30.49 20.00 48.78 29.36
270 90.14 166.06 31.71 77.35 23.50
270 527.44 162.44 40.00 97.56 20.22
270 348.84 148.22 22.47 54.79 18.68
270 12.01 286.10 20.00 48.78 3.85
300 96.33 175.35 31.71 77.35 65.60
300 352.95 193.94 31.71 77.35 48.32
300 228.99 166.39 50.80 123.90 31.78
300 369.24 183.04 35.65 86.96 30.16
300 207.15 36.00 25.23 61.54 8.28
330 483.19 197.59 28.28 68.97 74.98
330 56.89 178.44 63.78 155.55 52.58
330 429.88 224.88 40.00 97.56 50.37
330 577.87 7.07 20.00 48.78 45.77
330 9.11 185.48 22.47 54.79 42.04
330 463.88 203.10 28.28 68.97 22.70
330 145.80 302.32 31.71 77.35 17.25
330 208.14 46.79 45.20 110.24 13.11
330 398.10 273.79 56.55 137.93 4.96
360 538.84 182.68 20.00 48.78 70.99
360 114.32 207.40 22.47 54.79 59.48
360 507.54 240.39 31.71 77.35 42.57
360 397.05 292.88 22.47 54.79 40.17
360 351.83 174.15 40.00 97.56 25.68
360 45.49 75.87 17.83 43.48 23.53
360 495.68 264.38 22.47 54.79 22.46
360 28.02 194.83 28.28 68.97 20.51
360 229.84 263.70 17.83 43.48 19.43
360 386.10 290.68 22.47 54.79 16.93
360 603.75 209.78 17.83 43.48 16.81
360 593.53 15.52 28.28 68.97 12.97
360 143.88 183.79 28.28 68.97 11.94
390 116.51 203.01 22.47 54.79 72.28
390 458.79 191.03 56.55 137.93 41.60
390 160.38 203.38 25.23 61.54 23.06
390 261.94 147.27 63.78 155.55 18.46
390 139.61 175.35 31.71 77.35 18.06
390 108.69 104.92 25.23 61.54 16.21
390 244.73 125.81 31.71 77.35 14.03
390 435.43 169.02 20.00 48.78 13.79
390 109.57 202.20 20.00 48.78 11.63
420 101.31 196.00 25.23 61.54 47.57
420 340.58 159.87 31.71 77.35 28.74
420 8.71 205.86 28.28 68.97 26.16
420 425.67 163.17 20.00 48.78 23.80
420 316.40 266.59 20.00 48.78 16.79
420 4.21 182.68 20.00 48.78 12.35
420 408.11 116.34 20.00 48.78 11.36
420 453.28 185.52 56.55 137.93 1.36
450 278.70 262.19 22.47 54.79 40.88
450 76.69 198.46 25.23 61.54 38.84
450 188.84 260.00 22.47 54.79 34.83
450 317.07 148.26 35.65 86.96 32.03
450 212.55 121.65 45.20 110.24 22.20
450 399.15 114.77 25.23 61.54 19.79
450 291.04 268.54 20.00 48.78 18.57
450 10.23 6.46 25.23 61.54 12.91
450 328.22 156.49 50.80 123.90 12.06
450 605.27 152.60 22.47 54.79 11.64
450 6.67 166.06 31.71 77.35 9.62
450 435.33 190.00 35.65 86.96 9.55
450 5.31 223.08 25.23 61.54 6.52
450 431.58 265.43 17.83 43.48 2.77
480 5.31 171.38 25.23 61.54 59.31
480 91.47 62.41 28.28 68.97 38.08
480 301.10 96.10 40.00 97.56 35.10
480 56.89 40.24 20.00 48.78 29.00
480 372.72 231.74 35.65 86.96 28.21
480 406.46 119.51 40.00 97.56 25.58
480 259.82 245.12 20.00 48.78 19.18
480 273.48 245.12 20.00 48.78 16.73
480 136.52 175.35 31.71 77.35 13.34
480 358.80 217.83 35.65 86.96 12.99
480 293.31 144.31 25.23 61.54 4.22
510 365.31 144.39 31.71 77.35 41.77
510 408.60 11.23 31.71 77.35 36.74
510 535.14 224.93 22.47 54.79 35.70
510 322.03 17.42 31.71 77.35 31.84
510 381.12 23.79 28.28 68.97 24.81
510 229.28 23.61 31.71 77.35 22.58
510 306.63 9.13 35.65 86.96 13.47
540 576.28 196.08 50.80 123.90 48.32
540 549.31 208.31 25.23 61.54 5.29
570 3.75 28.91 17.83 43.48 29.40
570 94.18 143.70 17.83 43.48 14.69
600 132.72 221.30 35.65 86.96 38.41
600 574.27 14.15 40.00 97.56 30.55
600 399.25 100.00 22.47 54.79 17.82
600 388.29 312.60 22.47 54.79 2.34
630 187.62 5.12 20.00 48.78 68.84
630 431.21 240.69 56.55 137.93 41.57
630 302.81 121.92 22.47 54.79 23.35
630 223.90 12.33 22.47 54.79 23.19
630 181.14 6.30 17.83 43.48 21.96
630 176.22 166.34 40.00 97.56 18.90
630 445.18 18.78 20.00 48.78 12.86
630 404.02 127.39 35.65 86.96 10.71
630 223.09 166.06 31.71 77.35 10.51
660 14.46 186.52 35.65 86.96 55.81
660 394.23 178.77 25.23 61.54 42.60
660 343.72 12.93 20.00 48.78 39.18
660 535.36 240.39 31.71 77.35 36.17
660 563.62 20.00 56.55 137.93 27.83
660 403.75 20.22 17.83 43.48 16.73
660 353.32 28.91 17.83 43.48 14.81
660 450.90 205.32 45.20 110.24 14.62
660 341.41 162.17 35.65 86.96 10.78
660 428.02 161.72 28.28 68.97 7.95
660 596.55 82.02 45.20 110.24 3.48
690 333.18 102.06 50.80 123.90 56.98
690 291.04 169.02 20.00 48.78 54.00
690 367.33 134.14 28.28 68.97 44.78
690 567.50 276.96 35.65 86.96 19.80
690 132.84 142.41 28.28 68.97 16.08
690 521.99 47.40 22.47 54.79 13.79
690 389.84 155.87 17.83 43.48 10.08
690 303.88 153.45 28.28 68.97 7.77
690 546.51 136.70 50.80 123.90 6.29
690 521.71 171.34 50.80 123.90 3.72
720 348.02 153.45 28.28 68.97 80.48
720 454.18 173.26 17.83 43.48 48.53
720 361.99 163.56 22.47 54.79 40.20
720 68.60 133.90 20.00 48.78 6.31
750 486.16 167.07 20.00 48.78 92.81
750 43.75 154.13 17.83 43.48 39.07
750 29.92 161.54 25.23 61.54 30.48
750 17.88 156.99 22.47 54.79 29.81
750 69.84 161.09 17.83 43.48 22.59
780 354.85 159.08 25.23 61.54 60.58
780 33.48 161.22 20.00 48.78 56.45
780 4.21 184.63 20.00 48.78 51.62
780 12.45 180.22 17.83 43.48 31.78
780 369.09 170.98 20.00 48.78 26.92
780 313.59 68.26 35.65 86.96 19.47
810 340.55 117.25 45.20 110.24 86.43
810 8.71 131.38 28.28 68.97 45.21
810 72.67 117.53 22.47 54.79 26.25
810 429.57 104.63 20.00 48.78 26.22
810 293.26 53.04 71.30 173.91 23.09
810 244.21 145.61 20.00 48.78 21.15
810 356.79 49.78 17.83 43.48 20.54
810 23.72 157.32 20.00 48.78 14.69
840 521.28 186.59 20.00 48.78 125.78
840 318.94 166.06 31.71 77.35 49.38
840 403.19 101.03 28.28 68.97 45.27
840 334.40 135.10 31.71 77.35 23.82
840 546.65 32.44 20.00 48.78 22.00
840 513.48 188.54 20.00 48.78 20.20
840 331.30 169.16 31.71 77.35 6.70
870 528.56 178.90 22.47 54.79 109.83
870 315.85 162.97 31.71 77.35 53.02
870 405.49 114.13 17.83 43.48 51.07
870 3.75 201.09 17.83 43.48 39.17
870 328.22 116.91 50.80 123.90 31.22
870 550.48 16.71 22.47 54.79 25.88
870 241.44 170.14 22.47 54.79 23.99
870 275.65 51.48 31.71 77.35 19.97
870 313.77 49.59 22.47 54.79 13.88
870 588.37 137.83 35.65 86.96 8.96
870 294.18 190.65 17.83 43.48 6.72
870 574.46 12.61 35.65 86.96 2.01
900 596.51 172.33 22.47 54.79 107.48
900 458.42 104.38 22.47 54.79 66.60
900 62.74 188.54 20.00 48.78 58.16
900 325.75 31.64 89.69 218.76 41.91
900 618.84 7.07 20.00 48.78 29.50
900 3.75 183.70 17.83 43.48 25.33
900 482.53 137.26 22.47 54.79 10.88
930 615.77 164.00 25.23 61.54 75.54
930 391.77 156.62 25.23 61.54 46.53
930 80.27 181.96 17.83 43.48 41.85
930 9.11 148.22 22.47 54.79 27.98
930 51.04 157.32 20.00 48.78 19.52
930 468.60 106.59 20.00 48.78 15.61
930 482.53 100.00 22.47 54.79 11.18
930 416.38 107.38 25.23 61.54 9.55
930 337.87 26.59 20.00 48.78 4.94
930 300.69 156.62 25.23 61.54 3.28
960 615.77 164.00 25.23 61.54 60.14
960 462.74 98.78 20.00 48.78 46.67
960 381.14 154.13 17.83 43.48 40.10
960 407.50 110.00 35.65 86.96 31.57
960 375.14 25.48 22.47 54.79 28.89
960 82.01 180.22 17.83 43.48 13.55
960 9.11 152.60 22.47 54.79 12.58
990 618.42 167.95 22.47 54.79 49.71
990 462.88 101.96 17.83 43.48 47.98
990 6.67 144.39 31.71 77.35 31.42
990 293.31 156.62 25.23 61.54 29.72
990 384.38 159.08 25.23 61.54 29.01
990 407.50 110.00 35.65 86.96 24.36
990 271.52 145.61 20.00 48.78 21.32
990 455.60 125.86 28.28 68.97 11.88
990 374.54 23.69 25.23 61.54 11.64
1020 371.34 139.02 40.00 97.56 40.17
1020 456.20 75.22 35.65 86.96 38.71
1020 407.50 106.52 35.65 86.96 32.43
1020 99.82 184.63 20.00 48.78 30.74
1020 605.18 30.49 20.00 48.78 13.53
1020 458.07 116.52 31.71 77.35 13.33
1020 490.06 133.90 20.00 48.78 11.35
1050 458.07 79.35 31.71 77.35 29.03
1050 374.54 26.15 25.23 61.54 28.00
1050 371.34 135.12 40.00 97.56 26.67
1050 407.50 110.00 35.65 86.96 22.87
1050 492.01 133.90 20.00 48.78 20.14
1050 458.07 116.52 31.71 77.35 12.95
1050 605.76 151.74 35.65 86.96 12.41
1050 15.91 159.27 20.00 48.78 12.27
1080 615.77 168.92 25.23 61.54 88.39
1080 458.07 79.35 31.71 77.35 69.94
1080 8.71 147.93 28.28 68.97 50.14
1080 389.84 176.74 17.83 43.48 39.02
1080 375.14 29.86 22.47 54.79 38.16
1080 415.92 103.70 17.83 43.48 34.40
1080 453.31 132.00 25.23 61.54 5.41
1110 458.36 81.72 28.28 68.97 57.32
1110 377.33 34.25 22.47 54.79 41.38
1110 367.44 139.02 40.00 97.56 38.62
1110 615.77 166.46 25.23 61.54 36.87
1110 421.14 107.17 17.83 43.48 28.51
1110 563.63 150.41 22.47 54.79 27.29
1110 9.76 147.48 31.71 77.35 27.28
1110 326.92 25.48 22.47 54.79 25.87
1110 412.45 108.91 17.83 43.48 11.06
1140 374.54 28.62 25.23 61.54 41.02
1140 6.67 147.48 31.71 77.35 35.37
1140 362.95 116.91 50.80 123.90 33.98
1140 410.98 110.00 35.65 86.96 30.71
1140 328.11 28.54 20.00 48.78 18.97
1140 460.69 85.23 25.23 61.54 15.91
1140 458.36 128.62 28.28 68.97 9.82
1170 458.07 79.35 31.71 77.35 56.65
1170 374.54 28.62 25.23 61.54 52.10
1170 372.72 144.78 35.65 86.96 49.80
1170 615.77 168.92 25.23 61.54 40.88
1170 455.60 134.14 28.28 68.97 39.53
1170 8.71 153.45 28.28 68.97 32.63
1170 407.50 110.00 35.65 86.96 26.56
1170 269.57 151.46 20.00 48.78 24.93
1170 188.10 187.17 17.83 43.48 22.88
1170 324.02 36.96 35.65 86.96 2.61
1200 615.77 168.92 25.23 61.54 69.48
1200 374.54 28.62 25.23 61.54 56.25
1200 461.12 81.72 28.28 68.97 49.93
1200 196.79 181.96 17.83 43.48 47.14
1200 418.97 181.10 22.47 54.79 40.60
1200 561.44 150.41 22.47 54.79 40.51
1200 402.42 104.13 31.71 77.35 25.62
1200 325.19 52.13 80.85 197.19 19.27
1200 269.93 146.03 22.47 54.79 14.64
1200 328.97 27.17 17.83 43.48 9.71
1230 202.01 180.22 17.83 43.48 66.19
1230 615.77 168.92 25.23 61.54 64.67
1230 461.12 81.72 28.28 68.97 54.28
1230 375.24 139.02 40.00 97.56 50.93
1230 375.14 34.25 22.47 54.79 37.61
1230 6.67 147.48 31.71 77.35 28.68
1230 407.50 110.00 35.65 86.96 18.63
1230 492.01 135.85 20.00 48.78 10.02
1230 84.55 134.86 45.20 110.24 8.76
1230 454.98 119.61 31.71 77.35 7.89
1260 615.77 168.92 25.23 61.54 60.76
1260 388.10 178.48 17.83 43.48 58.90
1260 458.36 81.72 28.28 68.97 43.52
1260 374.54 28.62 25.23 61.54 42.35
1260 6.67 147.48 31.71 77.35 39.57
1260 406.54 107.38 25.23 61.54 23.31
1260 85.12 131.75 50.80 123.90 14.11
1290 615.77 168.92 25.23 61.54 85.00
1290 205.49 181.96 17.83 43.48 57.11
1290 334.52 31.64 89.69 218.76 49.46
1290 460.79 108.54 20.00 48.78 44.10
1290 11.30 156.99 22.47 54.79 39.18
1290 473.77 104.38 22.47 54.79 35.14
1290 561.44 152.60 22.47 54.79 28.53
1290 410.98 113.48 35.65 86.96 24.57
1290 455.77 136.92 25.23 61.54 21.83
1290 247.23 185.43 17.83 43.48 12.59
1320 615.77 168.92 25.23 61.54 106.10
1320 372.95 29.86 22.47 54.79 51.27
1320 375.24 142.93 40.00 97.56 43.30
1320 5.95 153.45 28.28 68.97 39.55
1320 458.42 102.19 22.47 54.79 35.72
1320 343.10 111.96 50.80 123.90 35.03
1320 205.49 180.22 17.83 43.48 27.57
1320 407.50 116.96 35.65 86.96 24.98
1320 92.01 157.32 20.00 48.78 15.08
1320 329.11 25.48 22.47 54.79 13.30
1320 155.05 195.87 17.83 43.48 5.67
1350 608.38 168.92 25.23 61.54 137.64
1350 461.12 81.72 28.28 68.97 68.93
1350 374.54 31.08 25.23 61.54 41.34
1350 4.73 156.99 22.47 54.79 28.41
1350 15.91 165.12 20.00 48.78 27.28
1350 407.50 110.00 35.65 86.96 20.63
1350 381.14 150.65 17.83 43.48 19.38
1350 327.23 27.17 17.83 43.48 17.51
1350 204.54 187.74 31.71 77.35 12.85
1350 90.98 127.39 35.65 86.96 10.85
1380 610.85 168.92 25.23 61.54 91.10
1380 458.07 79.35 31.71 77.35 63.61
1380 6.67 147.48 31.71 77.35 56.67
1380 202.01 181.96 17.83 43.48 52.28
1380 388.10 178.48 17.83 43.48 43.41
1380 375.14 29.86 22.47 54.79 34.53
1380 407.50 110.00 35.65 86.96 26.87
1380 328.11 30.49 20.00 48.78 20.02
1380 80.16 126.80 50.80 123.90 9.98
1410 610.85 168.92 25.23 61.54 104.05
1410 460.62 104.38 22.47 54.79 54.21
1410 6.67 147.48 31.71 77.35 52.73
1410 377.33 29.86 22.47 54.79 41.64
1410 196.79 181.96 17.83 43.48 36.33
1410 371.34 139.02 40.00 97.56 29.22
1410 471.58 104.38 22.47 54.79 27.80
1410 327.23 27.17 17.83 43.48 21.40
1410 458.42 139.45 22.47 54.79 20.33
1410 407.50 110.00 35.65 86.96 19.30
1410 561.44 152.60 22.47 54.79 18.25
1410 80.16 126.80 50.80 123.90 8.55
1440 610.85 168.92 25.23 61.54 101.98
1440 6.67 147.48 31.71 77.35 69.71
1440 374.54 31.08 25.23 61.54 55.89
1440 461.12 84.48 28.28 68.97 49.56
1440 348.84 189.86 22.47 54.79 41.07
1440 357.98 111.96 50.80 123.90 33.43
1440 406.46 107.80 40.00 97.56 24.46
1440 608.97 34.13 17.83 43.48 20.59
1440 308.60 85.12 20.00 48.78 19.58
1440 328.11 30.49 20.00 48.78 12.69
1440 455.77 132.00 25.23 61.54 9.63
1470 372.95 29.86 22.47 54.79 43.26
1470 10.23 156.62 25.23 61.54 42.87
1470 358.21 170.09 45.20 110.24 41.63
1470 196.79 183.70 17.83 43.48 39.10
1470 461.12 84.48 28.28 68.97 38.79
1470 326.92 25.48 22.47 54.79 24.05
1470 409.00 107.38 25.23 61.54 20.69
1470 156.79 195.87 17.83 43.48 13.75
1500 611.85 174.52 22.47 54.79 92.43
1500 374.54 31.08 25.23 61.54 60.76
1500 461.12 81.72 28.28 68.97 55.45
1500 3.75 159.35 17.83 43.48 38.28
1500 10.23 151.69 25.23 61.54 34.65
1500 608.97 34.13 17.83 43.48 21.62
1500 269.93 150.41 22.47 54.79 9.73
1500 326.92 25.48 22.47 54.79 5.59
1530 610.85 166.46 25.23 61.54 104.45
1530 376.20 148.26 35.65 86.96 54.89
1530 461.16 79.35 31.71 77.35 49.20
1530 6.67 147.48 31.71 77.35 43.31
1530 374.94 32.44 20.00 48.78 38.75
1530 410.98 113.48 35.65 86.96 22.50
1530 328.11 28.54 20.00 48.78 21.52
1530 561.44 150.41 22.47 54.79 12.84
1530 308.60 85.12 20.00 48.78 7.67
1560 610.85 168.92 25.23 61.54 109.05
1560 374.54 31.08 25.23 61.54 64.25
1560 461.16 79.35 31.71 77.35 52.64
1560 371.34 139.02 40.00 97.56 41.35
1560 407.50 110.00 35.65 86.96 37.76
1560 269.57 151.46 20.00 48.78 28.30
1560 326.92 25.48 22.47 54.79 15.29
1560 492.01 135.85 20.00 48.78 8.39
1590 611.85 172.33 22.47 54.79 105.65
1590 461.16 79.35 31.71 77.35 52.62
1590 410.98 113.48 35.65 86.96 45.50
1590 361.36 91.17 63.78 155.55 41.14
1590 374.54 28.62 25.23 61.54 34.40
1590 6.67 147.48 31.71 77.35 29.55
1590 269.57 151.46 20.00 48.78 22.56
1590 262.88 157.61 17.83 43.48 3.51
1620 613.31 168.92 25.23 61.54 91.18
1620 372.72 144.78 35.65 86.96 46.70
1620 372.95 32.05 22.47 54.79 40.95
1620 461.12 81.72 28.28 68.97 38.15
1620 9.76 147.48 31.71 77.35 33.10
1620 269.57 151.46 20.00 48.78 29.29
1620 343.10 111.96 50.80 123.90 29.22
1620 327.23 27.17 17.83 43.48 25.43
1620 458.42 137.26 22.47 54.79 22.45
1620 410.98 113.48 35.65 86.96 21.30
1650 610.85 168.92 25.23 61.54 116.43
1650 458.36 84.48 28.28 68.97 45.99
1650 6.67 147.48 31.71 77.35 44.80
1650 374.59 29.81 31.71 77.35 43.96
1650 361.36 91.17 63.78 155.55 41.12
1650 407.50 113.48 35.65 86.96 30.02
1650 343.10 111.96 50.80 123.90 28.01
1650 261.77 151.46 20.00 48.78 6.24
1650 455.60 134.14 28.28 68.97 5.41
1680 603.46 168.92 25.23 61.54 162.21
1680 458.07 79.35 31.71 77.35 55.21
1680 3.75 159.35 17.83 43.48 49.19
1680 371.34 139.02 40.00 97.56 46.29
1680 370.75 32.05 22.47 54.79 38.93
1680 158.35 196.34 20.00 48.78 18.01
1680 11.30 161.37 22.47 54.79 17.58
1710 588.02 167.24 28.28 68.97 107.53
1710 462.88 105.43 17.83 43.48 56.72
1710 325.75 31.64 89.69 218.76 31.55
1710 290.85 159.08 25.23 61.54 19.93
1710 386.10 5.75 22.47 54.79 14.29
1740 576.98 172.76 28.28 68.97 180.69
1740 376.20 151.74 35.65 86.96 50.22
1740 285.92 161.54 25.23 61.54 30.07
1740 452.84 84.48 28.28 68.97 28.82
1740 404.02 113.48 35.65 86.96 25.07
1740 337.62 28.62 25.23 61.54 22.81
1740 98.97 189.86 22.47 54.79 20.22
1740 320.38 28.62 25.23 61.54 19.97
1770 609.57 172.26 31.71 77.35 66.43
1770 458.42 106.58 22.47 54.79 46.60
1770 408.71 101.03 28.28 68.97 42.08
1770 375.86 139.27 45.20 110.24 41.93
1770 258.97 152.60 22.47 54.79 33.49
1770 349.57 182.68 20.00 48.78 32.20
1770 372.08 21.23 25.23 61.54 9.41
1800 386.96 8.13 31.71 77.35 55.01
1800 118.53 199.35 17.83 43.48 51.41
1800 397.07 155.22 35.65 86.96 47.78
1800 460.69 100.00 25.23 61.54 33.47
1800 258.97 154.79 22.47 54.79 26.65
1800 476.79 136.74 17.83 43.48 13.40
1830 433.53 183.79 28.28 68.97 113.33
1830 604.57 153.45 28.28 68.97 36.74
1830 408.01 183.29 22.47 54.79 28.30
1830 453.26 94.78 71.30 173.91 23.99
1830 367.23 181.96 17.83 43.48 13.87
