30 288.02 39.10 31.71 77.35 52.41
30 28.45 213.10 56.55 137.93 46.82
30 548.60 192.44 20.00 48.78 39.25
30 460.78 328.05 63.78 155.55 26.36
30 558.53 46.30 17.83 43.48 19.84
30 359.13 122.71 31.71 77.35 14.41
30 506.36 180.22 17.83 43.48 12.40
30 470.11 190.00 35.65 86.96 4.08
30 308.60 69.51 20.00 48.78 0.64
60 552.50 196.34 20.00 48.78 50.11
60 362.28 123.91 35.65 86.96 44.47
60 289.24 43.91 35.65 86.96 39.42
60 564.21 53.90 20.00 48.78 36.92
60 334.18 157.61 17.83 43.48 35.59
60 603.75 136.74 17.83 43.48 19.98
60 506.36 187.17 17.83 43.48 18.22
60 448.35 328.05 63.78 155.55 10.35
60 35.87 296.52 71.30 173.91 6.13
90 346.76 141.29 31.71 77.35 44.61
90 77.61 192.17 71.30 173.91 35.75
90 552.41 156.88 45.20 110.24 34.22
90 310.55 98.78 20.00 48.78 32.93
90 439.05 172.76 28.28 68.97 17.83
90 424.06 293.03 31.71 77.35 16.59
120 570.37 170.24 40.00 97.56 52.96
120 349.86 141.29 31.71 77.35 46.53
120 84.55 218.53 45.20 110.24 41.54
120 74.23 223.08 25.23 61.54 28.71
120 316.40 96.83 20.00 48.78 27.14
120 506.64 422.19 22.47 54.79 15.40
120 417.87 376.65 31.71 77.35 11.27
150 45.21 180.00 89.69 218.76 54.31
150 362.22 135.10 31.71 77.35 51.66
150 598.80 172.61 35.65 86.96 45.84
150 578.97 159.18 22.47 54.79 29.30
150 322.26 89.02 20.00 48.78 24.13
180 612.84 189.31 28.28 68.97 39.65
180 61.55 207.59 56.55 137.93 32.40
180 326.16 85.12 20.00 48.78 23.70
180 442.24 202.07 56.55 137.93 22.79
180 3.75 195.87 17.83 43.48 22.38
180 422.19 276.00 89.69 218.76 13.75
180 300.62 78.08 22.47 54.79 10.60
210 365.76 127.39 35.65 86.96 42.26
210 328.11 85.12 20.00 48.78 42.25
210 442.61 401.42 31.71 77.35 39.17
210 169.11 100.00 22.47 54.79 15.78
210 29.84 211.52 17.83 43.48 15.66
210 45.21 180.00 89.69 218.76 10.69
210 423.77 149.23 25.23 61.54 8.82
210 449.24 210.87 35.65 86.96 4.68
240 330.06 89.02 20.00 48.78 44.97
240 323.75 96.74 17.83 43.48 34.90
240 362.22 138.19 31.71 77.35 33.58
240 596.51 159.18 22.47 54.79 31.22
240 26.54 180.00 126.15 307.69 30.05
240 541.14 192.39 17.83 43.48 21.57
240 433.78 384.88 40.00 97.56 19.62
240 287.23 107.17 17.83 43.48 6.18
270 368.41 132.00 31.71 77.35 61.50
270 28.10 209.78 17.83 43.48 45.26
270 341.14 162.83 17.83 43.48 34.93
270 356.04 135.10 31.71 77.35 26.49
270 326.92 80.27 22.47 54.79 25.35
270 55.35 205.98 50.80 123.90 24.42
270 600.89 156.99 22.47 54.79 20.88
270 306.63 40.43 35.65 86.96 18.07
270 460.79 329.02 20.00 48.78 11.31
270 4.21 196.34 20.00 48.78 10.04
270 26.64 161.37 22.47 54.79 8.20
300 341.77 157.32 20.00 48.78 50.70
300 32.04 209.61 63.78 155.55 49.31
300 369.24 123.91 35.65 86.96 44.05
300 332.01 81.22 20.00 48.78 36.14
300 309.66 39.10 31.71 77.35 15.21
300 495.92 190.65 17.83 43.48 12.94
300 546.65 184.63 20.00 48.78 3.46
330 369.24 127.39 35.65 86.96 50.99
330 583.77 50.77 25.23 61.54 40.20
330 494.18 190.65 17.83 43.48 32.15
330 349.84 82.83 17.83 43.48 14.00
330 41.99 216.16 22.47 54.79 9.87
360 369.24 127.39 35.65 86.96 70.04
360 605.92 154.15 25.23 61.54 48.45
360 333.96 85.12 20.00 48.78 27.72
360 487.23 192.39 17.83 43.48 26.03
360 550.55 186.59 20.00 48.78 24.22
360 4.73 198.63 22.47 54.79 23.92
360 583.77 53.23 25.23 61.54 20.56
360 39.48 229.66 56.55 137.93 20.19
360 122.01 183.70 17.83 43.48 10.70
360 28.10 171.52 17.83 43.48 7.75
390 359.13 147.48 31.71 77.35 57.54
390 476.62 169.16 31.71 77.35 55.11
390 164.51 127.32 40.00 97.56 31.66
390 554.45 196.34 20.00 48.78 26.46
390 605.27 163.56 22.47 54.79 26.02
390 330.06 102.68 20.00 48.78 25.60
390 591.15 63.08 25.23 61.54 22.48
390 36.79 223.70 17.83 43.48 15.98
390 424.89 196.96 35.65 86.96 12.07
420 419.74 192.07 28.28 68.97 131.45
420 430.24 187.74 31.71 77.35 77.66
420 611.85 170.14 22.47 54.79 68.74
420 73.89 64.44 182.22 444.44 42.31
420 38.53 303.70 17.83 43.48 34.11
420 342.54 166.46 25.23 61.54 32.30
420 36.00 126.06 45.20 110.24 31.37
420 444.57 189.31 28.28 68.97 28.02
420 386.10 336.71 22.47 54.79 23.37
420 461.12 178.28 28.28 68.97 14.60
420 593.32 63.70 17.83 43.48 11.21
420 480.54 176.09 35.65 86.96 10.32
420 4.73 132.88 22.47 54.79 7.34
450 445.76 183.04 35.65 86.96 133.74
450 36.79 228.91 17.83 43.48 74.75
450 593.32 208.04 17.83 43.48 44.49
450 210.71 305.43 17.83 43.48 36.98
450 4.21 210.00 20.00 48.78 33.08
450 334.18 180.22 17.83 43.48 31.92
450 499.82 202.20 20.00 48.78 31.79
450 353.02 171.34 50.80 123.90 29.68
450 556.79 199.35 17.83 43.48 24.86
450 468.60 202.20 20.00 48.78 24.74
450 436.43 218.71 31.71 77.35 23.20
450 601.00 65.54 25.23 61.54 12.30
450 29.84 230.65 17.83 43.48 7.25
480 486.21 170.09 45.20 110.24 190.39
480 371.45 161.28 45.20 110.24 53.09
480 296.92 55.10 100.71 245.62 50.36
480 478.15 200.82 22.47 54.79 40.98
480 121.81 181.03 28.28 68.97 17.48
480 139.40 202.83 17.83 43.48 16.61
480 611.85 200.82 22.47 54.79 11.00
480 24.62 227.17 17.83 43.48 6.87
510 563.62 152.41 56.55 137.93 184.99
510 459.40 206.30 17.83 43.48 63.81
510 191.83 170.24 40.00 97.56 41.74
510 116.29 178.28 28.28 68.97 40.63
510 473.77 192.05 22.47 54.79 40.24
510 585.69 157.93 56.55 137.93 36.67
510 301.48 44.26 80.85 197.19 35.53
510 534.54 193.54 25.23 61.54 30.16
510 12.45 227.17 17.83 43.48 25.83
510 488.97 58.48 17.83 43.48 16.41
510 138.42 189.86 22.47 54.79 14.99
510 165.49 204.57 17.83 43.48 11.49
510 403.19 205.86 28.28 68.97 10.91
540 588.02 200.34 28.28 68.97 45.40
540 71.77 193.54 25.23 61.54 44.79
540 316.62 35.51 100.71 245.62 34.74
540 441.81 216.90 28.28 68.97 31.32
540 529.18 17.42 31.71 77.35 19.17
540 602.28 179.57 35.65 86.96 14.43
540 136.89 194.39 20.00 48.78 13.93
540 553.59 176.09 35.65 86.96 13.55
540 518.53 44.57 17.83 43.48 12.56
570 488.11 194.39 20.00 48.78 64.50
570 132.45 195.87 17.83 43.48 62.61
570 439.33 190.49 20.00 48.78 56.86
570 447.13 190.49 20.00 48.78 42.69
570 185.48 84.00 89.69 218.76 35.60
570 35.43 202.20 20.00 48.78 33.36
570 556.69 16.31 25.23 61.54 32.45
570 397.93 174.50 45.20 110.24 30.92
570 587.74 192.05 22.47 54.79 30.90
570 51.04 202.20 20.00 48.78 28.69
570 13.96 94.88 20.00 48.78 17.76
570 416.98 250.00 28.28 68.97 10.84
570 503.86 104.04 45.20 110.24 7.11
600 344.62 202.83 17.83 43.48 59.48
600 125.18 190.49 20.00 48.78 55.68
600 43.77 181.55 31.71 77.35 48.17
600 14.18 202.83 17.83 43.48 45.31
600 154.13 87.83 71.30 173.91 33.49
600 497.93 200.43 35.65 86.96 31.71
600 314.91 189.31 28.28 68.97 26.02
600 283.08 181.10 22.47 54.79 24.50
600 526.37 117.53 22.47 54.79 22.47
600 355.41 192.05 22.47 54.79 18.51
600 132.99 188.54 20.00 48.78 12.18
600 562.01 162.83 17.83 43.48 4.70
600 17.87 102.68 20.00 48.78 1.24
630 102.51 175.35 31.71 77.35 82.40
630 464.62 195.87 17.83 43.48 76.22
630 6.16 94.88 20.00 48.78 70.39
630 301.12 175.52 28.28 68.97 47.79
630 22.13 172.26 31.71 77.35 37.13
630 564.21 198.29 20.00 48.78 36.84
630 575.91 110.49 20.00 48.78 36.25
630 353.48 204.15 20.00 48.78 31.92
630 337.87 196.34 20.00 48.78 28.66
630 272.12 176.71 22.47 54.79 27.37
630 524.18 189.86 22.47 54.79 24.80
630 544.38 95.08 25.23 61.54 22.48
630 361.99 194.25 22.47 54.79 22.22
630 454.04 183.29 22.47 54.79 20.85
630 347.62 196.34 20.00 48.78 20.58
630 179.81 150.58 31.71 77.35 20.30
660 465.00 187.67 22.47 54.79 73.44
660 3.75 195.87 17.83 43.48 55.73
660 305.44 109.87 63.78 155.55 52.55
660 15.91 198.29 20.00 48.78 52.51
660 129.54 55.10 100.71 245.62 48.30
660 96.78 183.29 22.47 54.79 38.80
660 570.06 204.15 20.00 48.78 34.80
660 534.94 206.10 20.00 48.78 28.82
660 361.28 204.15 20.00 48.78 24.00
660 63.90 200.82 22.47 54.79 22.10
660 340.07 10.14 22.47 54.79 13.07
660 558.53 119.35 17.83 43.48 13.00
660 551.58 114.13 17.83 43.48 10.81
660 295.77 181.23 25.23 61.54 10.27
660 472.16 170.00 28.28 68.97 7.50
690 93.96 184.63 20.00 48.78 64.54
690 333.96 198.29 20.00 48.78 59.48
690 463.15 181.23 25.23 61.54 58.78
690 139.38 55.10 100.71 245.62 57.28
690 476.62 169.16 31.71 77.35 42.97
690 6.16 198.29 20.00 48.78 41.67
690 574.59 198.63 22.47 54.79 29.89
690 542.88 202.83 17.83 43.48 29.53
690 355.05 124.57 17.83 43.48 25.56
690 359.77 191.08 25.23 61.54 25.10
690 256.38 176.31 25.23 61.54 23.17
690 103.36 178.90 22.47 54.79 11.25
690 63.90 205.21 22.47 54.79 10.45
690 560.27 206.30 17.83 43.48 10.21
690 621.14 201.09 17.83 43.48 8.51
690 559.25 113.15 22.47 54.79 4.01
720 94.18 185.43 17.83 43.48 65.98
720 472.50 192.44 20.00 48.78 60.51
720 334.18 202.83 17.83 43.48 59.61
720 581.77 202.20 20.00 48.78 53.60
720 342.72 116.10 63.78 155.55 51.66
720 261.31 171.38 25.23 61.54 40.41
720 142.74 180.73 20.00 48.78 32.77
720 8.41 166.34 40.00 97.56 27.77
720 464.70 190.49 20.00 48.78 27.02
720 480.30 190.49 20.00 48.78 26.00
720 50.75 203.01 22.47 54.79 7.69
720 309.84 185.43 17.83 43.48 6.72
750 93.96 182.68 20.00 48.78 98.54
750 468.08 181.23 25.23 61.54 76.23
750 261.16 174.52 22.47 54.79 60.21
750 140.22 73.91 71.30 173.91 51.30
750 300.22 94.78 71.30 173.91 42.76
750 337.41 124.83 56.55 137.93 35.66
750 583.77 200.92 25.23 61.54 34.62
780 93.96 182.68 20.00 48.78 72.68
780 472.50 182.68 20.00 48.78 69.66
780 140.22 73.91 71.30 173.91 61.78
780 261.16 172.33 22.47 54.79 59.44
780 287.08 25.71 100.71 245.62 51.62
780 584.62 204.57 17.83 43.48 41.85
780 5.31 65.54 25.23 61.54 29.68
780 541.71 194.25 22.47 54.79 21.60
780 565.49 110.65 17.83 43.48 16.67
780 470.55 196.34 20.00 48.78 16.41
810 468.08 178.77 25.23 61.54 93.52
810 140.22 73.91 71.30 173.91 67.34
810 90.21 178.90 22.47 54.79 56.16
810 305.44 103.64 63.78 155.55 47.90
810 342.93 124.83 56.55 137.93 43.01
810 574.27 158.54 40.00 97.56 25.03
810 254.18 181.96 17.83 43.48 23.33
810 482.26 190.49 20.00 48.78 20.44
810 5.95 200.34 28.28 68.97 10.51
840 472.50 190.49 20.00 48.78 66.94
840 305.44 103.64 63.78 155.55 60.04
840 133.26 80.87 71.30 173.91 51.97
840 574.27 158.54 40.00 97.56 43.37
840 90.21 176.71 22.47 54.79 42.65
840 565.82 108.77 22.47 54.79 39.63
840 261.77 172.93 20.00 48.78 33.98
840 480.38 181.23 25.23 61.54 27.74
840 361.28 198.29 20.00 48.78 24.13
840 296.23 170.14 22.47 54.79 23.70
840 49.24 169.13 35.65 86.96 20.60
840 412.40 189.86 22.47 54.79 10.19
840 404.21 204.15 20.00 48.78 9.60
840 353.53 114.83 28.28 68.97 3.42
870 467.19 183.29 22.47 54.79 134.94
870 133.26 80.87 71.30 173.91 79.67
870 570.37 166.34 40.00 97.56 45.68
870 305.44 103.64 63.78 155.55 43.55
870 92.45 181.96 17.83 43.48 38.20
870 476.62 166.06 31.71 77.35 28.60
870 361.28 200.24 20.00 48.78 26.68
870 265.69 102.76 56.55 137.93 16.56
870 564.21 108.54 20.00 48.78 16.24
870 292.72 176.09 35.65 86.96 6.04
870 226.63 151.74 35.65 86.96 4.50
870 566.16 122.20 20.00 48.78 1.82
900 349.92 119.69 25.23 61.54 58.50
900 133.26 80.87 71.30 173.91 38.97
900 85.95 175.52 28.28 68.97 38.82
900 74.45 198.29 20.00 48.78 38.20
900 304.31 97.24 56.55 137.93 28.68
900 49.24 169.13 35.65 86.96 25.55
900 462.17 181.24 50.80 123.90 21.54
900 578.17 162.44 40.00 97.56 17.87
900 568.97 110.65 17.83 43.48 13.00
900 210.52 191.03 56.55 137.93 3.53
930 460.62 187.67 22.47 54.79 174.82
930 469.38 187.67 22.47 54.79 124.74
930 589.84 202.83 17.83 43.48 48.38
930 273.48 176.83 20.00 48.78 46.56
930 88.01 178.90 22.47 54.79 45.92
930 147.17 73.91 71.30 173.91 40.47
930 261.16 170.14 22.47 54.79 37.70
930 412.45 195.87 17.83 43.48 30.28
930 305.44 109.87 63.78 155.55 29.97
930 348.37 106.52 35.65 86.96 22.88
930 292.72 176.09 35.65 86.96 20.15
930 5.95 150.69 28.28 68.97 13.47
930 5.95 214.14 28.28 68.97 8.86
960 381.12 211.38 28.28 68.97 65.15
960 311.65 103.64 63.78 155.55 42.75
960 369.24 169.13 35.65 86.96 22.97
960 139.38 45.31 100.71 245.62 17.86
960 84.21 200.24 20.00 48.78 14.52
960 261.16 170.14 22.47 54.79 14.16
960 568.97 110.65 17.83 43.48 5.99
990 447.47 189.86 22.47 54.79 155.83
990 456.23 192.05 22.47 54.79 99.68
990 469.38 185.48 22.47 54.79 61.77
990 87.56 37.06 145.33 354.45 51.49
990 323.19 150.69 28.28 68.97 49.21
990 233.59 169.13 35.65 86.96 42.28
990 574.48 156.88 45.20 110.24 26.57
990 561.62 95.08 25.23 61.54 24.00
990 436.08 186.15 25.23 61.54 23.41
1020 437.38 196.34 20.00 48.78 182.75
1020 416.38 186.15 25.23 61.54 171.69
1020 427.74 192.05 22.47 54.79 98.85
1020 305.44 103.64 63.78 155.55 78.03
1020 481.09 185.22 71.30 173.91 55.26
1020 289.24 176.09 35.65 86.96 55.00
1020 463.15 181.23 25.23 61.54 39.76
1020 563.19 84.48 28.28 68.97 39.58
1020 408.01 189.86 22.47 54.79 37.83
1020 135.56 75.74 80.85 197.19 34.53
1020 254.59 172.33 22.47 54.79 30.37
1020 348.45 124.83 56.55 137.93 20.92
1020 414.18 216.74 17.83 43.48 5.26
1020 480.54 155.22 35.65 86.96 3.60
1050 414.59 196.44 22.47 54.79 175.18
1050 390.48 192.05 22.47 54.79 164.66
1050 405.82 194.25 22.47 54.79 104.50
1050 468.08 178.77 25.23 61.54 76.78
1050 300.22 94.78 71.30 173.91 60.28
1050 281.59 162.44 40.00 97.56 53.81
1050 381.71 192.05 22.47 54.79 48.91
1050 337.41 124.83 56.55 137.93 44.30
1050 133.26 73.91 71.30 173.91 33.61
1050 477.67 172.76 28.28 68.97 28.49
1050 565.82 97.81 22.47 54.79 24.72
1050 570.06 122.20 20.00 48.78 22.34
1050 421.16 205.21 22.47 54.79 21.12
1050 578.17 158.54 40.00 97.56 18.25
1050 460.79 190.49 20.00 48.78 12.35
1080 394.23 191.08 25.23 61.54 194.06
1080 375.14 192.05 22.47 54.79 126.26
1080 475.96 185.48 22.47 54.79 105.51
1080 384.38 188.62 25.23 61.54 82.50
1080 339.82 190.49 20.00 48.78 75.01
1080 465.62 176.31 25.23 61.54 60.88
1080 133.26 73.91 71.30 173.91 51.78
1080 574.27 158.54 40.00 97.56 37.80
1080 285.49 166.34 40.00 97.56 37.61
1080 563.19 81.72 28.28 68.97 37.25
1080 333.96 196.34 20.00 48.78 30.45
1080 546.65 194.39 20.00 48.78 28.90
1080 318.94 147.48 31.71 77.35 22.43
1080 249.14 102.76 56.55 137.93 20.82
1080 484.73 183.29 22.47 54.79 18.74
1080 242.01 46.30 17.83 43.48 14.99
1080 303.48 150.58 31.71 77.35 0.07
1110 364.69 188.62 25.23 61.54 169.93
1110 381.71 194.25 22.47 54.79 140.26
1110 469.38 183.29 22.47 54.79 78.02
1110 253.92 168.92 25.23 61.54 53.35
1110 305.44 103.64 63.78 155.55 44.69
1110 133.26 73.91 71.30 173.91 41.24
1110 407.23 197.61 17.83 43.48 30.03
1110 483.75 190.65 17.83 43.48 29.77
1110 587.74 192.05 22.47 54.79 29.39
1110 268.68 111.96 50.80 123.90 23.31
1110 460.62 183.29 22.47 54.79 20.87
1110 563.19 81.72 28.28 68.97 17.53
1140 377.00 193.54 25.23 61.54 203.97
1140 364.69 191.08 25.23 61.54 135.04
1140 468.08 178.77 25.23 61.54 85.56
1140 258.97 174.52 22.47 54.79 61.63
1140 140.22 73.91 71.30 173.91 43.33
1140 308.60 178.78 20.00 48.78 33.20
1140 323.26 131.75 50.80 123.90 27.87
1140 479.71 166.06 31.71 77.35 27.25
1140 574.48 156.88 45.20 110.24 16.41
1140 405.49 197.61 17.83 43.48 14.48
1140 563.63 93.42 22.47 54.79 11.87
1170 261.16 172.33 22.47 54.79 54.90
1170 133.26 80.87 71.30 173.91 49.80
1170 48.64 146.56 80.85 197.19 41.13
1170 301.12 158.97 28.28 68.97 29.42
1170 7.50 252.61 35.65 86.96 20.39
1170 242.01 46.30 17.83 43.48 18.38
1170 570.21 124.11 22.47 54.79 14.98
1170 285.18 174.88 20.00 48.78 14.91
1170 117.97 209.42 31.71 77.35 14.22
1170 334.40 169.16 31.71 77.35 11.16
1200 139.67 127.39 35.65 86.96 91.28
1200 134.94 14.88 20.00 48.78 56.76
1200 420.17 146.90 56.55 137.93 53.61
1200 177.88 7.95 22.47 54.79 41.45
1200 588.37 231.74 35.65 86.96 37.63
1200 516.70 122.34 63.78 155.55 30.88
1200 367.44 178.05 40.00 97.56 29.44
1200 448.35 134.81 63.78 155.55 15.40
1200 29.57 20.73 20.00 48.78 12.93
1200 541.55 97.11 50.80 123.90 12.22
1200 226.64 128.62 28.28 68.97 10.15
1200 160.34 14.52 22.47 54.79 8.41
1200 186.64 5.75 22.47 54.79 5.85
1200 26.36 35.87 17.83 43.48 4.02
1230 332.32 100.00 40.00 97.56 59.70
1230 570.21 143.84 22.47 54.79 49.59
1230 440.89 143.84 22.47 54.79 40.51
1230 133.28 86.21 56.55 137.93 30.79
1230 548.60 145.61 20.00 48.78 27.06
1230 499.45 90.83 45.20 110.24 22.06
1230 540.79 151.46 20.00 48.78 18.54
1230 477.38 108.44 45.20 110.24 16.39
1230 304.70 141.71 20.00 48.78 15.32
1230 83.63 185.48 22.47 54.79 3.92
1230 358.80 113.48 35.65 86.96 3.25
1260 305.00 165.75 22.47 54.79 41.30
1260 574.59 97.81 22.47 54.79 27.78
1260 129.54 64.90 100.71 245.62 23.82
1260 333.18 126.80 50.80 123.90 15.68
1260 598.54 196.00 25.23 61.54 12.08
1260 509.86 136.36 89.69 218.76 8.99
1290 477.92 186.15 25.23 61.54 86.28
1290 126.30 73.91 71.30 173.91 77.47
1290 468.08 188.62 25.23 61.54 42.99
1290 579.82 110.49 20.00 48.78 28.90
1290 397.61 157.39 71.30 173.91 12.78
1290 226.36 41.09 17.83 43.48 10.24
1290 303.48 104.13 31.71 77.35 10.01
1320 414.22 189.31 28.28 68.97 121.40
1320 550.65 192.17 71.30 173.91 54.45
1320 529.18 79.35 31.71 77.35 41.76
1320 62.48 82.02 45.20 110.24 40.84
1320 518.53 216.74 17.83 43.48 39.76
1320 116.00 37.06 145.33 354.45 29.30
1320 537.33 124.11 22.47 54.79 25.50
1320 234.62 108.44 45.20 110.24 21.25
1320 433.48 204.15 20.00 48.78 13.94
1320 536.03 163.45 56.55 137.93 9.02
1320 557.07 75.22 35.65 86.96 7.54
1350 252.01 102.68 20.00 48.78 53.03
1350 253.96 116.34 20.00 48.78 38.45
1350 589.88 131.22 40.00 97.56 35.60
1350 289.09 102.68 20.00 48.78 33.55
1350 508.45 185.52 56.55 137.93 21.66
1380 132.72 123.91 35.65 86.96 71.76
1380 343.10 111.96 50.80 123.90 69.91
1380 299.67 193.48 35.65 86.96 69.52
1380 509.84 249.78 17.83 43.48 45.44
1380 603.75 239.35 17.83 43.48 44.98
1380 454.18 122.83 17.83 43.48 44.93
1380 141.14 190.65 17.83 43.48 44.11
1380 243.62 168.97 56.55 137.93 26.87
1380 276.72 102.76 56.55 137.93 23.56
1380 315.34 102.76 56.55 137.93 22.80
1380 485.95 134.14 28.28 68.97 18.60
1380 218.36 183.79 28.28 68.97 14.24
1410 331.30 190.84 31.71 77.35 39.08
1410 176.22 181.95 40.00 97.56 31.56
1410 592.12 218.36 22.47 54.79 31.01
1410 47.15 127.08 25.23 61.54 26.14
1410 66.64 101.03 28.28 68.97 20.73
1410 198.36 212.52 31.71 77.35 12.38
1410 600.29 187.74 31.71 77.35 9.60
1410 223.90 176.71 22.47 54.79 7.96
1440 612.45 195.87 17.83 43.48 57.84
1440 362.95 161.44 50.80 123.90 39.92
1440 518.53 197.61 17.83 43.48 34.76
1440 10.98 179.57 35.65 86.96 33.92
1440 556.69 173.85 25.23 61.54 31.37
1440 10.23 230.46 25.23 61.54 29.14
1440 576.38 176.31 25.23 61.54 16.26
1440 144.65 97.11 50.80 123.90 12.97
1470 413.96 40.24 20.00 48.78 54.84
1470 554.86 36.44 22.47 54.79 34.98
1470 528.56 167.95 22.47 54.79 34.33
1470 557.05 178.90 22.47 54.79 33.28
1470 582.50 161.72 28.28 68.97 30.84
1470 427.74 34.25 22.47 54.79 28.05
1470 444.57 153.45 28.28 68.97 24.17
1470 480.43 178.28 28.28 68.97 21.89
1470 520.27 190.65 17.83 43.48 18.67
1470 451.85 187.67 22.47 54.79 15.03
1470 74.86 178.90 22.47 54.79 12.74
1500 521.52 134.86 45.20 110.24 53.42
1500 543.05 139.02 40.00 97.56 48.79
1500 158.35 157.32 20.00 48.78 41.93
1500 482.80 169.16 31.71 77.35 41.21
1500 38.53 180.22 17.83 43.48 31.74
1500 588.10 178.48 17.83 43.48 30.92
1500 448.38 136.92 25.23 61.54 30.11
1500 614.94 182.68 20.00 48.78 27.59
1500 246.46 146.83 40.00 97.56 24.21
1500 546.65 5.12 20.00 48.78 20.68
1500 507.93 150.73 40.00 97.56 19.00
1500 380.77 169.16 31.71 77.35 15.71
1500 118.53 140.22 17.83 43.48 15.28
1500 596.79 188.91 17.83 43.48 13.20
1500 496.98 175.52 28.28 68.97 9.97
1500 510.78 103.79 28.28 68.97 5.86
1530 415.59 161.28 45.20 110.24 109.62
1530 52.45 188.91 17.83 43.48 71.60
1530 239.25 172.33 22.47 54.79 61.84
1530 283.08 174.52 22.47 54.79 53.14
1530 598.54 168.92 25.23 61.54 40.72
1530 43.75 188.91 17.83 43.48 32.24
1530 77.78 132.00 31.71 77.35 26.59
1530 615.77 6.46 25.23 61.54 24.60
1530 127.13 157.32 20.00 48.78 23.34
1530 470.43 122.71 31.71 77.35 22.22
1530 150.55 178.78 20.00 48.78 21.76
1530 4.21 176.83 20.00 48.78 14.63
1530 614.18 227.17 17.83 43.48 12.85
1530 61.71 194.25 22.47 54.79 7.70
1560 515.87 150.43 71.30 173.91 161.99
1560 59.52 174.52 22.47 54.79 62.28
1560 344.45 187.67 22.47 54.79 47.66
1560 163.75 150.65 17.83 43.48 37.87
1560 491.84 84.94 63.78 155.55 28.09
1560 147.19 146.03 22.47 54.79 25.17
1560 504.27 116.10 63.78 155.55 17.11
1560 9.52 11.56 45.20 110.24 15.39
1560 519.48 240.69 56.55 137.93 13.34
1560 8.71 164.48 28.28 68.97 13.07
1560 235.05 178.48 17.83 43.48 10.92
1590 382.88 220.22 17.83 43.48 68.20
1590 42.01 185.43 17.83 43.48 56.33
1590 579.74 158.97 28.28 68.97 46.23
1590 298.42 170.14 22.47 54.79 38.38
1590 133.43 150.58 31.71 77.35 37.96
1590 254.46 144.78 35.65 86.96 36.77
1590 445.18 239.27 20.00 48.78 35.30
1590 93.38 108.44 45.20 110.24 23.69
1590 449.66 222.74 22.47 54.79 22.12
1590 165.95 145.17 28.28 68.97 21.17
1590 554.45 169.02 20.00 48.78 17.33
1620 160.54 123.91 35.65 86.96 73.37
1620 132.84 134.14 28.28 68.97 62.68
1620 428.37 207.39 35.65 86.96 42.91
1620 257.93 134.35 35.65 86.96 37.80
1620 368.41 141.29 31.71 77.35 35.17
1620 4.21 190.49 20.00 48.78 33.43
1620 454.46 94.29 100.71 245.62 30.95
1620 429.71 103.64 63.78 155.55 23.60
1620 433.78 228.78 40.00 97.56 20.26
1620 298.42 161.37 22.47 54.79 16.27
1620 243.75 171.52 17.83 43.48 15.95
1620 145.80 128.90 31.71 77.35 14.17
1620 390.05 128.90 31.71 77.35 13.56
1650 418.85 149.23 25.23 61.54 36.54
1650 519.33 143.66 20.00 48.78 35.25
1650 383.15 134.35 35.65 86.96 32.79
1650 69.84 175.00 17.83 43.48 32.77
1650 108.37 116.96 35.65 86.96 32.33
1650 141.12 125.86 28.28 68.97 31.24
1650 155.17 117.25 45.20 110.24 29.48
1650 302.74 161.22 20.00 48.78 27.84
1650 543.70 150.43 71.30 173.91 17.20
1650 252.45 152.39 17.83 43.48 12.99
1650 205.18 61.71 20.00 48.78 11.48
1650 603.08 141.64 22.47 54.79 6.36
1650 448.38 65.54 25.23 61.54 5.02
1680 497.87 178.78 20.00 48.78 110.55
1680 452.99 170.98 20.00 48.78 79.25
1680 477.92 53.23 25.23 61.54 69.76
1680 92.40 163.56 22.47 54.79 66.77
1680 615.92 178.48 17.83 43.48 61.15
1680 302.74 163.17 20.00 48.78 51.37
1680 532.84 156.21 28.28 68.97 45.59
1680 56.20 127.39 35.65 86.96 41.48
1680 554.86 43.01 22.47 54.79 40.57
1680 121.06 125.81 31.71 77.35 37.43
1680 556.69 181.23 25.23 61.54 35.06
1680 388.29 5.75 22.47 54.79 31.26
1680 561.44 36.44 22.47 54.79 27.59
1680 197.60 56.16 22.47 54.79 23.67
1680 148.89 125.81 31.71 77.35 22.84
1680 602.01 41.09 17.83 43.48 12.45
1680 576.78 139.45 22.47 54.79 7.51
1680 289.39 357.56 40.00 97.56 3.91
1680 105.26 131.38 28.28 68.97 1.73
1710 590.78 189.31 28.28 68.97 149.60
1710 17.87 184.63 20.00 48.78 99.61
1710 509.92 178.77 25.23 61.54 80.83
1710 132.72 123.91 35.65 86.96 47.63
1710 29.84 175.00 17.83 43.48 41.50
1710 495.17 159.87 31.71 77.35 36.88
1710 108.70 135.10 31.71 77.35 30.98
1710 117.97 125.81 31.71 77.35 24.36
1710 532.72 9.13 35.65 86.96 19.08
1710 419.40 8.04 17.83 43.48 13.24
1710 9.11 130.68 22.47 54.79 10.88
1710 541.55 141.29 31.71 77.35 9.91
1710 316.79 173.26 17.83 43.48 9.48
1710 404.21 155.37 20.00 48.78 8.92
1740 142.74 151.46 20.00 48.78 45.97
1740 94.46 120.43 35.65 86.96 42.65
1740 115.33 120.43 35.65 86.96 41.60
1740 44.69 107.38 25.23 61.54 36.00
1740 596.08 8.92 25.23 61.54 30.44
1740 238.53 155.87 17.83 43.48 21.06
1740 254.18 166.30 17.83 43.48 19.81
1740 288.53 107.01 50.80 123.90 17.76
1740 398.53 173.26 17.83 43.48 17.31
1740 431.58 169.78 17.83 43.48 16.15
1740 414.59 146.03 22.47 54.79 10.84
1740 535.24 33.66 40.00 97.56 9.48
1740 77.07 116.96 35.65 86.96 5.12
1770 369.09 161.22 20.00 48.78 62.51
1770 475.05 154.13 17.83 43.48 42.14
1770 325.31 159.08 25.23 61.54 41.66
1770 436.79 164.57 17.83 43.48 40.45
1770 466.65 155.37 20.00 48.78 39.52
1770 115.33 110.00 35.65 86.96 37.51
1770 140.79 143.66 20.00 48.78 33.73
1770 78.66 111.71 40.00 97.56 31.62
1770 271.21 75.17 56.55 137.93 14.46
1770 15.94 79.35 31.71 77.35 10.80
1770 231.58 166.30 17.83 43.48 8.09
1770 94.46 106.52 35.65 86.96 7.67
1770 443.75 164.57 17.83 43.48 5.62
1770 8.41 111.71 40.00 97.56 3.54
1800 399.15 161.54 25.23 61.54 56.30
1800 353.53 158.97 28.28 68.97 50.32
1800 138.84 153.41 20.00 48.78 45.12
1800 493.49 163.56 22.47 54.79 43.37
1800 428.10 166.30 17.83 43.48 42.04
1800 81.44 91.23 22.47 54.79 20.43
1800 509.84 169.78 17.83 43.48 16.47
1800 15.66 87.22 50.80 123.90 15.55
1800 521.81 40.34 28.28 68.97 13.04
1800 129.09 155.37 20.00 48.78 12.26
1800 615.77 205.85 25.23 61.54 2.30
1830 521.99 167.95 22.47 54.79 42.79
1830 553.59 162.17 35.65 86.96 39.47
1830 257.87 169.02 20.00 48.78 30.31
1830 449.24 158.70 35.65 86.96 29.03
1830 70.23 82.27 50.80 123.90 23.64
1830 138.36 128.62 28.28 68.97 18.37
1830 4.73 121.92 22.47 54.79 4.00
