30 11.30 64.93 22.47 54.79 66.38
30 174.46 127.39 35.65 86.96 35.80
30 430.24 190.84 31.71 77.35 35.29
30 9.76 11.23 31.71 77.35 34.93
30 313.77 192.05 22.47 54.79 26.21
30 464.14 227.34 45.20 110.24 19.74
30 421.77 96.83 20.00 48.78 16.40
30 134.18 187.17 17.83 43.48 10.87
30 458.23 26.15 25.23 61.54 7.32
30 416.78 159.18 22.47 54.79 4.59
60 530.34 222.94 45.20 110.24 52.47
60 125.27 174.52 22.47 54.79 51.34
60 20.08 168.92 25.23 61.54 44.12
60 334.40 153.68 31.71 77.35 30.08
60 481.79 192.11 45.20 110.24 29.09
60 361.28 176.83 20.00 48.78 25.36
60 415.59 152.48 45.20 110.24 18.74
60 502.93 102.76 56.55 137.93 9.72
90 445.49 146.83 40.00 97.56 53.28
90 423.36 183.29 22.47 54.79 51.78
90 359.13 156.77 31.71 77.35 20.65
90 114.32 183.29 22.47 54.79 14.84
90 452.72 82.17 35.65 86.96 9.66
120 93.96 182.68 20.00 48.78 81.88
120 285.92 161.54 25.23 61.54 59.16
120 428.02 181.03 28.28 68.97 48.43
120 226.85 161.54 25.23 61.54 38.52
120 525.18 5.12 20.00 48.78 31.15
120 295.77 161.54 25.23 61.54 31.13
120 212.45 176.74 17.83 43.48 26.00
120 66.85 205.85 25.23 61.54 22.74
120 320.43 181.03 28.28 68.97 16.95
120 388.29 196.44 22.47 54.79 14.34
150 217.66 176.74 17.83 43.48 122.81
150 101.77 167.07 20.00 48.78 52.81
150 167.44 153.68 31.71 77.35 45.31
150 116.29 153.45 28.28 68.97 42.81
150 341.96 115.65 71.30 173.91 34.80
150 202.23 171.38 25.23 61.54 33.80
150 455.31 143.67 45.20 110.24 21.78
180 283.08 167.95 22.47 54.79 73.31
180 56.89 128.57 63.78 155.55 69.92
180 294.94 172.93 20.00 48.78 59.60
180 265.55 167.95 22.47 54.79 22.14
180 32.04 153.51 63.78 155.55 20.64
180 423.72 55.85 20.00 48.78 18.52
180 35.50 230.72 50.80 123.90 14.87
180 476.62 141.29 31.71 77.35 12.60
180 621.14 145.43 17.83 43.48 5.45
180 390.85 33.66 40.00 97.56 3.63
210 367.91 126.80 50.80 123.90 113.58
210 508.10 75.87 17.83 43.48 57.51
210 300.83 130.46 45.20 110.24 42.67
210 347.93 142.93 40.00 97.56 36.24
210 21.77 167.07 20.00 48.78 33.30
210 131.46 128.57 63.78 155.55 30.62
210 602.01 188.91 17.83 43.48 27.63
210 612.45 68.91 17.83 43.48 26.93
210 284.93 128.90 31.71 77.35 22.10
210 552.16 29.31 28.28 68.97 21.80
210 449.66 165.75 22.47 54.79 21.58
240 343.72 182.68 20.00 48.78 83.16
240 298.79 119.31 56.55 137.93 68.64
240 269.84 194.13 17.83 43.48 66.40
240 386.36 192.39 17.83 43.48 41.28
240 354.85 173.85 25.23 61.54 40.24
240 576.98 219.66 28.28 68.97 40.20
240 480.38 60.62 25.23 61.54 36.33
240 238.66 146.83 40.00 97.56 36.21
240 401.62 168.92 25.23 61.54 24.89
240 585.26 181.03 28.28 68.97 17.70
240 283.17 152.48 45.20 110.24 11.71
240 216.91 132.00 31.71 77.35 6.16
240 541.55 124.83 56.55 137.93 3.46
270 32.38 186.15 25.23 61.54 55.09
270 605.92 151.69 25.23 61.54 46.18
270 265.69 191.03 56.55 137.93 42.54
270 64.38 183.69 25.23 61.54 27.64
270 119.75 67.87 80.85 197.19 26.32
270 8.71 200.34 28.28 68.97 20.70
270 519.48 135.86 56.55 137.93 5.85
270 497.41 130.34 56.55 137.93 5.28
300 5.49 4.57 17.83 43.48 62.33
300 237.05 152.60 22.47 54.79 33.41
330 604.57 219.66 28.28 68.97 44.52
330 436.43 240.39 31.71 77.35 22.01
330 541.92 50.77 25.23 61.54 10.92
330 445.70 231.10 31.71 77.35 7.90
330 473.32 225.43 17.83 43.48 6.88
360 145.80 249.68 31.71 77.35 69.48
360 45.49 324.57 17.83 43.48 68.55
360 195.43 210.00 20.00 48.78 68.23
360 288.97 93.26 17.83 43.48 48.73
360 38.53 324.57 17.83 43.48 43.04
360 330.29 72.47 63.78 155.55 35.83
360 449.66 181.10 22.47 54.79 29.22
360 284.57 15.52 28.28 68.97 19.29
360 513.22 211.78 22.47 54.79 16.60
360 133.29 271.71 40.00 97.56 15.99
360 554.86 198.63 22.47 54.79 6.56
390 485.49 110.65 17.83 43.48 80.67
390 103.72 10.98 20.00 48.78 60.15
390 421.31 191.08 25.23 61.54 59.11
390 171.47 200.34 28.28 68.97 57.09
390 284.93 193.94 31.71 77.35 41.58
390 281.84 172.26 31.71 77.35 40.93
390 512.38 193.54 25.23 61.54 36.68
390 212.72 82.17 35.65 86.96 34.24
390 576.78 216.16 22.47 54.79 24.83
390 111.52 10.98 20.00 48.78 23.67
390 167.50 99.57 35.65 86.96 21.77
390 203.54 25.85 40.00 97.56 21.46
390 140.79 7.07 20.00 48.78 19.39
390 63.90 5.75 22.47 54.79 15.22
390 402.42 178.45 31.71 77.35 11.23
420 389.40 186.55 28.28 68.97 93.55
420 454.94 94.88 20.00 48.78 79.78
420 482.01 100.22 17.83 43.48 48.33
420 39.33 51.95 20.00 48.78 39.86
420 238.55 193.94 31.71 77.35 36.65
420 492.08 184.65 31.71 77.35 29.37
420 381.92 100.00 25.23 61.54 25.89
420 88.15 20.66 80.85 197.19 25.23
420 310.54 196.00 25.23 61.54 24.01
420 149.40 10.00 28.28 68.97 20.80
420 53.66 192.11 45.20 110.24 17.44
420 256.98 192.07 28.28 68.97 10.74
420 56.54 20.66 80.85 197.19 4.77
450 400.54 179.57 35.65 86.96 78.31
450 74.76 111.71 40.00 97.56 37.52
450 475.05 72.39 17.83 43.48 32.18
450 226.63 186.52 35.65 86.96 31.97
450 216.20 169.13 35.65 86.96 19.00
450 378.84 208.05 20.00 48.78 18.43
450 149.40 84.48 28.28 68.97 16.65
450 511.52 53.90 20.00 48.78 14.56
480 525.18 38.29 20.00 48.78 68.83
480 399.25 207.40 22.47 54.79 40.94
480 221.12 131.38 28.28 68.97 35.19
480 22.93 97.24 56.55 137.93 32.90
480 410.21 187.67 22.47 54.79 31.57
480 254.18 175.00 17.83 43.48 30.22
480 596.79 225.43 17.83 43.48 22.39
480 66.65 182.68 20.00 48.78 16.82
480 429.88 209.27 40.00 97.56 16.22
510 415.59 183.30 45.20 110.24 62.50
510 220.79 196.34 20.00 48.78 47.05
510 442.61 178.45 31.71 77.35 39.89
510 255.91 169.02 20.00 48.78 38.87
510 5.95 131.38 28.28 68.97 36.81
510 538.36 158.97 28.28 68.97 34.72
510 28.31 66.97 31.71 77.35 30.97
510 386.10 161.37 22.47 54.79 13.13
510 502.50 147.93 28.28 68.97 9.54
510 512.69 214.13 45.20 110.24 7.17
510 172.01 215.85 20.00 48.78 6.84
510 351.83 115.61 40.00 97.56 6.66
540 463.15 223.08 25.23 61.54 55.13
540 210.75 194.25 22.47 54.79 48.83
540 472.80 197.56 40.00 97.56 47.89
540 102.50 225.17 28.28 68.97 46.84
540 460.78 16.36 63.78 155.55 41.39
540 440.27 195.87 17.83 43.48 41.11
540 507.93 201.46 40.00 97.56 38.39
540 50.75 7.95 22.47 54.79 28.07
540 546.63 207.39 35.65 86.96 26.31
540 478.35 167.07 20.00 48.78 25.74
540 95.04 17.94 50.80 123.90 25.18
540 194.85 200.92 25.23 61.54 20.68
540 322.01 218.48 17.83 43.48 19.17
540 497.41 119.31 56.55 137.93 17.50
540 240.43 164.48 28.28 68.97 14.31
540 427.15 91.74 31.71 77.35 13.17
540 261.77 170.98 20.00 48.78 9.50
570 431.52 192.44 20.00 48.78 68.64
570 194.26 121.86 50.80 123.90 49.66
570 237.07 155.22 35.65 86.96 48.30
570 164.35 193.94 31.71 77.35 39.54
570 15.00 171.30 71.30 173.91 38.68
570 547.73 60.77 31.71 77.35 37.43
570 364.57 153.45 28.28 68.97 32.39
570 592.12 279.73 22.47 54.79 31.99
570 557.05 273.15 22.47 54.79 26.16
570 182.90 193.94 31.71 77.35 24.06
570 416.38 183.69 25.23 61.54 21.76
570 33.22 5.75 22.47 54.79 21.72
570 17.04 240.98 80.85 197.19 14.75
570 320.43 186.55 28.28 68.97 11.83
570 488.11 53.90 20.00 48.78 5.22
600 16.98 10.00 28.28 68.97 44.77
600 111.03 196.51 45.20 110.24 30.06
600 508.10 81.09 17.83 43.48 29.94
600 445.27 106.58 22.47 54.79 29.36
600 492.69 43.38 25.23 61.54 28.72
600 221.55 135.86 56.55 137.93 28.35
600 406.16 194.39 20.00 48.78 26.36
600 343.72 178.78 20.00 48.78 25.16
600 5.49 289.78 17.83 43.48 21.71
600 308.60 174.88 20.00 48.78 21.06
600 414.18 206.30 17.83 43.48 20.26
600 400.27 204.57 17.83 43.48 15.72
600 594.32 10.14 22.47 54.79 14.03
600 171.90 113.79 56.55 137.93 2.95
600 191.58 95.00 17.83 43.48 2.75
630 134.18 185.43 17.83 43.48 87.39
630 394.45 194.39 20.00 48.78 68.77
630 405.49 201.09 17.83 43.48 42.74
630 436.08 183.69 25.23 61.54 40.02
630 182.26 176.71 22.47 54.79 36.30
630 456.23 100.00 22.47 54.79 32.38
630 130.85 55.69 25.23 61.54 32.17
630 237.07 183.04 35.65 86.96 31.39
630 24.02 236.59 40.00 97.56 19.96
660 86.16 184.63 20.00 48.78 125.24
660 372.95 192.05 22.47 54.79 57.35
660 538.84 194.39 20.00 48.78 55.71
660 501.77 190.49 20.00 48.78 40.47
660 417.87 63.87 31.71 77.35 40.31
660 421.31 196.00 25.23 61.54 36.67
660 219.67 155.22 35.65 86.96 27.31
660 523.00 8.13 31.71 77.35 24.63
660 157.92 171.38 25.23 61.54 22.89
660 611.04 141.71 20.00 48.78 21.77
660 10.98 9.13 35.65 86.96 21.54
660 223.15 186.52 35.65 86.96 20.10
660 94.18 192.39 17.83 43.48 14.90
660 453.31 92.62 25.23 61.54 14.45
660 59.23 14.32 31.71 77.35 14.35
660 186.64 161.37 22.47 54.79 12.94
660 598.80 12.61 35.65 86.96 8.97
660 248.71 186.55 28.28 68.97 8.82
660 109.57 42.20 20.00 48.78 8.38
690 19.74 181.03 28.28 68.97 195.24
690 382.88 159.35 17.83 43.48 61.84
690 413.96 210.00 20.00 48.78 57.41
690 455.60 84.48 28.28 68.97 39.81
690 12.45 194.13 17.83 43.48 35.27
690 414.27 49.27 40.00 97.56 26.57
690 523.75 192.39 17.83 43.48 25.10
690 355.41 192.05 22.47 54.79 17.55
690 199.63 178.05 40.00 97.56 12.87
690 15.15 6.46 25.23 61.54 6.77
720 422.50 194.83 28.28 68.97 63.42
720 569.00 181.23 25.23 61.54 44.58
720 609.57 8.13 31.71 77.35 38.70
720 370.75 198.63 22.47 54.79 38.62
720 62.88 6.30 17.83 43.48 37.46
720 27.62 194.39 20.00 48.78 34.78
720 116.51 183.29 22.47 54.79 33.48
720 365.18 190.49 20.00 48.78 29.76
720 182.50 161.72 28.28 68.97 25.25
720 477.07 64.78 35.65 86.96 24.33
720 454.04 211.78 22.47 54.79 20.72
720 155.46 63.08 25.23 61.54 10.36
720 124.57 170.00 28.28 68.97 8.05
720 234.45 184.63 20.00 48.78 4.68
750 216.20 183.04 35.65 86.96 63.51
750 45.21 22.91 89.69 218.76 53.71
750 114.88 169.16 31.71 77.35 47.15
750 513.48 92.93 20.00 48.78 43.36
750 377.83 136.70 50.80 123.90 42.44
750 437.68 170.24 40.00 97.56 40.18
750 31.58 209.78 17.83 43.48 38.75
750 196.79 183.70 17.83 43.48 35.68
750 508.10 63.70 17.83 43.48 29.20
750 482.80 54.58 31.71 77.35 18.64
750 546.64 73.45 28.28 68.97 17.56
750 312.50 221.71 20.00 48.78 10.84
750 238.35 169.02 20.00 48.78 10.36
750 33.32 197.61 17.83 43.48 5.18
780 243.75 178.48 17.83 43.48 75.68
780 537.33 60.55 22.47 54.79 58.80
780 477.38 11.56 45.20 110.24 57.44
780 394.23 188.62 25.23 61.54 53.55
780 262.88 176.74 17.83 43.48 48.97
780 283.75 178.48 17.83 43.48 46.76
780 459.67 193.48 35.65 86.96 40.38
780 252.45 180.22 17.83 43.48 39.40
780 381.14 9.78 17.83 43.48 26.91
780 528.56 60.55 22.47 54.79 21.68
780 71.77 186.15 25.23 61.54 16.07
780 269.84 178.48 17.83 43.48 15.43
780 317.07 57.83 35.65 86.96 14.62
780 308.60 147.56 20.00 48.78 5.01
780 207.63 184.65 31.71 77.35 2.08
810 5.49 51.52 17.83 43.48 74.85
810 259.40 178.48 17.83 43.48 67.48
810 281.28 174.88 20.00 48.78 55.96
810 546.85 50.77 25.23 61.54 55.23
810 411.69 184.65 31.71 77.35 51.97
810 245.49 176.74 17.83 43.48 47.95
810 267.62 174.88 20.00 48.78 47.62
810 234.45 176.83 20.00 48.78 37.21
810 32.38 191.08 25.23 61.54 29.10
810 402.26 188.54 20.00 48.78 18.09
810 420.97 193.94 31.71 77.35 14.56
810 617.66 242.83 17.83 43.48 11.09
810 149.84 169.78 17.83 43.48 9.13
840 285.92 164.00 25.23 61.54 83.67
840 236.69 164.00 25.23 61.54 81.64
840 254.59 172.33 22.47 54.79 77.21
840 223.90 172.33 22.47 54.79 70.19
840 266.23 164.00 25.23 61.54 64.88
840 553.59 30.00 35.65 86.96 60.17
840 554.91 211.38 28.28 68.97 29.51
840 27.46 8.92 25.23 61.54 26.67
840 476.40 75.37 20.00 48.78 21.42
840 91.46 154.15 25.23 61.54 17.87
840 331.47 230.69 28.28 68.97 15.69
840 544.64 17.42 31.71 77.35 9.50
840 15.15 13.85 25.23 61.54 4.37
840 425.67 176.83 20.00 48.78 2.47
870 251.46 168.92 25.23 61.54 136.18
870 443.75 187.17 17.83 43.48 86.29
870 261.31 173.85 25.23 61.54 75.75
870 194.85 277.23 25.23 61.54 72.26
870 294.20 162.97 31.71 77.35 71.01
870 210.09 170.00 28.28 68.97 66.42
870 237.67 167.24 28.28 68.97 61.96
870 226.10 176.71 22.47 54.79 50.49
870 567.50 26.52 35.65 86.96 38.62
870 560.43 15.52 28.28 68.97 30.43
870 372.95 159.18 22.47 54.79 23.66
870 477.05 171.34 50.80 123.90 20.74
870 366.37 167.95 22.47 54.79 19.74
870 615.92 209.78 17.83 43.48 9.22
870 562.01 77.61 17.83 43.48 8.38
870 8.97 187.17 17.83 43.48 6.59
870 341.41 242.17 35.65 86.96 2.25
900 198.80 158.70 35.65 86.96 90.08
900 247.83 166.06 31.71 77.35 85.24
900 466.65 186.59 20.00 48.78 83.68
900 291.11 166.06 31.71 77.35 74.72
900 440.27 187.17 17.83 43.48 67.86
900 235.46 166.06 31.71 77.35 60.51
900 245.49 96.74 17.83 43.48 58.66
900 543.05 10.24 40.00 97.56 50.60
900 260.19 166.06 31.71 77.35 50.55
900 369.09 252.93 20.00 48.78 41.10
900 574.22 10.00 28.28 68.97 40.58
900 149.84 255.00 17.83 43.48 35.18
900 130.71 258.48 17.83 43.48 33.57
900 135.77 114.77 25.23 61.54 33.42
900 546.10 207.40 22.47 54.79 30.27
900 314.45 190.49 20.00 48.78 26.71
900 283.08 185.48 22.47 54.79 26.52
900 212.72 155.22 35.65 86.96 24.11
900 486.38 174.48 56.55 137.93 23.22
900 361.28 252.93 20.00 48.78 18.04
900 359.77 122.15 25.23 61.54 16.01
900 383.90 183.29 22.47 54.79 15.38
900 581.14 67.17 17.83 43.48 14.35
900 541.14 241.09 17.83 43.48 11.15
900 476.40 182.68 20.00 48.78 8.41
900 589.57 34.39 20.00 48.78 3.60
930 77.05 176.71 22.47 54.79 130.14
930 241.64 169.16 31.71 77.35 85.78
930 442.01 188.91 17.83 43.48 80.88
930 188.37 165.65 35.65 86.96 78.31
930 230.55 196.34 20.00 48.78 73.01
930 254.01 172.26 31.71 77.35 70.16
930 374.94 262.68 20.00 48.78 57.09
930 292.72 162.17 35.65 86.96 52.24
930 546.95 14.15 40.00 97.56 51.60
930 461.12 183.79 28.28 68.97 49.84
930 113.32 265.43 17.83 43.48 48.46
930 356.29 114.83 28.28 68.97 45.09
930 572.46 8.13 31.71 77.35 41.68
930 402.26 90.98 20.00 48.78 37.16
930 365.18 260.73 20.00 48.78 19.89
930 513.32 181.96 17.83 43.48 17.99
930 593.48 32.44 20.00 48.78 17.80
930 148.10 108.91 17.83 43.48 14.80
930 531.34 14.15 40.00 97.56 11.91
930 587.62 65.61 20.00 48.78 10.91
930 567.23 215.00 17.83 43.48 10.09
930 245.49 93.26 17.83 43.48 7.30
930 460.69 95.08 25.23 61.54 4.14
960 230.85 162.44 40.00 97.56 77.69
960 293.29 158.54 40.00 97.56 72.29
960 37.31 176.31 25.23 61.54 67.73
960 377.33 268.77 22.47 54.79 63.64
960 250.92 175.35 31.71 77.35 61.64
960 359.33 270.49 20.00 48.78 43.57
960 195.05 202.83 17.83 43.48 41.33
960 548.00 11.56 45.20 110.24 36.49
960 577.93 9.13 35.65 86.96 36.29
960 101.77 272.44 20.00 48.78 31.97
960 367.15 122.15 25.23 61.54 29.32
960 127.13 272.44 20.00 48.78 24.32
960 202.23 191.08 25.23 61.54 19.42
960 389.31 198.46 25.23 61.54 15.95
960 494.22 172.76 28.28 68.97 11.77
960 391.77 262.46 25.23 61.54 10.12
960 431.15 18.77 25.23 61.54 9.76
960 579.40 218.48 17.83 43.48 9.57
960 269.47 11.23 31.71 77.35 8.44
960 386.36 140.22 17.83 43.48 7.76
960 412.01 87.07 20.00 48.78 7.42
960 168.97 96.74 17.83 43.48 3.55
990 10.23 181.23 25.23 61.54 186.70
990 226.95 166.34 40.00 97.56 86.48
990 447.13 190.49 20.00 48.78 59.27
990 244.02 172.61 35.65 86.96 53.27
990 95.91 278.29 20.00 48.78 45.41
990 378.84 274.39 20.00 48.78 43.92
990 172.83 152.48 45.20 110.24 43.34
990 289.39 162.44 40.00 97.56 41.74
990 353.22 270.96 22.47 54.79 28.56
990 367.33 120.34 28.28 68.97 25.02
990 572.40 58.36 22.47 54.79 22.06
990 596.79 37.61 17.83 43.48 20.00
990 204.54 178.45 31.71 77.35 19.55
990 309.66 175.35 31.71 77.35 18.48
990 440.27 188.91 17.83 43.48 15.27
990 537.00 279.69 25.23 61.54 13.84
990 499.82 206.10 20.00 48.78 7.86
990 584.62 221.96 17.83 43.48 5.43
1020 441.28 192.44 20.00 48.78 76.68
1020 379.52 273.15 22.47 54.79 67.10
1020 230.85 166.34 40.00 97.56 66.19
1020 247.86 156.88 45.20 110.24 55.38
1020 176.22 162.44 40.00 97.56 52.11
1020 95.91 278.29 20.00 48.78 51.36
1020 219.52 198.63 22.47 54.79 47.43
1020 293.29 162.44 40.00 97.56 40.89
1020 543.15 16.09 35.65 86.96 32.83
1020 277.68 162.44 40.00 97.56 32.43
1020 118.70 273.15 22.47 54.79 30.49
1020 364.69 127.08 25.23 61.54 30.24
1020 574.48 11.56 45.20 110.24 28.13
1020 464.70 192.44 20.00 48.78 25.69
1020 382.74 137.80 20.00 48.78 18.48
1020 204.69 193.54 25.23 61.54 17.46
1020 69.84 166.30 17.83 43.48 15.31
1020 132.45 15.00 17.83 43.48 14.42
1020 497.93 176.09 35.65 86.96 14.19
1050 233.59 169.13 35.65 86.96 83.48
1050 380.79 278.29 20.00 48.78 74.19
1050 223.90 200.82 22.47 54.79 72.60
1050 550.82 17.42 31.71 77.35 62.01
1050 176.22 162.44 40.00 97.56 58.17
1050 443.23 192.44 20.00 48.78 53.82
1050 309.66 178.45 31.71 77.35 50.60
1050 95.91 278.29 20.00 48.78 48.56
1050 585.55 220.55 22.47 54.79 47.24
1050 595.43 38.29 20.00 48.78 44.67
1050 289.39 166.34 40.00 97.56 42.66
1050 247.86 152.48 45.20 110.24 39.95
1050 367.15 127.08 25.23 61.54 34.05
1050 306.64 51.38 28.28 68.97 21.09
1050 195.33 172.61 35.65 86.96 18.11
1050 523.54 279.51 40.00 97.56 16.79
1050 357.60 275.34 22.47 54.79 15.38
1050 497.62 205.85 25.23 61.54 10.20
1080 381.71 277.53 22.47 54.79 89.36
1080 230.85 170.24 40.00 97.56 78.12
1080 95.91 280.24 20.00 48.78 70.65
1080 221.92 196.00 25.23 61.54 53.86
1080 246.46 166.34 40.00 97.56 50.75
1080 364.69 129.54 25.23 61.54 47.77
1080 193.53 189.31 28.28 68.97 42.52
1080 574.48 11.56 45.20 110.24 36.17
1080 372.95 275.34 22.47 54.79 35.97
1080 297.20 166.34 40.00 97.56 32.82
1080 118.70 275.34 22.47 54.79 31.69
1080 65.41 159.87 31.71 77.35 27.77
1080 359.33 278.29 20.00 48.78 20.30
1080 384.62 143.70 17.83 43.48 19.71
1080 142.74 280.24 20.00 48.78 17.49
1080 285.49 154.63 40.00 97.56 16.44
1080 179.81 166.06 31.71 77.35 13.46
1080 581.77 221.71 20.00 48.78 4.28
1110 244.02 176.09 35.65 86.96 95.96
1110 226.95 170.24 40.00 97.56 95.90
1110 377.33 277.53 22.47 54.79 78.87
1110 281.59 166.34 40.00 97.56 70.89
1110 95.91 282.20 20.00 48.78 61.46
1110 440.89 194.25 22.47 54.79 58.82
1110 176.22 166.34 40.00 97.56 54.77
1110 309.66 181.55 31.71 77.35 51.83
1110 577.93 12.61 35.65 86.96 47.07
1110 199.63 162.44 40.00 97.56 45.17
1110 566.28 17.42 31.71 77.35 44.21
1110 254.46 158.70 35.65 86.96 28.53
1110 379.52 135.07 22.47 54.79 28.04
1110 495.15 178.77 25.23 61.54 20.34
1110 386.10 275.34 22.47 54.79 20.15
1110 359.79 277.53 22.47 54.79 18.99
1110 523.23 188.54 20.00 48.78 15.62
1110 543.05 18.05 40.00 97.56 14.95
1110 153.77 89.04 22.47 54.79 14.95
1110 581.77 225.61 20.00 48.78 14.92
1110 364.69 129.54 25.23 61.54 10.62
1110 65.41 159.87 31.71 77.35 8.88
1110 572.40 62.74 22.47 54.79 6.19
1110 127.25 17.42 31.71 77.35 3.37
1140 379.52 279.73 22.47 54.79 86.29
1140 445.49 197.61 17.83 43.48 69.31
1140 244.02 176.09 35.65 86.96 69.13
1140 176.22 166.34 40.00 97.56 60.00
1140 230.11 176.09 35.65 86.96 59.92
1140 293.29 166.34 40.00 97.56 59.62
1140 219.46 200.92 25.23 61.54 39.98
1140 595.43 40.24 20.00 48.78 36.52
1140 95.91 282.20 20.00 48.78 36.30
1140 258.17 166.34 40.00 97.56 35.36
1140 384.62 145.43 17.83 43.48 33.34
1140 539.15 18.05 40.00 97.56 28.17
1140 521.28 190.49 20.00 48.78 28.01
1140 583.72 223.66 20.00 48.78 27.23
1140 576.38 28.62 25.23 61.54 26.75
1140 359.79 277.53 22.47 54.79 19.33
1140 470.43 240.39 31.71 77.35 17.20
1140 132.45 20.22 17.83 43.48 16.48
1140 21.14 173.26 17.83 43.48 2.70
1170 234.76 170.24 40.00 97.56 85.09
1170 223.90 205.21 22.47 54.79 80.44
1170 379.52 277.53 22.47 54.79 68.53
1170 176.22 166.34 40.00 97.56 63.41
1170 281.59 166.34 40.00 97.56 63.22
1170 459.40 4.57 17.83 43.48 51.33
1170 297.20 166.34 40.00 97.56 45.07
1170 96.78 279.73 22.47 54.79 38.67
1170 428.10 147.17 17.83 43.48 37.46
1170 583.72 223.66 20.00 48.78 35.91
1170 370.75 277.53 22.47 54.79 34.52
1170 595.43 40.24 20.00 48.78 32.69
1170 361.99 277.53 22.47 54.79 29.85
1170 254.27 166.34 40.00 97.56 25.43
1170 384.62 145.43 17.83 43.48 23.23
1170 532.27 286.84 31.71 77.35 22.53
1170 391.77 272.31 25.23 61.54 18.40
1170 428.69 28.62 25.23 61.54 17.17
1170 519.33 190.49 20.00 48.78 15.22
1170 543.05 18.05 40.00 97.56 13.10
1170 160.54 179.57 35.65 86.96 11.05
1170 576.38 28.62 25.23 61.54 6.56
1170 469.38 108.77 22.47 54.79 0.35
1170 201.99 203.01 22.47 54.79 -0.03
1200 223.90 205.21 22.47 54.79 80.70
1200 238.55 184.65 31.71 77.35 73.04
1200 379.46 277.23 25.23 61.54 68.41
1200 441.28 196.34 20.00 48.78 63.64
1200 297.20 170.24 40.00 97.56 59.21
1200 367.15 132.00 25.23 61.54 56.63
1200 194.85 198.46 25.23 61.54 46.67
1200 250.92 184.65 31.71 77.35 42.74
1200 531.34 287.32 40.00 97.56 31.96
1200 595.05 44.57 17.83 43.48 31.75
1200 456.89 5.12 20.00 48.78 30.58
1200 579.82 75.37 20.00 48.78 30.18
1200 585.67 225.61 20.00 48.78 28.32
1200 572.46 20.52 31.71 77.35 23.89
1200 535.24 18.05 40.00 97.56 22.46
1200 382.88 147.17 17.83 43.48 18.35
1200 519.33 190.49 20.00 48.78 12.79
1200 500.07 216.16 22.47 54.79 9.54
1200 276.08 198.46 25.23 61.54 8.91
1200 369.62 272.31 25.23 61.54 5.82
1230 233.59 176.09 35.65 86.96 76.52
1230 247.86 156.88 45.20 110.24 76.20
1230 377.33 277.53 22.47 54.79 64.42
1230 293.29 166.34 40.00 97.56 63.02
1230 221.92 198.46 25.23 61.54 58.99
1230 176.22 162.44 40.00 97.56 48.70
1230 543.15 19.57 35.65 86.96 44.73
1230 595.43 40.24 20.00 48.78 39.43
1230 583.36 224.93 22.47 54.79 38.72
1230 443.75 195.87 17.83 43.48 36.27
1230 95.91 282.20 20.00 48.78 35.78
1230 386.10 279.73 22.47 54.79 22.74
1230 277.68 166.34 40.00 97.56 21.02
1230 396.40 297.80 20.00 48.78 20.18
1230 384.62 145.43 17.83 43.48 18.78
1230 532.84 277.59 28.28 68.97 13.56
1230 363.23 280.24 20.00 48.78 12.08
1230 413.96 96.83 20.00 48.78 11.22
1230 367.15 129.54 25.23 61.54 10.91
1230 579.74 23.79 28.28 68.97 9.35
1230 285.49 60.22 17.83 43.48 7.42
1230 451.88 17.42 31.71 77.35 5.24
1260 226.63 176.09 35.65 86.96 97.82
1260 283.17 156.88 45.20 110.24 73.64
1260 244.73 181.55 31.71 77.35 62.86
1260 377.33 277.53 22.47 54.79 62.29
1260 176.22 166.34 40.00 97.56 56.66
1260 309.66 181.55 31.71 77.35 46.57
1260 361.99 277.53 22.47 54.79 44.05
1260 546.95 18.05 40.00 97.56 41.81
1260 66.64 167.24 28.28 68.97 36.82
1260 199.63 162.44 40.00 97.56 33.56
1260 593.48 42.20 20.00 48.78 28.56
1260 511.03 75.89 22.47 54.79 24.61
1260 574.59 62.74 22.47 54.79 19.63
1260 576.38 26.15 25.23 61.54 18.37
1260 532.84 283.10 28.28 68.97 13.49
1260 120.89 277.53 22.47 54.79 11.96
1260 285.18 57.80 20.00 48.78 9.14
1260 470.54 245.23 25.23 61.54 8.81
1260 94.27 41.46 40.00 97.56 4.50
1290 226.63 176.09 35.65 86.96 78.57
1290 244.02 176.09 35.65 86.96 73.47
1290 281.59 166.34 40.00 97.56 59.40
1290 377.33 277.53 22.47 54.79 58.65
1290 443.23 196.34 20.00 48.78 51.87
1290 548.00 11.56 45.20 110.24 50.63
1290 309.66 181.55 31.71 77.35 50.24
1290 583.72 223.66 20.00 48.78 49.78
1290 96.78 279.73 22.47 54.79 48.55
1290 597.38 40.24 20.00 48.78 45.44
1290 199.31 156.88 45.20 110.24 35.68
1290 177.24 161.28 45.20 110.24 33.26
1290 131.04 18.78 20.00 48.78 25.45
1290 367.15 129.54 25.23 61.54 24.75
1290 583.36 36.44 22.47 54.79 10.69
1290 437.38 190.49 20.00 48.78 8.93
1290 523.54 283.41 40.00 97.56 6.35
1290 386.10 277.53 22.47 54.79 3.11
1320 223.90 205.21 22.47 54.79 84.72
1320 247.86 156.88 45.20 110.24 84.71
1320 233.59 176.09 35.65 86.96 70.10
1320 176.22 166.34 40.00 97.56 58.17
1320 297.20 166.34 40.00 97.56 55.69
1320 378.84 282.20 20.00 48.78 52.00
1320 445.49 195.87 17.83 43.48 45.93
1320 381.92 11.38 25.23 61.54 43.60
1320 595.43 40.24 20.00 48.78 41.64
1320 396.79 298.48 17.83 43.48 36.04
1320 277.68 166.34 40.00 97.56 29.61
1320 576.98 18.28 28.28 68.97 28.16
1320 468.60 196.34 20.00 48.78 28.12
1320 367.15 129.54 25.23 61.54 25.64
1320 539.17 15.96 45.20 110.24 25.25
1320 201.99 203.01 22.47 54.79 18.98
1320 585.67 223.66 20.00 48.78 18.01
1320 95.91 282.20 20.00 48.78 15.92
1320 495.68 209.59 22.47 54.79 12.46
1320 459.40 4.57 17.83 43.48 10.60
1350 230.85 170.24 40.00 97.56 79.16
1350 184.02 162.44 40.00 97.56 63.45
1350 293.29 166.34 40.00 97.56 62.84
1350 250.92 181.55 31.71 77.35 57.22
1350 597.38 40.24 20.00 48.78 55.80
1350 516.74 205.98 50.80 123.90 32.39
1350 578.65 17.42 31.71 77.35 31.77
1350 563.63 89.04 22.47 54.79 30.30
1350 443.75 194.13 17.83 43.48 26.28
1350 375.24 166.34 40.00 97.56 23.23
1350 359.13 122.71 31.71 77.35 19.07
1350 536.03 191.03 56.55 137.93 16.03
1350 539.17 11.56 45.20 110.24 15.08
1350 448.97 188.91 17.83 43.48 14.96
1350 145.62 117.23 25.23 61.54 14.14
1350 207.44 162.44 40.00 97.56 13.93
1350 377.33 275.34 22.47 54.79 11.01
1350 132.45 18.48 17.83 43.48 4.42
1380 245.95 186.55 28.28 68.97 102.43
1380 204.54 178.45 31.71 77.35 74.68
1380 257.93 169.13 35.65 86.96 59.26
1380 291.11 178.45 31.71 77.35 52.35
1380 597.38 44.15 20.00 48.78 45.77
1380 570.98 16.09 35.65 86.96 40.89
1380 236.79 208.04 17.83 43.48 37.06
1380 539.17 20.37 45.20 110.24 30.18
1380 365.31 178.45 31.71 77.35 29.37
1380 440.89 203.01 22.47 54.79 27.00
1380 383.90 14.52 22.47 54.79 24.37
1380 472.80 193.66 40.00 97.56 20.08
1380 313.32 211.52 17.83 43.48 19.34
1380 443.75 267.17 17.83 43.48 18.55
1380 454.98 20.52 31.71 77.35 10.25
1380 593.78 189.76 40.00 97.56 6.03
1410 249.00 186.15 25.23 61.54 104.63
1410 223.90 192.05 22.47 54.79 82.91
1410 231.77 183.69 25.23 61.54 55.25
1410 258.85 181.23 25.23 61.54 53.51
1410 300.79 196.34 20.00 48.78 50.73
1410 585.98 18.05 40.00 97.56 47.51
1410 287.47 189.86 22.47 54.79 44.62
1410 435.33 200.43 35.65 86.96 44.49
1410 550.11 19.57 35.65 86.96 30.56
1410 215.14 194.25 22.47 54.79 29.62
1410 574.59 97.81 22.47 54.79 24.35
1410 133.10 156.88 45.20 110.24 20.66
1410 532.27 240.39 31.71 77.35 19.02
1410 315.46 38.46 25.23 61.54 15.75
1410 440.27 49.78 17.83 43.48 8.54
1410 386.10 14.52 22.47 54.79 7.90
1410 4.21 192.44 20.00 48.78 7.14
1440 256.78 194.25 22.47 54.79 73.69
1440 230.55 198.29 20.00 48.78 66.51
1440 280.89 192.05 22.47 54.79 63.97
1440 593.78 14.15 40.00 97.56 60.70
1440 424.89 203.91 35.65 86.96 50.25
1440 242.26 196.34 20.00 48.78 44.57
1440 334.46 16.09 35.65 86.96 44.54
1440 441.00 18.77 25.23 61.54 44.25
1440 346.36 204.57 17.83 43.48 43.08
1440 138.84 206.10 20.00 48.78 41.61
1440 265.55 189.86 22.47 54.79 41.27
1440 473.53 14.32 31.71 77.35 37.92
1440 532.84 189.31 28.28 68.97 33.40
1440 407.50 210.87 35.65 86.96 27.17
1440 151.58 98.48 17.83 43.48 23.95
1440 463.88 10.00 28.28 68.97 17.96
1440 495.68 34.25 22.47 54.79 14.89
1440 581.74 20.52 31.71 77.35 12.66
1440 182.93 191.03 56.55 137.93 12.18
1470 275.43 194.39 20.00 48.78 77.86
1470 228.10 201.09 17.83 43.48 73.40
1470 405.51 212.52 31.71 77.35 66.77
1470 240.27 195.87 17.83 43.48 58.60
1470 391.77 218.15 25.23 61.54 58.49
1470 248.97 201.09 17.83 43.48 53.68
1470 276.51 36.44 22.47 54.79 43.07
1470 235.05 201.09 17.83 43.48 37.40
1470 547.73 184.65 31.71 77.35 37.28
1470 210.75 185.48 22.47 54.79 35.83
1470 261.14 197.61 17.83 43.48 28.48
1470 505.00 11.38 25.23 61.54 22.86
1470 514.85 11.38 25.23 61.54 19.39
1470 111.03 121.65 45.20 110.24 13.42
1470 436.51 161.37 22.47 54.79 9.95
1470 269.57 32.44 20.00 48.78 7.02
1470 485.31 8.92 25.23 61.54 5.79
1500 383.88 205.86 28.28 68.97 94.64
1500 255.92 202.83 17.83 43.48 56.82
1500 246.16 194.39 20.00 48.78 53.29
1500 297.20 201.46 40.00 97.56 43.95
1500 169.11 205.21 22.47 54.79 32.11
1500 278.54 13.85 25.23 61.54 30.18
1500 199.31 200.92 45.20 110.24 28.35
1500 148.10 192.39 17.83 43.48 24.59
1500 276.79 201.09 17.83 43.48 22.62
1500 315.46 6.46 25.23 61.54 22.49
1500 393.14 178.45 31.71 77.35 19.14
1500 62.74 92.73 89.69 218.76 14.24
1500 421.31 156.62 25.23 61.54 10.75
1500 301.10 123.41 40.00 97.56 4.90
1500 47.33 78.97 28.28 68.97 2.64
1530 278.53 190.65 17.83 43.48 43.85
1530 367.15 198.46 25.23 61.54 39.45
1530 532.27 178.45 31.71 77.35 30.73
1530 247.23 194.13 17.83 43.48 29.52
1530 302.74 237.32 20.00 48.78 26.69
1530 558.66 193.66 40.00 97.56 25.94
1530 203.72 192.11 45.20 110.24 21.94
1530 473.59 134.35 35.65 86.96 19.94
1530 377.00 196.00 25.23 61.54 19.46
1530 3.75 223.70 17.83 43.48 18.90
1530 452.45 46.30 17.83 43.48 16.82
1530 64.44 36.39 80.85 197.19 6.13
1560 252.45 185.43 17.83 43.48 55.80
1560 447.23 201.09 17.83 43.48 40.63
1560 462.81 198.63 22.47 54.79 34.65
1560 400.43 183.79 28.28 68.97 33.53
1560 359.79 194.25 22.47 54.79 31.31
1560 232.50 176.83 20.00 48.78 24.93
1560 587.92 54.58 31.71 77.35 24.54
1560 582.50 21.03 28.28 68.97 19.73
1560 296.41 104.04 45.20 110.24 18.83
1560 28.91 60.00 71.30 173.91 18.83
1560 593.53 164.48 28.28 68.97 17.98
1560 561.44 47.40 22.47 54.79 15.59
1560 300.39 187.74 31.71 77.35 15.37
1560 611.04 57.80 20.00 48.78 1.51
1560 542.74 44.15 20.00 48.78 1.06
1590 508.45 14.48 56.55 137.93 69.39
1590 311.58 220.55 22.47 54.79 42.41
1590 420.97 162.97 31.71 77.35 38.78
1590 440.89 187.67 22.47 54.79 36.57
1590 250.71 178.48 17.83 43.48 27.97
1590 139.61 193.94 31.71 77.35 25.20
1590 554.86 89.04 22.47 54.79 23.62
1590 230.48 163.56 22.47 54.79 21.98
1590 173.96 202.20 20.00 48.78 18.92
1590 605.18 5.12 20.00 48.78 17.94
1590 578.85 23.69 25.23 61.54 17.60
1590 209.24 183.04 35.65 86.96 17.45
1590 335.15 8.92 25.23 61.54 11.80
1590 564.08 50.77 25.23 61.54 10.99
1590 591.52 227.56 20.00 48.78 9.88
1590 167.23 208.04 17.83 43.48 7.61
1590 175.91 221.71 20.00 48.78 5.90
1620 607.33 43.10 28.28 68.97 65.78
1620 11.30 163.56 22.47 54.79 62.64
1620 58.36 238.97 28.28 68.97 56.87
1620 243.75 169.78 17.83 43.48 56.17
1620 254.18 173.26 17.83 43.48 53.99
1620 439.33 204.15 20.00 48.78 50.72
1620 125.27 216.16 22.47 54.79 36.50
1620 276.79 171.52 17.83 43.48 34.05
1620 236.79 176.74 17.83 43.48 31.48
1620 495.68 5.75 22.47 54.79 28.29
1620 359.05 167.24 28.28 68.97 24.36
1620 3.75 286.30 17.83 43.48 15.26
1620 563.63 80.27 22.47 54.79 14.51
1620 505.26 7.24 28.28 68.97 12.91
1620 584.89 47.39 35.65 86.96 12.81
1620 549.84 35.87 17.83 43.48 12.73
1620 309.38 218.36 22.47 54.79 11.55
1620 454.04 200.82 22.47 54.79 11.15
1620 218.36 153.45 28.28 68.97 10.32
1620 482.85 188.62 25.23 61.54 6.90
1620 136.20 176.09 35.65 86.96 4.56
1620 564.21 213.90 20.00 48.78 4.49
1620 412.40 34.25 22.47 54.79 0.96
1650 236.79 181.96 17.83 43.48 48.20
1650 248.11 172.93 20.00 48.78 43.04
1650 297.66 4.57 17.83 43.48 39.06
1650 259.40 180.22 17.83 43.48 37.79
1650 601.00 11.38 25.23 61.54 34.88
1650 492.69 196.00 25.23 61.54 30.54
1650 92.40 235.89 22.47 54.79 23.57
1650 425.55 165.75 22.47 54.79 20.60
1650 356.29 170.00 28.28 68.97 20.44
1650 95.91 5.12 20.00 48.78 16.97
1650 396.69 6.46 25.23 61.54 15.19
1650 381.71 165.75 22.47 54.79 12.65
1650 396.79 173.26 17.83 43.48 11.42
1650 464.70 22.68 20.00 48.78 8.05
1650 270.78 7.24 28.28 68.97 6.08
1680 257.66 183.70 17.83 43.48 83.04
1680 392.50 170.98 20.00 48.78 60.07
1680 242.01 181.96 17.83 43.48 38.20
1680 212.72 148.26 35.65 86.96 37.44
1680 414.22 150.69 28.28 68.97 37.28
1680 248.97 181.96 17.83 43.48 33.84
1680 287.13 176.83 20.00 48.78 33.73
1680 265.55 174.52 22.47 54.79 25.54
1680 365.49 188.91 17.83 43.48 16.66
1680 31.83 236.59 40.00 97.56 13.63
1680 236.79 187.17 17.83 43.48 9.09
1680 170.23 154.15 25.23 61.54 4.20
1710 240.27 183.70 17.83 43.48 68.59
1710 401.62 164.00 25.23 61.54 61.12
1710 259.40 181.96 17.83 43.48 59.47
1710 611.04 241.22 20.00 48.78 57.40
1710 267.62 180.73 20.00 48.78 55.93
1710 287.13 176.83 20.00 48.78 48.42
1710 252.45 178.48 17.83 43.48 34.13
1710 179.74 150.69 28.28 68.97 31.09
1710 433.33 153.68 31.71 77.35 22.70
1710 451.04 190.49 20.00 48.78 15.57
1710 59.67 9.13 35.65 86.96 13.07
1710 543.59 77.61 45.20 110.24 4.68
1740 418.97 163.56 22.47 54.79 72.43
1740 269.84 181.96 17.83 43.48 63.54
1740 250.06 174.88 20.00 48.78 56.10
1740 278.53 183.70 17.83 43.48 48.95
1740 581.24 67.42 50.80 123.90 32.38
1740 459.67 155.22 35.65 86.96 31.76
1740 497.87 192.44 20.00 48.78 28.38
1740 483.75 199.35 17.83 43.48 26.86
1740 285.18 178.78 20.00 48.78 24.37
1740 428.69 171.38 25.23 61.54 20.63
1740 287.33 56.90 28.28 68.97 15.68
1740 262.88 185.43 17.83 43.48 15.52
1770 443.46 176.31 25.23 61.54 71.07
1770 269.84 178.48 17.83 43.48 63.99
1770 511.03 194.25 22.47 54.79 56.72
1770 278.53 187.17 17.83 43.48 45.29
1770 470.11 155.22 35.65 86.96 38.68
1770 401.62 171.38 25.23 61.54 30.60
1770 148.10 239.35 17.83 43.48 26.85
1770 427.74 178.90 22.47 54.79 26.38
1770 59.67 235.22 35.65 86.96 17.09
1770 252.45 178.48 17.83 43.48 15.41
1770 376.89 176.83 20.00 48.78 9.99
1770 14.22 103.79 28.28 68.97 6.38
1770 298.84 180.73 20.00 48.78 3.92
1800 541.92 193.54 25.23 61.54 111.37
1800 488.71 175.52 28.28 68.97 45.19
1800 433.78 146.83 40.00 97.56 36.84
1800 188.10 157.61 17.83 43.48 32.07
1800 96.05 107.21 80.85 197.19 29.19
1800 254.18 178.48 17.83 43.48 25.56
1800 66.36 300.22 17.83 43.48 22.59
1800 412.01 5.12 20.00 48.78 11.90
1800 58.07 82.02 45.20 110.24 9.00
1800 267.62 174.88 20.00 48.78 8.67
1800 315.85 184.65 31.71 77.35 2.95
1830 578.85 193.54 25.23 61.54 131.34
1830 586.23 203.38 25.23 61.54 53.08
1830 254.18 175.00 17.83 43.48 24.35
1830 475.46 196.00 25.23 61.54 20.48
1830 445.49 150.73 40.00 97.56 20.18
1830 247.83 11.23 31.71 77.35 16.31
1830 269.84 176.74 17.83 43.48 9.59
1830 92.01 196.34 20.00 48.78 7.85
