30 158.15 172.33 22.47 54.79 49.20
30 364.57 76.21 28.28 68.97 40.43
30 262.50 156.21 28.28 68.97 38.06
30 336.98 156.21 28.28 68.97 28.85
30 242.26 170.98 20.00 48.78 9.08
30 177.24 112.84 45.20 110.24 1.79
60 365.76 61.30 35.65 86.96 69.58
60 164.35 150.58 31.71 77.35 40.31
60 129.09 174.88 20.00 48.78 38.98
60 421.31 171.38 25.23 61.54 22.51
60 149.38 165.75 22.47 54.79 15.63
60 205.49 176.74 17.83 43.48 13.61
60 179.74 156.21 28.28 68.97 10.71
90 372.72 47.39 35.65 86.96 53.84
90 117.68 135.12 40.00 97.56 28.55
90 250.92 144.39 31.71 77.35 25.70
90 544.64 181.55 31.71 77.35 15.19
120 6.67 8.13 31.71 77.35 40.03
120 379.15 33.66 40.00 97.56 37.57
120 538.84 210.00 20.00 48.78 28.49
120 160.38 6.46 25.23 61.54 25.15
120 149.84 171.52 17.83 43.48 24.51
120 266.36 175.00 17.83 43.48 23.90
120 186.64 167.95 22.47 54.79 19.52
120 175.68 167.95 22.47 54.79 15.60
120 164.73 167.95 22.47 54.79 14.29
120 586.23 87.69 25.23 61.54 11.48
120 76.40 114.39 20.00 48.78 8.97
150 153.00 161.54 25.23 61.54 79.09
150 397.93 15.96 45.20 110.24 47.99
150 246.46 131.22 40.00 97.56 46.54
150 384.38 75.38 25.23 61.54 35.12
150 9.52 11.56 45.20 110.24 32.97
150 221.38 130.46 45.20 110.24 26.74
150 303.15 196.00 25.23 61.54 15.95
180 45.49 183.70 17.83 43.48 79.32
180 205.18 169.02 20.00 48.78 65.67
180 397.67 48.62 28.28 68.97 35.94
180 73.32 187.17 17.83 43.48 30.83
180 499.40 206.30 17.83 43.48 26.16
180 129.66 152.60 22.47 54.79 20.45
180 166.92 163.56 22.47 54.79 18.30
180 260.19 138.19 31.71 77.35 13.38
180 212.99 169.02 20.00 48.78 8.75
210 238.55 150.58 31.71 77.35 44.80
210 108.69 161.54 25.23 61.54 33.58
210 164.21 170.98 20.00 48.78 27.80
210 487.77 186.15 25.23 61.54 9.42
210 113.32 4.57 17.83 43.48 9.24
210 449.66 10.14 22.47 54.79 5.10
210 254.27 127.32 40.00 97.56 2.56
240 238.55 147.48 31.71 77.35 50.85
240 441.81 10.00 28.28 68.97 46.34
240 188.02 153.45 28.28 68.97 35.31
240 267.74 154.79 22.47 54.79 27.08
240 89.00 161.54 25.23 61.54 23.04
240 547.73 184.65 31.71 77.35 12.92
240 108.37 144.78 35.65 86.96 11.40
270 10.70 126.80 50.80 123.90 51.84
270 509.92 6.46 25.23 61.54 50.62
270 269.47 141.29 31.71 77.35 34.71
270 165.49 180.22 17.83 43.48 34.18
270 113.62 171.38 25.23 61.54 32.21
270 468.60 186.59 20.00 48.78 24.08
270 223.15 134.35 35.65 86.96 22.74
270 86.54 159.08 25.23 61.54 19.02
270 367.13 180.73 20.00 48.78 5.13
300 132.84 145.17 28.28 68.97 70.26
300 10.70 111.96 50.80 123.90 39.16
300 80.27 6.30 17.83 43.48 32.13
300 187.93 127.32 40.00 97.56 30.21
300 449.39 139.02 40.00 97.56 16.92
330 20.12 127.32 40.00 97.56 53.76
330 6.16 120.24 20.00 48.78 29.23
330 43.77 116.52 31.71 77.35 28.17
330 149.40 7.24 28.28 68.97 27.50
330 440.27 187.17 17.83 43.48 20.88
330 244.02 103.04 35.65 86.96 13.85
330 164.73 5.75 22.47 54.79 12.01
360 508.02 15.52 28.28 68.97 40.10
360 188.37 110.00 35.65 86.96 31.55
360 130.09 136.90 28.28 68.97 24.50
360 151.58 145.43 17.83 43.48 14.20
360 415.91 159.27 20.00 48.78 11.33
360 243.45 82.02 45.20 110.24 9.51
360 210.71 161.09 17.83 43.48 1.80
390 158.53 152.39 17.83 43.48 34.22
390 88.71 131.38 28.28 68.97 31.96
390 44.83 112.84 45.20 110.24 31.95
390 176.71 122.71 31.71 77.35 24.15
390 570.21 10.14 22.47 54.79 20.35
390 149.84 148.91 17.83 43.48 8.93
420 4.73 25.48 22.47 54.79 37.78
420 138.42 152.60 22.47 54.79 33.23
420 492.69 159.08 25.23 61.54 23.94
420 129.09 153.41 20.00 48.78 16.24
420 118.53 147.17 17.83 43.48 6.94
450 507.62 194.39 20.00 48.78 48.22
450 72.16 153.45 28.28 68.97 43.38
450 24.02 119.51 40.00 97.56 17.74
450 563.63 192.05 22.47 54.79 15.47
450 205.49 154.13 17.83 43.48 11.42
480 466.63 148.26 35.65 86.96 42.83
480 33.32 112.39 17.83 43.48 19.90
480 12.85 29.81 31.71 77.35 16.33
480 11.47 145.17 28.28 68.97 14.28
480 459.40 176.74 17.83 43.48 8.06
480 57.33 56.16 22.47 54.79 7.81
510 108.69 139.38 25.23 61.54 43.59
510 165.49 150.65 17.83 43.48 41.54
510 243.19 106.55 28.28 68.97 35.72
510 52.08 119.69 25.23 61.54 1.83
540 4.21 172.93 20.00 48.78 48.62
540 73.59 116.96 35.65 86.96 33.80
540 604.57 139.66 28.28 68.97 27.45
540 10.06 180.73 20.00 48.78 21.13
540 17.87 174.88 20.00 48.78 19.20
540 179.40 143.70 17.83 43.48 16.72
540 184.62 152.39 17.83 43.48 12.14
540 268.10 148.91 17.83 43.48 9.19
570 22.54 166.46 25.23 61.54 42.14
570 77.07 127.39 35.65 86.96 34.67
570 164.35 132.00 31.71 77.35 33.37
570 544.62 188.91 17.83 43.48 22.21
570 591.52 155.37 20.00 48.78 17.92
570 33.53 131.38 28.28 68.97 4.37
600 438.53 176.74 17.83 43.48 56.20
600 116.51 163.56 22.47 54.79 55.11
600 28.31 48.39 31.71 77.35 53.39
600 14.46 33.48 35.65 86.96 46.23
600 64.38 146.77 25.23 61.54 38.50
600 57.66 161.09 17.83 43.48 27.99
600 6.16 159.27 20.00 48.78 9.80
600 106.23 154.15 25.23 61.54 2.49
630 11.90 102.76 56.55 137.93 42.86
630 130.09 98.28 28.28 68.97 26.58
630 488.97 192.39 17.83 43.48 8.09
660 21.96 18.26 71.30 173.91 42.61
660 275.05 176.74 17.83 43.48 33.25
660 70.55 174.88 20.00 48.78 15.52
690 562.26 196.34 20.00 48.78 50.99
690 46.37 170.14 22.47 54.79 46.36
690 294.18 176.74 17.83 43.48 19.62
690 215.92 171.52 17.83 43.48 13.92
720 492.45 209.78 17.83 43.48 53.45
720 294.18 176.74 17.83 43.48 50.94
720 269.93 170.14 22.47 54.79 37.08
720 386.64 150.69 28.28 68.97 15.89
720 142.74 167.07 20.00 48.78 14.12
720 518.80 134.35 35.65 86.96 9.74
720 339.82 188.54 20.00 48.78 7.74
750 268.69 164.00 25.23 61.54 42.51
750 287.13 172.93 20.00 48.78 28.27
750 448.38 193.54 25.23 61.54 23.07
750 364.69 183.69 25.23 61.54 18.60
780 399.25 71.51 22.47 54.79 28.98
780 3.75 169.78 17.83 43.48 15.62
810 466.03 197.45 89.69 218.76 61.49
810 603.23 128.05 20.00 48.78 30.11
810 499.82 137.80 20.00 48.78 12.05
810 39.77 151.69 25.23 61.54 11.22
810 429.84 230.65 17.83 43.48 9.39
840 310.54 161.54 25.23 61.54 29.23
840 13.96 170.98 20.00 48.78 24.56
840 208.97 168.04 17.83 43.48 21.56
870 210.75 176.71 22.47 54.79 68.42
870 151.98 147.48 31.71 77.35 50.40
870 97.93 155.22 35.65 86.96 37.03
870 239.25 196.44 22.47 54.79 33.80
870 308.10 171.52 17.83 43.48 31.02
870 566.28 94.84 31.71 77.35 21.10
870 294.94 172.93 20.00 48.78 17.18
870 447.33 178.28 28.28 68.97 8.73
900 55.24 166.34 40.00 97.56 60.23
900 517.10 205.32 45.20 110.24 51.49
900 283.08 174.52 22.47 54.79 45.16
900 427.15 166.06 31.71 77.35 44.89
900 577.93 259.57 35.65 86.96 27.34
900 31.52 245.12 20.00 48.78 27.27
900 526.09 166.06 31.71 77.35 24.19
900 65.27 186.19 50.80 123.90 15.59
900 207.13 169.02 20.00 48.78 12.49
900 66.65 282.20 20.00 48.78 11.65
900 290.71 202.83 17.83 43.48 9.44
900 452.45 143.70 17.83 43.48 8.64
900 27.62 264.63 20.00 48.78 8.17
900 292.99 176.83 20.00 48.78 7.51
900 468.90 224.88 40.00 97.56 6.20
900 302.74 169.02 20.00 48.78 5.85
930 380.77 172.26 31.71 77.35 88.55
930 521.81 236.21 28.28 68.97 68.40
930 132.45 180.22 17.83 43.48 50.53
930 291.85 203.01 22.47 54.79 37.79
930 390.05 190.84 31.71 77.35 35.96
930 469.84 183.70 17.83 43.48 32.21
930 365.31 169.16 31.71 77.35 17.53
930 79.25 249.04 22.47 54.79 15.36
930 63.05 185.85 40.00 97.56 11.44
930 478.15 181.10 22.47 54.79 11.43
930 281.00 80.31 25.23 61.54 4.42
960 472.50 184.63 20.00 48.78 51.72
960 483.19 23.79 28.28 68.97 50.85
960 475.46 13.85 25.23 61.54 40.80
960 574.46 242.17 35.65 86.96 31.05
960 100.17 152.41 56.55 137.93 28.02
960 344.62 199.35 17.83 43.48 26.28
960 519.77 232.92 25.23 61.54 23.16
960 484.02 176.09 35.65 86.96 20.81
960 525.18 170.98 20.00 48.78 3.30
990 559.15 245.23 25.23 61.54 46.25
990 441.00 127.08 25.23 61.54 26.04
990 292.84 214.14 28.28 68.97 22.15
990 113.32 187.17 17.83 43.48 21.16
990 5.49 185.43 17.83 43.48 18.35
990 186.07 187.71 45.20 110.24 8.73
1020 169.46 181.24 50.80 123.90 37.96
1020 109.84 187.17 17.83 43.48 37.63
1020 587.72 253.76 45.20 110.24 31.81
1020 303.15 176.31 25.23 61.54 26.06
1020 293.31 215.69 25.23 61.54 21.06
1020 86.54 242.77 25.23 61.54 15.25
1020 359.13 178.45 31.71 77.35 11.64
1020 482.53 7.95 22.47 54.79 7.55
1020 275.33 176.09 35.65 86.96 5.51
1050 495.91 188.54 20.00 48.78 77.01
1050 480.43 175.52 28.28 68.97 57.90
1050 50.39 176.29 50.80 123.90 45.54
1050 191.03 167.95 22.47 54.79 36.40
1050 289.24 214.35 35.65 86.96 19.18
1050 376.20 169.13 35.65 86.96 16.42
1050 607.13 196.34 20.00 48.78 6.62
1080 491.47 175.52 28.28 68.97 78.24
1080 72.16 192.07 28.28 68.97 32.52
1080 440.89 47.40 22.47 54.79 27.56
1080 22.76 222.94 45.20 110.24 12.84
1080 606.47 166.06 31.71 77.35 4.49
1110 16.98 255.52 28.28 68.97 73.30
1110 495.17 11.23 31.71 77.35 34.43
1110 584.62 241.09 17.83 43.48 21.47
1110 130.34 206.32 31.71 77.35 21.04
1110 461.14 58.48 17.83 43.48 16.72
1110 476.71 170.24 40.00 97.56 10.23
1110 14.22 274.83 28.28 68.97 10.08
1110 514.85 166.46 25.23 61.54 7.98
1110 4.21 291.95 20.00 48.78 5.02
1110 270.78 158.97 28.28 68.97 4.03
1110 363.75 181.96 17.83 43.48 1.02
1140 595.43 190.49 20.00 48.78 44.63
1140 145.62 316.62 25.23 61.54 43.53
1140 482.26 55.85 20.00 48.78 33.68
1140 136.89 321.22 20.00 48.78 25.80
1140 102.21 192.11 45.20 110.24 25.54
1140 496.22 123.41 40.00 97.56 22.20
1140 461.10 170.24 40.00 97.56 14.87
1140 437.66 20.37 45.20 110.24 13.95
1170 508.10 197.61 17.83 43.48 96.07
1170 127.33 327.24 28.28 68.97 54.31
1170 484.73 174.52 22.47 54.79 37.42
1170 446.30 25.22 71.30 173.91 30.40
1170 261.41 141.30 35.65 86.96 28.84
1170 497.93 127.39 35.65 86.96 26.56
1170 11.90 240.69 56.55 137.93 25.51
1170 519.77 159.08 25.23 61.54 3.70
1200 501.35 169.16 31.71 77.35 88.44
1200 130.85 326.46 25.23 61.54 44.10
1200 261.41 141.30 35.65 86.96 40.44
1200 8.41 232.68 40.00 97.56 27.91
1200 453.31 122.15 25.23 61.54 23.80
1200 122.28 144.78 35.65 86.96 10.61
1200 482.26 53.90 20.00 48.78 10.44
1200 355.43 174.88 20.00 48.78 6.81
1230 476.71 10.24 40.00 97.56 52.20
1230 563.19 192.07 28.28 68.97 49.54
1230 532.99 213.90 20.00 48.78 38.46
1230 500.12 123.41 40.00 97.56 35.44
1230 62.74 171.27 89.69 218.76 34.57
1230 261.41 141.30 35.65 86.96 26.36
1230 442.28 12.61 35.65 86.96 22.81
1230 487.23 171.52 17.83 43.48 13.07
1230 122.28 144.78 35.65 86.96 12.01
1230 303.15 165.65 35.65 86.96 6.89
1230 450.09 120.34 28.28 68.97 6.33
1260 509.84 199.35 17.83 43.48 98.32
1260 335.15 188.62 25.23 61.54 55.69
1260 534.54 11.38 25.23 61.54 36.56
1260 265.26 147.93 28.28 68.97 34.99
1260 479.71 20.52 31.71 77.35 23.97
1260 125.92 331.38 25.23 61.54 19.09
1260 122.28 144.78 35.65 86.96 16.43
1260 450.09 123.10 28.28 68.97 10.56
1260 12.85 237.29 31.71 77.35 7.07
1260 486.92 178.90 22.47 54.79 5.35
1290 504.89 127.39 35.65 86.96 44.96
1290 476.71 14.15 40.00 97.56 41.08
1290 266.38 147.48 31.71 77.35 40.30
1290 9.76 240.39 31.71 77.35 37.48
1290 453.31 127.08 25.23 61.54 19.63
1290 599.33 192.44 20.00 48.78 19.37
1290 539.52 14.52 22.47 54.79 13.01
1290 583.72 208.05 20.00 48.78 7.57
1290 365.18 180.73 20.00 48.78 6.81
1290 445.76 12.61 35.65 86.96 6.77
1320 511.52 194.39 20.00 48.78 94.79
1320 517.60 183.29 22.47 54.79 67.74
1320 266.38 147.48 31.71 77.35 44.61
1320 10.98 238.70 35.65 86.96 41.48
1320 438.80 16.09 35.65 86.96 23.64
1320 501.41 134.35 35.65 86.96 14.15
1320 598.53 194.13 17.83 43.48 9.72
1320 127.33 330.00 28.28 68.97 7.05
1320 452.72 16.09 35.65 86.96 3.92
1350 511.52 192.44 20.00 48.78 87.05
1350 5.31 218.15 25.23 61.54 67.70
1350 9.52 231.74 45.20 110.24 54.04
1350 517.38 198.29 20.00 48.78 23.93
1350 597.38 190.49 20.00 48.78 22.42
1350 484.73 176.71 22.47 54.79 20.67
1350 365.18 180.73 20.00 48.78 20.19
1350 264.89 144.78 35.65 86.96 19.46
1350 537.00 11.38 25.23 61.54 11.80
1350 70.46 162.86 100.71 245.62 10.73
1350 521.28 186.59 20.00 48.78 10.02
1350 142.88 145.43 17.83 43.48 5.94
1350 378.36 170.00 28.28 68.97 0.68
1380 509.84 195.87 17.83 43.48 76.79
1380 12.85 237.29 31.71 77.35 44.56
1380 266.38 144.39 31.71 77.35 40.81
1380 29.92 168.92 25.23 61.54 36.80
1380 515.05 190.65 17.83 43.48 34.90
1380 537.33 10.14 22.47 54.79 34.09
1380 476.71 10.24 40.00 97.56 27.04
1380 508.37 130.87 35.65 86.96 21.45
1380 599.33 192.44 20.00 48.78 19.26
1380 523.75 190.65 17.83 43.48 19.24
1380 444.57 15.52 28.28 68.97 3.28
1410 510.63 169.16 31.71 77.35 62.25
1410 266.38 144.39 31.71 77.35 52.54
1410 476.71 10.24 40.00 97.56 45.67
1410 124.15 144.39 31.71 77.35 36.97
1410 498.26 166.06 31.71 77.35 26.65
1410 8.41 232.68 40.00 97.56 24.17
1410 130.85 328.92 25.23 61.54 22.00
1410 451.88 17.42 31.71 77.35 21.46
1440 508.10 195.87 17.83 43.48 77.47
1440 528.97 192.39 17.83 43.48 54.85
1440 257.93 141.30 35.65 86.96 42.68
1440 10.98 235.22 35.65 86.96 27.53
1440 486.16 182.68 20.00 48.78 20.26
1440 508.37 130.87 35.65 86.96 17.54
1440 433.24 15.96 45.20 110.24 8.84
1440 447.33 117.59 28.28 68.97 7.73
1440 479.71 17.42 31.71 77.35 5.93
1440 363.23 176.83 20.00 48.78 5.11
1470 532.45 192.39 17.83 43.48 61.59
1470 476.71 10.24 40.00 97.56 47.98
1470 501.41 165.65 35.65 86.96 45.36
1470 12.85 237.29 31.71 77.35 44.05
1470 266.38 144.39 31.71 77.35 43.71
1470 437.66 20.37 45.20 110.24 34.49
1470 142.88 145.43 17.83 43.48 20.06
1470 378.36 164.48 28.28 68.97 19.96
1470 600.27 192.39 17.83 43.48 19.87
1470 80.54 127.39 35.65 86.96 12.41
1470 29.92 168.92 25.23 61.54 10.21
1500 501.41 162.17 35.65 86.96 85.56
1500 10.98 235.22 35.65 86.96 46.63
1500 537.66 194.13 17.83 43.48 41.11
1500 266.38 144.39 31.71 77.35 39.11
1500 476.71 10.24 40.00 97.56 38.43
1500 600.89 187.67 22.47 54.79 30.67
1500 437.66 20.37 45.20 110.24 26.94
1530 501.35 169.16 31.71 77.35 72.07
1530 266.38 141.29 31.71 77.35 47.81
1530 122.28 141.30 35.65 86.96 37.06
1530 442.07 15.96 45.20 110.24 6.52
1530 12.85 234.19 31.71 77.35 5.45
1560 507.62 194.39 20.00 48.78 78.09
1560 266.38 141.29 31.71 77.35 59.08
1560 542.88 194.13 17.83 43.48 58.73
1560 10.98 235.22 35.65 86.96 29.71
1560 515.05 187.17 17.83 43.48 26.22
1560 476.71 10.24 40.00 97.56 16.74
1590 507.62 192.44 20.00 48.78 76.36
1590 546.36 197.61 17.83 43.48 41.08
1590 261.41 141.30 35.65 86.96 38.24
1590 83.19 131.38 28.28 68.97 24.24
1590 466.63 19.57 35.65 86.96 21.32
1590 441.59 21.95 40.00 97.56 18.95
1590 453.31 122.15 25.23 61.54 16.68
1590 486.92 176.71 22.47 54.79 13.85
1590 515.43 18.78 20.00 48.78 13.35
1590 127.33 327.24 28.28 68.97 13.26
1590 501.41 127.39 35.65 86.96 10.68
1620 581.41 123.91 35.65 86.96 46.31
1620 127.33 327.24 28.28 68.97 36.75
1620 437.66 15.96 45.20 110.24 30.93
1620 462.17 17.94 50.80 123.90 18.44
1620 80.54 127.39 35.65 86.96 18.03
1620 308.10 227.17 17.83 43.48 14.89
1650 507.62 192.44 20.00 48.78 83.06
1650 261.41 141.30 35.65 86.96 50.20
1650 556.79 194.13 17.83 43.48 46.01
1650 515.05 187.17 17.83 43.48 38.64
1650 125.76 141.30 35.65 86.96 19.47
1650 8.41 232.68 40.00 97.56 17.19
1650 504.89 127.39 35.65 86.96 13.60
1650 534.54 6.46 25.23 61.54 12.94
1650 29.92 168.92 25.23 61.54 11.10
1680 501.35 169.16 31.71 77.35 66.50
1680 261.41 141.30 35.65 86.96 52.50
1680 585.55 185.48 22.47 54.79 32.58
1680 479.71 17.42 31.71 77.35 28.61
1680 599.33 190.49 20.00 48.78 23.03
1680 519.79 161.37 22.47 54.79 22.72
1680 365.18 176.83 20.00 48.78 20.68
1680 554.86 194.25 22.47 54.79 16.03
1680 80.54 127.39 35.65 86.96 7.16
1680 488.97 169.78 17.83 43.48 3.01
1710 562.01 197.61 17.83 43.48 74.21
1710 508.10 195.87 17.83 43.48 59.81
1710 515.05 185.43 17.83 43.48 40.76
1710 261.41 141.30 35.65 86.96 39.92
1710 493.49 174.52 22.47 54.79 23.47
1710 479.71 17.42 31.71 77.35 15.94
1710 84.02 200.43 35.65 86.96 15.53
1710 141.14 143.70 17.83 43.48 12.05
1710 14.22 236.21 28.28 68.97 11.69
1710 16.98 263.79 28.28 68.97 6.89
1710 125.92 326.46 25.23 61.54 5.76
1740 505.67 192.44 20.00 48.78 69.13
1740 266.38 141.29 31.71 77.35 56.35
1740 603.23 190.49 20.00 48.78 48.82
1740 513.22 185.48 22.47 54.79 48.23
1740 484.73 174.52 22.47 54.79 35.76
1740 122.28 141.30 35.65 86.96 29.25
1740 8.41 232.68 40.00 97.56 16.36
1740 538.84 7.07 20.00 48.78 14.63
1740 365.18 176.83 20.00 48.78 9.91
1740 437.66 15.96 45.20 110.24 9.48
1740 565.49 194.13 17.83 43.48 3.01
1770 501.35 169.16 31.71 77.35 74.92
1770 484.73 174.52 22.47 54.79 39.76
1770 572.45 197.61 17.83 43.48 35.97
1770 10.98 235.22 35.65 86.96 27.58
1770 261.41 141.30 35.65 86.96 19.28
1770 601.28 190.49 20.00 48.78 18.30
1770 477.07 12.61 35.65 86.96 11.30
1770 365.18 176.83 20.00 48.78 11.08
1770 501.41 127.39 35.65 86.96 5.34
1800 508.10 194.13 17.83 43.48 70.35
1800 479.71 17.42 31.71 77.35 37.15
1800 266.38 141.29 31.71 77.35 36.60
1800 504.89 130.87 35.65 86.96 27.21
1800 486.92 176.71 22.47 54.79 20.88
1800 127.33 327.24 28.28 68.97 18.46
1800 515.43 186.59 20.00 48.78 3.07
1800 12.85 234.19 31.71 77.35 1.46
1830 501.41 165.65 35.65 86.96 84.11
1830 484.73 174.52 22.47 54.79 51.58
1830 266.38 141.29 31.71 77.35 48.77
1830 122.28 141.30 35.65 86.96 41.05
1830 12.85 234.19 31.71 77.35 26.35
1830 601.28 190.49 20.00 48.78 23.94
1830 501.41 127.39 35.65 86.96 17.06
1830 452.84 117.59 28.28 68.97 11.89
1830 484.21 53.90 20.00 48.78 9.64
1830 90.71 197.61 17.83 43.48 4.85
1830 124.57 327.24 28.28 68.97 3.16
