30 566.46 174.15 40.00 97.56 50.43
30 285.27 34.25 22.47 54.79 49.43
30 409.00 208.31 25.23 61.54 38.05
30 295.60 15.52 28.28 68.97 17.33
30 190.78 153.45 28.28 68.97 8.67
60 188.02 156.21 28.28 68.97 65.57
60 409.00 208.31 25.23 61.54 50.76
60 497.93 196.96 35.65 86.96 20.80
90 181.77 178.78 20.00 48.78 79.95
90 414.78 203.23 31.71 77.35 62.58
90 513.22 227.12 22.47 54.79 20.41
90 354.85 193.54 25.23 61.54 12.76
90 174.18 181.96 17.83 43.48 9.72
90 313.00 104.92 25.23 61.54 7.02
90 505.67 7.07 20.00 48.78 1.08
120 452.72 203.91 35.65 86.96 55.33
120 183.72 178.78 20.00 48.78 46.14
120 479.71 231.10 31.71 77.35 37.60
120 193.32 183.70 17.83 43.48 17.00
120 6.92 165.75 22.47 54.79 15.64
120 571.47 192.07 28.28 68.97 6.70
120 492.08 228.00 31.71 77.35 3.73
120 473.53 215.61 31.71 77.35 1.02
150 175.68 167.95 22.47 54.79 76.29
150 185.26 153.45 28.28 68.97 53.80
150 552.59 191.03 56.55 137.93 29.82
150 394.86 205.21 22.47 54.79 28.06
150 541.12 10.00 28.28 68.97 26.28
150 166.16 172.93 20.00 48.78 23.52
150 605.92 16.31 25.23 61.54 19.48
150 445.70 193.94 31.71 77.35 17.22
180 166.92 163.56 22.47 54.79 75.91
180 513.72 166.06 31.71 77.35 43.93
180 495.68 148.22 22.47 54.79 40.39
180 177.87 169.02 20.00 48.78 36.86
180 158.35 167.07 20.00 48.78 34.64
180 185.99 144.39 31.71 77.35 3.59
210 152.16 156.21 28.28 68.97 91.95
210 502.26 207.40 22.47 54.79 53.42
210 164.35 141.29 31.71 77.35 46.17
210 381.12 175.52 28.28 68.97 31.64
210 184.45 163.56 22.47 54.79 26.56
210 552.16 158.97 28.28 68.97 26.43
210 532.08 245.23 25.23 61.54 16.32
210 66.65 188.54 20.00 48.78 12.39
240 141.12 158.97 28.28 68.97 85.48
240 152.16 150.69 28.28 68.97 62.43
240 175.15 159.08 25.23 61.54 57.12
240 10.06 192.44 20.00 48.78 27.20
270 548.00 174.50 45.20 110.24 70.90
270 102.07 135.12 40.00 97.56 47.30
270 160.61 127.32 40.00 97.56 31.44
270 127.33 150.69 28.28 68.97 29.51
270 563.63 255.62 22.47 54.79 12.37
270 372.95 183.29 22.47 54.79 11.11
270 337.88 154.79 22.47 54.79 7.67
270 306.64 145.17 28.28 68.97 6.34
300 63.15 134.35 35.65 86.96 76.84
300 193.22 161.37 22.47 54.79 35.52
300 226.85 144.31 25.23 61.54 35.36
300 524.18 5.75 22.47 54.79 28.74
300 137.52 112.84 45.20 110.24 18.08
330 219.46 144.31 25.23 61.54 61.56
330 5.31 173.85 25.23 61.54 48.99
330 565.95 247.24 28.28 68.97 36.50
330 19.03 94.84 31.71 77.35 33.09
330 275.33 127.39 35.65 86.96 30.82
330 543.90 189.86 22.47 54.79 17.56
330 351.58 173.26 17.83 43.48 17.09
360 3.75 183.70 17.83 43.48 76.82
360 221.12 142.41 28.28 68.97 61.61
360 407.23 140.22 17.83 43.48 40.83
360 107.74 84.66 22.47 54.79 29.06
360 337.93 64.78 35.65 86.96 22.67
360 308.37 107.01 50.80 123.90 19.52
360 174.22 101.03 28.28 68.97 12.38
360 492.45 239.35 17.83 43.48 5.14
390 186.64 150.41 22.47 54.79 59.86
390 494.18 124.57 17.83 43.48 50.09
390 466.64 106.55 28.28 68.97 49.83
390 530.71 194.13 17.83 43.48 25.75
390 513.22 115.34 22.47 54.79 22.16
390 285.27 139.45 22.47 54.79 14.57
420 31.58 187.17 17.83 43.48 46.53
420 563.75 126.30 17.83 43.48 38.99
420 171.47 139.66 28.28 68.97 32.45
420 38.53 188.91 17.83 43.48 26.11
420 184.45 104.38 22.47 54.79 24.19
420 587.62 71.46 20.00 48.78 12.83
420 337.88 163.56 22.47 54.79 12.22
420 313.59 134.35 35.65 86.96 8.15
450 408.01 156.99 22.47 54.79 84.64
450 402.01 171.52 17.83 43.48 45.40
450 150.76 104.04 45.20 110.24 44.12
450 280.27 108.91 17.83 43.48 39.61
450 17.04 28.52 80.85 197.19 25.52
450 19.40 4.57 17.83 43.48 19.32
450 467.17 87.83 71.30 173.91 16.26
450 332.01 161.22 20.00 48.78 15.69
450 291.11 107.23 31.71 77.35 13.55
450 475.46 223.08 25.23 61.54 12.15
450 427.62 137.80 20.00 48.78 3.67
480 482.80 76.26 31.71 77.35 68.45
480 425.67 167.07 20.00 48.78 67.46
480 265.98 100.00 40.00 97.56 51.60
480 436.43 141.29 31.71 77.35 50.31
480 47.15 164.00 25.23 61.54 31.77
480 285.49 96.10 40.00 97.56 26.47
480 108.69 8.92 25.23 61.54 22.45
480 448.79 8.13 31.71 77.35 16.48
480 254.18 141.96 17.83 43.48 6.77
480 501.77 114.39 20.00 48.78 5.80
510 499.82 176.83 20.00 48.78 57.59
510 56.14 135.10 31.71 77.35 39.59
510 122.28 123.91 35.65 86.96 34.60
510 370.09 62.41 28.28 68.97 24.37
510 281.84 97.94 31.71 77.35 22.28
510 607.47 27.67 22.47 54.79 21.13
510 326.92 146.03 22.47 54.79 6.61
510 384.69 20.37 45.20 110.24 0.06
540 52.99 165.12 20.00 48.78 50.47
540 452.72 9.13 35.65 86.96 43.69
540 88.97 112.84 45.20 110.24 39.98
540 494.22 158.97 28.28 68.97 36.72
540 244.21 145.61 20.00 48.78 35.49
540 563.19 244.48 28.28 68.97 35.45
540 278.80 89.13 35.65 86.96 29.77
540 4.21 135.85 20.00 48.78 28.95
540 155.07 135.10 31.71 77.35 25.80
540 254.27 100.00 40.00 97.56 20.07
540 45.49 162.83 17.83 43.48 16.95
540 195.27 116.52 31.71 77.35 14.07
540 558.53 237.61 17.83 43.48 7.18
540 528.56 14.52 22.47 54.79 6.82
540 428.83 15.96 45.20 110.24 2.85
570 31.03 161.37 22.47 54.79 50.57
570 246.16 147.56 20.00 48.78 50.05
570 285.76 89.13 35.65 86.96 38.02
570 175.15 139.38 25.23 61.54 37.86
570 3.75 171.52 17.83 43.48 29.57
570 371.50 147.48 31.71 77.35 29.28
570 39.79 154.79 22.47 54.79 28.87
570 345.67 161.22 20.00 48.78 19.37
570 546.85 237.85 25.23 61.54 17.31
570 67.07 91.72 56.55 137.93 11.80
600 157.67 131.38 28.28 68.97 74.22
600 32.38 159.08 25.23 61.54 47.10
600 508.02 147.93 28.28 68.97 41.59
600 253.96 149.51 20.00 48.78 31.20
600 283.17 90.83 45.20 110.24 29.71
600 6.67 138.19 31.71 77.35 27.96
600 3.75 91.52 17.83 43.48 26.56
600 570.98 120.43 35.65 86.96 20.95
600 21.41 75.22 35.65 86.96 15.26
600 381.71 148.22 22.47 54.79 4.96
600 496.98 150.69 28.28 68.97 1.26
630 447.23 169.78 17.83 43.48 54.31
630 250.06 149.51 20.00 48.78 51.06
630 283.57 77.32 50.80 123.90 48.12
630 509.57 186.59 20.00 48.78 19.19
630 343.67 128.90 31.71 77.35 15.58
630 581.41 134.35 35.65 86.96 14.37
660 287.76 69.66 56.55 137.93 60.66
660 93.24 125.81 31.71 77.35 39.37
660 552.41 121.65 45.20 110.24 37.17
660 24.45 172.33 22.47 54.79 30.50
660 472.97 112.84 45.20 110.24 22.84
660 198.80 113.48 35.65 86.96 21.60
660 359.05 139.66 28.28 68.97 14.69
660 408.11 161.22 20.00 48.78 9.03
690 5.49 176.74 17.83 43.48 97.87
690 293.49 67.42 50.80 123.90 44.10
690 187.93 107.80 40.00 97.56 34.88
690 277.38 149.51 20.00 48.78 32.60
690 12.45 175.00 17.83 43.48 32.47
690 254.18 180.22 17.83 43.48 24.31
690 460.69 122.15 25.23 61.54 24.08
690 445.27 128.49 22.47 54.79 9.14
720 591.15 166.46 25.23 61.54 54.02
720 286.30 53.04 71.30 173.91 51.68
720 177.93 120.43 35.65 86.96 46.51
720 274.32 146.03 22.47 54.79 28.40
750 309.38 36.39 80.85 197.19 22.47
750 378.84 151.46 20.00 48.78 22.42
750 190.48 95.23 45.20 110.24 21.94
750 291.11 128.90 31.71 77.35 21.07
780 491.30 161.37 22.47 54.79 59.74
780 315.05 162.83 17.83 43.48 36.51
780 328.71 136.90 28.28 68.97 29.11
780 552.67 167.95 22.47 54.79 27.19
780 211.34 107.80 40.00 97.56 19.07
780 525.76 141.30 35.65 86.96 13.29
780 278.54 154.15 25.23 61.54 7.15
810 127.13 163.17 20.00 48.78 68.41
810 601.00 176.31 25.23 61.54 63.49
810 208.14 99.63 45.20 110.24 35.06
810 283.08 161.37 22.47 54.79 31.61
810 591.58 171.52 17.83 43.48 29.90
810 566.54 159.08 25.23 61.54 28.82
810 313.77 156.99 22.47 54.79 23.88
810 402.26 161.22 20.00 48.78 17.90
810 367.15 156.62 25.23 61.54 0.02
840 118.70 156.99 22.47 54.79 85.71
840 525.18 172.93 20.00 48.78 69.15
840 215.92 175.00 17.83 43.48 55.20
840 394.45 176.83 20.00 48.78 37.05
840 428.10 171.52 17.83 43.48 30.58
840 403.75 183.70 17.83 43.48 25.24
840 326.16 163.17 20.00 48.78 21.50
840 511.03 167.95 22.47 54.79 9.38
840 279.05 153.45 28.28 68.97 9.26
870 557.05 161.37 22.47 54.79 92.43
870 5.95 156.21 28.28 68.97 82.91
870 394.86 159.18 22.47 54.79 64.00
870 138.42 165.75 22.47 54.79 56.38
870 412.45 169.78 17.83 43.48 48.38
870 421.77 167.07 20.00 48.78 35.79
870 327.77 154.15 25.23 61.54 34.15
870 101.31 156.62 25.23 61.54 24.92
870 544.62 176.74 17.83 43.48 24.28
870 534.94 163.17 20.00 48.78 21.32
870 548.60 163.17 20.00 48.78 14.56
870 443.08 163.56 22.47 54.79 14.32
870 406.46 10.24 40.00 97.56 11.09
870 188.02 84.48 28.28 68.97 6.52
900 587.74 152.60 22.47 54.79 58.69
900 350.78 150.69 28.28 68.97 58.11
900 329.11 156.99 22.47 54.79 51.29
900 403.62 86.21 56.55 137.93 38.22
900 96.38 161.54 25.23 61.54 26.70
900 164.50 67.42 50.80 123.90 22.28
900 574.59 154.79 22.47 54.79 21.98
900 322.26 165.12 20.00 48.78 19.19
930 524.57 12.76 28.28 68.97 98.55
930 495.68 75.89 22.47 54.79 53.56
930 332.69 151.69 25.23 61.54 50.90
930 425.55 32.05 22.47 54.79 49.49
930 513.53 18.28 28.28 68.97 35.29
930 138.42 167.95 22.47 54.79 33.78
930 523.23 172.93 20.00 48.78 32.39
930 422.88 164.57 17.83 43.48 32.08
930 495.91 165.12 20.00 48.78 22.48
930 332.01 79.27 20.00 48.78 19.89
930 365.00 97.24 56.55 137.93 18.03
930 197.38 89.02 20.00 48.78 7.20
930 464.14 24.77 45.20 110.24 5.57
930 498.26 17.42 31.71 77.35 4.58
960 538.52 28.52 80.85 197.19 86.10
960 331.47 145.17 28.28 68.97 84.92
960 103.77 164.00 25.23 61.54 67.47
960 486.16 10.98 20.00 48.78 53.34
960 421.31 173.85 25.23 61.54 41.87
960 186.36 81.09 17.83 43.48 16.44
960 323.75 169.78 17.83 43.48 11.61
960 475.96 154.79 22.47 54.79 8.98
960 433.33 8.13 31.71 77.35 3.87
990 476.71 76.59 40.00 97.56 85.95
990 165.95 65.17 28.28 68.97 71.60
990 506.91 75.74 80.85 197.19 63.40
990 341.41 123.91 35.65 86.96 56.93
990 577.87 161.22 20.00 48.78 47.29
990 334.18 166.30 17.83 43.48 45.65
990 66.10 174.52 22.47 54.79 39.23
990 180.08 72.92 25.23 61.54 36.76
990 470.11 54.35 35.65 86.96 34.28
990 481.79 104.04 45.20 110.24 30.29
990 124.81 17.94 50.80 123.90 25.65
990 458.36 73.45 28.28 68.97 24.03
1020 330.98 127.39 35.65 86.96 62.45
1020 13.49 181.10 22.47 54.79 53.04
1020 94.22 45.86 28.28 68.97 39.03
1020 139.61 23.61 31.71 77.35 37.49
1020 113.78 10.24 40.00 97.56 32.20
1020 208.97 190.65 17.83 43.48 22.33
1020 461.12 156.21 28.28 68.97 14.68
1020 158.35 55.85 20.00 48.78 8.28
1020 6.92 172.33 22.47 54.79 3.64
1050 352.38 149.23 25.23 61.54 76.53
1050 554.32 60.00 80.85 197.19 26.11
1050 176.71 172.26 31.71 77.35 26.07
1050 103.72 10.98 20.00 48.78 15.06
1080 146.64 178.28 28.28 68.97 40.26
1080 138.84 215.85 20.00 48.78 35.44
1080 166.16 51.95 20.00 48.78 34.70
1080 506.36 147.17 17.83 43.48 21.51
1080 325.49 150.65 17.83 43.48 15.10
1110 398.53 150.65 17.83 43.48 51.46
1110 369.24 141.30 35.65 86.96 48.12
1110 117.38 14.88 20.00 48.78 39.46
1110 271.58 140.22 17.83 43.48 38.68
1110 282.01 138.48 17.83 43.48 36.24
1110 155.46 40.92 25.23 61.54 35.66
1110 75.53 159.74 63.78 155.55 34.02
1110 445.49 150.65 17.83 43.48 32.01
1110 422.50 125.86 28.28 68.97 15.98
1110 330.06 145.61 20.00 48.78 13.14
1110 291.11 150.58 31.71 77.35 11.46
1110 209.09 270.49 20.00 48.78 6.23
1110 541.71 146.03 22.47 54.79 4.59
1140 17.04 170.16 80.85 197.19 81.42
1140 146.63 47.39 35.65 86.96 42.18
1140 468.10 154.13 17.83 43.48 35.63
1140 292.84 153.45 28.28 68.97 29.01
1140 24.02 10.24 40.00 97.56 28.66
1140 276.79 140.22 17.83 43.48 28.40
1140 511.58 202.83 17.83 43.48 21.78
1140 435.05 152.39 17.83 43.48 18.64
1140 425.67 147.56 20.00 48.78 16.74
1140 497.62 186.15 25.23 61.54 10.78
1140 157.07 57.83 35.65 86.96 9.82
1140 372.95 181.10 22.47 54.79 7.03
1140 399.25 141.64 22.47 54.79 1.22
1170 111.52 256.83 20.00 48.78 90.23
1170 9.76 197.03 31.71 77.35 69.57
1170 10.70 12.99 50.80 123.90 53.04
1170 158.15 45.21 22.47 54.79 45.03
1170 44.69 8.92 25.23 61.54 40.28
1170 461.14 171.52 17.83 43.48 28.80
1170 516.81 184.65 31.71 77.35 23.68
1170 607.33 54.14 28.28 68.97 20.56
1170 551.47 67.42 50.80 123.90 16.71
1170 6.67 162.97 31.71 77.35 7.27
1170 283.75 145.43 17.83 43.48 7.15
1170 3.75 115.87 17.83 43.48 2.59
1200 527.44 166.34 40.00 97.56 69.93
1200 96.78 266.58 22.47 54.79 67.78
1200 44.57 7.24 28.28 68.97 59.30
1200 155.96 49.59 22.47 54.79 43.43
1200 245.82 268.77 22.47 54.79 41.64
1200 306.57 166.06 31.71 77.35 38.33
1200 294.20 162.97 31.71 77.35 14.22
1200 488.99 116.52 31.71 77.35 13.27
1200 107.62 12.93 20.00 48.78 9.95
1200 501.35 73.16 31.71 77.35 8.20
1200 30.78 7.24 28.28 68.97 7.66
1230 539.40 164.57 17.83 43.48 66.34
1230 44.57 10.00 28.28 68.97 52.72
1230 470.55 161.22 20.00 48.78 43.11
1230 439.05 142.41 28.28 68.97 42.81
1230 92.40 273.15 22.47 54.79 38.86
1230 5.31 178.77 25.23 61.54 37.47
1230 410.06 159.27 20.00 48.78 36.24
1230 18.34 15.96 45.20 110.24 29.06
1230 155.96 56.16 22.47 54.79 22.98
1230 482.80 132.00 31.71 77.35 20.18
1230 146.65 106.59 20.00 48.78 18.67
1230 502.54 82.77 25.23 61.54 17.56
1230 565.82 154.79 22.47 54.79 12.06
1260 542.88 164.57 17.83 43.48 71.56
1260 92.40 273.15 22.47 54.79 57.97
1260 40.68 11.23 31.71 77.35 53.34
1260 470.55 161.22 20.00 48.78 50.29
1260 5.49 122.83 17.83 43.48 26.99
1260 430.24 135.10 31.71 77.35 25.66
1260 561.24 108.44 45.20 110.24 25.32
1260 155.46 50.77 25.23 61.54 22.94
1260 10.70 22.89 50.80 123.90 19.50
1260 297.29 172.26 31.71 77.35 18.28
1260 142.74 63.66 20.00 48.78 15.64
1260 381.14 195.87 17.83 43.48 2.28
1260 480.34 154.79 22.47 54.79 1.22
1290 435.43 161.22 20.00 48.78 61.69
1290 41.81 12.76 28.28 68.97 60.56
1290 13.93 11.56 45.20 110.24 57.44
1290 5.31 176.31 25.23 61.54 53.84
1290 541.14 164.57 17.83 43.48 53.48
1290 155.96 53.97 22.47 54.79 51.27
1290 5.49 122.83 17.83 43.48 35.19
1290 561.24 108.44 45.20 110.24 29.94
1290 470.55 163.17 20.00 48.78 29.67
1290 92.40 273.15 22.47 54.79 27.27
1290 505.26 81.72 28.28 68.97 19.00
1290 410.71 166.30 17.83 43.48 18.28
1290 482.80 135.10 31.71 77.35 16.18
1290 114.88 26.71 31.71 77.35 15.75
1290 145.62 55.69 25.23 61.54 11.08
1290 386.63 158.70 35.65 86.96 10.15
1290 306.57 172.26 31.71 77.35 9.05
1290 526.37 62.74 22.47 54.79 7.89
1290 116.79 178.48 17.83 43.48 2.88
1290 119.86 363.85 45.20 110.24 2.83
1320 541.14 164.57 17.83 43.48 67.27
1320 44.57 12.76 28.28 68.97 63.82
1320 93.96 278.29 20.00 48.78 55.94
1320 433.53 142.41 28.28 68.97 46.45
1320 552.59 91.72 56.55 137.93 41.41
1320 13.93 11.56 45.20 110.24 41.17
1320 471.58 164.57 17.83 43.48 35.83
1320 155.46 50.77 25.23 61.54 31.09
1320 309.40 172.76 28.28 68.97 24.45
1320 10.06 188.54 20.00 48.78 16.87
1320 504.89 75.22 35.65 86.96 15.51
1320 4.21 122.20 20.00 48.78 13.65
1320 114.88 23.61 31.71 77.35 12.78
1320 379.52 196.44 22.47 54.79 12.44
1320 21.77 198.29 20.00 48.78 9.79
1320 492.32 119.51 40.00 97.56 5.91
1350 542.88 164.57 17.83 43.48 85.59
1350 41.81 10.00 28.28 68.97 58.14
1350 436.51 159.18 22.47 54.79 41.19
1350 158.15 53.97 22.47 54.79 39.27
1350 93.96 278.29 20.00 48.78 37.22
1350 20.12 10.24 40.00 97.56 30.74
1350 400.54 127.39 35.65 86.96 30.37
1350 470.55 163.17 20.00 48.78 28.81
1350 484.51 119.51 40.00 97.56 24.67
1350 142.81 62.74 22.47 54.79 23.21
1350 8.71 178.28 28.28 68.97 21.92
1350 380.79 196.34 20.00 48.78 20.39
1350 297.29 172.26 31.71 77.35 18.90
1350 114.88 26.71 31.71 77.35 17.78
1350 4.21 122.20 20.00 48.78 15.70
1350 552.59 86.21 56.55 137.93 11.40
1350 403.63 49.59 22.47 54.79 8.73
1350 509.57 90.98 20.00 48.78 3.49
1380 542.88 166.30 17.83 43.48 72.40
1380 41.81 12.76 28.28 68.97 71.16
1380 92.40 275.34 22.47 54.79 62.23
1380 153.77 58.36 22.47 54.79 53.34
1380 471.58 166.30 17.83 43.48 50.12
1380 7.77 186.15 25.23 61.54 42.52
1380 13.93 15.96 45.20 110.24 40.33
1380 415.91 161.22 20.00 48.78 32.64
1380 142.74 63.66 20.00 48.78 28.87
1380 440.27 168.04 17.83 43.48 28.31
1380 565.82 154.79 22.47 54.79 24.56
1380 381.14 197.61 17.83 43.48 22.14
1380 297.29 172.26 31.71 77.35 20.43
1380 66.36 338.48 17.83 43.48 19.10
1380 46.86 162.97 31.71 77.35 14.29
1380 114.88 26.71 31.71 77.35 13.37
1380 146.65 106.59 20.00 48.78 12.72
1380 116.79 176.74 17.83 43.48 12.49
1380 480.43 142.41 28.28 68.97 9.95
1380 499.74 78.97 28.28 68.97 9.44
1380 309.66 169.16 31.71 77.35 6.08
1410 7.77 183.69 25.23 61.54 72.52
1410 540.79 165.12 20.00 48.78 68.01
1410 41.81 10.00 28.28 68.97 64.51
1410 155.46 50.77 25.23 61.54 57.56
1410 433.48 161.22 20.00 48.78 53.92
1410 13.93 11.56 45.20 110.24 50.21
1410 90.21 273.15 22.47 54.79 31.91
1410 484.51 119.51 40.00 97.56 31.79
1410 552.59 86.21 56.55 137.93 22.90
1410 380.79 198.29 20.00 48.78 22.33
1410 471.58 164.57 17.83 43.48 21.08
1410 309.66 172.26 31.71 77.35 20.32
1410 414.18 164.57 17.83 43.48 17.79
1410 502.50 78.97 28.28 68.97 14.76
1440 7.77 183.69 25.23 61.54 65.76
1440 44.57 12.76 28.28 68.97 58.97
1440 90.21 273.15 22.47 54.79 49.62
1440 10.70 12.99 50.80 123.90 49.47
1440 465.00 159.18 22.47 54.79 48.25
1440 552.59 91.72 56.55 137.93 32.55
1440 540.79 163.17 20.00 48.78 32.30
1440 104.89 26.52 35.65 86.96 21.38
1440 435.43 161.22 20.00 48.78 18.53
1440 46.86 162.97 31.71 77.35 12.54
1440 74.23 171.38 25.23 61.54 11.11
1440 124.28 42.39 45.20 110.24 0.55
1470 15.66 12.99 50.80 123.90 55.74
1470 92.40 273.15 22.47 54.79 53.01
1470 523.54 174.15 40.00 97.56 52.39
1470 471.58 168.04 17.83 43.48 37.72
1470 404.08 151.69 25.23 61.54 36.80
1470 484.51 119.51 40.00 97.56 33.85
1470 51.04 5.12 20.00 48.78 23.90
1470 134.73 52.58 50.80 123.90 21.48
1470 435.43 163.17 20.00 48.78 20.84
1470 5.31 176.31 25.23 61.54 17.59
1470 46.86 162.97 31.71 77.35 13.91
1470 380.79 198.29 20.00 48.78 8.62
1470 109.93 18.90 22.47 54.79 6.36
1500 44.57 12.76 28.28 68.97 75.76
1500 523.54 174.15 40.00 97.56 75.51
1500 9.52 11.56 45.20 110.24 61.05
1500 7.77 186.15 25.23 61.54 50.35
1500 3.75 122.83 17.83 43.48 46.15
1500 93.96 276.34 20.00 48.78 37.35
1500 299.67 165.65 35.65 86.96 30.49
1500 111.79 29.81 31.71 77.35 28.15
1500 153.77 56.16 22.47 54.79 27.75
1500 565.82 156.99 22.47 54.79 19.22
1500 68.10 338.48 17.83 43.48 18.70
1500 505.00 85.23 25.23 61.54 6.81
1500 375.92 206.30 17.83 43.48 6.53
1500 611.85 47.40 22.47 54.79 5.94
1530 44.57 15.52 28.28 68.97 84.76
1530 10.70 12.99 50.80 123.90 77.87
1530 542.88 169.78 17.83 43.48 74.87
1530 5.31 183.69 25.23 61.54 67.51
1530 433.53 147.93 28.28 68.97 46.97
1530 404.08 156.62 25.23 61.54 39.15
1530 93.96 282.20 20.00 48.78 34.15
1530 114.88 32.90 31.71 77.35 30.73
1530 470.55 167.07 20.00 48.78 28.16
1530 380.79 200.24 20.00 48.78 25.75
1530 158.15 58.36 22.47 54.79 18.87
1530 484.02 134.35 35.65 86.96 12.05
1530 553.98 72.47 63.78 155.55 10.87
1530 21.77 204.15 20.00 48.78 2.76
1560 41.81 15.52 28.28 68.97 82.33
1560 13.93 15.96 45.20 110.24 63.55
1560 542.88 168.04 17.83 43.48 52.19
1560 9.11 192.05 22.47 54.79 43.48
1560 469.84 168.04 17.83 43.48 41.44
1560 93.96 280.24 20.00 48.78 34.67
1560 434.32 161.37 22.47 54.79 30.47
1560 57.66 4.57 17.83 43.48 29.95
1560 550.85 119.51 40.00 97.56 26.66
1560 114.88 26.71 31.71 77.35 25.30
1560 157.92 55.69 25.23 61.54 24.75
1560 381.14 201.09 17.83 43.48 24.43
1560 477.67 147.93 28.28 68.97 20.59
1560 414.18 168.04 17.83 43.48 16.33
1560 527.23 79.35 17.83 43.48 15.81
1560 121.59 365.37 40.00 97.56 12.88
1560 136.20 110.00 35.65 86.96 11.19
1560 46.86 166.06 31.71 77.35 9.57
1560 111.85 179.57 35.65 86.96 4.01
1590 40.68 8.13 31.71 77.35 89.12
1590 93.96 278.29 20.00 48.78 84.94
1590 13.93 15.96 45.20 110.24 55.70
1590 541.14 166.30 17.83 43.48 50.85
1590 436.51 159.18 22.47 54.79 42.37
1590 473.32 168.04 17.83 43.48 41.97
1590 145.00 60.98 40.00 97.56 34.96
1590 7.77 183.69 25.23 61.54 31.03
1590 309.66 172.26 31.71 77.35 28.82
1590 297.29 172.26 31.71 77.35 24.63
1590 482.53 161.37 22.47 54.79 24.47
1590 380.79 198.29 20.00 48.78 21.25
1590 502.54 82.77 25.23 61.54 12.06
1590 462.74 163.17 20.00 48.78 10.20
1590 104.89 26.52 35.65 86.96 8.94
1590 614.94 50.00 20.00 48.78 8.92
1620 44.57 15.52 28.28 68.97 81.17
1620 10.70 12.99 50.80 123.90 68.54
1620 541.14 169.78 17.83 43.48 65.01
1620 93.96 282.20 20.00 48.78 53.23
1620 155.96 62.74 22.47 54.79 36.84
1620 4.21 126.10 20.00 48.78 26.66
1620 243.63 279.73 22.47 54.79 25.72
1620 502.54 85.23 25.23 61.54 22.34
1620 563.63 159.18 22.47 54.79 22.27
1620 10.23 188.62 25.23 61.54 20.25
1620 364.57 136.90 28.28 68.97 18.83
1620 114.88 26.71 31.71 77.35 17.42
1620 57.66 4.57 17.83 43.48 17.31
1620 144.65 82.27 50.80 123.90 5.30
1620 306.57 175.35 31.71 77.35 3.53
1650 44.57 15.52 28.28 68.97 90.27
1650 10.70 12.99 50.80 123.90 70.41
1650 542.88 169.78 17.83 43.48 53.42
1650 430.24 141.29 31.71 77.35 48.82
1650 93.96 282.20 20.00 48.78 45.33
1650 471.58 169.78 17.83 43.48 38.72
1650 484.51 123.41 40.00 97.56 35.46
1650 303.15 172.61 35.65 86.96 26.03
1650 111.79 32.90 31.71 77.35 23.83
1650 4.21 126.10 20.00 48.78 21.88
1650 5.31 183.69 25.23 61.54 18.63
1650 502.50 84.48 28.28 68.97 18.34
1650 142.74 67.56 20.00 48.78 17.25
1650 57.66 4.57 17.83 43.48 12.56
1650 561.62 154.15 25.23 61.54 7.01
1650 382.88 206.30 17.83 43.48 2.12
1650 43.23 227.56 20.00 48.78 1.11
1680 13.93 15.96 45.20 110.24 75.16
1680 40.68 8.13 31.71 77.35 70.09
1680 541.14 166.30 17.83 43.48 54.05
1680 436.51 161.37 22.47 54.79 52.68
1680 92.40 277.53 22.47 54.79 49.50
1680 3.75 124.57 17.83 43.48 47.33
1680 561.24 112.84 45.20 110.24 39.44
1680 470.55 165.12 20.00 48.78 34.40
1680 97.93 33.48 35.65 86.96 28.23
1680 297.29 175.35 31.71 77.35 27.58
1680 155.96 56.16 22.47 54.79 26.39
1680 5.95 178.28 28.28 68.97 25.23
1680 445.27 161.37 22.47 54.79 15.74
1680 379.52 196.44 22.47 54.79 14.35
1680 144.70 112.44 20.00 48.78 9.00
1680 309.66 175.35 31.71 77.35 8.76
1680 484.21 163.17 20.00 48.78 4.58
1710 31.83 10.24 40.00 97.56 76.55
1710 541.14 166.30 17.83 43.48 49.44
1710 92.40 277.53 22.47 54.79 48.11
1710 5.31 181.23 25.23 61.54 42.10
1710 469.84 166.30 17.83 43.48 37.37
1710 19.74 12.76 28.28 68.97 34.97
1710 158.15 56.16 22.47 54.79 34.93
1710 429.84 166.30 17.83 43.48 28.30
1710 441.28 165.12 20.00 48.78 26.44
1710 381.14 199.35 17.83 43.48 24.29
1710 505.26 84.48 28.28 68.97 21.90
1710 412.01 161.22 20.00 48.78 21.68
1710 561.62 151.69 25.23 61.54 20.08
1710 4.21 124.15 20.00 48.78 18.32
1710 124.28 42.39 45.20 110.24 15.39
1710 115.33 23.04 35.65 86.96 14.59
1710 482.53 156.99 22.47 54.79 14.40
1710 306.63 172.61 35.65 86.96 10.22
1710 124.28 363.85 45.20 110.24 9.61
1710 554.91 112.07 28.28 68.97 7.20
1740 31.83 14.15 40.00 97.56 85.12
1740 541.14 169.78 17.83 43.48 57.91
1740 5.95 183.79 28.28 68.97 51.06
1740 93.96 280.24 20.00 48.78 49.14
1740 22.13 8.13 31.71 77.35 45.79
1740 12.85 17.42 31.71 77.35 22.85
1740 143.88 59.66 28.28 68.97 15.10
1740 289.24 165.65 35.65 86.96 13.20
1740 362.62 121.65 45.20 110.24 8.92
1740 309.40 181.03 28.28 68.97 7.17
1740 445.92 8.92 25.23 61.54 7.11
1740 114.88 29.81 31.71 77.35 6.63
1740 564.08 154.15 25.23 61.54 5.87
1770 10.70 12.99 50.80 123.90 89.54
1770 44.57 15.52 28.28 68.97 74.79
1770 471.58 169.78 17.83 43.48 69.60
1770 380.79 198.29 20.00 48.78 49.70
1770 523.54 178.05 40.00 97.56 49.00
1770 153.77 58.36 22.47 54.79 38.74
1770 111.79 29.81 31.71 77.35 29.22
1770 434.32 159.18 22.47 54.79 27.03
1770 502.50 87.24 28.28 68.97 22.01
1770 565.82 159.18 22.47 54.79 20.36
1770 57.66 4.57 17.83 43.48 19.26
1770 309.66 175.35 31.71 77.35 11.69
1770 568.71 84.48 28.28 68.97 10.56
1770 414.59 161.37 22.47 54.79 9.70
1770 92.01 282.20 20.00 48.78 8.33
1770 485.95 147.93 28.28 68.97 7.92
1800 31.85 12.61 35.65 86.96 80.40
1800 542.88 168.04 17.83 43.48 62.29
1800 93.96 276.34 20.00 48.78 57.25
1800 155.96 56.16 22.47 54.79 49.56
1800 552.59 86.21 56.55 137.93 39.65
1800 9.52 15.96 45.20 110.24 39.27
1800 405.51 135.10 31.71 77.35 39.25
1800 7.77 181.23 25.23 61.54 38.32
1800 469.84 166.30 17.83 43.48 32.61
1800 380.79 196.34 20.00 48.78 31.68
1800 445.18 163.17 20.00 48.78 27.72
1800 482.80 135.10 31.71 77.35 27.50
1800 55.92 4.57 17.83 43.48 25.19
1800 434.32 159.18 22.47 54.79 24.01
1800 532.84 65.17 28.28 68.97 23.38
1800 139.69 77.32 50.80 123.90 21.19
1800 5.31 127.08 25.23 61.54 18.07
1800 303.15 169.13 35.65 86.96 11.68
1800 97.79 20.37 45.20 110.24 10.42
1800 74.45 313.41 20.00 48.78 5.85
1800 502.50 84.48 28.28 68.97 4.97
1830 41.81 12.76 28.28 68.97 81.44
1830 539.40 166.30 17.83 43.48 77.97
1830 5.95 178.28 28.28 68.97 53.73
1830 438.70 159.18 22.47 54.79 44.95
1830 12.32 14.15 40.00 97.56 43.84
1830 380.79 196.34 20.00 48.78 38.92
1830 93.96 280.24 20.00 48.78 35.71
1830 470.55 163.17 20.00 48.78 30.39
1830 552.59 86.21 56.55 137.93 30.30
1830 155.96 60.55 22.47 54.79 28.19
1830 412.01 161.22 20.00 48.78 25.27
1830 462.88 166.30 17.83 43.48 23.08
1830 114.88 26.71 31.71 77.35 12.44
1830 482.53 159.18 22.47 54.79 10.44
1830 144.65 82.27 50.80 123.90 5.71
1830 116.79 178.48 17.83 43.48 3.90
