30 386.65 178.78 20.00 48.78 53.46
30 117.68 158.54 40.00 97.56 48.47
30 309.84 27.17 17.83 43.48 40.26
30 436.79 101.96 17.83 43.48 32.90
30 40.68 178.45 31.71 77.35 28.44
30 347.62 169.02 20.00 48.78 28.11
30 543.05 21.95 40.00 97.56 18.59
30 570.07 29.17 45.20 110.24 12.34
60 375.14 178.90 22.47 54.79 48.71
60 121.06 159.87 31.71 77.35 43.84
60 318.29 116.91 50.80 123.90 41.81
60 101.41 155.22 35.65 86.96 34.28
60 80.54 162.17 35.65 86.96 24.48
60 428.69 173.85 25.23 61.54 19.46
60 68.60 194.39 20.00 48.78 13.07
60 135.77 178.77 25.23 61.54 7.48
90 453.29 150.73 40.00 97.56 60.37
90 195.43 184.63 20.00 48.78 57.26
90 61.71 60.55 22.47 54.79 41.82
90 49.62 183.69 25.23 61.54 41.12
90 102.07 142.93 40.00 97.56 29.20
90 512.69 148.07 45.20 110.24 28.10
90 170.71 4.57 17.83 43.48 25.17
90 367.33 172.76 28.28 68.97 19.15
90 4.73 148.22 22.47 54.79 14.60
120 565.49 221.96 17.83 43.48 82.08
120 451.85 156.99 22.47 54.79 70.32
120 523.23 211.95 20.00 48.78 68.28
120 186.64 176.71 22.47 54.79 63.28
120 447.23 201.09 17.83 43.48 61.95
120 509.57 208.05 20.00 48.78 57.30
120 540.79 215.85 20.00 48.78 53.38
120 611.85 100.00 22.47 54.79 48.62
120 552.50 217.80 20.00 48.78 42.12
120 331.30 97.94 31.71 77.35 41.39
120 29.92 28.62 25.23 61.54 38.27
120 405.82 189.86 22.47 54.79 35.36
120 4.21 143.66 20.00 48.78 32.82
120 532.99 211.95 20.00 48.78 32.76
120 440.27 201.09 17.83 43.48 30.99
120 44.69 36.00 25.23 61.54 23.48
120 86.46 146.83 40.00 97.56 19.96
120 582.50 21.03 28.28 68.97 18.13
120 306.64 211.38 28.28 68.97 13.10
120 589.88 209.27 40.00 97.56 12.58
150 513.32 216.74 17.83 43.48 67.74
150 582.50 211.38 28.28 68.97 56.78
150 598.70 224.93 22.47 54.79 47.88
150 429.84 131.52 17.83 43.48 38.37
150 472.16 194.83 28.28 68.97 36.80
150 538.36 200.34 28.28 68.97 27.66
150 495.68 203.01 22.47 54.79 26.61
150 371.45 156.88 45.20 110.24 21.60
150 99.42 153.68 31.71 77.35 20.36
150 182.50 164.48 28.28 68.97 18.07
150 316.71 174.15 40.00 97.56 9.60
150 571.47 205.86 28.28 68.97 3.46
180 557.07 179.57 35.65 86.96 49.46
180 191.58 178.48 17.83 43.48 48.03
180 602.01 98.48 17.83 43.48 34.11
180 88.97 141.96 17.83 43.48 32.80
180 372.84 183.79 28.28 68.97 10.97
180 486.98 240.62 50.80 123.90 8.86
180 174.22 156.21 28.28 68.97 1.90
210 515.73 185.85 40.00 97.56 43.57
210 565.49 101.96 17.83 43.48 23.63
210 517.38 286.10 20.00 48.78 20.53
210 82.01 145.43 17.83 43.48 14.22
210 182.50 158.97 28.28 68.97 5.46
210 243.19 29.31 28.28 68.97 0.36
240 43.23 169.02 20.00 48.78 71.79
240 84.21 143.66 20.00 48.78 32.55
240 248.11 18.78 20.00 48.78 29.47
240 51.04 167.07 20.00 48.78 26.12
240 60.79 172.93 20.00 48.78 25.11
240 358.80 68.26 35.65 86.96 24.24
240 393.14 70.06 31.71 77.35 2.57
270 64.62 201.09 17.83 43.48 49.70
270 459.67 158.70 35.65 86.96 45.78
270 511.85 158.70 35.65 86.96 41.92
270 57.66 143.70 17.83 43.48 27.97
270 600.27 164.57 17.83 43.48 21.49
270 328.11 73.41 20.00 48.78 18.60
270 466.63 137.83 35.65 86.96 14.98
270 61.14 135.00 17.83 43.48 13.04
270 587.62 307.56 20.00 48.78 4.88
300 6.92 203.01 22.47 54.79 23.95
300 596.51 165.75 22.47 54.79 14.22
330 3.75 204.57 17.83 43.48 68.61
330 388.10 192.39 17.83 43.48 47.41
330 339.74 128.62 28.28 68.97 18.44
330 381.14 194.13 17.83 43.48 10.62
360 269.57 196.34 20.00 48.78 59.45
360 316.79 201.09 17.83 43.48 52.49
360 337.88 205.21 22.47 54.79 46.66
360 484.73 192.05 22.47 54.79 46.20
360 276.51 189.86 22.47 54.79 34.44
360 408.11 120.24 20.00 48.78 31.39
390 331.30 187.74 31.71 77.35 75.63
390 397.67 194.83 28.28 68.97 41.35
390 406.54 213.23 25.23 61.54 6.87
420 477.05 176.29 50.80 123.90 92.35
420 502.93 185.52 56.55 137.93 54.75
420 411.69 197.03 31.71 77.35 38.71
420 41.28 172.93 20.00 48.78 38.19
420 248.01 47.40 22.47 54.79 25.75
420 453.29 213.17 40.00 97.56 14.16
450 48.56 165.75 22.47 54.79 44.99
450 608.97 209.78 17.83 43.48 28.54
450 37.38 169.02 20.00 48.78 20.07
450 314.45 116.34 20.00 48.78 17.81
480 12.69 176.31 25.23 61.54 69.50
480 61.92 176.31 25.23 61.54 30.91
480 536.89 128.05 20.00 48.78 0.95
540 536.16 84.00 89.69 218.76 23.59
540 529.09 110.49 20.00 48.78 19.69
540 367.15 173.85 25.23 61.54 15.70
540 285.27 167.95 22.47 54.79 11.76
570 306.57 150.58 31.71 77.35 56.36
570 495.91 196.34 20.00 48.78 45.93
570 345.26 158.97 28.28 68.97 21.41
570 87.05 138.19 31.71 77.35 6.37
600 280.89 181.10 22.47 54.79 61.18
600 400.54 151.74 35.65 86.96 52.29
600 348.10 181.96 17.83 43.48 46.96
600 332.69 168.92 25.23 61.54 33.36
600 605.18 200.24 20.00 48.78 31.25
600 495.15 193.54 25.23 61.54 14.90
600 355.05 183.70 17.83 43.48 13.16
600 25.26 147.93 28.28 68.97 9.86
630 379.52 176.71 22.47 54.79 56.79
630 370.75 176.71 22.47 54.79 49.64
630 283.08 183.29 22.47 54.79 46.85
630 361.99 174.52 22.47 54.79 39.25
630 457.21 126.80 50.80 123.90 15.76
630 612.45 27.17 17.83 43.48 9.29
660 436.29 170.00 28.28 68.97 88.04
660 403.19 167.24 28.28 68.97 46.88
660 309.38 176.71 22.47 54.79 41.25
660 362.01 183.70 17.83 43.48 10.13
660 89.00 75.38 25.23 61.54 9.35
660 414.22 167.24 28.28 68.97 6.37
690 457.66 204.57 17.83 43.48 80.78
690 443.08 192.05 22.47 54.79 72.31
690 327.23 188.91 17.83 43.48 71.91
690 515.73 162.44 40.00 97.56 66.40
690 468.08 186.15 25.23 61.54 59.24
690 311.58 178.90 22.47 54.79 40.94
690 379.40 190.65 17.83 43.48 40.77
690 482.53 189.86 22.47 54.79 23.13
690 79.25 67.12 22.47 54.79 5.14
720 574.48 170.09 45.20 110.24 131.75
720 404.21 190.49 20.00 48.78 114.25
720 558.66 181.95 40.00 97.56 102.60
720 598.80 190.00 35.65 86.96 74.88
720 27.17 165.69 45.20 110.24 45.42
720 327.77 186.15 25.23 61.54 36.97
750 445.92 186.15 25.23 61.54 97.24
750 90.98 169.13 35.65 86.96 46.19
750 31.52 36.34 20.00 48.78 17.32
750 421.77 210.00 20.00 48.78 15.92
750 43.23 51.95 20.00 48.78 14.32
750 141.14 209.78 17.83 43.48 5.06
780 558.66 174.15 40.00 97.56 73.07
780 368.41 169.16 31.71 77.35 71.79
780 394.86 227.12 22.47 54.79 70.31
780 537.33 235.89 22.47 54.79 49.19
780 550.11 214.35 35.65 86.96 30.71
780 386.96 178.45 31.71 77.35 22.55
780 356.29 178.28 28.28 68.97 15.55
810 83.63 181.10 22.47 54.79 70.68
810 218.36 142.41 28.28 68.97 51.96
810 93.24 156.77 31.71 77.35 48.97
810 482.02 201.03 50.80 123.90 43.96
810 155.96 161.37 22.47 54.79 35.70
810 62.74 188.54 20.00 48.78 29.84
810 123.46 161.54 25.23 61.54 24.22
810 454.18 235.87 17.83 43.48 20.42
810 465.62 188.62 25.23 61.54 20.30
810 531.63 255.46 50.80 123.90 16.96
810 247.23 168.04 17.83 43.48 9.75
810 420.00 222.94 45.20 110.24 8.87
810 427.62 155.37 20.00 48.78 6.63
840 94.22 153.45 28.28 68.97 46.37
840 13.40 84.94 63.78 155.55 45.37
840 83.19 153.45 28.28 68.97 35.14
840 502.50 216.90 28.28 68.97 31.72
840 204.18 154.79 22.47 54.79 15.16
840 113.53 153.45 28.28 68.97 13.80
840 228.10 164.57 17.83 43.48 12.28
840 16.22 49.27 40.00 97.56 10.35
840 558.35 116.34 20.00 48.78 8.03
840 482.85 132.00 25.23 61.54 4.33
870 193.48 167.07 20.00 48.78 55.24
870 8.41 146.83 40.00 97.56 29.60
870 31.59 130.46 45.20 110.24 27.30
870 108.10 176.74 17.83 43.48 14.33
870 172.01 165.12 20.00 48.78 9.97
900 399.25 189.86 22.47 54.79 38.52
900 158.35 172.93 20.00 48.78 30.09
900 15.15 119.69 25.23 61.54 28.30
900 572.01 120.24 20.00 48.78 27.05
900 33.48 184.63 20.00 48.78 15.23
930 199.33 176.83 20.00 48.78 55.76
930 91.47 170.00 28.28 68.97 53.64
960 59.23 162.97 31.71 77.35 65.22
960 276.51 165.75 22.47 54.79 33.40
960 145.80 166.06 31.71 77.35 25.07
960 19.03 172.26 31.71 77.35 24.68
960 609.57 135.10 31.71 77.35 23.71
960 195.43 167.07 20.00 48.78 7.87
990 576.78 14.52 22.47 54.79 41.38
990 503.86 134.86 45.20 110.24 41.03
990 578.90 148.07 45.20 110.24 31.49
990 492.69 193.54 25.23 61.54 30.72
990 240.30 184.63 20.00 48.78 19.51
1020 283.08 159.18 22.47 54.79 71.36
1020 501.96 94.78 71.30 173.91 68.86
1020 430.24 169.16 31.71 77.35 56.42
1020 289.66 148.22 22.47 54.79 43.32
1020 547.77 97.40 63.78 155.55 32.96
1020 66.85 164.00 25.23 61.54 31.42
1020 448.49 66.55 89.69 218.76 23.23
1020 605.18 10.98 20.00 48.78 1.20
1050 201.81 156.21 28.28 68.97 49.81
1050 221.92 149.23 25.23 61.54 34.23
1050 415.92 164.57 17.83 43.48 25.83
1050 401.62 156.62 25.23 61.54 17.40
1050 48.97 180.22 17.83 43.48 15.17
1080 591.52 153.41 20.00 48.78 43.87
1080 165.95 139.66 28.28 68.97 41.31
1080 416.98 167.24 28.28 68.97 30.54
1080 123.23 192.44 20.00 48.78 28.98
1080 482.26 176.83 20.00 48.78 28.31
1080 374.54 166.46 25.23 61.54 28.04
1080 490.06 174.88 20.00 48.78 6.79
1110 412.45 181.96 17.83 43.48 123.90
1110 181.14 150.65 17.83 43.48 36.69
1110 497.87 176.83 20.00 48.78 28.97
1110 447.29 146.60 50.80 123.90 3.86
1110 138.36 136.90 28.28 68.97 2.15
1140 510.63 172.26 31.71 77.35 118.22
1140 207.23 155.87 17.83 43.48 46.00
1140 182.88 159.35 17.83 43.48 39.57
1140 502.50 194.83 28.28 68.97 7.16
1170 89.00 164.00 25.23 61.54 29.58
1170 541.92 178.77 25.23 61.54 27.70
1170 177.88 148.22 22.47 54.79 24.42
1170 473.00 181.23 25.23 61.54 23.54
1170 383.86 14.32 31.71 77.35 5.96
1200 572.62 134.81 63.78 155.55 60.84
1200 163.75 147.17 17.83 43.48 44.86
1200 61.71 172.33 22.47 54.79 39.81
1200 525.49 166.30 17.83 43.48 29.37
1200 43.77 156.77 31.71 77.35 26.10
1230 5.95 167.24 28.28 68.97 85.22
1230 20.07 178.90 22.47 54.79 55.07
1230 325.12 138.19 31.71 77.35 22.42
1260 325.95 147.93 28.28 68.97 55.00
1260 5.49 199.35 17.83 43.48 52.18
1260 200.27 161.09 17.83 43.48 38.11
1290 452.45 181.96 17.83 43.48 149.97
1290 443.23 51.95 20.00 48.78 51.93
1290 145.00 161.37 22.47 54.79 32.93
1290 328.21 150.58 31.71 77.35 31.07
1290 185.67 161.22 20.00 48.78 25.70
1290 509.57 50.00 20.00 48.78 20.09
1290 550.55 122.20 20.00 48.78 20.03
1290 462.74 59.76 20.00 48.78 15.12
1290 452.99 5.12 20.00 48.78 14.12
1290 433.32 49.78 17.83 43.48 3.40
1320 543.88 181.03 28.28 68.97 194.57
1320 7.23 192.39 17.83 43.48 57.49
1320 556.69 183.69 25.23 61.54 49.25
1320 175.68 161.37 22.47 54.79 28.01
1320 106.23 171.38 25.23 61.54 19.45
1320 120.27 185.43 17.83 43.48 0.85
1350 351.58 185.43 17.83 43.48 50.16
1350 78.35 184.63 20.00 48.78 45.61
1350 158.35 169.02 20.00 48.78 26.59
1350 68.10 183.70 17.83 43.48 20.26
1350 322.26 167.07 20.00 48.78 3.38
1380 23.72 182.68 20.00 48.78 60.74
1380 324.73 159.18 22.47 54.79 59.14
1380 371.45 134.86 45.20 110.24 22.58
1380 433.33 190.84 31.71 77.35 12.64
1380 12.01 190.49 20.00 48.78 8.17
1410 320.54 137.83 35.65 86.96 44.12
1410 3.75 119.35 17.83 43.48 32.29
1410 406.16 206.10 20.00 48.78 27.98
1410 6.16 188.54 20.00 48.78 17.35
1440 334.40 150.58 31.71 77.35 48.35
1440 391.77 166.46 25.23 61.54 35.98
1440 578.97 279.73 22.47 54.79 21.08
1440 199.05 153.45 28.28 68.97 20.93
1440 477.38 139.27 45.20 110.24 20.57
1440 414.22 153.45 28.28 68.97 18.79
1440 371.04 178.78 20.00 48.78 17.64
1440 156.79 159.35 17.83 43.48 10.20
1440 498.26 104.13 31.71 77.35 9.68
1470 384.62 178.48 17.83 43.48 95.77
1470 487.50 134.35 35.65 86.96 38.80
1470 189.92 161.54 25.23 61.54 37.81
1470 214.94 167.07 20.00 48.78 31.42
1470 230.55 165.12 20.00 48.78 24.11
1470 526.37 143.84 22.47 54.79 12.53
1470 136.23 152.60 22.47 54.79 4.24
1470 359.05 87.24 28.28 68.97 0.01
1500 398.35 176.83 20.00 48.78 82.41
1500 359.05 167.24 28.28 68.97 62.25
1500 378.36 172.76 28.28 68.97 36.77
1500 523.54 166.34 40.00 97.56 25.35
1500 422.50 161.72 28.28 68.97 12.19
1500 190.78 147.93 28.28 68.97 5.61
1500 45.49 209.78 17.83 43.48 4.89
1530 417.93 165.65 35.65 86.96 38.74
1530 561.62 6.46 25.23 61.54 37.77
1530 335.15 181.23 25.23 61.54 25.23
1530 84.21 194.39 20.00 48.78 20.67
1530 460.79 186.59 20.00 48.78 19.76
1530 394.23 6.46 25.23 61.54 16.78
1530 234.86 156.99 22.47 54.79 11.29
1560 480.30 186.59 20.00 48.78 134.61
1560 488.97 190.65 17.83 43.48 104.31
1560 425.67 204.15 20.00 48.78 87.50
1560 530.34 187.71 45.20 110.24 57.01
1560 476.40 196.34 20.00 48.78 50.09
1560 151.58 187.17 17.83 43.48 30.09
1560 458.23 188.62 25.23 61.54 24.36
1560 441.28 194.39 20.00 48.78 23.69
1560 236.79 171.52 17.83 43.48 21.65
1560 167.23 171.52 17.83 43.48 16.08
1560 414.18 195.87 17.83 43.48 8.79
1560 388.60 159.27 20.00 48.78 1.99
1590 547.73 169.16 31.71 77.35 57.83
1590 320.27 176.74 17.83 43.48 56.04
1590 495.03 165.69 45.20 110.24 50.86
1590 565.95 167.24 28.28 68.97 50.50
1590 394.76 166.34 40.00 97.56 42.18
1590 224.70 167.07 20.00 48.78 31.05
1590 503.86 143.67 45.20 110.24 26.23
1590 567.23 216.74 17.83 43.48 26.18
1590 379.15 170.24 40.00 97.56 25.92
1590 425.55 5.75 22.47 54.79 17.38
1590 518.80 190.00 35.65 86.96 11.46
1590 573.96 215.85 20.00 48.78 8.32
1620 311.58 174.52 22.47 54.79 68.94
1620 394.86 172.33 22.47 54.79 55.89
1620 211.04 167.07 20.00 48.78 50.74
1620 302.81 174.52 22.47 54.79 42.35
1620 428.42 29.30 114.81 280.01 40.34
1620 571.32 270.31 50.80 123.90 37.18
1620 421.14 180.22 17.83 43.48 26.48
1620 452.25 235.67 50.80 123.90 18.65
1620 475.31 170.16 80.85 197.19 9.04
1650 485.49 183.70 17.83 43.48 169.00
1650 342.26 187.67 22.47 54.79 162.67
1650 456.20 158.70 35.65 86.96 55.49
1650 327.77 168.92 25.23 61.54 50.03
1650 217.33 165.75 22.47 54.79 44.14
1650 482.53 110.96 22.47 54.79 28.26
1650 476.62 132.00 31.71 77.35 28.00
1650 318.15 172.33 22.47 54.79 18.62
1650 380.79 176.83 20.00 48.78 14.97
1650 132.45 192.39 17.83 43.48 7.72
1680 375.60 178.28 28.28 68.97 174.13
1680 550.55 190.49 20.00 48.78 171.34
1680 364.69 178.77 25.23 61.54 58.76
1680 332.69 168.92 25.23 61.54 54.29
1680 586.20 151.55 50.80 123.90 53.96
1680 212.08 154.15 25.23 61.54 48.75
1680 419.74 158.97 28.28 68.97 47.96
1680 567.23 11.52 17.83 43.48 47.57
1680 449.09 192.44 20.00 48.78 26.60
1680 542.88 194.13 17.83 43.48 21.60
1680 278.70 100.00 22.47 54.79 15.08
1680 182.54 151.69 25.23 61.54 5.02
1710 447.29 176.29 50.80 123.90 189.11
1710 477.05 181.24 50.80 123.90 36.14
1710 204.69 156.62 25.23 61.54 30.03
1710 230.55 167.07 20.00 48.78 26.28
1710 428.83 170.09 45.20 110.24 23.19
1710 135.77 156.62 25.23 61.54 20.68
1710 386.96 166.06 31.71 77.35 19.96
1710 340.08 186.15 25.23 61.54 10.87
1710 174.22 150.69 28.28 68.97 3.98
1740 512.38 161.54 25.23 61.54 71.37
1740 566.36 250.52 50.80 123.90 64.90
1740 551.47 235.67 50.80 123.90 55.12
1740 179.81 147.48 31.71 77.35 53.32
1740 155.05 181.96 17.83 43.48 34.51
1740 487.23 114.13 17.83 43.48 33.33
1740 216.89 165.12 20.00 48.78 24.03
1740 490.98 165.65 35.65 86.96 22.47
1740 454.18 150.65 17.83 43.48 14.59
1740 415.92 6.30 17.83 43.48 14.01
1740 331.30 185.48 22.47 54.79 13.29
1740 508.02 106.55 28.28 68.97 0.30
1770 388.29 178.90 22.47 54.79 56.75
1770 199.33 170.98 20.00 48.78 47.70
1770 267.62 104.63 20.00 48.78 37.51
1770 240.27 171.52 17.83 43.48 30.98
1770 409.14 141.38 56.55 137.93 21.25
1770 478.35 256.83 20.00 48.78 18.79
1770 556.79 79.35 17.83 43.48 15.95
1800 458.84 131.95 20.00 48.78 48.18
1800 189.57 172.93 20.00 48.78 38.78
1800 460.79 159.27 20.00 48.78 27.62
1800 3.75 202.83 17.83 43.48 23.41
1800 295.77 55.69 25.23 61.54 21.34
1800 20.08 176.31 25.23 61.54 15.84
1800 463.15 249.13 35.65 86.96 13.82
1800 365.18 169.02 20.00 48.78 9.56
1800 170.53 147.48 31.71 77.35 7.22
1830 543.90 113.15 22.47 54.79 71.60
1830 180.07 167.95 22.47 54.79 70.11
1830 430.96 31.64 89.69 218.76 49.49
1830 4.21 128.05 20.00 48.78 35.45
1830 5.95 73.45 28.28 68.97 32.43
1830 45.49 187.17 17.83 43.48 29.67
1830 566.46 142.93 40.00 97.56 26.80
1830 551.77 104.92 25.23 61.54 23.57
1830 413.92 161.54 25.23 61.54 17.52
1830 536.89 122.20 20.00 48.78 14.08
1830 384.70 169.02 20.00 48.78 14.03
1830 191.52 169.02 20.00 48.78 7.56
1830 114.32 183.29 22.47 54.79 5.92
1830 155.07 150.58 31.71 77.35 3.29
