30 70.23 181.24 50.80 123.90 64.28
30 148.08 168.92 25.23 61.54 55.33
30 3.75 188.91 17.83 43.48 50.80
30 135.92 190.65 17.83 43.48 45.29
30 117.38 192.44 20.00 48.78 25.39
30 265.98 139.02 40.00 97.56 20.92
30 34.49 144.39 31.71 77.35 17.78
30 17.87 147.56 20.00 48.78 11.51
60 102.07 185.85 40.00 97.56 53.69
60 121.81 156.21 28.28 68.97 44.57
60 135.60 203.10 28.28 68.97 31.54
90 135.77 166.46 25.23 61.54 30.57
90 46.37 200.82 22.47 54.79 26.25
90 144.65 205.98 50.80 123.90 22.08
90 221.71 409.04 22.47 54.79 21.44
90 508.02 170.00 28.28 68.97 18.27
90 7.23 221.96 17.83 43.48 14.16
90 38.53 155.87 17.83 43.48 11.90
120 27.93 166.34 40.00 97.56 40.88
120 10.98 165.65 35.65 86.96 28.65
120 80.49 102.58 159.46 388.92 18.33
150 358.80 123.91 35.65 86.96 62.21
150 566.54 191.08 25.23 61.54 37.39
150 265.98 88.29 40.00 97.56 24.53
150 96.98 117.59 28.28 68.97 10.38
180 256.38 68.00 25.23 61.54 80.84
180 27.17 244.95 45.20 110.24 60.21
180 20.62 191.13 50.80 123.90 45.05
180 4.21 247.07 20.00 48.78 39.20
180 273.53 145.17 28.28 68.97 25.66
180 243.63 71.51 22.47 54.79 10.46
180 371.45 112.84 45.20 110.24 5.50
210 253.96 71.46 20.00 48.78 83.22
210 35.87 199.13 71.30 173.91 73.00
210 267.62 71.46 20.00 48.78 44.31
210 125.49 183.70 17.83 43.48 38.96
210 36.44 92.73 89.69 218.76 32.68
210 460.79 57.80 20.00 48.78 28.02
210 398.10 108.28 56.55 137.93 19.52
210 9.11 139.45 22.47 54.79 11.35
210 301.14 65.43 17.83 43.48 2.61
240 19.61 84.94 63.78 155.55 85.53
240 256.78 36.44 22.47 54.79 83.05
240 524.57 12.76 28.28 68.97 57.66
240 63.11 209.61 63.78 155.55 51.67
240 444.62 35.51 100.71 245.62 33.64
240 63.70 108.70 71.30 173.91 24.60
240 119.86 117.25 45.20 110.24 20.38
240 392.67 5.75 22.47 54.79 10.97
270 410.06 12.93 20.00 48.78 60.54
270 42.28 165.65 35.65 86.96 50.16
270 81.75 222.08 63.78 155.55 40.11
270 533.23 25.71 100.71 245.62 39.18
270 259.82 10.98 20.00 48.78 38.21
270 13.40 215.84 63.78 155.55 37.43
270 516.79 221.96 17.83 43.48 32.29
270 435.80 20.66 80.85 197.19 30.92
270 38.80 127.39 35.65 86.96 25.83
270 55.35 87.22 50.80 123.90 25.36
300 42.23 164.00 25.23 61.54 53.00
300 100.39 190.91 63.78 155.55 47.09
300 49.78 192.17 71.30 173.91 44.95
300 369.24 123.91 35.65 86.96 37.29
300 7.50 263.04 35.65 86.96 36.90
300 35.41 174.52 22.47 54.79 24.22
300 438.80 148.26 35.65 86.96 16.89
300 588.37 151.74 35.65 86.96 14.04
300 121.00 109.85 25.23 61.54 9.78
330 99.74 175.52 28.28 68.97 57.36
330 93.96 169.02 20.00 48.78 48.54
330 100.00 201.03 50.80 123.90 41.12
330 437.68 150.73 40.00 97.56 38.28
330 139.69 196.08 50.80 123.90 32.65
330 400.30 163.17 20.00 48.78 30.48
360 431.85 130.87 35.65 86.96 65.17
360 162.85 218.15 25.23 61.54 65.07
360 131.04 172.93 20.00 48.78 48.92
360 174.18 246.30 17.83 43.48 38.42
360 386.10 174.52 22.47 54.79 38.01
360 143.88 216.90 28.28 68.97 35.32
360 109.57 170.98 20.00 48.78 24.05
360 477.38 15.96 45.20 110.24 20.06
360 141.14 253.26 17.83 43.48 16.24
360 598.80 179.57 35.65 86.96 13.10
360 414.46 130.87 35.65 86.96 6.90
390 371.04 5.12 20.00 48.78 60.79
390 172.45 241.09 17.83 43.48 56.06
390 72.50 172.93 20.00 48.78 32.75
390 146.63 186.52 35.65 86.96 25.45
390 125.49 173.26 17.83 43.48 23.67
390 536.74 46.09 71.30 173.91 15.70
390 69.84 258.48 17.83 43.48 15.45
390 433.32 9.78 17.83 43.48 14.12
390 502.26 152.60 22.47 54.79 5.27
390 492.01 159.27 20.00 48.78 1.32
420 355.05 175.00 17.83 43.48 45.97
420 563.63 189.86 22.47 54.79 22.62
420 177.41 130.34 56.55 137.93 22.58
420 432.12 152.60 22.47 54.79 21.19
420 383.05 139.02 40.00 97.56 15.56
450 361.28 174.88 20.00 48.78 45.24
450 184.34 141.65 50.80 123.90 33.50
450 589.84 185.43 17.83 43.48 30.33
450 554.86 163.56 22.47 54.79 27.94
450 393.52 121.65 45.20 110.24 25.73
450 323.75 161.09 17.83 43.48 16.14
450 158.16 138.19 31.71 77.35 11.39
450 612.45 181.96 17.83 43.48 8.00
450 427.90 91.48 80.85 197.19 4.62
480 386.96 162.97 31.71 77.35 45.05
480 167.44 175.35 31.71 77.35 21.70
480 162.53 163.56 22.47 54.79 21.25
480 191.85 165.65 35.65 86.96 10.45
480 398.64 97.40 63.78 155.55 2.03
510 422.48 107.01 50.80 123.90 55.91
510 494.18 171.52 17.83 43.48 49.36
510 171.47 145.17 28.28 68.97 45.30
510 283.08 97.81 22.47 54.79 35.37
510 519.33 165.12 20.00 48.78 28.24
510 386.64 145.17 28.28 68.97 14.82
540 399.15 139.38 25.23 61.54 44.04
540 188.84 154.79 22.47 54.79 39.28
540 462.74 89.02 20.00 48.78 22.22
540 408.71 134.14 28.28 68.97 21.40
540 488.04 73.91 71.30 173.91 16.57
540 212.72 176.09 35.65 86.96 9.71
540 598.53 155.87 17.83 43.48 5.86
570 585.55 183.29 22.47 54.79 39.76
570 337.66 176.74 17.83 43.48 34.65
570 465.62 72.92 25.23 61.54 27.34
570 402.34 117.25 45.20 110.24 25.08
570 595.43 182.68 20.00 48.78 25.05
570 516.70 91.17 63.78 155.55 22.20
570 307.19 185.48 22.47 54.79 21.50
570 478.35 73.41 20.00 48.78 19.48
570 265.26 10.00 28.28 68.97 13.74
570 334.22 109.31 28.28 68.97 13.64
570 190.78 172.76 28.28 68.97 12.47
570 353.02 116.91 50.80 123.90 10.83
570 495.15 178.77 25.23 61.54 1.48
600 486.38 14.48 56.55 137.93 36.77
600 601.81 145.17 28.28 68.97 31.34
600 261.41 47.39 35.65 86.96 22.44
600 425.69 97.24 56.55 137.93 21.51
600 587.74 5.75 22.47 54.79 17.01
600 223.09 169.16 31.71 77.35 16.29
600 453.28 75.17 56.55 137.93 16.22
600 349.84 175.00 17.83 43.48 10.28
600 445.27 62.74 22.47 54.79 9.27
630 474.79 40.36 89.69 218.76 42.03
630 534.94 22.68 20.00 48.78 36.87
630 506.64 10.14 22.47 54.79 28.09
630 221.12 172.76 28.28 68.97 24.07
630 233.59 155.22 35.65 86.96 21.16
630 376.20 9.13 35.65 86.96 17.86
630 392.43 28.83 63.78 155.55 11.38
660 554.32 44.26 80.85 197.19 58.44
660 332.45 4.57 17.83 43.48 46.70
660 423.72 176.83 20.00 48.78 44.61
660 325.49 4.57 17.83 43.48 37.40
660 148.08 168.92 25.23 61.54 32.91
660 574.46 9.13 35.65 86.96 27.57
660 22.50 128.62 28.28 68.97 14.37
660 365.18 155.37 20.00 48.78 4.43
660 140.79 180.73 20.00 48.78 2.36
690 94.22 172.76 28.28 68.97 59.37
690 111.58 169.78 17.83 43.48 43.65
690 246.54 166.46 25.23 61.54 31.80
690 87.23 195.87 17.83 43.48 25.31
690 28.37 165.65 35.65 86.96 22.84
690 4.21 200.24 20.00 48.78 17.73
690 230.48 176.71 22.47 54.79 9.90
720 31.85 110.00 35.65 86.96 41.61
720 10.98 110.00 35.65 86.96 27.38
720 64.70 167.07 20.00 48.78 16.70
750 97.66 201.09 17.83 43.48 25.13
750 412.01 172.93 20.00 48.78 20.10
750 7.50 256.09 35.65 86.96 12.15
780 11.90 218.62 56.55 137.93 61.17
780 429.84 91.52 17.83 43.48 35.96
780 26.36 164.57 17.83 43.48 31.60
780 316.71 131.22 40.00 97.56 8.09
780 450.85 68.00 25.23 61.54 4.81
810 51.34 220.98 40.00 97.56 38.15
810 421.77 176.83 20.00 48.78 13.58
810 475.31 20.66 80.85 197.19 10.24
840 80.54 221.30 35.65 86.96 48.96
840 462.81 154.79 22.47 54.79 45.54
840 452.84 7.24 28.28 68.97 35.91
840 591.52 12.93 20.00 48.78 33.91
840 543.88 7.24 28.28 68.97 31.40
840 474.91 70.69 28.28 68.97 30.86
840 370.75 43.01 22.47 54.79 28.64
840 414.27 10.24 40.00 97.56 22.97
840 581.16 14.52 22.47 54.79 15.81
840 293.31 11.38 25.23 61.54 7.97
870 94.27 209.27 40.00 97.56 32.76
900 114.88 212.52 31.71 77.35 46.15
900 357.60 156.99 22.47 54.79 32.20
900 231.58 185.43 17.83 43.48 26.76
930 370.09 147.93 28.28 68.97 67.13
930 49.27 118.06 159.46 388.92 35.53
960 121.06 215.61 31.71 77.35 41.25
960 304.70 75.37 20.00 48.78 25.16
960 406.46 127.32 40.00 97.56 24.45
960 5.95 76.21 28.28 68.97 23.57
960 12.69 294.46 25.23 61.54 8.16
960 10.06 163.17 20.00 48.78 1.56
990 116.08 218.15 25.23 61.54 47.81
990 502.26 161.37 22.47 54.79 26.31
990 298.36 43.10 28.28 68.97 20.04
990 400.54 123.91 35.65 86.96 18.53
990 3.75 162.83 17.83 43.48 6.69
990 210.75 183.29 22.47 54.79 4.49
990 486.21 42.39 45.20 110.24 2.97
990 336.14 20.37 45.20 110.24 0.74
1020 80.49 118.06 159.46 388.92 41.90
1020 489.11 80.27 22.47 54.79 30.70
1020 298.36 32.07 28.28 68.97 25.67
1020 4.73 161.37 22.47 54.79 15.57
1020 482.80 8.13 31.71 77.35 5.60
1020 499.01 99.34 80.85 197.19 5.59
1020 469.40 81.72 28.28 68.97 4.40
1050 108.70 209.42 31.71 77.35 40.46
1050 525.49 20.22 17.83 43.48 27.94
1050 607.33 186.55 28.28 68.97 16.10
1050 579.74 7.24 28.28 68.97 15.34
1050 135.77 127.08 25.23 61.54 4.30
1080 353.53 26.55 28.28 68.97 34.45
1080 421.14 176.74 17.83 43.48 34.23
1080 485.89 197.03 31.71 77.35 29.47
1080 87.96 228.31 63.78 155.55 21.80
1110 415.91 157.32 20.00 48.78 34.02
1110 429.84 166.30 17.83 43.48 24.34
1110 77.61 226.96 71.30 173.91 23.15
1110 283.23 186.59 20.00 48.78 12.17
1110 68.10 122.83 17.83 43.48 0.19
1140 139.40 208.04 17.83 43.48 69.21
1140 438.54 171.38 25.23 61.54 57.59
1140 365.49 181.96 17.83 43.48 50.79
1140 94.27 209.27 40.00 97.56 41.44
1140 450.85 161.54 25.23 61.54 20.12
1140 165.49 201.09 17.83 43.48 15.74
1140 381.71 176.71 22.47 54.79 13.01
1170 454.04 34.25 22.47 54.79 91.52
1170 502.50 65.17 28.28 68.97 46.93
1170 578.65 175.35 31.71 77.35 40.23
1170 105.98 209.27 40.00 97.56 32.71
1170 499.74 186.55 28.28 68.97 27.91
1170 431.58 178.48 17.83 43.48 15.53
1200 412.01 169.02 20.00 48.78 76.10
1200 105.98 209.27 40.00 97.56 49.79
1200 518.53 168.04 17.83 43.48 26.03
1200 591.52 79.27 20.00 48.78 3.12
1230 97.93 207.39 35.65 86.96 50.56
1230 462.74 157.32 20.00 48.78 38.45
1230 312.50 174.88 20.00 48.78 37.59
1230 96.78 264.38 22.47 54.79 32.57
1230 566.46 60.98 40.00 97.56 22.89
1230 443.46 149.23 25.23 61.54 21.11
1230 455.77 117.23 25.23 61.54 18.57
1230 477.07 134.35 35.65 86.96 11.85
1230 598.70 7.95 22.47 54.79 4.91
1260 71.59 224.90 31.71 77.35 49.06
1260 250.06 180.73 20.00 48.78 35.24
1260 306.36 180.22 17.83 43.48 25.84
1260 59.46 92.62 25.23 61.54 22.64
1260 279.33 165.12 20.00 48.78 16.20
1260 557.05 43.01 22.47 54.79 15.25
1260 482.53 86.85 22.47 54.79 10.04
1290 90.98 214.35 35.65 86.96 53.46
1290 436.51 121.92 22.47 54.79 52.34
1290 569.37 8.13 31.71 77.35 30.70
1290 156.40 174.88 20.00 48.78 18.90
1290 429.93 130.68 22.47 54.79 14.35
1290 419.40 8.04 17.83 43.48 3.27
1290 484.02 47.39 35.65 86.96 1.09
1320 539.52 32.05 22.47 54.79 58.88
1320 87.05 218.71 31.71 77.35 53.85
1320 391.77 45.85 25.23 61.54 46.53
1320 349.86 147.48 31.71 77.35 44.84
1320 504.44 8.13 31.71 77.35 43.46
1320 240.30 176.83 20.00 48.78 34.42
1320 565.95 7.24 28.28 68.97 34.35
1320 497.93 78.70 35.65 86.96 25.59
1320 477.38 20.37 45.20 110.24 23.84
1320 292.45 180.22 17.83 43.48 13.52
1320 263.36 159.18 22.47 54.79 12.81
1320 578.65 23.61 31.71 77.35 12.13
1350 80.87 212.52 31.71 77.35 58.41
1380 85.95 214.14 28.28 68.97 44.31
1380 368.41 135.10 31.71 77.35 16.59
1410 189.84 190.65 17.83 43.48 45.39
1410 416.98 145.17 28.28 68.97 26.36
1410 97.93 210.87 35.65 86.96 4.68
1440 110.78 219.66 28.28 68.97 36.46
1440 415.91 157.32 20.00 48.78 24.29
1440 363.75 166.30 17.83 43.48 23.34
1470 405.95 150.69 28.28 68.97 54.05
1470 121.81 219.66 28.28 68.97 40.14
1470 149.40 167.24 28.28 68.97 6.74
1500 138.36 216.90 28.28 68.97 58.34
1500 52.95 91.23 22.47 54.79 42.44
1500 12.69 321.54 25.23 61.54 39.68
1500 15.15 75.38 25.23 61.54 38.66
1500 507.62 120.24 20.00 48.78 37.12
1500 518.53 175.00 17.83 43.48 20.20
1530 15.00 192.17 71.30 173.91 47.36
1530 132.84 219.66 28.28 68.97 44.44
1530 544.38 75.38 25.23 61.54 27.95
1560 17.04 185.90 80.85 197.19 44.85
1560 134.04 213.97 22.47 54.79 21.10
1590 507.54 85.55 31.71 77.35 60.37
1590 50.68 203.38 63.78 155.55 46.87
1590 133.10 200.92 45.20 110.24 38.10
1590 500.08 55.69 25.23 61.54 37.65
1590 522.72 83.61 80.85 197.19 21.54
1620 188.84 181.10 22.47 54.79 40.84
1620 69.32 222.08 63.78 155.55 37.76
1620 155.46 213.23 25.23 61.54 30.59
1620 528.56 7.95 22.47 54.79 19.87
1620 574.66 14.48 56.55 137.93 8.91
1620 541.14 115.87 17.83 43.48 7.14
1650 141.14 119.35 17.83 43.48 37.38
1650 181.41 207.39 35.65 86.96 35.60
1650 566.54 38.46 25.23 61.54 22.89
1650 247.50 137.83 35.65 86.96 7.63
1680 580.17 14.48 56.55 137.93 51.52
1680 190.48 196.51 45.20 110.24 51.51
1680 530.62 28.52 80.85 197.19 38.87
1680 250.98 141.30 35.65 86.96 32.57
1680 472.09 42.68 50.80 123.90 3.51
1680 484.21 10.98 20.00 48.78 0.72
1710 517.38 170.98 20.00 48.78 32.97
1710 242.26 249.02 20.00 48.78 16.97
1740 223.15 176.09 35.65 86.96 17.12
1740 501.14 103.70 17.83 43.48 15.25
1770 6.16 198.29 20.00 48.78 53.98
1770 524.57 7.24 28.28 68.97 36.80
1770 253.96 184.63 20.00 48.78 15.41
1770 269.93 178.90 22.47 54.79 14.79
1770 324.73 89.04 22.47 54.79 12.57
1770 525.00 31.03 56.55 137.93 5.12
1800 5.49 195.87 17.83 43.48 68.12
1800 292.45 75.87 17.83 43.48 58.05
1800 453.31 65.54 25.23 61.54 38.50
1800 549.31 6.46 25.23 61.54 34.17
1800 591.16 136.70 50.80 123.90 29.73
1800 424.89 137.83 35.65 86.96 28.07
1800 522.23 156.62 25.23 61.54 16.32
1800 256.38 171.38 25.23 61.54 15.85
1800 345.67 79.27 20.00 48.78 2.33
1830 359.77 6.46 25.23 61.54 70.26
1830 404.02 9.13 35.65 86.96 58.78
1830 326.92 5.75 22.47 54.79 51.67
1830 380.77 8.13 31.71 77.35 46.30
1830 424.89 9.13 35.65 86.96 29.92
1830 289.09 174.88 20.00 48.78 28.43
1830 562.01 105.43 17.83 43.48 26.87
1830 278.70 174.52 22.47 54.79 23.61
1830 505.67 9.02 20.00 48.78 12.48
1830 573.92 8.92 25.23 61.54 12.19
