30 386.63 186.52 35.65 86.96 51.29
30 471.58 218.36 22.47 54.79 50.82
30 404.08 220.62 25.23 61.54 48.86
30 435.43 229.51 20.00 48.78 31.99
30 455.92 227.17 17.83 43.48 24.49
30 464.70 170.98 20.00 48.78 22.04
30 500.08 235.38 25.23 61.54 16.62
30 407.23 255.00 17.83 43.48 9.95
60 371.34 201.46 40.00 97.56 57.48
60 508.10 225.43 17.83 43.48 48.22
60 39.77 166.46 25.23 61.54 37.10
60 427.15 162.97 31.71 77.35 34.17
60 492.01 155.37 20.00 48.78 28.80
60 381.92 45.85 25.23 61.54 16.48
60 557.07 238.70 35.65 86.96 14.99
60 418.97 224.93 22.47 54.79 14.12
60 450.09 156.21 28.28 68.97 14.07
60 464.62 221.96 17.83 43.48 9.61
60 433.33 215.61 31.71 77.35 3.85
60 499.82 229.51 20.00 48.78 2.82
90 558.35 161.22 20.00 48.78 96.81
90 446.48 205.32 45.20 110.24 51.60
90 519.33 290.00 20.00 48.78 47.67
90 231.77 132.00 25.23 61.54 35.96
90 495.03 192.11 45.20 110.24 33.21
90 556.40 258.78 20.00 48.78 32.81
90 501.35 147.48 31.71 77.35 28.11
90 381.92 198.46 25.23 61.54 22.63
90 29.57 276.34 20.00 48.78 16.84
90 563.19 222.41 28.28 68.97 10.83
90 413.92 198.46 25.23 61.54 10.83
90 374.94 198.29 20.00 48.78 9.72
90 431.85 217.83 35.65 86.96 7.10
120 565.95 109.31 28.28 68.97 67.29
120 585.69 224.14 56.55 137.93 64.91
120 516.29 7.24 28.28 68.97 42.17
120 403.19 181.03 28.28 68.97 27.51
120 454.98 197.03 31.71 77.35 13.99
120 507.46 8.92 25.23 61.54 5.61
150 556.83 205.32 45.20 110.24 92.24
150 416.38 156.62 25.23 61.54 45.19
150 431.85 172.61 35.65 86.96 37.52
150 303.15 166.46 25.23 61.54 36.05
150 250.98 134.35 35.65 86.96 34.11
150 236.69 181.23 25.23 61.54 33.79
150 525.49 126.30 17.83 43.48 26.67
150 325.49 178.48 17.83 43.48 25.03
150 275.33 141.30 35.65 86.96 16.85
150 109.84 108.91 17.83 43.48 8.52
180 511.78 196.08 50.80 123.90 48.59
180 212.99 176.83 20.00 48.78 32.83
180 411.46 139.38 25.23 61.54 28.89
180 308.60 172.93 20.00 48.78 22.44
180 281.81 161.72 28.28 68.97 5.22
210 597.68 170.24 40.00 97.56 89.06
210 582.07 166.34 40.00 97.56 45.27
210 349.86 159.87 31.71 77.35 45.11
210 587.72 231.74 45.20 110.24 43.98
210 238.35 174.88 20.00 48.78 26.67
210 605.92 309.23 25.23 61.54 26.07
210 206.37 172.33 22.47 54.79 6.35
240 372.99 178.78 20.00 48.78 101.43
240 11.90 207.59 56.55 137.93 37.95
240 395.05 187.17 17.83 43.48 33.26
240 381.71 10.14 22.47 54.79 29.62
240 473.59 183.04 35.65 86.96 26.36
240 412.01 178.78 20.00 48.78 15.52
240 572.01 145.61 20.00 48.78 10.89
240 212.99 176.83 20.00 48.78 9.12
240 284.57 156.21 28.28 68.97 0.80
270 447.23 187.17 17.83 43.48 142.19
270 435.43 184.63 20.00 48.78 66.37
270 586.23 178.77 25.23 61.54 56.80
270 375.86 130.46 45.20 110.24 51.07
270 534.54 173.85 25.23 61.54 47.63
270 212.45 178.48 17.83 43.48 29.27
270 316.40 169.02 20.00 48.78 29.24
270 524.69 183.69 25.23 61.54 26.20
270 4.73 229.32 22.47 54.79 12.20
270 223.90 176.71 22.47 54.79 10.11
270 510.78 186.55 28.28 68.97 9.27
300 500.07 185.48 22.47 54.79 208.74
300 478.53 185.43 17.83 43.48 67.36
300 461.14 181.96 17.83 43.48 67.25
300 397.61 87.83 71.30 173.91 28.50
300 320.38 166.46 25.23 61.54 19.53
300 112.12 78.08 22.47 54.79 18.46
300 603.38 178.45 31.71 77.35 13.32
300 66.36 204.57 17.83 43.48 10.67
330 597.20 178.45 31.71 77.35 242.94
330 541.71 185.48 22.47 54.79 108.44
330 340.08 161.54 25.23 61.54 54.52
330 497.62 188.62 25.23 61.54 30.08
330 490.23 196.00 25.23 61.54 21.48
330 433.48 188.54 20.00 48.78 14.56
330 452.72 172.61 35.65 86.96 13.08
330 537.66 204.57 17.83 43.48 7.45
330 463.15 75.38 25.23 61.54 1.05
360 581.74 169.16 31.71 77.35 183.17
360 556.40 186.59 20.00 48.78 71.30
360 571.47 170.00 28.28 68.97 70.17
360 312.80 123.41 40.00 97.56 52.30
360 196.29 65.17 28.28 68.97 32.70
360 40.27 152.39 17.83 43.48 23.42
390 285.27 163.56 22.47 54.79 43.12
390 501.41 249.13 35.65 86.96 39.01
390 322.53 143.84 22.47 54.79 36.25
390 410.21 183.29 22.47 54.79 35.22
390 466.63 176.09 35.65 86.96 34.60
390 32.84 83.61 80.85 197.19 28.57
390 365.18 188.54 20.00 48.78 27.42
390 303.48 113.42 31.71 77.35 26.55
390 91.67 46.67 182.22 444.44 15.74
390 322.53 172.33 22.47 54.79 9.89
390 361.28 167.07 20.00 48.78 3.02
390 432.12 192.05 22.47 54.79 -0.89
420 108.02 142.41 28.28 68.97 54.67
420 447.33 192.07 28.28 68.97 46.46
420 465.00 229.32 22.47 54.79 32.16
420 436.51 203.01 22.47 54.79 25.86
420 400.30 89.02 20.00 48.78 21.20
420 473.53 197.03 31.71 77.35 19.16
420 29.57 169.02 20.00 48.78 14.94
420 19.03 88.65 31.71 77.35 6.74
450 309.84 171.52 17.83 43.48 139.90
450 316.79 168.04 17.83 43.48 84.96
450 492.08 209.42 31.71 77.35 45.60
450 414.46 9.13 35.65 86.96 42.01
450 570.07 205.32 45.20 110.24 41.82
450 541.55 174.48 56.55 137.93 39.38
450 206.37 170.14 22.47 54.79 38.78
450 285.49 171.52 17.83 43.48 33.27
450 477.67 15.52 28.28 68.97 30.80
450 399.25 18.90 22.47 54.79 29.58
450 125.18 165.12 20.00 48.78 25.57
450 37.31 136.92 25.23 61.54 24.85
450 527.13 245.12 20.00 48.78 18.51
450 236.40 169.02 20.00 48.78 14.37
450 276.79 171.52 17.83 43.48 14.22
450 221.92 173.85 25.23 61.54 14.19
480 175.92 168.04 17.83 43.48 82.92
480 495.15 26.15 25.23 61.54 56.21
480 4.21 130.00 20.00 48.78 54.60
480 378.36 66.55 89.69 218.76 37.20
480 423.72 48.05 20.00 48.78 33.47
480 262.07 45.37 40.00 97.56 16.87
480 17.93 130.87 35.65 86.96 16.38
480 73.32 175.00 17.83 43.48 14.19
480 21.41 162.17 35.65 86.96 5.92
510 375.14 156.99 22.47 54.79 176.14
510 348.10 169.78 17.83 43.48 111.01
510 272.12 161.37 22.47 54.79 100.08
510 519.05 236.21 28.28 68.97 39.28
510 328.97 173.26 17.83 43.48 39.10
510 509.92 235.38 25.23 61.54 37.67
510 188.02 134.14 28.28 68.97 36.70
510 367.13 161.22 20.00 48.78 34.24
510 5.31 306.77 25.23 61.54 30.08
510 17.62 287.08 25.23 61.54 23.27
510 422.19 22.91 89.69 218.76 22.43
510 246.46 139.02 40.00 97.56 19.12
510 21.77 112.44 20.00 48.78 17.82
540 588.69 6.46 25.23 61.54 75.19
540 548.60 165.12 20.00 48.78 63.42
540 430.96 22.91 89.69 218.76 52.16
540 298.36 150.69 28.28 68.97 41.61
540 69.84 190.65 17.83 43.48 40.92
540 272.56 150.58 31.71 77.35 29.27
540 10.70 196.08 50.80 123.90 25.71
540 134.94 174.88 20.00 48.78 24.49
540 602.28 151.74 35.65 86.96 22.46
540 160.86 58.62 56.55 137.93 20.64
540 264.89 99.57 35.65 86.96 15.32
540 164.21 176.83 20.00 48.78 3.70
570 49.09 192.44 20.00 48.78 27.32
570 581.74 14.32 31.71 77.35 27.28
600 475.96 172.33 22.47 54.79 192.60
600 484.73 170.14 22.47 54.79 180.60
600 401.44 174.52 22.47 54.79 126.97
600 359.05 170.00 28.28 68.97 126.03
600 467.19 172.33 22.47 54.79 89.68
600 409.00 166.46 25.23 61.54 33.94
600 546.63 151.74 35.65 86.96 21.45
600 441.59 135.12 40.00 97.56 18.64
600 493.49 172.33 22.47 54.79 17.57
600 252.45 154.13 17.83 43.48 12.30
600 32.84 20.66 80.85 197.19 9.55
600 583.77 8.92 25.23 61.54 8.93
630 328.71 172.76 28.28 68.97 192.40
630 267.62 194.39 20.00 48.78 181.67
630 421.31 173.85 25.23 61.54 156.42
630 436.08 173.85 25.23 61.54 153.36
630 288.38 181.23 25.23 61.54 120.95
630 193.53 183.79 28.28 68.97 67.68
630 276.29 175.52 28.28 68.97 63.34
630 216.20 158.70 35.65 86.96 44.60
630 339.74 175.52 28.28 68.97 40.81
630 411.46 173.85 25.23 61.54 35.11
630 37.31 193.54 25.23 61.54 30.38
630 194.26 82.27 50.80 123.90 29.25
630 445.92 176.31 25.23 61.54 24.06
660 229.40 186.55 28.28 68.97 185.48
660 317.67 181.03 28.28 68.97 175.47
660 301.12 181.03 28.28 68.97 173.19
660 384.38 181.23 25.23 61.54 172.30
660 165.31 200.92 25.23 61.54 128.32
660 189.92 196.00 25.23 61.54 114.88
660 238.55 175.35 31.71 77.35 98.40
660 328.71 181.03 28.28 68.97 71.88
660 116.08 168.92 25.23 61.54 48.05
660 61.55 141.38 56.55 137.93 39.05
660 394.23 178.77 25.23 61.54 19.21
690 58.36 197.59 28.28 68.97 252.12
690 85.95 194.83 28.28 68.97 242.54
690 217.00 191.08 25.23 61.54 138.59
690 47.33 197.59 28.28 68.97 118.77
690 4.73 213.97 22.47 54.79 78.93
690 74.23 203.38 25.23 61.54 78.56
690 81.62 215.69 25.23 61.54 38.83
690 578.90 112.84 45.20 110.24 36.70
690 12.69 210.77 25.23 61.54 33.44
690 100.00 141.65 50.80 123.90 30.45
690 275.33 9.13 35.65 86.96 17.03
720 578.17 135.12 40.00 97.56 80.12
720 517.10 126.06 45.20 110.24 57.52
720 436.79 188.91 17.83 43.48 47.16
720 69.84 159.35 17.83 43.48 31.16
720 99.82 147.56 20.00 48.78 22.61
720 19.03 224.90 31.71 77.35 8.37
750 8.97 216.74 17.83 43.48 91.18
750 428.37 103.04 35.65 86.96 56.06
750 464.25 162.97 31.71 77.35 53.45
750 328.21 166.06 31.71 77.35 49.90
750 85.12 146.60 50.80 123.90 46.12
750 155.17 152.48 45.20 110.24 44.76
750 134.18 218.48 17.83 43.48 44.72
750 526.09 156.77 31.71 77.35 32.97
750 390.11 151.74 35.65 86.96 30.47
750 559.25 187.67 22.47 54.79 27.69
750 372.95 115.34 22.47 54.79 22.98
750 146.36 218.48 17.83 43.48 22.61
750 574.46 165.65 35.65 86.96 18.29
750 424.41 134.86 45.20 110.24 14.60
750 23.72 217.80 20.00 48.78 6.39
780 508.10 201.09 17.83 43.48 68.91
780 188.84 178.90 22.47 54.79 52.60
780 394.23 173.85 25.23 61.54 38.54
780 295.60 153.45 28.28 68.97 18.51
780 405.82 183.29 22.47 54.79 16.45
780 341.14 100.22 17.83 43.48 3.84
810 525.18 194.39 20.00 48.78 101.01
810 492.45 195.87 17.83 43.48 93.90
810 386.96 162.97 31.71 77.35 67.66
810 416.78 196.44 22.47 54.79 58.58
810 262.50 150.69 28.28 68.97 50.83
810 365.31 162.97 31.71 77.35 31.51
810 231.77 117.23 25.23 61.54 24.14
810 429.57 104.63 20.00 48.78 15.96
810 328.41 127.32 40.00 97.56 15.57
810 158.53 27.17 17.83 43.48 15.56
810 468.60 194.39 20.00 48.78 10.89
810 146.64 161.72 28.28 68.97 7.44
810 490.71 208.04 17.83 43.48 5.44
840 604.57 186.55 28.28 68.97 92.64
840 313.59 30.00 35.65 86.96 71.95
840 403.62 108.28 56.55 137.93 68.26
840 548.60 192.44 20.00 48.78 62.45
840 117.97 150.58 31.71 77.35 60.96
840 240.54 134.35 35.65 86.96 46.44
840 363.54 142.93 40.00 97.56 38.29
840 318.94 79.35 31.71 77.35 33.24
840 477.67 51.38 28.28 68.97 32.77
840 556.69 186.15 25.23 61.54 30.32
840 219.67 134.35 35.65 86.96 27.24
840 133.43 153.68 31.71 77.35 25.00
840 199.31 64.40 45.20 110.24 24.48
840 108.02 156.21 28.28 68.97 21.69
840 442.33 27.84 50.80 123.90 20.13
840 526.37 40.82 22.47 54.79 16.95
840 297.66 13.26 17.83 43.48 12.15
840 50.75 141.64 22.47 54.79 9.76
840 435.33 172.61 35.65 86.96 7.21
870 422.19 22.91 89.69 218.76 73.50
870 350.78 164.48 28.28 68.97 52.07
870 481.79 143.67 45.20 110.24 47.73
870 111.52 12.93 20.00 48.78 41.25
870 299.67 9.13 35.65 86.96 40.21
870 119.86 108.44 45.20 110.24 39.25
870 549.40 175.52 28.28 68.97 36.37
870 410.21 119.73 22.47 54.79 36.27
870 374.54 13.85 25.23 61.54 27.16
870 353.48 10.98 20.00 48.78 26.88
870 188.02 90.00 28.28 68.97 19.24
870 196.29 145.17 28.28 68.97 11.72
870 223.05 115.61 40.00 97.56 11.72
870 318.94 135.10 31.71 77.35 9.06
870 501.41 176.09 35.65 86.96 4.67
900 484.21 106.59 20.00 48.78 88.65
900 109.84 175.00 17.83 43.48 62.84
900 613.31 168.92 25.23 61.54 49.79
900 559.15 6.46 25.23 61.54 39.76
900 355.33 123.91 35.65 86.96 39.46
900 163.19 84.48 28.28 68.97 33.82
900 226.95 123.41 40.00 97.56 33.41
900 388.10 192.39 17.83 43.48 32.92
900 442.24 141.38 56.55 137.93 31.37
900 529.13 78.70 63.78 155.55 31.13
900 204.57 145.17 28.28 68.97 24.53
900 87.05 135.10 31.71 77.35 23.98
900 586.23 55.69 25.23 61.54 23.57
900 39.79 130.68 22.47 54.79 22.19
900 138.42 159.18 22.47 54.79 19.46
900 431.85 200.43 35.65 86.96 17.65
900 497.88 102.19 22.47 54.79 14.20
900 8.97 135.00 17.83 43.48 10.82
930 477.92 235.38 25.23 61.54 58.81
930 422.50 92.76 28.28 68.97 50.40
930 581.31 31.08 25.23 61.54 30.47
930 140.69 72.92 25.23 61.54 29.29
930 408.60 156.77 31.71 77.35 27.19
930 526.09 51.48 31.71 77.35 26.87
930 59.40 168.04 17.83 43.48 24.68
930 6.16 163.17 20.00 48.78 22.59
930 597.20 11.23 31.71 77.35 20.42
930 199.63 119.51 40.00 97.56 18.69
930 57.66 180.22 17.83 43.48 16.67
930 504.02 96.10 40.00 97.56 11.11
960 410.98 176.09 35.65 86.96 46.54
960 289.39 103.90 40.00 97.56 37.84
960 82.26 67.56 20.00 48.78 36.96
960 138.84 149.51 20.00 48.78 36.26
960 535.60 164.48 28.28 68.97 32.43
960 92.40 60.55 22.47 54.79 31.33
960 106.36 150.65 17.83 43.48 25.18
960 88.01 141.64 22.47 54.79 17.44
960 130.71 154.13 17.83 43.48 16.05
960 263.72 139.76 20.00 48.78 13.57
960 508.84 84.66 22.47 54.79 12.19
960 36.00 95.23 45.20 110.24 5.79
960 414.27 84.39 40.00 97.56 3.90
990 492.08 147.48 31.71 77.35 92.41
990 480.43 147.93 28.28 68.97 65.56
990 85.49 147.17 17.83 43.48 51.79
990 577.93 9.13 35.65 86.96 50.54
990 71.31 11.56 45.20 110.24 43.89
990 36.29 34.83 28.28 68.97 43.55
990 269.88 88.29 40.00 97.56 40.47
990 108.02 125.86 28.28 68.97 40.35
990 568.11 12.93 20.00 48.78 38.11
990 517.60 231.51 22.47 54.79 37.57
990 466.65 149.51 20.00 48.78 29.15
990 397.93 161.28 45.20 110.24 27.13
990 95.91 141.71 20.00 48.78 25.41
990 508.84 227.12 22.47 54.79 21.00
990 523.00 101.03 31.71 77.35 20.41
990 350.78 112.07 28.28 68.97 19.61
990 133.10 82.02 45.20 110.24 19.25
1020 64.70 147.56 20.00 48.78 102.95
1020 13.96 151.46 20.00 48.78 84.82
1020 20.07 139.45 22.47 54.79 74.51
1020 400.30 145.61 20.00 48.78 65.97
1020 314.13 32.17 71.30 173.91 58.48
1020 6.67 8.13 31.71 77.35 48.56
1020 4.21 151.46 20.00 48.78 46.32
1020 94.22 120.34 28.28 68.97 45.14
1020 114.88 72.37 50.80 123.90 41.95
1020 72.50 147.56 20.00 48.78 40.87
1020 444.57 139.66 28.28 68.97 39.10
1020 83.19 123.10 28.28 68.97 29.72
1020 47.15 136.92 25.23 61.54 29.54
1020 7.50 47.39 35.65 86.96 27.53
1020 495.92 93.26 17.83 43.48 21.23
1020 163.19 123.10 28.28 68.97 19.55
1020 507.93 162.44 40.00 97.56 16.00
1020 282.01 154.13 17.83 43.48 13.72
1020 523.54 139.02 40.00 97.56 5.61
1050 6.16 145.61 20.00 48.78 128.64
1050 371.04 147.56 20.00 48.78 90.18
1050 358.53 145.43 17.83 43.48 79.59
1050 279.35 18.26 71.30 173.91 57.03
1050 15.66 77.32 50.80 123.90 56.96
1050 55.35 67.42 50.80 123.90 45.24
1050 530.71 159.35 17.83 43.48 39.18
1050 560.54 165.65 35.65 86.96 34.93
1050 335.91 149.51 20.00 48.78 20.20
1050 4.21 165.12 20.00 48.78 14.21
1050 251.52 18.26 71.30 173.91 14.14
1050 101.77 139.76 20.00 48.78 5.48
1050 424.06 107.23 31.71 77.35 4.74
1080 197.60 148.22 22.47 54.79 72.84
1080 285.92 154.15 25.23 61.54 69.22
1080 9.76 128.90 31.71 77.35 49.18
1080 221.71 159.18 22.47 54.79 47.16
1080 233.32 168.04 17.83 43.48 41.94
1080 122.24 80.69 56.55 137.93 40.09
1080 447.13 79.27 20.00 48.78 31.07
1080 269.57 155.37 20.00 48.78 28.93
1080 465.00 146.83 40.00 97.56 23.90
1080 607.13 159.27 20.00 48.78 17.89
1080 310.11 151.74 35.65 86.96 15.18
1080 579.82 100.73 20.00 48.78 7.44
1110 212.95 167.95 22.47 54.79 98.99
1110 283.23 170.98 20.00 48.78 72.05
1110 309.40 158.97 28.28 68.97 69.50
1110 240.30 170.98 20.00 48.78 49.01
1110 22.50 134.14 28.28 68.97 46.18
1110 467.34 150.58 31.71 77.35 39.93
1110 247.50 116.96 35.65 86.96 31.47
1110 38.80 116.96 35.65 86.96 27.28
1110 455.60 158.97 28.28 68.97 19.59
1110 5.95 134.14 28.28 68.97 13.98
1110 116.72 80.69 56.55 137.93 4.45
1140 195.43 182.68 20.00 48.78 150.91
1140 236.79 171.52 17.83 43.48 82.52
1140 44.57 142.41 28.28 68.97 78.81
1140 331.47 164.48 28.28 68.97 61.65
1140 7.50 141.30 35.65 86.96 52.72
1140 278.70 174.52 22.47 54.79 51.19
1140 269.57 174.88 20.00 48.78 41.91
1140 34.85 149.23 25.23 61.54 34.12
1140 63.15 127.39 35.65 86.96 27.17
1140 412.45 187.17 17.83 43.48 19.22
1170 154.45 190.49 20.00 48.78 69.10
1170 43.77 144.39 31.71 77.35 50.49
1170 21.14 178.48 17.83 43.48 45.33
1170 4.21 169.02 20.00 48.78 34.44
1170 63.05 123.41 40.00 97.56 24.02
1170 33.53 150.69 28.28 68.97 16.70
1170 223.70 25.22 71.30 173.91 9.69
1170 614.18 192.39 17.83 43.48 3.40
1170 514.85 72.92 25.23 61.54 0.17
1200 111.52 194.39 20.00 48.78 143.96
1200 119.33 194.39 20.00 48.78 99.10
1200 85.95 172.76 28.28 68.97 51.88
1200 63.15 165.65 35.65 86.96 44.37
1200 565.49 199.35 17.83 43.48 44.26
1200 3.75 98.48 17.83 43.48 40.88
1200 275.43 169.02 20.00 48.78 33.10
1200 268.10 173.26 17.83 43.48 13.97
1200 4.21 196.34 20.00 48.78 8.63
1230 565.49 199.35 17.83 43.48 104.40
1230 456.89 196.34 20.00 48.78 56.64
1230 451.04 188.54 20.00 48.78 25.33
1230 264.89 172.61 35.65 86.96 16.03
1230 43.77 150.58 31.71 77.35 15.29
1230 374.18 166.30 17.83 43.48 13.35
1230 59.52 137.26 22.47 54.79 8.21
1230 35.43 161.22 20.00 48.78 7.20
1230 493.49 93.42 22.47 54.79 0.19
1260 391.58 199.35 17.83 43.48 70.81
1260 144.62 181.96 17.83 43.48 36.34
1260 410.06 196.34 20.00 48.78 30.89
1260 189.84 173.26 17.83 43.48 12.99
1260 3.75 103.70 17.83 43.48 11.11
1290 7.23 201.09 17.83 43.48 147.60
1290 456.89 200.24 20.00 48.78 82.35
1290 113.48 196.34 20.00 48.78 78.28
1290 46.86 153.68 31.71 77.35 36.63
1290 3.75 100.22 17.83 43.48 33.40
1290 445.49 194.13 17.83 43.48 5.97
1290 370.09 175.52 28.28 68.97 4.77
1320 59.52 139.45 22.47 54.79 34.08
1320 331.30 178.45 31.71 77.35 18.88
1320 493.49 97.81 22.47 54.79 17.81
1320 275.43 165.12 20.00 48.78 16.41
1320 315.05 180.22 17.83 43.48 2.49
1320 511.52 223.66 20.00 48.78 0.69
1350 4.21 256.83 20.00 48.78 82.86
1350 150.10 103.64 63.78 155.55 38.25
1350 265.98 135.12 40.00 97.56 15.38
1380 219.52 205.21 22.47 54.79 60.49
1380 254.46 196.96 35.65 86.96 49.94
1380 38.53 140.22 17.83 43.48 39.57
1380 29.84 141.96 17.83 43.48 13.80
1380 272.56 200.13 31.71 77.35 -0.04
1410 3.75 201.09 17.83 43.48 78.05
1410 434.32 5.75 22.47 54.79 60.25
1410 47.33 156.21 28.28 68.97 54.36
1410 109.93 187.67 22.47 54.79 49.13
1410 480.30 10.98 20.00 48.78 46.88
1410 488.11 7.07 20.00 48.78 38.34
1410 298.45 156.49 50.80 123.90 29.46
1410 59.67 141.30 35.65 86.96 28.66
1410 8.71 170.00 28.28 68.97 19.50
1410 349.84 220.22 17.83 43.48 12.49
1440 480.43 161.72 28.28 68.97 22.42
1440 206.67 83.61 80.85 197.19 8.71
1440 497.87 104.63 20.00 48.78 3.52
1470 47.33 158.97 28.28 68.97 57.62
1470 510.63 79.35 31.71 77.35 10.16
1500 5.49 204.57 17.83 43.48 60.23
1500 565.49 202.83 17.83 43.48 54.34
1500 50.09 158.97 28.28 68.97 42.29
1500 517.38 102.68 20.00 48.78 16.81
1500 127.13 196.34 20.00 48.78 15.25
1530 5.31 328.92 25.23 61.54 90.36
1530 8.41 193.66 40.00 97.56 86.38
1530 12.32 228.78 40.00 97.56 68.28
1530 454.94 200.24 20.00 48.78 60.20
1530 4.21 364.15 20.00 48.78 49.29
1530 47.33 158.97 28.28 68.97 43.77
1530 566.16 202.20 20.00 48.78 41.71
1530 5.31 272.31 25.23 61.54 39.39
1530 443.08 194.25 22.47 54.79 33.64
1530 17.93 270.00 35.65 86.96 32.28
1530 515.43 102.68 20.00 48.78 25.48
1560 44.89 150.00 145.33 354.45 143.77
1560 144.44 150.00 145.33 354.45 128.81
1560 390.55 190.49 20.00 48.78 62.15
1560 443.23 194.39 20.00 48.78 50.20
1560 457.66 202.83 17.83 43.48 48.20
1560 112.69 106.15 126.15 307.69 40.25
1560 316.79 176.74 17.83 43.48 25.13
1560 335.68 165.75 22.47 54.79 24.75
1560 287.33 167.24 28.28 68.97 1.54
1590 400.44 150.00 145.33 354.45 215.26
1590 272.44 150.00 145.33 354.45 136.80
1590 356.00 143.27 100.71 245.62 85.92
1590 226.63 231.74 35.65 86.96 33.26
1590 360.82 276.00 89.69 218.76 25.89
1590 436.51 7.95 22.47 54.79 7.36
1620 500.00 150.00 145.33 354.45 152.07
1620 394.86 187.67 22.47 54.79 68.49
1620 472.09 205.98 50.80 123.90 53.14
1620 226.32 29.30 114.81 280.01 38.23
1620 201.28 124.15 20.00 48.78 26.61
1620 10.98 137.83 35.65 86.96 19.48
1650 394.86 187.67 22.47 54.79 86.87
1650 244.73 193.94 31.71 77.35 26.41
1650 231.77 166.46 25.23 61.54 10.03
1680 397.05 183.29 22.47 54.79 83.09
1680 568.11 200.24 20.00 48.78 50.32
1680 229.40 164.48 28.28 68.97 29.91
1680 614.94 202.20 20.00 48.78 8.31
1680 258.76 131.75 50.80 123.90 5.56
1710 394.91 178.28 28.28 68.97 102.38
1710 218.36 167.24 28.28 68.97 71.03
1710 570.06 200.24 20.00 48.78 45.92
1710 311.58 176.74 17.83 43.48 42.49
1710 408.01 196.44 22.47 54.79 42.31
1710 523.23 96.83 20.00 48.78 27.47
1710 328.21 172.26 31.71 77.35 21.17
1710 365.49 202.83 17.83 43.48 19.95
1710 560.30 188.54 20.00 48.78 17.31
1710 268.02 161.72 28.28 68.97 6.27
1740 394.91 181.03 28.28 68.97 132.57
1740 215.60 161.72 28.28 68.97 67.95
1740 325.12 175.35 31.71 77.35 51.11
1740 574.59 200.82 22.47 54.79 46.78
1740 186.36 121.09 17.83 43.48 28.84
1740 403.19 194.83 28.28 68.97 23.40
1740 261.31 168.92 25.23 61.54 16.09
1740 557.00 166.06 31.71 77.35 13.00
1770 394.91 183.79 28.28 68.97 95.51
1770 207.63 166.06 31.71 77.35 47.25
1770 352.38 164.00 25.23 61.54 29.82
1770 324.02 176.09 35.65 86.96 28.00
1770 447.23 171.52 17.83 43.48 24.24
1770 349.84 4.57 17.83 43.48 21.73
1770 358.53 4.57 17.83 43.48 20.96
1770 69.84 175.00 17.83 43.48 11.62
1800 195.73 162.44 40.00 97.56 57.29
1800 399.15 183.69 25.23 61.54 52.08
1800 349.92 164.00 25.23 61.54 23.30
1800 322.53 183.29 22.47 54.79 22.16
1800 586.36 206.30 17.83 43.48 20.62
1800 563.19 166.06 31.71 77.35 5.61
1830 583.72 208.05 20.00 48.78 94.78
1830 292.84 181.03 28.28 68.97 67.25
1830 486.92 209.59 22.47 54.79 66.61
1830 303.15 200.92 25.23 61.54 45.66
1830 209.24 176.09 35.65 86.96 38.07
1830 317.67 183.79 28.28 68.97 35.15
1830 92.01 174.88 20.00 48.78 21.60
1830 187.93 158.54 40.00 97.56 18.08
1830 349.86 184.65 31.71 77.35 15.92
1830 360.27 4.57 17.83 43.48 15.42
1830 179.82 124.15 20.00 48.78 11.33
