30 488.71 186.55 28.28 68.97 259.96
30 560.54 169.13 35.65 86.96 92.80
30 439.33 200.24 20.00 48.78 59.62
30 480.34 194.25 22.47 54.79 47.59
30 7.77 215.69 25.23 61.54 31.39
30 527.23 206.30 17.83 43.48 27.71
30 115.43 188.54 20.00 48.78 22.60
30 508.84 14.52 22.47 54.79 18.91
30 427.62 200.24 20.00 48.78 17.77
30 502.54 186.15 25.23 61.54 13.77
30 68.10 209.78 17.83 43.48 10.30
60 510.78 189.31 28.28 68.97 252.10
60 486.16 188.54 20.00 48.78 121.03
60 578.17 162.44 40.00 97.56 103.18
60 499.74 186.55 28.28 68.97 95.86
60 426.23 193.54 25.23 61.54 60.95
60 526.37 211.78 22.47 54.79 53.92
60 103.36 187.67 22.47 54.79 39.71
60 443.08 200.82 22.47 54.79 37.52
60 541.14 208.04 17.83 43.48 35.02
60 492.69 6.46 25.23 61.54 28.96
60 10.23 112.31 25.23 61.54 26.69
60 478.53 194.13 17.83 43.48 12.74
60 494.46 54.35 35.65 86.96 6.42
60 454.18 46.30 17.83 43.48 2.34
90 563.19 184.65 31.71 77.35 234.65
90 575.56 187.74 31.71 77.35 84.16
90 495.15 183.69 25.23 61.54 72.35
90 468.08 198.46 25.23 61.54 56.40
90 512.69 11.56 45.20 110.24 29.19
90 20.07 115.34 22.47 54.79 13.35
120 559.25 178.90 22.47 54.79 29.40
120 491.47 186.55 28.28 68.97 22.42
120 138.42 176.71 22.47 54.79 13.53
120 516.81 197.03 31.71 77.35 1.90
150 570.37 181.95 40.00 97.56 45.51
150 535.92 187.17 17.83 43.48 43.28
150 389.31 198.46 25.23 61.54 21.81
180 414.78 197.03 31.71 77.35 60.24
180 405.49 211.52 17.83 43.48 55.65
180 439.52 200.13 31.71 77.35 40.36
180 451.88 193.94 31.71 77.35 14.94
180 529.09 208.05 20.00 48.78 7.70
210 570.37 252.20 40.00 97.56 61.80
210 453.29 217.07 40.00 97.56 46.12
210 465.00 201.46 40.00 97.56 45.72
210 576.28 201.03 50.80 123.90 45.19
210 513.32 286.30 17.83 43.48 21.54
210 434.32 216.16 22.47 54.79 18.15
240 4.73 172.33 22.47 54.79 30.80
240 582.07 252.20 40.00 97.56 28.55
240 507.54 228.00 31.71 77.35 28.32
240 473.59 217.83 35.65 86.96 7.37
270 59.52 172.33 22.47 54.79 42.84
270 537.00 161.54 25.23 61.54 25.72
270 513.53 236.21 28.28 68.97 9.05
270 85.49 157.61 17.83 43.48 3.88
300 98.85 171.38 25.23 61.54 71.52
300 446.48 205.32 45.20 110.24 43.95
300 393.14 203.23 31.71 77.35 43.27
300 484.51 193.66 40.00 97.56 31.49
300 196.79 187.17 17.83 43.48 29.41
300 428.69 141.85 25.23 61.54 -0.12
330 203.75 188.91 17.83 43.48 89.77
330 461.12 189.31 28.28 68.97 84.01
330 508.91 206.09 71.30 173.91 79.43
330 191.58 188.91 17.83 43.48 68.95
330 162.01 190.65 17.83 43.48 62.93
330 49.09 186.59 20.00 48.78 60.15
330 148.10 192.39 17.83 43.48 36.44
330 396.23 169.16 31.71 77.35 26.98
330 396.69 6.46 25.23 61.54 17.85
330 560.54 165.65 35.65 86.96 15.18
330 394.86 64.93 22.47 54.79 2.99
360 189.57 190.49 20.00 48.78 108.93
360 208.97 194.13 17.83 43.48 82.78
360 145.62 178.77 25.23 61.54 73.09
360 179.40 188.91 17.83 43.48 62.92
360 570.07 187.71 45.20 110.24 53.27
360 132.45 197.61 17.83 43.48 48.44
360 447.29 12.99 50.80 123.90 37.65
360 109.57 192.44 20.00 48.78 18.54
390 220.79 192.44 20.00 48.78 135.76
390 203.23 194.39 20.00 48.78 98.48
390 189.57 186.59 20.00 48.78 79.01
390 148.08 178.77 25.23 61.54 51.22
390 166.16 194.39 20.00 48.78 49.07
390 374.18 188.91 17.83 43.48 36.73
390 52.99 165.12 20.00 48.78 31.20
390 135.92 201.09 17.83 43.48 29.82
390 587.72 143.67 45.20 110.24 12.09
390 82.01 199.35 17.83 43.48 11.37
390 47.13 192.44 20.00 48.78 5.39
420 236.69 191.08 25.23 61.54 127.37
420 215.14 192.05 22.47 54.79 125.16
420 171.30 187.67 22.47 54.79 88.82
420 138.84 202.20 20.00 48.78 81.69
420 158.15 189.86 22.47 54.79 61.04
420 200.27 197.61 17.83 43.48 60.67
420 71.58 202.83 17.83 43.48 42.29
420 35.43 200.24 20.00 48.78 28.49
420 149.38 198.63 22.47 54.79 25.67
420 62.88 202.83 17.83 43.48 13.31
420 99.82 204.15 20.00 48.78 6.61
450 130.85 193.54 25.23 61.54 155.20
450 83.63 194.25 22.47 54.79 123.71
450 37.31 198.46 25.23 61.54 109.57
450 149.40 186.55 28.28 68.97 89.42
450 66.85 191.08 25.23 61.54 82.13
450 6.92 203.01 22.47 54.79 65.33
450 52.08 198.46 25.23 61.54 59.75
450 111.52 196.34 20.00 48.78 55.79
450 543.88 181.03 28.28 68.97 44.99
450 120.89 196.44 22.47 54.79 44.76
450 5.49 119.35 17.83 43.48 37.45
450 57.00 186.15 25.23 61.54 27.50
480 569.14 141.38 56.55 137.93 207.37
480 561.24 117.25 45.20 110.24 55.12
480 390.55 198.29 20.00 48.78 40.69
480 546.51 141.65 50.80 123.90 22.67
480 157.67 170.00 28.28 68.97 8.42
480 52.08 191.08 25.23 61.54 4.09
510 265.43 143.48 71.30 173.91 184.26
510 149.38 216.16 22.47 54.79 50.66
510 336.50 122.34 63.78 155.55 26.45
510 499.45 121.65 45.20 110.24 23.60
540 293.29 139.02 40.00 97.56 79.05
540 506.36 178.48 17.83 43.48 44.71
540 87.96 153.51 63.78 155.55 31.41
540 579.40 175.00 17.83 43.48 15.00
540 588.02 145.17 28.28 68.97 4.36
570 128.69 134.86 45.20 110.24 49.99
570 306.63 148.26 35.65 86.96 30.80
570 598.53 211.52 17.83 43.48 14.73
570 330.98 144.78 35.65 86.96 12.35
570 573.92 196.00 25.23 61.54 8.32
570 435.05 178.48 17.83 43.48 6.35
570 605.92 196.00 25.23 61.54 2.61
600 539.67 190.00 35.65 86.96 42.60
600 237.05 178.90 22.47 54.79 38.63
600 601.81 216.90 28.28 68.97 34.50
600 526.37 213.97 22.47 54.79 31.86
600 483.75 187.17 17.83 43.48 31.80
600 505.26 181.03 28.28 68.97 29.67
600 508.02 203.10 28.28 68.97 23.20
600 157.92 178.77 25.23 61.54 21.54
600 173.62 166.06 31.71 77.35 14.66
630 404.21 192.44 20.00 48.78 148.57
630 412.40 187.67 22.47 54.79 78.46
630 465.00 211.78 22.47 54.79 59.93
630 600.29 255.87 31.71 77.35 48.38
630 473.53 187.74 31.71 77.35 39.39
630 450.85 213.23 25.23 61.54 29.48
630 394.86 174.52 22.47 54.79 29.13
630 156.79 187.17 17.83 43.48 26.78
630 427.74 189.86 22.47 54.79 24.00
630 131.85 181.10 22.47 54.79 19.89
630 6.92 227.12 22.47 54.79 14.50
630 513.72 162.97 31.71 77.35 12.80
630 68.60 180.73 20.00 48.78 10.96
630 587.74 181.10 22.47 54.79 0.61
630 460.62 224.93 22.47 54.79 0.29
660 307.19 189.86 22.47 54.79 150.61
660 604.57 175.52 28.28 68.97 107.04
660 315.96 192.05 22.47 54.79 54.90
660 480.61 185.85 40.00 97.56 44.45
660 401.62 173.85 25.23 61.54 35.46
660 361.99 174.52 22.47 54.79 32.24
660 584.62 188.91 17.83 43.48 27.77
660 74.86 165.75 22.47 54.79 27.54
660 538.84 145.61 20.00 48.78 25.70
660 379.52 174.52 22.47 54.79 23.67
660 8.71 175.52 28.28 68.97 19.61
660 591.58 188.91 17.83 43.48 17.55
660 353.48 180.73 20.00 48.78 11.86
690 234.91 186.55 28.28 68.97 189.01
690 224.38 193.54 25.23 61.54 66.03
690 361.99 181.10 22.47 54.79 51.03
690 374.94 184.63 20.00 48.78 35.53
690 564.57 143.48 71.30 173.91 33.90
690 318.94 135.10 31.71 77.35 28.39
690 6.16 260.73 20.00 48.78 19.89
690 405.82 174.52 22.47 54.79 16.49
690 418.85 178.77 25.23 61.54 13.11
690 65.27 171.34 50.80 123.90 7.27
720 136.20 186.52 35.65 86.96 234.86
720 150.11 186.52 35.65 86.96 131.97
720 439.33 194.39 20.00 48.78 59.12
720 49.62 183.69 25.23 61.54 53.81
720 78.35 190.49 20.00 48.78 46.29
720 425.26 167.24 28.28 68.97 44.69
720 358.53 197.61 17.83 43.48 26.19
720 414.18 201.09 17.83 43.48 25.25
720 563.19 240.39 31.71 77.35 22.26
720 269.93 176.71 22.47 54.79 17.82
720 367.15 176.31 25.23 61.54 16.36
720 405.49 192.39 17.83 43.48 16.19
720 105.55 181.10 22.47 54.79 15.39
720 355.05 121.09 17.83 43.48 10.82
750 16.22 189.76 40.00 97.56 206.62
750 447.13 184.63 20.00 48.78 66.95
750 226.18 153.68 31.71 77.35 44.21
750 375.60 172.76 28.28 68.97 38.87
750 473.77 192.05 22.47 54.79 38.44
750 426.23 173.85 25.23 61.54 32.56
750 59.40 197.61 17.83 43.48 30.48
750 5.31 223.08 25.23 61.54 29.07
750 5.95 156.21 28.28 68.97 27.80
750 42.23 173.85 25.23 61.54 20.73
750 394.23 176.31 25.23 61.54 18.88
780 440.27 201.09 17.83 43.48 97.16
780 459.40 197.61 17.83 43.48 66.25
780 494.18 195.87 17.83 43.48 60.00
780 220.00 153.68 31.71 77.35 35.48
780 390.55 196.34 20.00 48.78 32.30
780 433.32 199.35 17.83 43.48 31.26
780 473.32 194.13 17.83 43.48 31.17
780 457.66 209.78 17.83 43.48 25.38
780 562.56 181.95 40.00 97.56 24.10
780 3.75 199.35 17.83 43.48 22.39
780 142.81 172.33 22.47 54.79 18.42
780 160.30 172.93 20.00 48.78 10.25
810 451.04 198.29 20.00 48.78 140.21
810 468.10 199.35 17.83 43.48 114.81
810 513.22 183.29 22.47 54.79 83.67
810 341.14 202.83 17.83 43.48 63.36
810 426.36 197.61 17.83 43.48 55.65
810 397.67 181.03 28.28 68.97 52.45
810 443.23 198.29 20.00 48.78 47.77
810 45.18 188.54 20.00 48.78 41.40
810 477.67 178.28 28.28 68.97 37.20
810 123.75 188.91 17.83 43.48 36.77
810 4.73 183.29 22.47 54.79 33.60
810 102.50 161.72 28.28 68.97 14.81
810 348.10 202.83 17.83 43.48 13.25
810 54.18 194.13 17.83 43.48 1.25
840 480.27 197.61 17.83 43.48 159.81
840 344.62 195.87 17.83 43.48 86.85
840 492.69 193.54 25.23 61.54 64.08
840 471.58 197.61 17.83 43.48 60.17
840 45.49 192.39 17.83 43.48 53.49
840 359.33 200.24 20.00 48.78 45.62
840 527.23 202.83 17.83 43.48 41.26
840 146.36 178.48 17.83 43.48 35.19
840 191.85 134.35 35.65 86.96 32.60
840 14.18 195.87 17.83 43.48 28.97
840 119.33 182.68 20.00 48.78 25.35
840 377.33 192.05 22.47 54.79 10.30
870 521.99 198.63 22.47 54.79 201.24
870 504.45 198.63 22.47 54.79 182.30
870 339.82 194.39 20.00 48.78 156.55
870 485.49 199.35 17.83 43.48 113.92
870 348.10 201.09 17.83 43.48 79.28
870 29.84 190.65 17.83 43.48 51.22
870 68.10 187.17 17.83 43.48 45.04
870 217.33 165.75 22.47 54.79 35.85
870 165.49 176.74 17.83 43.48 23.00
870 59.40 187.17 17.83 43.48 15.32
870 368.56 203.01 22.47 54.79 5.75
900 576.98 189.31 28.28 68.97 240.64
900 560.43 192.07 28.28 68.97 194.61
900 346.64 192.05 22.47 54.79 125.17
900 355.41 194.25 22.47 54.79 95.33
900 152.50 169.02 20.00 48.78 56.90
900 367.15 198.46 25.23 61.54 31.13
900 462.81 231.51 22.47 54.79 31.03
900 377.33 196.44 22.47 54.79 21.71
900 390.48 161.37 22.47 54.79 3.68
930 372.08 188.62 25.23 61.54 216.51
930 414.22 200.34 28.28 68.97 92.18
930 160.27 190.65 17.83 43.48 70.15
930 47.15 171.38 25.23 61.54 67.19
930 61.14 181.96 17.83 43.48 57.34
930 5.95 167.24 28.28 68.97 52.78
930 576.78 167.95 22.47 54.79 49.93
930 428.69 203.38 25.23 61.54 37.67
930 391.77 193.54 25.23 61.54 30.87
930 214.54 156.62 25.23 61.54 24.04
930 78.35 174.88 20.00 48.78 15.88
930 327.23 176.74 17.83 43.48 15.32
930 285.49 176.74 17.83 43.48 6.52
930 589.93 121.92 22.47 54.79 5.80
960 410.37 174.15 40.00 97.56 123.04
960 431.85 186.52 35.65 86.96 114.10
960 569.37 255.87 31.71 77.35 52.84
960 47.15 193.54 25.23 61.54 51.78
960 445.76 183.04 35.65 86.96 49.02
960 31.03 176.71 22.47 54.79 33.39
960 486.21 196.51 45.20 110.24 29.71
960 155.46 156.62 25.23 61.54 27.20
960 11.30 185.48 22.47 54.79 26.63
960 544.64 175.35 31.71 77.35 16.75
960 349.92 149.23 25.23 61.54 10.38
990 537.00 252.62 25.23 61.54 64.47
990 6.92 181.10 22.47 54.79 60.93
990 492.45 164.57 17.83 43.48 55.81
990 494.46 214.35 35.65 86.96 54.49
990 398.53 185.43 17.83 43.48 45.30
990 507.93 209.27 40.00 97.56 26.22
990 3.75 115.87 17.83 43.48 24.06
990 289.24 127.39 35.65 86.96 20.58
990 28.84 178.90 22.47 54.79 20.30
990 438.53 168.04 17.83 43.48 14.95
990 350.78 145.17 28.28 68.97 12.11
990 156.40 172.93 20.00 48.78 8.19
1020 618.42 183.29 22.47 54.79 81.14
1020 116.51 170.14 22.47 54.79 40.83
1020 452.45 180.22 17.83 43.48 28.80
1020 102.50 156.21 28.28 68.97 25.53
1020 585.55 163.56 22.47 54.79 25.42
1020 351.52 186.59 20.00 48.78 11.13
1020 91.47 153.45 28.28 68.97 7.70
1050 285.27 176.71 22.47 54.79 120.80
1050 293.31 173.85 25.23 61.54 52.60
1050 524.57 34.83 28.28 68.97 47.54
1050 615.77 188.62 25.23 61.54 33.08
1050 77.07 183.04 35.65 86.96 25.55
1050 384.69 130.46 45.20 110.24 15.51
1050 4.73 152.60 22.47 54.79 14.13
1080 177.66 183.70 17.83 43.48 173.28
1080 525.18 77.32 20.00 48.78 74.74
1080 488.11 5.12 20.00 48.78 70.04
1080 482.26 170.98 20.00 48.78 62.10
1080 368.97 143.70 17.83 43.48 30.34
1080 334.18 6.30 17.83 43.48 19.48
1080 168.97 185.43 17.83 43.48 17.90
1080 415.92 173.26 17.83 43.48 7.98
1080 206.37 165.75 22.47 54.79 6.27
1080 318.94 150.58 31.71 77.35 2.07
1110 142.74 174.88 20.00 48.78 196.78
1110 134.94 172.93 20.00 48.78 73.91
1110 524.18 156.99 22.47 54.79 56.75
1110 568.97 122.83 17.83 43.48 51.92
1110 390.05 135.10 31.71 77.35 42.78
1110 57.33 146.03 22.47 54.79 21.92
1110 519.33 174.88 20.00 48.78 12.06
1110 467.19 154.79 22.47 54.79 3.59
1140 147.19 172.33 22.47 54.79 155.20
1140 113.32 150.65 17.83 43.48 36.36
1140 468.60 120.24 20.00 48.78 32.51
1140 611.85 174.52 22.47 54.79 29.13
1140 406.46 127.32 40.00 97.56 8.68
1140 155.46 171.38 25.23 61.54 8.35
1170 112.12 178.90 22.47 54.79 138.61
1170 515.43 116.34 20.00 48.78 63.89
1170 103.36 178.90 22.47 54.79 53.86
1170 142.88 155.87 17.83 43.48 39.85
1170 20.12 92.20 40.00 97.56 24.81
1170 45.18 180.73 20.00 48.78 18.94
1170 539.40 155.87 17.83 43.48 13.16
1200 22.54 188.62 25.23 61.54 158.56
1200 522.01 129.78 17.83 43.48 81.89
1200 315.96 137.26 22.47 54.79 44.61
1200 125.18 163.17 20.00 48.78 32.07
1200 603.08 163.56 22.47 54.79 13.12
1200 35.43 196.34 20.00 48.78 8.68
1200 203.23 163.17 20.00 48.78 6.88
1200 311.58 63.70 17.83 43.48 1.69
1230 515.43 130.00 20.00 48.78 54.00
1260 464.70 126.10 20.00 48.78 108.39
1260 539.15 107.80 40.00 97.56 32.88
1260 572.46 159.87 31.71 77.35 27.38
1260 39.77 159.08 25.23 61.54 27.00
1260 557.00 169.16 31.71 77.35 15.63
1290 345.67 122.20 20.00 48.78 93.13
1290 550.82 162.97 31.71 77.35 72.46
1290 585.55 146.03 22.47 54.79 65.19
1290 529.62 183.69 25.23 61.54 61.99
1290 458.36 161.72 28.28 68.97 52.40
1290 8.11 161.22 20.00 48.78 47.94
1290 419.74 112.07 28.28 68.97 47.54
1290 498.26 169.16 31.71 77.35 40.21
1290 452.99 198.29 20.00 48.78 30.30
1290 571.47 145.17 28.28 68.97 27.95
1290 538.45 187.74 31.71 77.35 24.15
1290 427.62 188.54 20.00 48.78 20.48
1290 576.78 192.05 22.47 54.79 6.86
1290 337.87 124.15 20.00 48.78 3.33
1320 215.14 115.34 22.47 54.79 81.04
1320 396.23 162.97 31.71 77.35 52.69
1320 428.37 155.22 35.65 86.96 47.50
1320 377.68 166.06 31.71 77.35 46.03
1320 332.32 142.93 40.00 97.56 45.73
1320 410.37 135.12 40.00 97.56 41.00
1320 455.31 139.27 45.20 110.24 39.95
1320 286.80 91.17 63.78 155.55 28.49
1320 529.62 104.92 25.23 61.54 21.82
1320 10.71 181.96 17.83 43.48 14.36
1320 435.05 100.22 17.83 43.48 10.44
1350 358.53 96.74 17.83 43.48 42.01
1350 342.26 89.04 22.47 54.79 33.97
1350 121.28 120.24 20.00 48.78 33.81
1350 113.48 124.15 20.00 48.78 10.57
1380 48.56 119.73 22.47 54.79 73.29
1380 250.21 192.05 22.47 54.79 48.40
1380 375.60 101.03 28.28 68.97 41.95
1380 548.10 211.52 17.83 43.48 40.65
1380 174.46 155.22 35.65 86.96 39.54
1380 313.00 186.15 25.23 61.54 36.17
1380 325.31 31.08 25.23 61.54 29.14
1380 138.42 194.25 22.47 54.79 24.85
1380 130.34 107.23 31.71 77.35 13.63
1380 606.47 162.97 31.71 77.35 13.45
1410 10.06 118.29 20.00 48.78 73.00
1410 129.39 146.83 40.00 97.56 50.77
1410 572.40 183.29 22.47 54.79 46.54
1410 273.62 141.85 25.23 61.54 37.56
1410 93.24 166.06 31.71 77.35 26.51
1410 214.18 199.35 17.83 43.48 24.02
1410 5.49 129.78 17.83 43.48 22.43
1410 110.78 167.24 28.28 68.97 21.91
1410 221.55 146.90 56.55 137.93 18.08
1410 253.92 97.54 25.23 61.54 2.36
1440 308.08 104.92 25.23 61.54 58.99
1440 97.93 151.74 35.65 86.96 54.97
1440 224.03 136.70 50.80 123.90 50.09
1440 199.63 158.54 40.00 97.56 49.80
1440 177.88 198.63 22.47 54.79 39.43
1440 94.18 206.30 17.83 43.48 34.44
1440 7.23 197.61 17.83 43.48 29.58
1440 541.55 166.06 31.71 77.35 28.75
1440 570.07 134.86 45.20 110.24 28.11
1440 181.14 162.83 17.83 43.48 23.89
1440 59.23 104.13 31.71 77.35 17.50
1440 190.78 200.34 28.28 68.97 15.76
1470 581.24 245.57 50.80 123.90 86.86
1470 448.38 178.77 25.23 61.54 61.90
1470 197.31 104.92 25.23 61.54 47.26
1470 563.63 183.29 22.47 54.79 42.87
1470 125.92 144.31 25.23 61.54 31.25
1470 76.40 196.34 20.00 48.78 29.16
1470 5.31 159.08 25.23 61.54 28.05
1470 565.66 262.57 45.20 110.24 23.17
1470 12.69 171.38 25.23 61.54 23.08
1470 479.71 128.90 31.71 77.35 22.97
1470 66.65 196.34 20.00 48.78 22.61
1470 207.63 94.84 31.71 77.35 21.91
1470 479.71 175.35 31.71 77.35 20.84
1470 99.42 159.87 31.71 77.35 18.70
1470 578.90 174.50 45.20 110.24 15.99
1500 257.54 143.27 100.71 245.62 284.41
1500 360.82 162.55 89.69 218.76 204.89
1500 228.00 172.65 100.71 245.62 62.77
1500 584.89 155.22 35.65 86.96 47.08
1500 3.75 119.35 17.83 43.48 40.31
1500 522.01 187.17 17.83 43.48 26.62
1530 465.00 181.95 40.00 97.56 62.36
1530 497.41 108.28 56.55 137.93 44.51
1530 252.45 13.26 17.83 43.48 36.60
1530 180.12 127.32 40.00 97.56 32.22
1530 480.61 178.05 40.00 97.56 27.81
1530 375.86 200.92 45.20 110.24 26.50
1530 475.34 102.76 56.55 137.93 21.89
1530 215.92 8.04 17.83 43.48 20.59
1530 208.31 94.29 100.71 245.62 18.24
1560 435.33 193.48 35.65 86.96 65.36
1560 553.59 134.35 35.65 86.96 42.02
1560 167.44 190.84 31.71 77.35 40.89
1560 445.49 213.17 40.00 97.56 36.63
1560 9.52 227.34 45.20 110.24 35.60
1560 184.34 102.06 50.80 123.90 22.19
1560 353.32 168.04 17.83 43.48 14.44
1560 3.75 296.74 17.83 43.48 14.43
1560 339.40 169.78 17.83 43.48 0.86
1590 124.28 205.32 45.20 110.24 69.18
1590 5.95 153.45 28.28 68.97 53.57
1590 593.62 166.46 25.23 61.54 39.14
1590 509.92 178.77 25.23 61.54 36.43
1590 22.93 185.52 56.55 137.93 21.44
1590 283.46 16.31 25.23 61.54 11.14
1590 262.88 185.43 17.83 43.48 10.05
1590 353.22 154.79 22.47 54.79 7.22
1620 17.88 185.48 22.47 54.79 71.87
1620 394.91 158.97 28.28 68.97 64.39
1620 315.05 195.87 17.83 43.48 30.45
1620 515.41 213.97 22.47 54.79 15.87
1620 559.15 173.85 25.23 61.54 8.99
1650 449.39 193.66 40.00 97.56 62.34
1650 200.27 199.35 17.83 43.48 56.68
1650 284.57 161.72 28.28 68.97 50.01
1650 327.77 164.00 25.23 61.54 30.84
1650 4.21 116.34 20.00 48.78 29.49
1650 31.52 188.54 20.00 48.78 28.24
1650 7.50 61.30 35.65 86.96 23.66
1650 44.57 211.38 28.28 68.97 16.20
1650 17.87 190.49 20.00 48.78 9.21
1650 273.32 188.91 17.83 43.48 3.26
1680 193.22 181.10 22.47 54.79 52.17
1680 343.67 122.71 31.71 77.35 48.10
1680 335.92 204.57 17.83 43.48 41.85
1680 454.94 26.59 20.00 48.78 24.62
1680 107.74 51.78 22.47 54.79 22.10
1680 479.42 228.31 63.78 155.55 18.14
1680 369.09 213.90 20.00 48.78 12.43
1680 345.67 200.24 20.00 48.78 11.25
1680 328.97 201.09 17.83 43.48 3.88
1710 529.18 197.03 31.71 77.35 73.87
1710 52.08 208.31 25.23 61.54 41.49
1710 174.18 178.48 17.83 43.48 41.06
1710 165.49 199.35 17.83 43.48 39.99
1710 207.23 192.39 17.83 43.48 39.49
1710 557.00 255.87 31.71 77.35 33.58
1710 609.57 178.45 31.71 77.35 29.23
1710 283.46 159.08 25.23 61.54 19.12
1710 342.50 175.52 28.28 68.97 14.96
1710 92.45 216.74 17.83 43.48 3.24
1740 23.72 223.66 20.00 48.78 71.39
1740 278.54 156.62 25.23 61.54 59.29
1740 125.18 200.24 20.00 48.78 32.98
1740 451.85 244.66 22.47 54.79 29.72
1740 268.69 156.62 25.23 61.54 29.65
1740 343.67 184.65 31.71 77.35 11.42
1740 153.77 174.52 22.47 54.79 9.02
1770 281.81 153.45 28.28 68.97 24.80
1770 616.89 188.54 20.00 48.78 18.76
1770 221.14 188.91 17.83 43.48 17.96
1770 337.88 196.44 22.47 54.79 17.72
1770 14.46 158.70 35.65 86.96 15.69
1770 59.46 198.46 25.23 61.54 14.89
1800 574.59 306.03 22.47 54.79 51.34
1800 189.84 190.65 17.83 43.48 44.55
1800 15.15 164.00 25.23 61.54 42.23
1800 289.66 159.18 22.47 54.79 31.25
1800 160.34 67.12 22.47 54.79 28.36
1800 384.38 205.85 25.23 61.54 24.83
1800 44.18 161.37 22.47 54.79 16.23
1800 372.84 208.62 28.28 68.97 15.58
1800 62.48 218.53 45.20 110.24 11.25
1830 149.84 44.57 17.83 43.48 65.97
1830 293.31 154.15 25.23 61.54 54.61
1830 231.77 178.77 25.23 61.54 46.99
1830 575.92 131.52 17.83 43.48 45.74
1830 441.59 205.37 40.00 97.56 44.80
1830 553.70 241.09 89.69 218.76 32.64
1830 390.48 167.95 22.47 54.79 20.38
1830 441.00 36.00 25.23 61.54 11.63
