30 458.07 175.35 31.71 77.35 195.78
30 441.00 186.15 25.23 61.54 126.98
30 346.36 188.91 17.83 43.48 86.87
30 431.15 193.54 25.23 61.54 49.56
30 133.31 159.08 25.23 61.54 44.80
30 300.62 170.14 22.47 54.79 39.17
30 470.43 175.35 31.71 77.35 30.42
30 196.79 44.57 17.83 43.48 29.70
30 22.76 130.46 45.20 110.24 21.29
30 6.92 132.88 22.47 54.79 21.12
30 515.43 83.17 20.00 48.78 18.83
30 312.80 158.54 40.00 97.56 13.86
30 24.02 88.29 40.00 97.56 6.50
60 481.09 108.70 71.30 173.91 60.47
60 474.13 157.39 71.30 173.91 55.60
60 271.85 203.91 35.65 86.96 45.30
60 452.45 135.00 17.83 43.48 32.99
60 252.40 183.29 22.47 54.79 31.95
60 355.33 203.91 35.65 86.96 26.94
60 257.93 200.43 35.65 86.96 26.08
60 452.25 161.44 50.80 123.90 25.59
60 132.72 176.09 35.65 86.96 22.07
60 201.45 203.23 31.71 77.35 21.69
60 157.07 200.43 35.65 86.96 12.00
90 340.07 130.68 22.47 54.79 76.32
90 70.11 183.04 35.65 86.96 42.44
90 383.15 207.39 35.65 86.96 31.95
90 359.05 123.10 28.28 68.97 30.43
90 148.60 194.39 20.00 48.78 22.69
120 474.91 181.03 28.28 68.97 177.01
120 448.38 183.69 25.23 61.54 95.74
120 461.16 181.55 31.71 77.35 40.98
120 564.21 81.22 20.00 48.78 40.31
120 150.76 165.69 45.20 110.24 37.31
120 532.08 68.00 25.23 61.54 34.50
120 360.82 84.00 89.69 218.76 25.64
120 204.69 26.15 25.23 61.54 14.88
120 336.22 127.32 40.00 97.56 7.50
120 10.98 134.35 35.65 86.96 3.61
150 473.53 181.55 31.71 77.35 195.28
150 447.33 189.31 28.28 68.97 157.57
150 311.65 116.10 63.78 155.55 60.19
150 461.16 181.55 31.71 77.35 46.28
150 5.31 134.46 25.23 61.54 23.17
150 138.42 165.75 22.47 54.79 8.03
150 201.99 27.67 22.47 54.79 5.15
180 436.43 187.74 31.71 77.35 188.74
180 467.34 178.45 31.71 77.35 177.20
180 476.62 187.74 31.71 77.35 55.61
180 344.45 178.90 22.47 54.79 50.95
180 172.69 154.15 25.23 61.54 39.73
180 312.80 162.44 40.00 97.56 35.08
180 172.69 23.69 25.23 61.54 12.45
210 417.87 190.84 31.71 77.35 196.34
210 459.67 183.04 35.65 86.96 168.97
210 300.83 156.88 45.20 110.24 45.34
210 333.49 183.29 22.47 54.79 36.34
210 99.74 161.72 28.28 68.97 29.58
210 269.47 178.45 31.71 77.35 28.45
210 447.33 183.79 28.28 68.97 28.28
210 408.60 200.13 31.71 77.35 17.22
210 614.18 202.83 17.83 43.48 13.85
210 343.10 126.80 50.80 123.90 11.24
210 315.85 128.90 31.71 77.35 10.11
210 160.43 18.28 28.28 68.97 3.91
240 405.51 193.94 31.71 77.35 214.05
240 456.20 186.52 35.65 86.96 205.81
240 257.93 176.09 35.65 86.96 36.19
240 279.35 115.65 71.30 173.91 35.73
240 442.61 197.03 31.71 77.35 30.81
240 328.22 126.80 50.80 123.90 4.98
270 461.10 181.95 40.00 97.56 196.77
270 400.54 193.48 35.65 86.96 187.91
270 248.71 192.07 28.28 68.97 33.21
270 5.49 202.83 17.83 43.48 32.34
270 311.58 187.67 22.47 54.79 21.37
270 121.28 28.54 20.00 48.78 13.88
270 383.88 150.69 28.28 68.97 9.92
270 445.49 181.95 40.00 97.56 1.89
300 477.38 178.90 45.20 110.24 242.45
300 398.66 189.76 40.00 97.56 197.73
300 300.69 188.62 25.23 61.54 30.33
300 92.45 180.22 17.83 43.48 24.95
300 244.73 193.94 31.71 77.35 23.39
300 111.52 176.83 20.00 48.78 18.14
300 378.36 150.69 28.28 68.97 17.58
300 313.32 221.96 17.83 43.48 14.57
300 266.23 176.31 25.23 61.54 10.99
300 285.92 136.92 25.23 61.54 6.26
330 398.66 189.76 40.00 97.56 248.87
330 511.78 171.34 50.80 123.90 228.93
330 414.27 189.76 40.00 97.56 80.70
330 261.10 170.09 45.20 110.24 43.00
330 293.31 188.62 25.23 61.54 34.60
330 235.46 193.94 31.71 77.35 29.90
330 372.84 156.21 28.28 68.97 19.85
330 62.32 153.68 31.71 77.35 10.73
360 552.59 168.97 56.55 137.93 236.09
360 402.34 187.71 45.20 110.24 226.19
360 256.69 170.09 45.20 110.24 41.74
360 31.85 151.74 35.65 86.96 30.38
360 576.28 181.24 50.80 123.90 26.07
360 269.93 139.27 45.20 110.24 4.19
390 580.17 174.48 56.55 137.93 222.36
390 412.56 181.24 50.80 123.90 210.63
390 277.68 150.73 40.00 97.56 58.93
390 561.40 181.24 50.80 123.90 57.42
390 256.69 170.09 45.20 110.24 52.26
390 63.90 174.52 22.47 54.79 41.57
390 301.14 227.17 17.83 43.48 33.86
390 113.62 168.92 25.23 61.54 31.07
390 229.40 197.59 28.28 68.97 30.08
390 255.91 53.90 20.00 48.78 14.53
420 425.69 180.00 56.55 137.93 213.87
420 243.45 165.69 45.20 110.24 42.61
420 230.11 196.96 35.65 86.96 32.69
420 595.05 223.70 17.83 43.48 26.22
420 364.57 156.21 28.28 68.97 15.24
450 435.92 178.44 63.78 155.55 235.85
450 562.22 154.43 80.85 197.19 212.05
450 268.02 197.59 28.28 68.97 58.22
450 50.75 178.90 22.47 54.79 54.11
450 540.79 83.17 20.00 48.78 41.73
450 359.05 156.21 28.28 68.97 40.78
450 212.72 186.52 35.65 86.96 38.96
450 59.46 168.92 25.23 61.54 26.26
450 293.58 75.74 80.85 197.19 25.11
450 281.00 191.08 25.23 61.54 15.61
450 39.79 181.10 22.47 54.79 13.66
450 4.21 163.17 20.00 48.78 11.87
480 466.99 184.68 63.78 155.55 228.33
480 536.74 157.39 71.30 173.91 225.25
480 273.32 204.57 17.83 43.48 87.56
480 557.61 178.26 71.30 173.91 76.19
480 616.23 279.73 22.47 54.79 52.45
480 612.84 181.03 28.28 68.97 42.21
480 522.91 203.38 63.78 155.55 39.65
480 543.70 220.00 71.30 173.91 31.54
480 216.91 193.94 31.71 77.35 28.36
480 422.50 197.59 28.28 68.97 26.56
480 403.19 200.34 28.28 68.97 25.13
480 540.79 85.12 20.00 48.78 10.92
480 353.53 158.97 28.28 68.97 8.95
480 481.09 213.04 71.30 173.91 1.33
510 514.81 170.16 80.85 197.19 210.47
510 563.62 185.52 56.55 137.93 163.26
510 491.84 203.38 63.78 155.55 129.53
510 479.42 172.21 63.78 155.55 118.95
510 266.36 204.57 17.83 43.48 84.41
510 230.21 170.09 45.20 110.24 76.41
510 404.08 198.46 25.23 61.54 58.05
510 7.50 151.74 35.65 86.96 41.36
510 346.76 153.68 31.71 77.35 37.33
510 496.98 147.93 28.28 68.97 35.09
510 49.62 168.92 25.23 61.54 28.75
510 209.24 186.52 35.65 86.96 18.21
510 517.38 12.93 20.00 48.78 10.79
540 446.30 157.39 71.30 173.91 215.96
540 510.49 172.21 63.78 155.55 213.61
540 553.70 162.55 89.69 218.76 107.11
540 429.88 201.46 40.00 97.56 87.22
540 481.09 150.43 71.30 173.91 68.71
540 224.03 161.44 50.80 123.90 67.31
540 191.85 186.52 35.65 86.96 46.98
540 339.74 158.97 28.28 68.97 43.00
540 5.31 173.85 25.23 61.54 39.56
540 5.49 211.52 17.83 43.48 39.31
540 243.88 146.60 50.80 123.90 30.37
540 394.91 200.34 28.28 68.97 29.40
540 61.92 171.38 25.23 61.54 23.47
540 36.29 164.48 28.28 68.97 20.42
540 207.44 189.76 40.00 97.56 13.41
540 4.73 21.10 22.47 54.79 7.77
570 536.74 157.39 71.30 173.91 271.59
570 411.07 165.97 63.78 155.55 204.15
570 469.83 180.00 56.55 137.93 183.47
570 379.15 197.56 40.00 97.56 125.33
570 394.76 205.37 40.00 97.56 63.97
570 214.11 161.44 50.80 123.90 63.85
570 192.38 210.77 25.23 61.54 34.16
570 356.29 194.83 28.28 68.97 32.47
570 74.23 18.77 25.23 61.54 26.48
570 325.95 158.97 28.28 68.97 25.54
570 25.26 170.00 28.28 68.97 19.93
570 261.98 75.74 80.85 197.19 12.80
600 504.27 165.97 63.78 155.55 265.89
600 340.12 197.56 40.00 97.56 230.23
600 425.69 180.00 56.55 137.93 214.53
600 367.57 165.97 63.78 155.55 199.68
600 566.36 181.24 50.80 123.90 172.64
600 586.20 181.24 50.80 123.90 113.22
600 229.84 204.57 17.83 43.48 71.27
600 479.42 172.21 63.78 155.55 67.86
600 455.31 209.72 45.20 110.24 65.30
600 167.50 190.00 35.65 86.96 52.78
600 324.51 201.46 40.00 97.56 32.85
600 189.30 161.44 50.80 123.90 16.74
600 66.85 168.92 25.23 61.54 14.20
600 246.17 75.74 80.85 197.19 10.19
600 498.06 209.61 63.78 155.55 8.64
630 448.35 165.97 63.78 155.55 252.97
630 552.59 180.00 56.55 137.93 227.82
630 377.83 191.13 50.80 123.90 223.57
630 526.67 191.13 50.80 123.90 201.87
630 277.68 201.46 40.00 97.56 191.06
630 501.86 181.24 50.80 123.90 182.31
630 309.83 174.48 56.55 137.93 152.77
630 355.73 197.56 40.00 97.56 93.14
630 196.79 202.83 17.83 43.48 90.39
630 397.93 209.72 45.20 110.24 78.50
630 425.69 180.00 56.55 137.93 65.23
630 146.34 183.30 45.20 110.24 47.82
630 475.34 196.55 56.55 137.93 41.94
630 4.73 14.52 22.47 54.79 38.89
630 293.29 197.56 40.00 97.56 30.58
630 37.31 168.92 25.23 61.54 29.71
630 574.66 185.52 56.55 137.93 29.69
630 6.16 182.68 20.00 48.78 15.76
630 203.23 210.00 20.00 48.78 11.12
630 217.66 230.65 17.83 43.48 3.96
660 273.64 186.19 50.80 123.90 251.88
660 216.74 157.39 71.30 173.91 243.45
660 51.34 201.46 40.00 97.56 240.00
660 330.29 165.97 63.78 155.55 216.71
660 149.61 191.13 50.80 123.90 199.87
660 83.62 168.97 56.55 137.93 190.88
660 303.41 186.19 50.80 123.90 178.33
660 12.01 202.20 20.00 48.78 79.15
660 129.77 191.13 50.80 123.90 67.77
660 111.03 205.32 45.20 110.24 61.23
660 195.87 136.52 71.30 173.91 52.63
660 168.04 150.43 71.30 173.91 45.78
660 4.21 200.24 20.00 48.78 45.45
660 66.95 213.17 40.00 97.56 41.15
660 19.03 184.65 31.71 77.35 36.99
660 241.64 39.10 31.71 77.35 29.60
660 10.06 217.80 20.00 48.78 25.43
660 209.78 206.09 71.30 173.91 23.45
660 303.15 55.69 25.23 61.54 19.34
660 38.80 214.35 35.65 86.96 18.68
660 523.23 235.37 20.00 48.78 17.56
660 72.59 141.38 56.55 137.93 12.20
660 543.05 193.66 40.00 97.56 2.61
690 358.80 123.91 35.65 86.96 88.96
690 511.52 151.46 20.00 48.78 38.74
690 454.56 159.74 63.78 155.55 18.95
690 550.11 36.96 35.65 86.96 2.71
720 221.38 183.30 45.20 110.24 53.12
720 203.72 187.71 45.20 110.24 23.02
720 6.67 141.29 31.71 77.35 18.50
720 199.05 158.97 28.28 68.97 17.07
720 246.46 197.56 40.00 97.56 15.79
720 16.98 225.17 28.28 68.97 15.56
720 334.46 165.65 35.65 86.96 2.99
750 544.64 184.65 31.71 77.35 162.11
750 579.74 197.59 28.28 68.97 85.28
750 42.23 232.92 25.23 61.54 60.01
750 471.58 159.18 22.47 54.79 44.37
750 5.95 172.76 28.28 68.97 15.26
750 593.78 181.95 40.00 97.56 15.24
750 556.83 134.86 45.20 110.24 6.43
780 596.55 174.50 45.20 110.24 117.13
780 257.87 178.78 20.00 48.78 56.81
780 366.37 192.05 22.47 54.79 37.90
780 348.84 172.33 22.47 54.79 17.25
780 24.62 171.52 17.83 43.48 10.79
780 162.01 187.17 17.83 43.48 9.50
780 611.04 9.02 20.00 48.78 6.04
780 153.32 194.13 17.83 43.48 4.55
810 500.08 183.69 25.23 61.54 137.54
810 234.91 161.72 28.28 68.97 86.54
810 525.76 190.00 35.65 86.96 79.19
810 389.40 189.31 28.28 68.97 48.53
810 358.80 141.30 35.65 86.96 29.51
810 156.40 176.83 20.00 48.78 21.77
810 490.06 188.54 20.00 48.78 10.85
810 574.48 262.57 45.20 110.24 8.99
810 228.10 181.96 17.83 43.48 3.39
840 205.49 187.17 17.83 43.48 74.70
840 605.27 170.14 22.47 54.79 61.39
840 446.48 183.30 45.20 110.24 53.39
840 112.12 185.48 22.47 54.79 31.76
840 491.11 67.87 80.85 197.19 20.35
840 595.43 112.44 20.00 48.78 19.66
840 377.00 161.54 25.23 61.54 7.00
840 614.04 167.95 22.47 54.79 6.05
840 405.49 185.43 17.83 43.48 4.67
870 165.49 194.13 17.83 43.48 139.82
870 193.32 190.65 17.83 43.48 80.85
870 5.49 202.83 17.83 43.48 52.18
870 119.33 184.63 20.00 48.78 51.86
870 455.31 143.67 45.20 110.24 38.66
870 381.92 166.46 25.23 61.54 23.45
870 12.01 204.15 20.00 48.78 8.35
870 552.59 185.52 56.55 137.93 2.59
900 109.57 196.34 20.00 48.78 172.72
900 149.84 194.13 17.83 43.48 123.13
900 85.49 185.43 17.83 43.48 68.14
900 119.33 192.44 20.00 48.78 58.00
900 8.97 204.57 17.83 43.48 57.15
900 480.61 162.44 40.00 97.56 56.64
900 156.79 194.13 17.83 43.48 51.10
900 445.70 172.26 31.71 77.35 48.20
900 388.60 182.68 20.00 48.78 37.39
900 402.64 121.86 50.80 123.90 33.60
900 101.16 185.48 22.47 54.79 33.39
900 562.01 211.52 17.83 43.48 31.32
900 57.33 187.67 22.47 54.79 14.92
900 115.43 202.20 20.00 48.78 13.41
900 362.28 68.26 35.65 86.96 7.04
930 96.78 196.44 22.47 54.79 182.07
930 33.22 200.82 22.47 54.79 157.55
930 487.50 169.13 35.65 86.96 86.18
930 54.18 199.35 17.83 43.48 75.71
930 561.24 165.69 45.20 110.24 74.19
930 440.89 187.67 22.47 54.79 70.55
930 41.99 200.82 22.47 54.79 63.38
930 105.55 194.25 22.47 54.79 61.32
930 551.77 188.62 25.23 61.54 57.25
930 58.84 188.54 20.00 48.78 54.19
930 361.99 56.16 22.47 54.79 51.26
930 470.11 162.17 35.65 86.96 50.36
930 557.00 8.13 31.71 77.35 35.50
930 15.15 151.69 25.23 61.54 33.84
930 452.45 190.65 17.83 43.48 29.86
930 15.94 178.45 31.71 77.35 26.17
930 86.54 186.15 25.23 61.54 26.15
930 403.63 178.90 22.47 54.79 20.10
930 4.73 192.05 22.47 54.79 15.99
960 32.38 198.46 25.23 61.54 233.96
960 127.13 192.44 20.00 48.78 147.30
960 407.23 187.17 17.83 43.48 85.57
960 492.69 191.08 25.23 61.54 72.59
960 478.15 196.44 22.47 54.79 64.94
960 394.45 176.83 20.00 48.78 64.15
960 558.66 174.15 40.00 97.56 58.19
960 423.77 178.77 25.23 61.54 45.67
960 118.53 197.61 17.83 43.48 36.75
960 6.16 192.44 20.00 48.78 29.65
960 367.44 14.15 40.00 97.56 25.40
960 399.32 113.42 31.71 77.35 22.82
960 22.88 204.57 17.83 43.48 17.96
960 531.34 174.15 40.00 97.56 9.90
960 508.10 192.39 17.83 43.48 9.03
960 595.43 217.80 20.00 48.78 4.08
990 140.62 189.86 22.47 54.79 137.93
990 553.91 187.74 31.71 77.35 101.35
990 132.99 194.39 20.00 48.78 83.24
990 429.57 184.63 20.00 48.78 83.05
990 576.78 213.97 22.47 54.79 65.88
990 151.58 199.35 17.83 43.48 41.34
990 406.16 174.88 20.00 48.78 39.68
990 454.04 58.36 22.47 54.79 38.79
990 4.73 187.67 22.47 54.79 23.19
990 541.55 187.74 31.71 77.35 18.66
990 446.30 87.83 71.30 173.91 17.13
990 427.62 104.63 20.00 48.78 14.48
990 421.77 182.68 20.00 48.78 11.79
990 585.55 216.16 22.47 54.79 8.10
990 593.78 174.15 40.00 97.56 7.01
1020 154.91 178.28 28.28 68.97 198.43
1020 447.13 178.78 20.00 48.78 75.69
1020 145.00 189.86 22.47 54.79 67.19
1020 439.33 178.78 20.00 48.78 59.28
1020 392.16 7.24 28.28 68.97 58.66
1020 398.53 187.17 17.83 43.48 50.63
1020 419.40 181.96 17.83 43.48 44.82
1020 6.92 189.86 22.47 54.79 35.35
1020 461.12 172.76 28.28 68.97 33.19
1020 484.73 21.10 22.47 54.79 21.07
1020 547.77 66.23 63.78 155.55 14.05
1020 309.40 181.03 28.28 68.97 10.01
1050 185.99 172.26 31.71 77.35 174.13
1050 473.77 172.33 22.47 54.79 162.59
1050 451.04 176.83 20.00 48.78 135.57
1050 3.75 201.09 17.83 43.48 78.37
1050 462.74 176.83 20.00 48.78 47.32
1050 156.40 170.98 20.00 48.78 45.41
1050 500.08 166.46 25.23 61.54 35.68
1050 177.87 198.29 20.00 48.78 31.55
1050 312.75 175.35 31.71 77.35 20.46
1050 510.78 178.28 28.28 68.97 14.78
1050 47.13 143.66 20.00 48.78 12.87
1050 4.21 153.41 20.00 48.78 10.04
1050 578.17 174.15 40.00 97.56 6.31
1080 226.63 172.61 35.65 86.96 211.97
1080 468.08 168.92 25.23 61.54 165.20
1080 497.62 166.46 25.23 61.54 147.12
1080 563.19 172.26 31.71 77.35 60.23
1080 530.09 158.97 28.28 68.97 59.71
1080 454.18 175.00 17.83 43.48 57.09
1080 505.67 5.12 20.00 48.78 40.98
1080 212.72 176.09 35.65 86.96 33.34
1080 316.79 169.78 17.83 43.48 30.59
1080 521.99 170.14 22.47 54.79 29.25
1080 567.50 12.61 35.65 86.96 26.92
1080 480.61 33.66 40.00 97.56 24.33
1080 443.08 163.56 22.47 54.79 22.92
1080 21.41 85.65 35.65 86.96 21.54
1080 148.60 172.93 20.00 48.78 21.26
1080 25.22 144.39 31.71 77.35 19.41
1080 43.54 139.02 40.00 97.56 17.35
1080 10.23 87.69 25.23 61.54 7.01
1110 283.17 161.28 45.20 110.24 244.10
1110 510.78 164.48 28.28 68.97 199.83
1110 480.38 168.92 25.23 61.54 188.73
1110 460.79 170.98 20.00 48.78 104.07
1110 553.91 156.77 31.71 77.35 93.52
1110 14.22 142.41 28.28 68.97 79.00
1110 292.00 134.86 45.20 110.24 59.59
1110 443.23 165.12 20.00 48.78 34.01
1110 138.84 169.02 20.00 48.78 29.79
1110 3.75 192.39 17.83 43.48 20.04
1110 308.90 166.34 40.00 97.56 17.24
1110 500.08 6.46 25.23 61.54 16.15
1110 517.31 8.92 25.23 61.54 14.69
1140 353.79 165.69 45.20 110.24 237.72
1140 516.29 167.24 28.28 68.97 213.06
1140 485.31 171.38 25.23 61.54 146.56
1140 570.98 155.22 35.65 86.96 81.69
1140 337.93 183.04 35.65 86.96 80.15
1140 316.40 169.02 20.00 48.78 71.61
1140 9.11 152.60 22.47 54.79 61.19
1140 134.94 172.93 20.00 48.78 43.18
1140 506.64 5.75 22.47 54.79 42.40
1140 372.87 156.49 50.80 123.90 27.28
1140 61.71 104.38 22.47 54.79 23.97
1170 415.59 170.09 45.20 110.24 228.69
1170 519.05 170.00 28.28 68.97 147.64
1170 581.41 158.70 35.65 86.96 99.00
1170 322.01 176.74 17.83 43.48 86.88
1170 482.26 176.83 20.00 48.78 81.96
1170 400.54 190.00 35.65 86.96 65.84
1170 497.62 176.31 25.23 61.54 54.04
1170 549.84 192.39 17.83 43.48 37.34
1170 5.31 151.69 25.23 61.54 31.87
1170 132.99 178.78 20.00 48.78 22.92
1170 59.52 108.77 22.47 54.79 17.09
1170 571.47 170.00 28.28 68.97 13.73
1170 455.77 164.00 25.23 61.54 12.44
1170 490.06 180.73 20.00 48.78 10.91
1170 42.23 102.46 25.23 61.54 4.53
1200 472.09 171.34 50.80 123.90 196.88
1200 524.57 178.28 28.28 68.97 138.73
1200 320.27 181.96 17.83 43.48 92.14
1200 598.80 162.17 35.65 86.96 87.65
1200 508.84 185.48 22.47 54.79 49.51
1200 559.25 192.05 22.47 54.79 34.12
1200 313.32 183.70 17.83 43.48 30.52
1200 588.02 178.28 28.28 68.97 27.78
1200 125.18 180.73 20.00 48.78 18.74
1230 551.47 181.24 50.80 123.90 228.99
1230 524.57 181.03 28.28 68.97 131.97
1230 483.19 172.76 28.28 68.97 54.08
1230 316.79 185.43 17.83 43.48 43.82
1230 544.70 7.07 20.00 48.78 42.04
1230 501.77 9.02 20.00 48.78 15.12
1230 578.17 193.66 40.00 97.56 6.86
1230 63.90 128.49 22.47 54.79 4.05
1260 588.37 172.61 35.65 86.96 130.86
1260 563.19 175.35 31.71 77.35 57.06
1260 361.99 200.82 22.47 54.79 50.99
1260 578.65 166.06 31.71 77.35 38.59
1260 454.98 169.16 31.71 77.35 34.31
1260 156.79 185.43 17.83 43.48 27.46
1260 543.15 162.17 35.65 86.96 24.26
1260 401.44 176.71 22.47 54.79 10.64
1260 96.78 185.48 22.47 54.79 7.43
1290 318.15 178.90 22.47 54.79 51.28
1290 104.89 144.78 35.65 86.96 50.31
1290 513.22 7.95 22.47 54.79 38.75
1290 154.45 180.73 20.00 48.78 37.63
1290 560.19 128.57 63.78 155.55 33.72
1290 381.12 192.07 28.28 68.97 32.21
1290 362.23 208.31 25.23 61.54 18.81
1290 511.78 250.52 50.80 123.90 15.03
1290 372.95 196.44 22.47 54.79 12.71
1290 519.77 13.85 25.23 61.54 11.74
1290 54.54 124.62 25.23 61.54 1.89
1320 393.14 193.94 31.71 77.35 72.97
1320 430.78 197.59 28.28 68.97 41.39
1320 382.88 208.04 17.83 43.48 37.11
1320 444.57 197.59 28.28 68.97 16.25
1350 558.10 196.55 56.55 137.93 62.88
1350 554.32 256.72 80.85 197.19 54.44
1350 36.79 188.91 17.83 43.48 36.49
1350 320.43 170.00 28.28 68.97 36.35
1350 442.07 200.92 45.20 110.24 31.22
1350 275.05 183.70 17.83 43.48 30.34
1350 372.45 211.52 17.83 43.48 29.66
1350 593.78 150.73 40.00 97.56 28.00
1350 424.89 217.83 35.65 86.96 24.42
1350 16.98 178.28 28.28 68.97 24.20
1380 332.45 197.61 17.83 43.48 33.90
1380 482.80 125.81 31.71 77.35 30.25
1380 108.10 187.17 17.83 43.48 14.83
1380 463.88 214.14 28.28 68.97 13.40
1380 487.50 231.74 35.65 86.96 7.59
1410 287.13 196.34 20.00 48.78 60.30
1410 402.42 166.06 31.71 77.35 13.99
1410 36.79 201.09 17.83 43.48 8.85
1410 4.21 174.88 20.00 48.78 8.80
1410 16.98 153.45 28.28 68.97 6.47
1440 460.79 180.73 20.00 48.78 100.29
1440 564.02 193.48 35.65 86.96 92.95
1440 603.46 324.00 25.23 61.54 62.15
1440 101.14 192.39 17.83 43.48 47.77
1440 45.49 185.43 17.83 43.48 30.41
1440 578.97 176.71 22.47 54.79 21.28
1440 504.45 185.48 22.47 54.79 21.25
1440 543.15 179.57 35.65 86.96 18.04
1440 532.08 183.69 25.23 61.54 13.54
1440 421.31 183.69 25.23 61.54 10.22
1440 473.00 188.62 25.23 61.54 1.72
1470 408.97 206.30 17.83 43.48 53.87
1470 601.00 168.92 25.23 61.54 39.47
1470 269.47 184.65 31.71 77.35 38.66
1470 522.23 171.38 25.23 61.54 16.00
1470 349.38 139.27 45.20 110.24 14.67
1470 443.75 180.22 17.83 43.48 14.66
1470 43.75 197.61 17.83 43.48 12.67
1470 477.07 190.00 35.65 86.96 9.84
1470 362.01 82.83 17.83 43.48 7.05
1500 135.92 190.65 17.83 43.48 70.23
1500 116.79 192.39 17.83 43.48 67.33
1500 259.74 192.07 28.28 68.97 54.41
1500 33.32 202.83 17.83 43.48 47.37
1500 101.77 186.59 20.00 48.78 46.03
1500 123.23 184.63 20.00 48.78 45.70
1500 482.26 217.80 20.00 48.78 45.44
1500 39.33 204.15 20.00 48.78 29.94
1500 568.11 184.63 20.00 48.78 24.09
1500 7.77 97.54 25.23 61.54 20.27
1500 393.59 169.13 35.65 86.96 19.21
1500 92.45 192.39 17.83 43.48 7.34
1500 439.52 48.39 31.71 77.35 6.17
1500 85.49 190.65 17.83 43.48 5.70
1500 351.83 103.90 40.00 97.56 1.98
1530 142.88 194.13 17.83 43.48 133.36
1530 288.38 193.54 25.23 61.54 41.81
1530 453.26 108.70 71.30 173.91 35.89
1530 328.21 184.65 31.71 77.35 31.37
1530 92.45 192.39 17.83 43.48 24.31
1530 478.53 93.26 17.83 43.48 21.52
1530 27.62 190.49 20.00 48.78 16.24
1530 105.55 185.48 22.47 54.79 14.40
1530 78.53 197.61 17.83 43.48 2.61
1560 8.11 186.59 20.00 48.78 75.44
1560 337.49 190.84 31.71 77.35 63.72
1560 33.22 152.60 22.47 54.79 52.39
1560 53.66 134.86 45.20 110.24 41.72
1560 565.82 47.40 22.47 54.79 37.85
1560 371.34 197.56 40.00 97.56 25.81
1560 239.15 193.54 25.23 61.54 21.20
1590 239.15 178.77 25.23 61.54 98.19
1590 184.45 192.05 22.47 54.79 84.27
1590 449.39 201.46 40.00 97.56 36.46
1590 519.05 203.10 28.28 68.97 32.85
1590 44.69 92.62 25.23 61.54 32.12
1590 417.93 193.48 35.65 86.96 27.20
1590 74.76 213.17 40.00 97.56 13.20
1620 68.29 198.63 22.47 54.79 86.73
1620 3.75 155.87 17.83 43.48 85.45
1620 23.72 153.41 20.00 48.78 52.84
1620 83.63 198.63 22.47 54.79 51.64
1620 550.85 201.46 40.00 97.56 50.49
1620 459.40 136.74 17.83 43.48 39.56
1620 136.89 202.20 20.00 48.78 36.08
1620 352.38 223.08 25.23 61.54 29.61
1620 389.40 208.62 28.28 68.97 28.89
1620 399.32 209.42 31.71 77.35 26.19
1620 8.97 150.65 17.83 43.48 19.94
1620 39.77 161.54 25.23 61.54 14.25
1620 70.55 108.54 20.00 48.78 13.91
1620 33.32 159.35 17.83 43.48 10.37
1620 61.71 126.30 22.47 54.79 5.13
1620 573.92 136.92 25.23 61.54 1.02
1650 219.46 196.00 25.23 61.54 104.92
1650 288.38 193.54 25.23 61.54 103.22
1650 207.33 194.83 28.28 68.97 73.35
1650 21.41 85.65 35.65 86.96 68.46
1650 262.88 77.61 17.83 43.48 49.59
1650 262.88 208.04 17.83 43.48 45.45
1650 314.45 196.34 20.00 48.78 19.02
1650 404.08 176.31 25.23 61.54 18.76
1650 248.97 51.52 17.83 43.48 15.43
1650 87.23 263.70 17.83 43.48 15.23
1650 255.92 209.78 17.83 43.48 5.04
1680 284.57 183.79 28.28 68.97 142.81
1680 207.33 192.07 28.28 68.97 125.26
1680 4.73 209.59 22.47 54.79 74.77
1680 12.69 205.85 25.23 61.54 49.77
1680 196.29 192.07 28.28 68.97 46.39
1680 22.54 208.31 25.23 61.54 40.50
1680 575.56 166.06 31.71 77.35 35.13
1680 276.08 193.54 25.23 61.54 32.26
1680 211.04 44.15 20.00 48.78 17.92
1680 223.90 69.32 22.47 54.79 2.27
1710 185.99 175.35 31.71 77.35 128.51
1710 96.33 187.74 31.71 77.35 97.83
1710 474.91 164.48 28.28 68.97 75.86
1710 588.02 156.21 28.28 68.97 49.44
1710 69.31 23.69 25.23 61.54 24.52
1710 83.96 187.74 31.71 77.35 23.83
1710 150.54 191.08 25.23 61.54 16.92
