30 443.75 137.00 20.50 50.00 -0.194776
30 443.75 163.00 20.50 50.00 -0.237893
30 283.69 94.91 22.38 54.58 -1.062873
30 455.75 183.00 20.50 50.00 -1.187518
30 424.23 112.31 31.54 76.92 -1.815075
30 565.52 70.15 75.52 184.20 -1.940780
30 398.17 97.10 37.52 91.50 -2.012786
30 530.97 100.65 52.90 129.03 -2.215725
30 233.66 88.94 28.92 70.53 -2.242975
30 364.44 83.17 48.64 118.64 -2.356626
60 139.75 149.00 20.50 50.00 -1.187722
60 442.29 156.71 28.92 70.53 -1.470615
60 283.75 95.00 20.50 50.00 -2.032872
60 565.52 70.15 75.52 184.20 -2.543013
90 434.74 133.74 37.52 91.50 -0.808899
90 103.32 128.43 26.57 64.81 -0.843012
90 427.31 112.31 31.54 76.92 -0.919543
90 240.00 99.27 22.38 54.58 -1.470007
90 611.45 94.59 28.92 70.53 -1.682835
90 285.75 99.00 20.50 50.00 -1.734888
90 411.75 111.00 20.50 50.00 -1.743380
90 550.80 70.15 75.52 184.20 -2.629280
90 191.95 324.00 22.38 54.58 -6.095336
120 396.11 118.05 26.57 64.81 -0.303025
120 441.88 139.30 34.37 83.83 -0.933626
120 122.05 228.00 22.38 54.58 -0.972080
120 283.75 97.00 20.50 50.00 -1.222095
120 431.09 93.44 37.52 91.50 -1.486886
120 373.75 205.00 20.50 50.00 -1.668056
120 481.75 59.00 20.50 50.00 -2.128351
120 571.79 64.22 69.16 168.67 -2.320145
120 619.75 29.00 20.50 50.00 -3.662473
150 441.75 137.00 20.50 50.00 0.134916
150 442.29 153.88 28.92 70.53 -0.625214
150 283.69 92.73 22.38 54.58 -0.673388
150 373.75 205.00 20.50 50.00 -1.138861
150 364.82 112.45 34.37 83.83 -1.249487
150 579.75 91.00 20.50 50.00 -1.271489
150 233.75 109.00 20.50 50.00 -1.520641
150 122.05 228.00 22.38 54.58 -2.145487
150 303.34 12.00 22.38 54.58 -3.641595
180 283.75 95.00 20.50 50.00 -0.595208
180 427.50 114.00 41.00 100.00 -0.990291
180 371.75 205.00 20.50 50.00 -1.420379
180 355.75 103.00 20.50 50.00 -1.439966
180 411.75 111.00 20.50 50.00 -1.542692
180 56.68 146.59 26.57 64.81 -1.631922
180 435.50 138.00 41.00 100.00 -1.791981
180 530.97 95.48 52.90 129.03 -1.853312
180 577.69 76.92 63.08 153.85 -2.240294
180 303.34 14.18 22.38 54.58 -3.582705
210 283.69 92.73 22.38 54.58 -0.594410
210 445.24 146.01 34.37 83.83 -0.659833
210 438.77 134.18 22.38 54.58 -1.157172
210 233.75 105.00 20.50 50.00 -1.497047
210 371.75 203.00 20.50 50.00 -1.795292
210 565.52 70.15 75.52 184.20 -2.189965
210 619.75 29.00 20.50 50.00 -3.915665
240 438.40 141.07 37.52 91.50 -0.495062
240 373.75 205.00 20.50 50.00 -0.891840
240 283.75 99.00 20.50 50.00 -0.962420
240 364.82 112.45 34.37 83.83 -1.440082
240 111.09 125.84 26.57 64.81 -1.798814
240 559.00 60.00 82.00 200.00 -2.687468
240 619.75 29.00 20.50 50.00 -3.296866
270 439.62 143.08 31.54 76.92 -0.334767
270 285.75 99.00 20.50 50.00 -0.439873
270 373.75 205.00 20.50 50.00 -1.596932
270 103.32 128.43 26.57 64.81 -1.685139
270 364.82 119.16 34.37 83.83 -1.718440
270 530.97 95.48 52.90 129.03 -2.047670
270 411.75 111.00 20.50 50.00 -2.102579
270 577.69 76.92 63.08 153.85 -2.126796
270 617.88 29.45 22.38 54.58 -3.077823
300 394.36 114.35 28.92 70.53 -0.673828
300 434.74 133.74 37.52 91.50 -0.678520
300 285.75 99.00 20.50 50.00 -0.853656
300 371.06 201.82 22.38 54.58 -0.959995
300 608.85 75.39 31.54 76.92 -2.280484
330 439.62 146.15 31.54 76.92 -0.101212
330 283.75 99.00 20.50 50.00 -0.426812
330 393.46 109.23 31.54 76.92 -0.951002
330 361.47 119.16 34.37 83.83 -1.765984
330 291.75 99.00 20.50 50.00 -1.875571
330 526.17 141.07 37.52 91.50 -1.941018
330 565.52 70.15 75.52 184.20 -2.026618
330 431.83 99.02 34.37 83.83 -2.121769
330 124.23 230.18 22.38 54.58 -2.131847
360 285.75 99.00 20.50 50.00 -0.258293
360 397.18 114.35 28.92 70.53 -0.464712
360 438.40 141.07 37.52 91.50 -0.804365
360 565.52 70.15 75.52 184.20 -2.334771
360 540.77 76.92 63.08 153.85 -2.542874
390 438.53 142.66 34.37 83.83 -0.743462
390 283.69 90.55 22.38 54.58 -1.082328
390 291.75 99.00 20.50 50.00 -1.404714
390 373.75 205.00 20.50 50.00 -1.684085
390 409.07 120.65 26.57 64.81 -1.694431
390 431.01 117.18 28.92 70.53 -1.846696
390 397.18 114.35 28.92 70.53 -1.875749
390 355.75 103.00 20.50 50.00 -1.886485
390 525.81 105.81 52.90 129.03 -1.938488
390 606.07 72.17 34.37 83.83 -2.833859
420 444.61 134.26 24.37 59.45 -0.619912
420 283.75 101.00 20.50 50.00 -1.003402
420 565.52 70.15 75.52 184.20 -2.369270
420 481.75 63.00 20.50 50.00 -2.647785
450 371.75 205.00 20.50 50.00 -1.160036
450 291.75 99.00 20.50 50.00 -1.242721
450 283.75 97.00 20.50 50.00 -1.372942
450 366.17 125.65 28.92 70.53 -1.817402
450 608.85 75.39 31.54 76.92 -2.149753
450 409.14 93.44 37.52 91.50 -2.241656
450 290.24 18.55 22.38 54.58 -3.633264
480 431.83 122.52 34.37 83.83 -1.138151
480 291.75 99.00 20.50 50.00 -1.324478
480 371.06 199.64 22.38 54.58 -1.724969
480 55.75 113.00 20.50 50.00 -1.865703
480 283.69 88.36 22.38 54.58 -1.898559
480 608.85 75.39 31.54 76.92 -2.156084
480 481.75 61.00 20.50 50.00 -2.686291
510 373.75 205.00 20.50 50.00 -1.398086
510 355.75 105.00 20.50 50.00 -1.543282
510 287.75 99.00 20.50 50.00 -1.688617
510 534.97 124.36 44.67 108.95 -1.934965
510 229.75 107.00 20.50 50.00 -2.009609
510 558.16 70.15 75.52 184.20 -2.429966
540 443.75 163.00 20.50 50.00 -0.492779
540 432.39 131.03 26.57 64.81 -1.924918
540 565.52 70.15 75.52 184.20 -1.945887
540 60.89 162.55 22.38 54.58 -2.065656
540 243.75 89.00 20.50 50.00 -2.131338
540 304.14 7.06 28.92 70.53 -4.413981
570 438.53 142.66 34.37 83.83 0.407148
570 427.50 90.00 41.00 100.00 -1.346577
570 237.75 103.00 20.50 50.00 -1.667248
570 291.75 99.00 20.50 50.00 -1.802714
570 394.51 93.44 37.52 91.50 -2.096268
570 565.52 70.15 75.52 184.20 -2.151910
570 540.77 76.92 63.08 153.85 -2.518828
570 481.75 61.00 20.50 50.00 -2.905586
570 143.89 295.64 22.38 54.58 -5.099138
600 438.53 142.66 34.37 83.83 -0.025538
600 606.07 85.59 34.37 83.83 -1.219571
600 291.75 97.00 20.50 50.00 -1.267843
600 371.06 201.82 22.38 54.58 -1.897469
600 523.50 130.00 41.00 100.00 -1.929666
600 285.87 18.55 22.38 54.58 -3.875634
630 442.29 151.06 28.92 70.53 -1.023962
630 371.06 201.82 22.38 54.58 -1.880397
630 571.79 64.22 69.16 168.67 -2.270039
630 479.75 59.00 20.50 50.00 -2.478836
660 434.74 133.74 37.52 91.50 -0.697555
660 402.69 106.15 31.54 76.92 -0.754375
660 427.31 112.31 31.54 76.92 -0.776051
660 371.75 205.00 20.50 50.00 -1.201980
660 419.75 141.00 20.50 50.00 -1.356286
660 124.23 230.18 22.38 54.58 -1.960160
660 559.00 60.00 82.00 200.00 -2.715680
660 303.75 19.00 20.50 50.00 -3.611264
690 398.70 118.05 26.57 64.81 -0.258767
690 442.69 146.15 31.54 76.92 -1.005241
690 371.75 205.00 20.50 50.00 -1.365758
690 530.61 124.36 44.67 108.95 -1.739530
690 431.83 129.23 34.37 83.83 -1.924741
690 571.79 77.75 69.16 168.67 -2.201712
690 304.24 20.20 24.37 59.45 -3.623137
720 444.61 131.88 24.37 59.45 -0.523834
720 393.52 118.05 26.57 64.81 -0.791910
720 371.75 203.00 20.50 50.00 -1.071525
720 431.75 135.00 20.50 50.00 -1.256266
720 443.75 163.00 20.50 50.00 -1.564426
720 611.45 94.59 28.92 70.53 -1.638593
720 285.75 23.00 20.50 50.00 -3.357766
750 358.12 152.73 34.37 83.83 -0.690622
750 397.18 114.35 28.92 70.53 -0.773896
750 447.93 156.71 28.92 70.53 -0.994777
750 617.88 94.91 22.38 54.58 -1.360204
750 436.54 136.92 31.54 76.92 -1.622619
750 363.35 125.65 28.92 70.53 -1.634449
750 530.97 110.97 52.90 129.03 -1.950050
750 550.80 70.15 75.52 184.20 -2.828659
750 615.91 34.45 24.37 59.45 -4.020672
780 438.40 133.74 37.52 91.50 -0.501682
780 371.06 190.91 22.38 54.58 -0.575694
780 360.53 162.35 28.92 70.53 -0.995238
780 449.37 144.73 37.52 91.50 -1.166359
780 548.11 144.73 37.52 91.50 -1.252331
780 357.71 128.47 28.92 70.53 -1.485313
780 582.65 70.59 57.98 141.42 -1.701370
780 104.23 143.08 31.54 76.92 -1.964676
810 433.75 141.00 20.50 50.00 -0.038851
810 396.54 112.31 31.54 76.92 -0.457853
810 355.75 107.00 20.50 50.00 -0.652555
810 129.75 155.00 20.50 50.00 -1.135521
810 571.79 70.99 69.16 168.67 -1.441848
810 456.60 137.45 44.67 108.95 -1.662858
810 546.92 89.23 63.08 153.85 -2.003267
840 577.69 89.23 63.08 153.85 -0.282930
840 398.32 109.09 34.37 83.83 -0.435331
840 449.37 93.44 37.52 91.50 -0.633235
840 106.78 125.65 28.92 70.53 -0.797145
840 332.33 170.82 28.92 70.53 -1.186416
870 411.73 105.73 34.37 83.83 0.026648
870 329.52 168.00 28.92 70.53 -0.336346
870 455.50 86.00 41.00 100.00 -1.478220
870 599.50 146.00 41.00 100.00 -1.605645
870 349.47 159.57 26.57 64.81 -1.648051
870 66.60 142.66 34.37 83.83 -1.835388
900 420.11 93.44 37.52 91.50 -0.393027
900 311.50 154.00 41.00 100.00 -1.498554
900 402.82 91.77 28.92 70.53 -1.843299
900 502.30 26.09 107.29 261.69 -2.676597
930 397.75 103.00 20.50 50.00 -0.672964
930 497.17 97.30 26.57 64.81 -0.730442
930 515.22 101.45 22.38 54.58 -1.459604
930 442.31 33.85 63.08 153.85 -2.273821
930 559.00 36.00 82.00 200.00 -2.797747
960 399.75 99.00 20.50 50.00 -0.218173
960 482.46 86.18 22.38 54.58 -1.012873
960 415.75 101.00 20.50 50.00 -1.961905
960 511.75 103.00 20.50 50.00 -1.990514
960 19.75 115.00 20.50 50.00 -2.077785
960 525.75 -1.00 20.50 50.00 -4.787736
990 419.75 109.00 20.50 50.00 -0.511421
990 484.52 100.65 52.90 129.03 -1.111929
990 -0.25 113.00 20.50 50.00 -1.848937
990 427.75 89.00 20.50 50.00 -1.970705
990 468.74 78.42 48.64 118.64 -2.001014
990 415.08 35.24 34.37 83.83 -2.277722
1020 19.75 171.00 20.50 50.00 -1.690793
1020 -0.30 160.40 24.37 59.45 -1.700603
1020 187.31 167.69 31.54 76.92 -1.732871
1020 427.75 107.00 20.50 50.00 -1.902184
1020 421.78 31.89 34.37 83.83 -1.953643
1020 490.95 37.18 69.16 168.67 -1.963283
1020 595.75 89.00 20.50 50.00 -2.016045
1050 585.75 141.00 20.50 50.00 0.809140
1050 601.75 137.00 20.50 50.00 -0.593074
1050 524.63 37.18 69.16 168.67 -1.206563
1050 415.75 117.00 20.50 50.00 -1.305208
1050 606.07 62.10 34.37 83.83 -1.992185
1080 441.88 122.52 34.37 83.83 0.020417
1080 395.75 131.00 20.50 50.00 -0.092292
1080 423.48 114.55 22.38 54.58 -0.624517
1080 417.75 109.00 20.50 50.00 -1.366410
1080 619.75 143.00 20.50 50.00 -1.420374
1080 603.00 151.06 28.92 70.53 -1.624489
1080 401.75 125.00 20.50 50.00 -1.672322
1080 611.45 15.53 28.92 70.53 -3.656756
1080 430.48 15.27 44.67 108.95 -3.913359
1110 455.75 125.00 20.50 50.00 1.199087
1110 427.75 115.00 20.50 50.00 0.002240
1110 401.75 131.00 20.50 50.00 -0.980624
1110 -0.38 112.31 31.54 76.92 -1.305472
1110 592.00 64.16 48.64 118.64 -1.820508
1110 602.97 16.49 37.52 91.50 -4.220649
1140 435.75 121.00 20.50 50.00 1.311658
1140 464.23 109.23 31.54 76.92 0.841709
1140 521.75 147.00 20.50 50.00 0.301226
1140 409.75 135.00 20.50 50.00 -0.091865
1140 89.75 69.00 20.50 50.00 -0.450577
1140 595.92 63.27 44.67 108.95 -1.681139
1140 81.75 65.00 20.50 50.00 -1.743838
1140 95.84 73.09 22.38 54.58 -1.851845
1140 458.43 101.45 22.38 54.58 -1.894594
1140 67.75 91.00 20.50 50.00 -2.022000
1140 103.96 66.35 28.92 70.53 -2.448665
1140 391.75 13.00 20.50 50.00 -3.765235
1170 547.75 153.00 20.50 50.00 3.309456
1170 443.14 123.27 22.38 54.58 1.425523
1170 481.76 120.00 28.92 70.53 1.135725
1170 551.75 137.00 20.50 50.00 1.024309
1170 44.76 77.65 28.92 70.53 -0.314219
1170 473.75 121.00 20.50 50.00 -0.388013
1170 56.52 68.73 22.38 54.58 -0.839313
1170 -0.42 142.66 34.37 83.83 -1.496093
1170 65.26 73.09 22.38 54.58 -1.775171
1170 617.88 118.91 22.38 54.58 -2.058789
1170 430.33 89.11 24.37 59.45 -2.163248
1170 78.22 72.47 24.37 59.45 -2.545748
1200 585.12 166.91 22.38 54.58 2.845859
1200 449.37 131.88 24.37 59.45 2.078187
1200 502.12 151.64 22.38 54.58 0.205815
1200 473.75 129.00 20.50 50.00 -0.279309
1200 591.75 159.00 20.50 50.00 -0.567350
1200 -0.50 62.00 41.00 100.00 -1.624623
1200 485.06 110.50 24.37 59.45 -1.702630
1200 427.75 149.00 20.50 50.00 -1.997901
1230 443.75 133.00 20.50 50.00 0.939656
1230 451.94 112.45 34.37 83.83 0.279689
1230 480.27 125.45 22.38 54.58 -0.453550
1230 76.54 84.61 31.54 76.92 -0.610682
1230 603.75 141.00 20.50 50.00 -0.861179
1230 90.05 82.24 34.37 83.83 -1.711854
1230 90.11 146.14 24.37 59.45 -1.824687
1230 497.68 50.70 69.16 168.67 -2.527317
1230 -0.32 50.59 26.57 64.81 -3.131524
1260 477.75 155.00 20.50 50.00 0.605213
1260 141.71 142.91 22.38 54.58 -0.726243
1260 606.96 101.45 22.38 54.58 -0.944106
1260 602.59 171.27 22.38 54.58 -1.042897
1260 23.85 64.61 63.08 153.85 -1.217556
1260 237.62 60.59 24.37 59.45 -2.157188
1260 412.74 42.35 57.98 141.42 -2.169497
1260 489.75 85.00 20.50 50.00 -2.351599
1260 229.08 55.64 22.38 54.58 -2.365722
1260 619.75 89.00 20.50 50.00 -2.411132
1260 535.50 90.00 41.00 100.00 -2.466437
1260 606.07 18.46 34.37 83.83 -4.564641
1260 602.59 5.45 22.38 54.58 -4.882357
1290 491.43 93.82 44.67 108.95 0.773241
1290 423.48 134.18 22.38 54.58 0.712502
1290 46.32 131.03 26.57 64.81 -0.710710
1290 194.13 145.09 22.38 54.58 -0.804179
1290 445.32 127.64 22.38 54.58 -1.229217
1290 392.90 153.82 22.38 54.58 -1.386578
1290 37.75 139.00 20.50 50.00 -1.489812
1290 -0.42 135.94 34.37 83.83 -1.750065
1290 454.52 102.18 48.64 118.64 -2.074879
1290 565.86 68.81 34.37 83.83 -2.174785
1290 514.69 53.65 57.98 141.42 -2.233028
1290 611.45 18.35 28.92 70.53 -4.283168
1320 577.62 151.06 28.92 70.53 0.827033
1320 512.71 118.05 26.57 64.81 -0.460180
1320 441.75 143.00 20.50 50.00 -0.517096
1320 545.75 151.00 20.50 50.00 -0.823982
1320 177.75 173.00 20.50 50.00 -0.906170
1320 565.95 34.45 24.37 59.45 -1.870349
1320 611.45 105.88 28.92 70.53 -2.275198
1320 91.75 55.00 20.50 50.00 -2.442662
1320 578.57 12.00 22.38 54.58 -3.954333
1320 613.77 14.27 26.57 64.81 -4.377608
1350 545.76 109.09 34.37 83.83 0.319380
1350 429.75 153.00 20.50 50.00 0.246026
1350 200.68 171.27 22.38 54.58 -0.029270
1350 570.06 97.10 37.52 91.50 -0.239957
1350 55.75 157.00 20.50 50.00 -1.358042
1350 73.75 61.00 20.50 50.00 -2.457535
1350 595.92 93.82 44.67 108.95 -2.461735
1350 37.75 49.00 20.50 50.00 -2.601363
1350 177.27 57.88 28.92 70.53 -2.761726
1380 615.91 79.60 24.37 59.45 0.076670
1380 461.75 159.00 20.50 50.00 -0.177307
1380 561.09 93.82 44.67 108.95 -0.544365
1380 602.97 108.09 37.52 91.50 -0.585469
1380 175.75 197.00 20.50 50.00 -1.025757
1380 423.85 27.69 63.08 153.85 -3.762784
1410 539.78 143.76 24.37 59.45 0.283224
1410 587.50 98.00 41.00 100.00 0.101254
1410 149.59 155.64 24.37 59.45 -0.325003
1410 615.91 139.01 24.37 59.45 -0.860616
1410 232.86 196.04 24.37 59.45 -0.897396
1410 63.07 188.73 22.38 54.58 -0.908218
1410 574.90 162.16 26.57 64.81 -1.158618
1410 42.69 149.23 31.54 76.92 -1.576130
1410 27.75 173.00 20.50 50.00 -1.863611
1410 608.85 96.92 31.54 76.92 -2.300324
1440 599.50 98.00 41.00 100.00 1.271640
1440 547.75 153.00 20.50 50.00 0.173704
1440 491.50 158.00 41.00 100.00 -0.575160
1440 143.75 95.00 20.50 50.00 -1.624137
1440 78.36 258.55 22.38 54.58 -2.909063
1470 599.50 102.00 41.00 100.00 0.566060
1470 549.75 161.00 20.50 50.00 -0.299859
1470 581.75 167.00 20.50 50.00 -0.698744
1470 287.22 122.82 28.92 70.53 -1.530364
1470 427.75 17.00 20.50 50.00 -3.791990
1500 555.75 169.00 20.50 50.00 2.423923
1500 595.92 102.55 44.67 108.95 0.595247
1500 580.75 169.09 22.38 54.58 -1.007112
1500 482.09 182.94 34.37 83.83 -1.388560
1500 67.75 171.00 20.50 50.00 -1.597036
1500 399.41 84.36 24.37 59.45 -1.874629
1500 288.46 104.43 37.52 91.50 -2.096218
1500 82.73 81.82 22.38 54.58 -2.233481
1530 557.75 171.00 20.50 50.00 3.443777
1530 592.00 102.18 48.64 118.64 0.686908
1530 251.90 148.51 24.37 59.45 0.425947
1530 77.75 173.00 20.50 50.00 -0.375358
1530 472.04 179.58 34.37 83.83 -0.578194
1530 578.57 171.27 22.38 54.58 -0.755937
1530 89.75 171.00 20.50 50.00 -1.094919
1530 264.67 128.47 28.92 70.53 -1.492115
1530 567.75 177.00 20.50 50.00 -1.664610
1530 59.75 93.00 20.50 50.00 -2.245705
1530 405.75 31.00 20.50 50.00 -3.035864
1560 553.75 173.00 20.50 50.00 4.235205
1560 592.00 102.18 48.64 118.64 1.566694
1560 71.81 169.09 22.38 54.58 0.456523
1560 81.75 173.00 20.50 50.00 -0.142721
1560 567.65 175.64 22.38 54.58 -0.386962
1560 455.29 172.87 34.37 83.83 -0.504104
1560 159.75 229.00 20.50 50.00 -0.840641
1560 559.75 179.00 20.50 50.00 -1.705935
1560 547.75 179.00 20.50 50.00 -1.783120
1560 603.00 74.82 28.92 70.53 -2.233542
1590 545.75 173.00 20.50 50.00 4.743513
1590 582.65 93.18 57.98 141.42 1.561948
1590 489.81 160.40 24.37 59.45 0.345261
1590 497.75 149.00 20.50 50.00 -0.012754
1590 551.75 179.00 20.50 50.00 -0.195087
1590 222.51 125.84 26.57 64.81 -0.266232
1590 559.75 177.00 20.50 50.00 -1.055213
1590 137.00 227.03 26.57 64.81 -1.387627
1590 107.75 173.00 20.50 50.00 -1.636178
1590 367.75 19.00 20.50 50.00 -3.987183
1620 121.75 237.00 20.50 50.00 0.721593
1620 45.60 166.91 22.38 54.58 0.656953
1620 545.80 175.64 22.38 54.58 0.271839
1620 577.69 83.08 63.08 153.85 -0.118649
1620 35.39 160.40 24.37 59.45 -0.755309
1620 193.46 127.69 31.54 76.92 -1.010706
1620 470.78 167.52 24.37 59.45 -1.632326
1620 316.13 100.99 24.37 59.45 -1.859051
1620 71.75 175.00 20.50 50.00 -2.040316
1620 532.70 171.27 22.38 54.58 -2.043999
1620 343.75 21.00 20.50 50.00 -2.552882
1620 104.39 253.07 24.37 59.45 -3.431872
1620 259.03 -1.19 24.37 59.45 -4.853537
1650 543.62 175.64 22.38 54.58 4.100329
1650 188.55 190.59 28.92 70.53 0.383761
1650 175.75 153.00 20.50 50.00 0.223332
1650 454.13 165.15 24.37 59.45 -0.164494
1650 -0.25 179.00 20.50 50.00 -0.661438
1650 565.05 70.99 69.16 168.67 -0.713554
1650 503.75 177.00 20.50 50.00 -0.740610
1650 537.75 185.00 20.50 50.00 -1.031620
1650 27.75 179.00 20.50 50.00 -1.164375
1650 321.75 19.00 20.50 50.00 -3.819440
1680 553.75 177.00 20.50 50.00 6.642816
1680 542.16 177.03 24.37 59.45 0.740519
1680 571.79 70.99 69.16 168.67 0.318785
1680 169.75 217.00 20.50 50.00 -0.024444
1680 445.34 162.16 26.57 64.81 -0.084983
1680 4.10 188.73 22.38 54.58 -0.123645
1680 532.70 182.18 22.38 54.58 -0.770203
1680 330.11 188.31 75.52 184.20 -0.781276
1680 49.66 169.90 24.37 59.45 -1.415079
1680 -0.25 167.00 20.50 50.00 -2.145891
1680 307.75 35.00 20.50 50.00 -3.625122
1680 197.03 291.30 37.52 91.50 -4.527083
1680 608.85 10.77 31.54 76.92 -4.620680
1710 577.84 174.65 24.37 59.45 5.637534
1710 599.50 134.00 41.00 100.00 0.080422
1710 291.67 126.67 136.67 333.33 0.058996
1710 570.71 181.78 24.37 59.45 -0.119250
1710 589.32 159.44 34.37 83.83 -0.484783
1710 143.89 149.45 22.38 54.58 -0.596895
1710 592.12 98.61 24.37 59.45 -0.947613
1710 450.53 162.16 26.57 64.81 -1.177969
1710 149.49 188.70 37.52 91.50 -1.273098
1710 602.97 45.80 37.52 91.50 -2.233644
1740 605.99 175.14 26.57 64.81 6.375057
1740 619.75 203.00 20.50 50.00 0.678718
1740 137.80 190.59 28.92 70.53 0.158285
1740 608.77 143.76 24.37 59.45 -0.202299
1740 596.88 181.78 24.37 59.45 -0.226547
1740 453.75 181.00 20.50 50.00 -1.174644
1740 513.75 181.00 20.50 50.00 -1.299250
1740 605.99 89.51 26.57 64.81 -1.624856
1740 613.77 68.76 26.57 64.81 -1.869460
1740 305.53 29.45 22.38 54.58 -3.431626
1740 305.75 11.00 20.50 50.00 -3.549297
1740 359.75 359.00 20.50 50.00 -7.058247
1770 617.88 186.55 22.38 54.58 -0.197012
1770 169.75 185.00 20.50 50.00 -0.197553
1770 401.75 187.00 20.50 50.00 -0.231274
1770 453.57 162.35 28.92 70.53 -0.306514
1770 619.75 87.00 20.50 50.00 -0.337916
1770 161.75 191.00 20.50 50.00 -0.364404
1770 515.75 187.00 20.50 50.00 -0.503581
1770 121.36 194.18 44.67 108.95 -0.614822
1770 195.50 182.00 41.00 100.00 -0.856554
1770 605.77 149.23 31.54 76.92 -1.373433
1770 411.75 103.00 20.50 50.00 -1.555617
1770 103.95 189.82 44.67 108.95 -1.605019
1770 605.77 100.00 31.54 76.92 -1.755374
1770 482.46 147.27 22.38 54.58 -1.829220
1770 559.35 185.51 26.57 64.81 -2.043994
1770 279.45 30.55 89.69 218.76 -2.439373
1770 359.75 389.00 20.50 50.00 -6.396381
1770 353.75 383.00 20.50 50.00 -7.523429
1800 337.75 177.00 20.50 50.00 0.497327
1800 379.75 177.00 20.50 50.00 0.337615
1800 619.75 187.00 20.50 50.00 -0.125843
1800 599.50 106.00 41.00 100.00 -0.374137
1800 191.02 176.73 44.67 108.95 -0.701247
1800 401.75 187.00 20.50 50.00 -0.761307
1800 480.30 143.76 24.37 59.45 -1.455713
1800 521.75 185.00 20.50 50.00 -1.656205
1800 344.85 166.91 22.38 54.58 -1.743241
1800 165.75 185.00 20.50 50.00 -1.883378
1800 123.89 199.69 37.52 91.50 -2.320541
1800 303.75 9.00 20.50 50.00 -4.002835
1800 363.72 402.77 24.37 59.45 -10.018235
1800 352.06 403.46 26.57 64.81 -11.013508
1830 143.75 189.00 20.50 50.00 -0.333272
1830 401.75 189.00 20.50 50.00 -0.473119
1830 106.78 190.59 28.92 70.53 -0.523407
1830 617.88 92.73 22.38 54.58 -1.400739
1830 151.75 193.00 20.50 50.00 -1.675437
1830 456.25 184.36 22.38 54.58 -1.758938
1830 287.00 52.00 82.00 200.00 -2.486231
1830 303.75 9.00 20.50 50.00 -4.255843
1860 521.77 193.09 22.38 54.58 -1.150124
1860 -0.30 153.27 24.37 59.45 -1.601550
1860 155.85 187.72 48.64 118.64 -1.765905
1860 36.44 229.93 34.37 83.83 -2.464065
1860 266.27 24.00 98.11 239.31 -2.523258
