30 454.13 162.77 24.37 59.45 -0.046107
30 420.82 174.65 24.37 59.45 -0.527737
30 337.75 121.00 20.50 50.00 -0.872233
30 377.98 154.38 26.57 64.81 -1.746752
30 447.75 47.00 20.50 50.00 -2.113594
30 613.77 53.19 26.57 64.81 -2.430963
30 456.25 44.73 22.38 54.58 -2.731364
30 437.75 53.00 20.50 50.00 -2.765468
30 463.48 55.78 26.57 64.81 -2.799825
30 -1.00 28.00 82.00 200.00 -3.841385
30 418.43 11.75 34.37 83.83 -3.878307
60 193.75 177.00 20.50 50.00 0.234315
60 602.97 141.07 37.52 91.50 -0.011244
60 497.17 146.59 26.57 64.81 -0.463110
60 442.75 175.14 26.57 64.81 -0.961567
60 43.41 169.09 22.38 54.58 -1.215345
60 591.72 168.00 28.92 70.53 -1.225157
60 489.75 157.00 20.50 50.00 -1.319304
60 530.85 159.57 26.57 64.81 -1.461077
60 430.33 181.78 24.37 59.45 -1.624522
60 453.75 43.00 20.50 50.00 -2.024521
60 486.83 49.09 22.38 54.58 -2.524213
60 -0.50 58.00 41.00 100.00 -2.648969
60 427.96 53.47 24.37 59.45 -2.975906
60 489.39 22.05 26.57 64.81 -3.140043
60 473.16 22.57 24.37 59.45 -3.472624
60 502.12 7.64 22.38 54.58 -3.781209
60 512.25 8.39 34.37 83.83 -4.475979
90 -0.38 155.38 31.54 76.92 -0.718030
90 183.64 144.00 26.57 64.81 -0.747713
90 104.57 169.09 22.38 54.58 -0.832672
90 176.66 129.82 22.38 54.58 -0.964605
90 557.75 155.00 20.50 50.00 -1.079419
90 147.75 167.00 20.50 50.00 -1.229906
90 587.74 183.23 52.90 129.03 -1.688824
90 493.38 68.73 22.38 54.58 -1.826583
90 443.75 77.00 20.50 50.00 -2.017237
90 481.76 32.47 28.92 70.53 -2.999777
90 450.53 32.43 26.57 64.81 -3.134590
90 501.71 32.08 24.37 59.45 -3.331498
90 494.57 10.69 24.37 59.45 -3.370595
90 459.21 -1.41 28.92 70.53 -4.763440
90 486.83 -1.09 22.38 54.58 -4.864224
90 617.88 5.45 22.38 54.58 -4.897169
120 161.37 127.64 22.38 54.58 0.399578
120 191.37 125.65 28.92 70.53 -0.048521
120 366.10 150.89 24.37 59.45 -0.328473
120 147.37 115.46 26.57 64.81 -0.451111
120 163.55 151.64 22.38 54.58 -0.891454
120 565.86 135.94 34.37 83.83 -1.171722
120 256.19 131.03 26.57 64.81 -1.256431
120 96.75 109.09 34.37 83.83 -1.645078
120 454.06 36.00 22.38 54.58 -1.820879
120 -0.35 131.29 28.92 70.53 -1.916834
120 464.98 27.27 22.38 54.58 -1.918094
120 445.75 35.00 20.50 50.00 -3.249635
120 575.00 7.69 31.54 76.92 -4.283394
150 443.75 159.00 20.50 50.00 0.812320
150 182.90 141.39 24.37 59.45 0.447261
150 132.16 111.53 28.92 70.53 0.213458
150 615.91 131.88 24.37 59.45 -0.356682
150 82.59 151.78 26.57 64.81 -0.559991
150 468.40 153.27 24.37 59.45 -1.089130
150 137.00 144.00 26.57 64.81 -1.153367
150 67.31 149.23 31.54 76.92 -1.214529
150 257.75 143.00 20.50 50.00 -1.224699
150 399.41 129.50 24.37 59.45 -1.334374
150 143.44 114.35 28.92 70.53 -1.505165
150 163.75 127.00 20.50 50.00 -1.541196
150 56.52 136.36 22.38 54.58 -1.888961
150 617.88 212.73 22.38 54.58 -2.322168
150 611.45 77.65 28.92 70.53 -2.450770
150 499.75 5.00 20.50 50.00 -3.732244
180 463.75 163.00 20.50 50.00 0.905457
180 53.75 151.00 20.50 50.00 -0.280941
180 469.75 157.00 20.50 50.00 -0.376962
180 385.13 127.13 24.37 59.45 -0.577531
180 171.63 111.53 28.92 70.53 -0.722362
180 533.75 173.00 20.50 50.00 -0.902941
180 487.75 151.00 20.50 50.00 -1.040455
180 313.75 146.14 24.37 59.45 -1.166893
180 147.37 120.65 26.57 64.81 -1.186597
180 79.75 159.00 20.50 50.00 -1.199084
180 418.44 141.39 24.37 59.45 -1.205173
180 615.91 181.78 24.37 59.45 -1.224565
180 113.68 110.27 26.57 64.81 -1.250557
180 116.54 130.77 31.54 76.92 -1.435813
180 451.75 143.00 20.50 50.00 -1.462331
180 543.62 173.45 22.38 54.58 -1.789947
180 2.69 161.54 31.54 76.92 -2.007612
180 436.54 50.77 31.54 76.92 -2.481039
210 507.75 159.00 20.50 50.00 3.976177
210 581.75 157.00 20.50 50.00 3.365957
210 551.75 153.00 20.50 50.00 2.748151
210 477.75 143.00 20.50 50.00 1.374411
210 483.75 149.00 20.50 50.00 0.193268
210 454.06 140.73 22.38 54.58 -0.450532
210 137.70 120.00 24.37 59.45 -0.580702
210 194.80 110.50 24.37 59.45 -1.060089
210 390.93 123.24 26.57 64.81 -1.156066
210 61.71 97.10 37.52 91.50 -1.278208
210 126.64 123.24 26.57 64.81 -1.396814
210 607.75 155.00 20.50 50.00 -1.607216
210 17.81 263.35 26.57 64.81 -1.718252
210 168.85 109.23 31.54 76.92 -1.861999
210 83.50 98.00 41.00 100.00 -1.949883
210 156.54 109.23 31.54 76.92 -1.985698
210 312.93 89.45 44.67 108.95 -2.414122
210 21.11 243.56 24.37 59.45 -3.462196
240 568.33 158.02 24.37 59.45 6.958745
240 511.75 147.00 20.50 50.00 2.478204
240 489.75 153.00 20.50 50.00 0.935789
240 126.64 208.86 26.57 64.81 -0.068930
240 555.75 139.00 20.50 50.00 -0.598416
240 507.75 157.00 20.50 50.00 -0.630319
240 393.75 113.00 20.50 50.00 -0.696656
240 13.74 266.82 28.92 70.53 -0.855462
240 181.05 107.68 26.57 64.81 -0.876957
240 27.50 194.00 41.00 100.00 -1.204337
240 408.85 112.31 31.54 76.92 -1.344438
240 165.51 107.68 26.57 64.81 -1.396159
240 109.60 216.00 28.92 70.53 -1.435671
240 30.63 257.82 24.37 59.45 -1.566094
240 563.75 137.00 20.50 50.00 -2.064482
270 541.21 149.19 26.57 64.81 2.086968
270 607.75 139.00 20.50 50.00 0.218393
270 373.23 158.02 24.37 59.45 -0.521056
270 111.13 195.27 22.38 54.58 -0.524810
270 159.75 183.00 20.50 50.00 -0.610277
270 85.18 169.95 26.57 64.81 -0.759998
270 104.57 103.64 22.38 54.58 -1.067042
270 159.11 100.99 24.37 59.45 -1.160708
270 529.75 163.00 20.50 50.00 -1.182583
270 435.75 121.00 20.50 50.00 -1.222288
270 382.75 96.24 24.37 59.45 -1.319166
270 41.75 87.00 20.50 50.00 -1.833350
270 97.75 93.00 20.50 50.00 -2.244814
270 106.77 222.18 24.37 59.45 -2.596618
300 611.15 150.89 24.37 59.45 3.977109
300 133.61 166.15 34.37 83.83 -0.149482
300 362.43 156.97 26.57 64.81 -0.883190
300 513.75 167.00 20.50 50.00 -0.914390
300 1.91 166.91 22.38 54.58 -1.057245
300 570.71 169.90 24.37 59.45 -1.299102
300 135.75 97.00 20.50 50.00 -1.346396
300 419.75 117.00 20.50 50.00 -1.466069
300 588.90 159.53 28.92 70.53 -1.536385
300 119.62 170.77 31.54 76.92 -1.588125
300 -0.25 81.00 20.50 50.00 -1.642684
300 79.75 91.00 20.50 50.00 -2.363296
300 16.36 67.72 24.37 59.45 -2.473942
330 177.75 179.00 20.50 50.00 0.166440
330 134.41 79.14 26.57 64.81 -0.491585
330 160.35 168.00 28.92 70.53 -1.106273
330 59.75 163.00 20.50 50.00 -1.125829
330 49.75 161.00 20.50 50.00 -1.533336
330 442.23 110.50 24.37 59.45 -1.555739
330 441.75 79.00 20.50 50.00 -2.330630
330 -0.77 52.31 63.08 153.85 -2.449705
330 577.69 27.69 63.08 153.85 -3.520568
360 -0.25 163.00 20.50 50.00 1.641664
360 8.46 160.36 22.38 54.58 0.064106
360 194.19 165.18 28.92 70.53 -1.055399
360 461.75 91.00 20.50 50.00 -1.065388
360 98.14 175.14 26.57 64.81 -1.421952
360 476.12 117.18 28.92 70.53 -1.457627
360 69.64 68.76 26.57 64.81 -1.594598
360 90.36 79.14 26.57 64.81 -1.661077
360 615.91 103.37 24.37 59.45 -1.902263
360 4.10 147.27 22.38 54.58 -2.037271
360 474.97 53.13 37.52 91.50 -2.475880
360 -0.50 34.00 41.00 100.00 -4.080350
390 215.97 175.64 22.38 54.58 -0.754591
390 227.69 169.95 26.57 64.81 -0.913523
390 545.76 95.66 34.37 83.83 -1.622969
390 128.60 180.00 22.38 54.58 -1.636322
390 605.77 263.08 31.54 76.92 -1.722261
390 127.75 157.00 20.50 50.00 -1.761289
390 -0.46 49.47 37.52 91.50 -2.144942
390 494.84 64.52 52.90 129.03 -2.348658
390 565.52 3.69 75.52 184.20 -4.339488
420 237.62 169.90 24.37 59.45 -0.597555
420 147.31 164.62 31.54 76.92 -1.079941
420 224.71 173.45 22.38 54.58 -1.124959
420 417.75 73.00 20.50 50.00 -1.457219
420 446.99 136.63 24.37 59.45 -2.044991
420 49.75 99.00 20.50 50.00 -2.263882
420 -0.50 42.00 41.00 100.00 -2.544744
420 33.01 86.73 24.37 59.45 -2.549645
420 77.75 41.00 20.50 50.00 -2.794076
450 237.82 175.64 22.38 54.58 -0.545346
450 229.75 175.00 20.50 50.00 -0.711729
450 155.75 177.00 20.50 50.00 -1.284266
450 3.75 187.00 20.50 50.00 -1.371060
450 419.11 57.82 22.38 54.58 -1.486196
450 556.54 112.31 31.54 76.92 -1.638251
450 433.75 65.00 20.50 50.00 -2.195683
450 411.75 65.00 20.50 50.00 -2.648079
450 602.97 56.79 37.52 91.50 -2.658251
450 399.41 43.96 24.37 59.45 -3.116027
480 387.75 165.00 20.50 50.00 0.751292
480 229.75 177.00 20.50 50.00 -0.266599
480 393.75 171.00 20.50 50.00 -0.486391
480 135.75 95.00 20.50 50.00 -0.788691
480 163.75 179.00 20.50 50.00 -1.247417
480 619.75 185.00 20.50 50.00 -1.380867
480 606.07 105.73 34.37 83.83 -1.699522
480 245.75 175.00 20.50 50.00 -2.040900
480 460.61 29.45 22.38 54.58 -2.081266
480 -0.71 64.94 57.98 141.42 -2.458066
480 425.13 15.11 34.37 83.83 -2.980646
480 471.75 17.00 20.50 50.00 -3.615226
480 151.75 21.00 20.50 50.00 -3.939378
480 457.75 13.00 20.50 50.00 -4.044651
510 414.10 159.53 28.92 70.53 0.154709
510 606.07 125.87 34.37 83.83 -0.503512
510 494.57 99.89 26.57 64.81 -1.002381
510 233.75 177.00 20.50 50.00 -1.008957
510 179.75 125.00 20.50 50.00 -1.079598
510 619.75 45.00 20.50 50.00 -1.649632
510 513.20 115.64 44.67 108.95 -2.033461
510 165.73 29.45 22.38 54.58 -3.160385
510 541.75 -1.00 20.50 50.00 -3.668542
510 605.99 9.08 26.57 64.81 -4.100200
510 619.75 11.00 20.50 50.00 -4.146837
510 431.09 -1.83 37.52 91.50 -4.297497
540 247.14 155.64 24.37 59.45 -0.890414
540 455.00 132.00 82.00 200.00 -1.179690
540 67.75 169.00 20.50 50.00 -1.381589
540 615.91 53.47 24.37 59.45 -2.850540
540 130.56 5.94 24.37 59.45 -3.332461
540 600.41 25.09 22.38 54.58 -3.336512
540 473.16 -1.19 24.37 59.45 -4.591607
570 587.50 138.00 41.00 100.00 -0.046557
570 530.51 166.91 22.38 54.58 -0.629297
570 247.75 171.00 20.50 50.00 -0.832412
570 438.77 132.00 22.38 54.58 -0.833909
570 423.20 134.26 24.37 59.45 -1.068410
570 76.34 115.42 37.52 91.50 -1.367074
570 411.30 139.01 24.37 59.45 -1.681908
570 595.50 230.00 41.00 100.00 -2.602168
570 127.75 11.00 20.50 50.00 -3.110834
570 141.75 7.00 20.50 50.00 -3.488150
600 451.88 145.09 22.38 54.58 1.220299
600 126.64 149.19 26.57 64.81 0.883110
600 445.32 151.64 22.38 54.58 0.341658
600 429.75 157.00 20.50 50.00 -0.072776
600 259.66 166.91 22.38 54.58 -0.209038
600 577.84 139.01 24.37 59.45 -0.800020
600 460.89 128.43 26.57 64.81 -0.832481
600 155.75 159.00 20.50 50.00 -1.313555
600 47.35 106.91 44.67 108.95 -1.725564
600 320.89 160.40 24.37 59.45 -1.871908
600 117.75 1.00 20.50 50.00 -3.713266
630 481.76 136.94 28.92 70.53 1.236376
630 455.75 165.00 20.50 50.00 0.910417
630 611.17 144.00 26.57 64.81 -0.355134
630 271.75 171.00 20.50 50.00 -0.807642
630 518.95 122.52 34.37 83.83 -1.177447
630 191.75 157.00 20.50 50.00 -1.351423
630 -0.27 149.45 22.38 54.58 -1.631200
630 113.31 156.00 22.38 54.58 -1.993624
660 545.80 164.73 22.38 54.58 0.237487
660 7.50 110.00 41.00 100.00 0.138627
660 465.75 151.00 20.50 50.00 -0.102048
660 269.75 165.00 20.50 50.00 -0.953158
660 495.75 169.00 20.50 50.00 -1.098261
660 515.75 159.00 20.50 50.00 -1.255386
660 383.16 167.35 26.57 64.81 -1.634222
660 541.43 153.82 22.38 54.58 -1.715800
660 78.22 93.86 24.37 59.45 -2.023852
660 559.23 46.15 63.08 153.85 -2.450502
660 595.92 89.45 44.67 108.95 -2.643374
690 475.75 165.00 20.50 50.00 2.228520
690 513.04 164.73 22.38 54.58 1.626282
690 265.75 171.00 20.50 50.00 0.660520
690 587.74 147.10 52.90 129.03 -0.302755
690 505.75 173.00 20.50 50.00 -0.685282
690 161.37 149.45 22.38 54.58 -1.058259
690 483.75 163.00 20.50 50.00 -1.169688
690 521.75 179.00 20.50 50.00 -1.189209
690 215.75 171.00 20.50 50.00 -1.246184
690 521.75 161.00 20.50 50.00 -1.498059
690 -0.54 106.91 44.67 108.95 -1.686602
690 106.76 153.82 22.38 54.58 -1.850703
720 593.75 167.00 20.50 50.00 3.242994
720 261.75 169.00 20.50 50.00 1.032698
720 543.62 166.91 22.38 54.58 0.874382
720 527.88 165.15 24.37 59.45 0.134661
720 515.75 161.00 20.50 50.00 -0.077069
720 269.75 171.00 20.50 50.00 -1.371266
720 124.05 141.41 26.57 64.81 -1.383993
720 589.75 177.00 20.50 50.00 -1.436756
720 518.36 174.65 24.37 59.45 -1.443719
720 -0.38 106.15 31.54 76.92 -1.728594
720 617.75 169.00 20.50 50.00 -2.056351
750 267.75 175.00 20.50 50.00 0.274843
750 31.75 141.00 20.50 50.00 -0.577713
750 106.78 139.76 28.92 70.53 -1.004262
750 257.47 171.27 22.38 54.58 -1.021184
750 175.75 153.00 20.50 50.00 -1.092867
750 4.10 121.09 22.38 54.58 -1.137417
750 385.90 148.24 28.92 70.53 -1.777681
750 89.75 165.00 20.50 50.00 -1.781024
750 606.07 95.66 34.37 83.83 -1.801197
750 451.75 59.00 20.50 50.00 -2.584596
750 461.75 47.00 20.50 50.00 -3.028074
750 499.75 21.00 20.50 50.00 -3.737779
750 559.62 7.69 31.54 76.92 -3.760746
780 255.75 175.00 20.50 50.00 1.348603
780 243.75 171.00 20.50 50.00 0.650755
780 84.23 134.12 28.92 70.53 0.174804
780 27.75 169.00 20.50 50.00 -0.605608
780 144.83 143.76 24.37 59.45 -0.850334
780 -0.27 164.73 22.38 54.58 -1.832626
780 469.75 15.00 20.50 50.00 -3.134805
780 571.79 16.90 69.16 168.67 -3.272062
810 241.75 177.00 20.50 50.00 0.315690
810 231.75 175.00 20.50 50.00 -0.084336
810 435.09 181.78 24.37 59.45 -1.216732
810 419.75 189.00 20.50 50.00 -1.392530
810 160.32 169.95 26.57 64.81 -1.632360
810 559.35 71.35 26.57 64.81 -1.852868
810 459.26 121.19 48.64 118.64 -1.904377
810 7.50 114.00 41.00 100.00 -2.143966
810 419.75 45.00 20.50 50.00 -2.657489
810 467.75 31.00 20.50 50.00 -2.744293
810 443.75 29.00 20.50 50.00 -2.918482
840 231.75 177.00 20.50 50.00 -0.226082
840 215.97 175.64 22.38 54.58 -0.539046
840 389.75 139.00 20.50 50.00 -0.954755
840 -0.27 79.64 22.38 54.58 -1.617967
840 611.45 108.71 28.92 70.53 -1.686902
840 547.31 220.00 31.54 76.92 -1.780148
840 617.88 70.91 22.38 54.58 -1.918694
840 58.85 66.35 28.92 70.53 -1.968884
840 571.98 227.29 28.92 70.53 -2.492564
840 591.67 278.18 22.38 54.58 -2.668507
840 585.97 41.96 34.37 83.83 -3.219764
840 107.50 30.00 41.00 100.00 -3.853068
840 459.21 12.71 28.92 70.53 -4.272488
840 441.88 -1.68 34.37 83.83 -4.393601
870 399.45 136.36 22.38 54.58 0.880478
870 204.31 172.28 24.37 59.45 0.736854
870 417.75 149.00 20.50 50.00 0.649796
870 222.51 169.95 26.57 64.81 0.029517
870 183.75 115.00 20.50 50.00 -0.324342
870 408.19 142.91 22.38 54.58 -0.553890
870 619.75 287.00 20.50 50.00 -0.843476
870 137.70 112.87 24.37 59.45 -0.885313
870 602.97 115.42 37.52 91.50 -1.209362
870 -0.25 81.00 20.50 50.00 -2.003431
870 539.75 249.00 20.50 50.00 -2.920554
870 599.75 287.00 20.50 50.00 -3.175105
900 605.99 172.54 26.57 64.81 0.927086
900 213.83 172.28 24.37 59.45 0.837208
900 177.75 115.00 20.50 50.00 0.402212
900 414.10 134.12 28.92 70.53 -0.045279
900 135.75 109.00 20.50 50.00 -0.387077
900 438.77 147.27 22.38 54.58 -0.421060
900 187.66 172.28 24.37 59.45 -0.632745
900 617.88 188.73 22.38 54.58 -0.794649
900 397.18 83.29 28.92 70.53 -0.899027
900 185.75 113.00 20.50 50.00 -1.367830
900 430.03 118.91 22.38 54.58 -1.578914
900 206.69 179.41 24.37 59.45 -1.580339
900 539.75 173.00 20.50 50.00 -1.976794
900 474.97 97.10 37.52 91.50 -2.114489
900 102.01 181.78 24.37 59.45 -2.119028
900 501.50 69.18 28.92 70.53 -2.723295
900 619.75 259.00 20.50 50.00 -3.908309
930 521.75 157.00 20.50 50.00 5.009109
930 515.75 151.00 20.50 50.00 0.207434
930 202.69 173.85 31.54 76.92 0.047141
930 529.75 155.00 20.50 50.00 -0.028456
930 361.34 136.63 24.37 59.45 -0.469089
930 439.47 131.29 28.92 70.53 -0.716710
930 460.61 158.18 22.38 54.58 -0.727481
930 177.27 173.65 28.92 70.53 -1.277700
930 472.04 135.94 34.37 83.83 -1.295692
930 259.66 156.00 22.38 54.58 -1.801889
930 411.75 61.00 20.50 50.00 -2.408379
960 615.70 151.64 22.38 54.58 5.279222
960 505.75 147.00 20.50 50.00 0.610238
960 163.75 103.00 20.50 50.00 0.573265
960 607.75 149.00 20.50 50.00 0.477151
960 485.77 130.77 31.54 76.92 -0.005412
960 467.75 149.00 20.50 50.00 -0.040386
960 148.26 97.09 22.38 54.58 -0.245993
960 195.75 183.00 20.50 50.00 -0.288385
960 176.66 177.82 22.38 54.58 -0.556115
960 160.35 168.00 28.92 70.53 -0.707561
960 363.72 127.13 24.37 59.45 -0.928331
960 32.59 83.17 48.64 118.64 -1.181696
960 139.75 99.00 20.50 50.00 -1.576114
960 46.32 169.95 26.57 64.81 -1.656488
960 98.33 74.82 28.92 70.53 -2.178415
960 595.92 72.00 44.67 108.95 -2.591932
960 19.75 75.00 20.50 50.00 -2.622942
960 435.75 25.00 20.50 50.00 -2.912936
960 440.96 49.09 22.38 54.58 -2.983767
960 619.75 31.00 20.50 50.00 -3.840832
990 587.31 140.00 31.54 76.92 3.892306
990 129.34 190.59 28.92 70.53 0.867342
990 176.66 171.27 22.38 54.58 0.404683
990 504.09 148.51 24.37 59.45 -0.207566
990 119.75 163.00 20.50 50.00 -0.516087
990 570.06 126.41 37.52 91.50 -0.942019
990 137.34 110.18 22.38 54.58 -0.977250
990 53.75 59.00 20.50 50.00 -1.075436
990 151.75 95.00 20.50 50.00 -1.351659
990 375.75 173.00 20.50 50.00 -1.646814
990 595.92 93.82 44.67 108.95 -1.800934
990 289.75 125.00 20.50 50.00 -1.868860
990 140.07 181.78 24.37 59.45 -1.907841
990 16.36 200.79 24.37 59.45 -2.014032
990 -0.46 60.46 37.52 91.50 -2.555645
990 82.69 60.00 31.54 76.92 -2.863969
990 479.75 15.00 20.50 50.00 -3.312953
1020 543.75 173.00 20.50 50.00 0.952594
1020 111.52 186.53 24.37 59.45 -0.286427
1020 581.03 144.73 37.52 91.50 -0.356755
1020 137.34 97.09 22.38 54.58 -0.376975
1020 98.08 201.54 31.54 76.92 -0.927544
1020 87.75 187.00 20.50 50.00 -0.959191
1020 107.31 87.69 31.54 76.92 -1.215363
1020 145.75 123.00 20.50 50.00 -1.481577
1020 21.57 44.73 22.38 54.58 -1.494110
1020 142.19 193.30 26.57 64.81 -1.693039
1020 11.60 46.34 24.37 59.45 -2.005241
1020 36.86 53.45 22.38 54.58 -2.359457
1050 567.65 145.09 22.38 54.58 1.814036
1050 613.77 136.22 26.57 64.81 1.341774
1050 106.76 186.55 22.38 54.58 0.585504
1050 157.75 183.00 20.50 50.00 -0.692333
1050 606.07 85.59 34.37 83.83 -1.234024
1050 130.78 88.36 22.38 54.58 -1.392988
1050 617.88 175.64 22.38 54.58 -1.505126
1050 587.85 159.57 26.57 64.81 -1.508716
1050 617.88 57.82 22.38 54.58 -1.700663
1050 87.10 77.45 22.38 54.58 -1.870959
1050 482.46 16.36 22.38 54.58 -3.110024
1050 -0.46 27.48 37.52 91.50 -3.351073
1050 468.66 9.08 26.57 64.81 -3.989866
1080 122.05 182.18 22.38 54.58 0.631362
1080 125.75 117.00 20.50 50.00 -0.205589
1080 405.03 166.15 34.37 83.83 -0.444644
1080 425.75 117.00 20.50 50.00 -0.812228
1080 102.01 165.15 24.37 59.45 -0.966898
1080 58.85 63.53 28.92 70.53 -1.115812
1080 619.75 79.00 20.50 50.00 -1.128735
1080 111.52 74.85 24.37 59.45 -1.431273
1080 417.75 125.00 20.50 50.00 -1.690866
1080 131.82 180.32 26.57 64.81 -2.130896
1080 517.41 1.09 22.38 54.58 -4.184863
1080 525.75 9.00 20.50 50.00 -4.719634
1110 21.57 160.36 22.38 54.58 0.055116
1110 432.22 116.73 22.38 54.58 0.013606
1110 143.89 171.27 22.38 54.58 -0.142622
1110 450.53 110.27 26.57 64.81 -0.145271
1110 163.75 181.00 20.50 50.00 -0.273925
1110 417.75 117.00 20.50 50.00 -1.095539
1110 84.23 69.18 28.92 70.53 -1.114349
1110 185.75 193.00 20.50 50.00 -1.382607
1110 71.08 84.36 24.37 59.45 -1.589446
1110 384.16 127.64 22.38 54.58 -1.663034
1110 59.18 105.74 24.37 59.45 -1.892261
1110 109.75 87.00 20.50 50.00 -2.003606
1110 35.39 62.97 24.37 59.45 -2.017253
1110 101.75 89.00 20.50 50.00 -2.035800
1110 55.75 89.00 20.50 50.00 -2.091463
1110 61.86 68.76 26.57 64.81 -2.683721
1110 -0.30 51.09 24.37 59.45 -3.258447
1140 411.75 169.00 20.50 50.00 -0.329774
1140 194.01 175.14 26.57 64.81 -0.391825
1140 183.64 167.35 26.57 64.81 -0.484909
1140 439.62 106.15 31.54 76.92 -0.822188
1140 41.23 121.09 22.38 54.58 -0.824387
1140 82.59 164.76 26.57 64.81 -1.045724
1140 584.23 226.15 31.54 76.92 -1.129438
1140 539.75 163.00 20.50 50.00 -1.435327
1140 599.50 82.00 41.00 100.00 -1.541328
1140 41.13 66.16 26.57 64.81 -1.614255
1140 595.92 259.64 44.67 108.95 -2.327854
1140 -0.27 49.09 22.38 54.58 -2.489916
1140 69.64 60.97 26.57 64.81 -2.690947
1170 615.75 153.00 20.50 50.00 1.512105
1170 213.79 171.27 22.38 54.58 0.591963
1170 89.28 158.18 22.38 54.58 0.188709
1170 231.75 171.00 20.50 50.00 -0.509368
1170 427.96 117.62 24.37 59.45 -0.733059
1170 414.25 131.03 26.57 64.81 -1.088268
1170 587.36 158.02 24.37 59.45 -1.749708
1170 -0.50 106.00 41.00 100.00 -1.773073
1170 415.75 199.00 20.50 50.00 -1.798161
1170 -0.38 53.85 31.54 76.92 -1.978300
1170 49.75 47.00 20.50 50.00 -3.253845
1200 235.75 175.00 20.50 50.00 0.664631
1200 113.75 165.00 20.50 50.00 0.235522
1200 4.10 173.45 22.38 54.58 -0.170915
1200 617.88 149.45 22.38 54.58 -0.546173
1200 243.75 171.00 20.50 50.00 -0.954792
1200 386.94 128.73 44.67 108.95 -1.092093
1200 562.74 119.08 37.52 91.50 -1.402254
1200 404.35 128.73 44.67 108.95 -1.494357
1200 176.66 171.27 22.38 54.58 -1.627368
1200 418.41 81.88 57.98 141.42 -2.041780
1200 -0.71 64.94 57.98 141.42 -2.722256
1200 95.00 44.62 31.54 76.92 -3.120487
1200 619.75 39.00 20.50 50.00 -3.604104
1230 257.47 177.82 22.38 54.58 -0.199810
1230 251.75 167.00 20.50 50.00 -0.423422
1230 201.75 171.00 20.50 50.00 -0.943120
1230 56.03 142.59 28.92 70.53 -0.997094
1230 408.19 166.91 22.38 54.58 -1.396437
1230 416.93 166.91 22.38 54.58 -1.508853
1230 611.45 86.12 28.92 70.53 -1.824870
1230 -0.30 131.88 24.37 59.45 -1.843182
1230 49.66 165.15 24.37 59.45 -1.921229
1230 558.32 138.59 69.16 168.67 -1.935756
1230 -0.38 216.92 31.54 76.92 -2.448304
1230 78.59 15.53 28.92 70.53 -3.424189
1230 21.15 38.46 31.54 76.92 -3.825449
1230 -0.27 14.18 22.38 54.58 -3.921866
1260 416.93 184.36 22.38 54.58 -0.135695
1260 411.30 162.77 24.37 59.45 -0.485647
1260 207.75 163.00 20.50 50.00 -0.864723
1260 379.75 139.00 20.50 50.00 -1.399319
1260 611.45 241.41 28.92 70.53 -1.412823
1260 476.12 60.71 28.92 70.53 -1.475185
1260 599.50 102.00 41.00 100.00 -1.599566
1260 66.53 118.31 69.16 168.67 -1.724467
1260 -0.46 20.15 37.52 91.50 -3.992708
1290 419.50 150.00 41.00 100.00 0.484621
1290 392.89 116.44 48.64 118.64 -0.224402
1290 141.15 167.69 31.54 76.92 -0.669953
1290 257.75 175.00 20.50 50.00 -0.894587
1290 525.67 164.76 26.57 64.81 -1.312425
1290 -0.42 95.66 34.37 83.83 -1.396810
1290 23.04 125.87 34.37 83.83 -1.398648
1290 473.48 149.70 48.64 118.64 -1.438331
1290 189.75 157.00 20.50 50.00 -1.533723
1290 538.08 93.85 31.54 76.92 -2.173484
1290 482.69 50.77 31.54 76.92 -2.607555
1290 78.36 14.18 22.38 54.58 -4.572943
1320 85.75 159.00 20.50 50.00 0.729329
1320 424.62 162.16 26.57 64.81 -0.217817
1320 382.75 134.26 24.37 59.45 -0.912327
1320 68.70 150.89 24.37 59.45 -0.951882
1320 497.70 149.65 57.98 141.42 -1.062444
1320 179.75 185.00 20.50 50.00 -1.340904
1320 411.28 176.47 28.92 70.53 -1.467322
1320 461.99 166.15 34.37 83.83 -1.473069
1320 577.78 154.46 48.64 118.64 -1.857216
1320 481.75 27.00 20.50 50.00 -2.982176
1320 473.75 29.00 20.50 50.00 -3.083596
1320 465.75 33.00 20.50 50.00 -3.217793
1350 6.28 160.36 22.38 54.58 1.941492
1350 12.83 171.27 22.38 54.58 -0.558583
1350 431.83 156.08 34.37 83.83 -0.891558
1350 378.22 109.09 34.37 83.83 -1.037743
1350 -0.27 153.82 22.38 54.58 -1.196378
1350 398.32 159.44 34.37 83.83 -1.205754
1350 474.97 163.05 37.52 91.50 -1.458201
1350 116.54 152.31 31.54 76.92 -1.546879
1350 205.05 173.45 22.38 54.58 -1.639734
1350 561.09 158.18 22.38 54.58 -1.783262
1350 597.75 241.00 20.50 50.00 -2.171267
1350 479.75 21.00 20.50 50.00 -2.480301
1350 619.75 43.00 20.50 50.00 -3.158065
1350 617.88 18.55 22.38 54.58 -3.568160
1350 487.75 17.00 20.50 50.00 -3.681081
1350 471.75 21.00 20.50 50.00 -4.210216
1380 397.75 151.00 20.50 50.00 0.104036
1380 74.82 149.19 26.57 64.81 0.057287
1380 55.75 157.00 20.50 50.00 -0.103838
1380 193.37 144.73 37.52 91.50 -0.632561
1380 451.75 205.00 20.50 50.00 -1.113677
1380 619.75 163.00 20.50 50.00 -1.287266
1380 378.08 118.46 31.54 76.92 -1.417234
1380 546.61 224.47 28.92 70.53 -1.822218
1380 529.75 155.00 20.50 50.00 -1.879390
1380 439.47 117.18 28.92 70.53 -1.934588
1380 536.03 110.27 26.57 64.81 -1.964943
1380 525.75 229.00 20.50 50.00 -2.105119
1380 492.19 70.10 24.37 59.45 -2.586288
1380 503.50 30.00 41.00 100.00 -3.113424
1380 557.75 23.00 20.50 50.00 -3.288471
1380 483.75 29.00 20.50 50.00 -3.537477
1380 547.99 22.91 22.38 54.58 -4.053217
1380 492.19 8.32 24.37 59.45 -4.100082
1380 505.75 9.00 20.50 50.00 -4.566663
1410 556.43 155.64 24.37 59.45 0.285284
1410 388.27 125.87 34.37 83.83 0.218188
1410 220.97 186.53 24.37 59.45 -0.211883
1410 585.12 245.45 22.38 54.58 -0.983113
1410 73.75 117.00 20.50 50.00 -1.178830
1410 119.86 153.82 22.38 54.58 -1.358505
1410 160.35 193.41 28.92 70.53 -1.373280
1410 486.83 219.27 22.38 54.58 -1.545663
1410 209.75 183.00 20.50 50.00 -1.647634
1410 475.75 231.00 20.50 50.00 -1.737476
1410 453.57 122.82 28.92 70.53 -2.000652
1410 504.23 31.14 37.52 91.50 -3.778160
1410 591.67 7.64 22.38 54.58 -4.119173
1410 486.83 9.82 22.38 54.58 -4.138677
1440 479.75 161.00 20.50 50.00 1.392006
1440 401.64 153.82 22.38 54.58 -0.122397
1440 589.74 153.27 24.37 59.45 -0.283087
1440 619.75 173.00 20.50 50.00 -0.837286
1440 251.75 177.00 20.50 50.00 -0.902243
1440 220.97 184.16 24.37 59.45 -1.386992
1440 425.75 147.00 20.50 50.00 -1.551357
1440 595.92 76.36 44.67 108.95 -1.599139
1440 536.03 237.41 26.57 64.81 -1.830644
1440 -0.46 122.75 37.52 91.50 -1.987571
1440 535.71 52.03 34.37 83.83 -2.786289
1440 619.75 5.00 20.50 50.00 -3.855532
1470 492.19 165.15 24.37 59.45 0.797381
1470 247.75 177.00 20.50 50.00 -0.061743
1470 254.28 179.41 24.37 59.45 -0.083696
1470 619.75 127.00 20.50 50.00 -0.480943
1470 225.75 191.00 20.50 50.00 -0.594701
1470 595.92 237.82 44.67 108.95 -0.629084
1470 463.75 155.00 20.50 50.00 -0.996331
1470 434.40 164.73 22.38 54.58 -1.111548
1470 414.10 139.76 28.92 70.53 -1.472220
1470 530.51 162.55 22.38 54.58 -1.621652
1470 199.62 173.85 31.54 76.92 -2.126606
1470 23.00 20.00 82.00 200.00 -2.491503
1470 562.74 34.81 37.52 91.50 -3.069425
1500 503.75 171.00 20.50 50.00 3.564476
1500 533.77 161.74 107.29 261.69 -0.085410
1500 82.62 130.43 107.29 261.69 -0.094082
1500 205.75 195.00 20.50 50.00 -0.263444
1500 233.75 181.00 20.50 50.00 -1.082266
1500 452.24 89.45 44.67 108.95 -1.881103
1500 559.00 28.00 82.00 200.00 -3.110636
1500 -0.92 18.46 75.52 184.20 -3.875747
1530 611.45 173.65 28.92 70.53 0.738499
1530 479.23 144.62 63.08 153.85 0.520946
1530 211.45 179.41 24.37 59.45 -0.481418
1530 222.63 141.07 37.52 91.50 -0.494203
1530 181.02 197.45 22.38 54.58 -0.547113
1530 39.04 110.18 22.38 54.58 -0.658000
1530 87.75 175.00 20.50 50.00 -0.661231
1530 339.11 141.41 26.57 64.81 -0.891870
1530 128.46 138.46 63.08 153.85 -1.754123
1530 517.55 115.64 44.67 108.95 -2.255721
1530 593.75 279.00 20.50 50.00 -3.941743
1560 393.46 124.62 31.54 76.92 0.720842
1560 215.75 197.00 20.50 50.00 -0.116493
1560 -0.65 126.45 52.90 129.03 -0.463440
1560 343.31 130.08 37.52 91.50 -0.684243
1560 227.75 139.00 20.50 50.00 -0.733720
1560 413.75 147.00 20.50 50.00 -0.793421
1560 146.26 196.24 28.92 70.53 -1.170189
1560 332.79 139.01 24.37 59.45 -1.572198
1560 98.96 168.71 48.64 118.64 -2.111672
1560 17.20 103.64 22.38 54.58 -2.187127
1560 7.00 212.00 82.00 200.00 -2.520264
1560 617.88 68.73 22.38 54.58 -2.704818
1590 380.26 168.00 28.92 70.53 8.377365
1590 368.99 165.18 28.92 70.53 1.361920
1590 356.54 121.54 31.54 76.92 0.461586
1590 391.54 173.65 28.92 70.53 -0.502083
1590 118.06 184.94 28.92 70.53 -0.883122
1590 5.29 125.65 28.92 70.53 -0.951878
1590 134.42 133.09 44.67 108.95 -0.988681
1590 341.15 124.62 31.54 76.92 -1.038106
1590 619.75 161.00 20.50 50.00 -1.334658
1590 523.75 151.00 20.50 50.00 -1.527869
1590 54.42 222.18 24.37 59.45 -2.032549
1590 418.39 48.00 75.52 184.20 -2.979038
1620 227.31 158.46 31.54 76.92 6.669789
1620 274.35 112.45 34.37 83.83 -0.405467
1620 319.35 100.65 52.90 129.03 -1.050765
1620 70.13 151.06 28.92 70.53 -1.309898
1620 235.63 138.55 22.38 54.58 -1.402084
1620 619.75 63.00 20.50 50.00 -1.458562
1620 27.75 201.00 20.50 50.00 -2.021300
1650 145.83 148.40 37.52 91.50 2.361057
1650 567.50 130.00 41.00 100.00 1.537905
1650 471.75 153.00 20.50 50.00 -0.256129
1650 186.23 128.43 26.57 64.81 -1.296106
1650 2.47 120.00 28.92 70.53 -1.494155
1650 27.84 117.18 28.92 70.53 -1.665738
1650 220.97 131.88 24.37 59.45 -1.701921
1650 199.62 155.38 31.54 76.92 -1.716148
1650 619.75 145.00 20.50 50.00 -1.832915
1650 285.87 92.73 22.38 54.58 -1.887801
1650 374.25 48.00 75.52 184.20 -3.167972
1680 540.97 151.06 28.92 70.53 0.288450
1680 464.98 140.73 22.38 54.58 -0.295376
1680 582.60 136.63 24.37 59.45 -1.073592
1680 294.45 95.66 34.37 83.83 -1.481708
1680 450.53 133.62 26.57 64.81 -1.947693
1680 369.75 37.00 20.50 50.00 -2.675933
1710 370.20 105.08 26.57 64.81 0.531153
1710 417.69 101.54 63.08 153.85 -1.518847
1710 23.75 107.00 20.50 50.00 -1.547760
1710 619.75 89.00 20.50 50.00 -2.531542
1740 444.61 105.74 24.37 59.45 -1.061635
1740 135.75 215.00 20.50 50.00 -1.401457
1740 473.16 203.17 24.37 59.45 -1.530831
1740 79.75 101.00 20.50 50.00 -1.856209
1740 408.46 111.53 28.92 70.53 -1.950606
1770 86.70 105.73 34.37 83.83 -0.262077
1770 513.04 225.82 22.38 54.58 -0.303326
1770 123.75 147.00 20.50 50.00 -0.314704
1770 275.75 69.00 20.50 50.00 -0.920561
1770 619.75 149.00 20.50 50.00 -1.406250
1770 460.89 107.68 26.57 64.81 -1.740056
1770 139.60 214.05 26.57 64.81 -1.936350
1770 343.08 43.08 126.15 307.69 -2.708747
1770 595.92 32.73 44.67 108.95 -4.016985
1770 513.04 20.73 22.38 54.58 -4.043639
1800 273.75 79.00 20.50 50.00 -1.047960
1800 455.29 139.30 34.37 83.83 -1.177527
1800 507.14 224.47 28.92 70.53 -1.396358
1800 55.75 123.00 20.50 50.00 -1.767053
1800 139.60 227.03 26.57 64.81 -2.231793
1830 99.75 129.00 20.50 50.00 0.254508
1830 451.50 130.00 41.00 100.00 -0.707458
1830 273.75 85.00 20.50 50.00 -1.088763
1830 513.04 238.91 22.38 54.58 -1.151888
1830 602.97 100.76 37.52 91.50 -1.331773
1830 281.75 81.00 20.50 50.00 -1.848420
1830 401.78 79.60 24.37 59.45 -2.222973
1830 142.45 241.19 24.37 59.45 -2.510531
1830 513.61 32.08 24.37 59.45 -3.750077
