30 191.75 197.00 20.50 50.00 1.046469
30 89.87 179.29 28.92 70.53 -0.664430
30 599.50 134.00 41.00 100.00 -0.729895
30 178.84 193.09 22.38 54.58 -1.015048
30 460.89 164.76 26.57 64.81 -1.034266
30 261.41 162.77 24.37 59.45 -1.039239
30 394.65 184.16 24.37 59.45 -1.549414
60 287.75 193.00 20.50 50.00 0.493995
60 461.26 165.15 24.37 59.45 -0.486546
60 244.19 166.15 34.37 83.83 -1.292794
60 263.75 37.00 20.50 50.00 -3.255450
60 551.23 21.82 89.69 218.76 -3.430360
90 241.75 165.00 20.50 50.00 -0.021765
90 327.96 162.80 34.37 83.83 -0.425054
90 515.75 191.00 20.50 50.00 -0.768473
90 124.05 125.84 26.57 64.81 -0.801530
90 271.75 177.00 20.50 50.00 -0.851217
90 462.80 169.09 22.38 54.58 -0.858136
90 587.74 110.97 52.90 129.03 -1.167824
90 393.75 185.00 20.50 50.00 -1.401873
90 228.10 155.64 24.37 59.45 -1.706205
120 27.31 176.92 31.54 76.92 0.500007
120 91.75 201.00 20.50 50.00 -0.258345
120 237.82 160.36 22.38 54.58 -0.440722
120 275.75 165.00 20.50 50.00 -0.937100
120 46.49 166.15 34.37 83.83 -2.050567
120 533.77 5.22 107.29 261.69 -4.072701
150 122.05 186.55 22.38 54.58 0.255735
150 243.75 165.00 20.50 50.00 -0.463782
150 235.75 163.00 20.50 50.00 -0.479326
150 511.75 183.00 20.50 50.00 -0.523584
150 313.75 189.00 20.50 50.00 -0.684963
150 582.65 104.47 57.98 141.42 -0.954321
150 115.49 195.27 22.38 54.58 -1.140789
150 459.21 162.35 28.92 70.53 -1.256731
150 257.75 165.00 20.50 50.00 -1.260401
150 -0.50 210.00 41.00 100.00 -1.748139
150 161.37 129.82 22.38 54.58 -1.889859
150 132.97 193.09 22.38 54.58 -2.079999
180 130.41 117.82 89.69 218.76 -0.876678
180 592.00 97.43 48.64 118.64 -1.429933
210 159.75 199.00 20.50 50.00 -0.403344
210 196.15 107.69 63.08 153.85 -0.660244
210 460.89 164.76 26.57 64.81 -0.950450
210 595.92 133.09 44.67 108.95 -1.504767
210 118.66 105.74 24.37 59.45 -2.126446
240 265.75 169.00 20.50 50.00 0.775391
240 202.87 184.36 22.38 54.58 0.444395
240 364.51 193.09 22.38 54.58 0.083870
240 237.75 163.00 20.50 50.00 -0.203245
240 209.42 175.64 22.38 54.58 -0.676470
240 595.92 106.91 44.67 108.95 -0.993712
240 254.28 155.64 24.37 59.45 -1.409480
240 67.05 162.16 26.57 64.81 -1.566614
240 363.75 173.00 20.50 50.00 -1.607647
240 440.30 159.21 48.64 118.64 -1.782004
240 47.75 187.00 20.50 50.00 -1.903631
240 267.75 41.00 20.50 50.00 -2.833166
270 592.00 102.18 48.64 118.64 -0.799321
270 288.85 167.69 31.54 76.92 -0.873346
270 467.66 141.07 37.52 91.50 -1.372084
270 140.88 115.76 57.98 141.42 -1.867786
270 513.61 179.41 24.37 59.45 -2.011240
300 365.75 169.00 20.50 50.00 0.178403
300 243.75 169.00 20.50 50.00 -0.692181
300 582.65 104.47 57.98 141.42 -0.768227
300 445.34 167.35 26.57 64.81 -0.786381
300 467.75 175.00 20.50 50.00 -1.107643
300 395.75 195.00 20.50 50.00 -1.337107
300 511.75 185.00 20.50 50.00 -1.728790
300 119.86 108.00 22.38 54.58 -2.100678
300 275.75 45.00 20.50 50.00 -3.116448
330 2.47 187.76 28.92 70.53 6.357744
330 10.93 179.29 28.92 70.53 1.579441
330 461.26 167.52 24.37 59.45 0.408119
330 295.75 171.00 20.50 50.00 0.026201
330 592.00 121.19 48.64 118.64 -0.341451
330 265.75 169.00 20.50 50.00 -0.374129
330 508.85 181.78 24.37 59.45 -1.016702
330 447.94 167.35 26.57 64.81 -1.428151
360 51.92 176.92 31.54 76.92 7.490620
360 42.53 191.29 24.37 59.45 3.708323
360 64.49 173.65 28.92 70.53 0.917193
360 265.75 171.00 20.50 50.00 0.398097
360 58.08 192.31 31.54 76.92 -0.256895
360 587.74 110.97 52.90 129.03 -0.459130
360 515.75 191.00 20.50 50.00 -0.737638
360 365.75 169.00 20.50 50.00 -0.770023
360 34.68 195.27 22.38 54.58 -0.810153
360 233.45 162.55 22.38 54.58 -0.813942
360 117.68 108.00 22.38 54.58 -1.324370
360 3.75 199.00 20.50 50.00 -1.605003
360 466.02 174.65 24.37 59.45 -1.681055
390 112.42 182.12 28.92 70.53 6.633590
390 103.96 173.65 28.92 70.53 2.113885
390 97.25 191.29 24.37 59.45 1.629442
390 124.05 190.70 26.57 64.81 -0.201895
390 89.75 195.00 20.50 50.00 -0.323053
390 582.65 104.47 57.98 141.42 -0.404270
390 119.75 113.00 20.50 50.00 -1.052041
390 241.75 165.00 20.50 50.00 -1.135499
390 11.75 197.00 20.50 50.00 -1.860452
420 168.81 184.94 28.92 70.53 6.387008
420 160.32 180.32 26.57 64.81 2.824575
420 177.27 176.47 28.92 70.53 2.730758
420 155.14 193.30 26.57 64.81 0.495854
420 191.75 203.00 20.50 50.00 0.132306
420 195.75 191.00 20.50 50.00 -0.429245
420 587.74 105.81 52.90 129.03 -0.567459
420 361.75 171.00 20.50 50.00 -1.266310
420 241.75 165.00 20.50 50.00 -1.331521
420 447.94 164.76 26.57 64.81 -1.436112
450 230.38 173.85 31.54 76.92 6.250947
450 27.84 179.29 28.92 70.53 5.956096
450 39.12 179.29 28.92 70.53 2.083961
450 264.03 169.09 22.38 54.58 0.406773
450 208.00 163.05 37.52 91.50 0.299409
450 242.69 167.69 31.54 76.92 0.103686
450 395.09 188.73 22.38 54.58 -0.594615
450 447.94 167.35 26.57 64.81 -0.992363
450 577.69 83.08 63.08 153.85 -1.485692
450 119.75 109.00 20.50 50.00 -1.859839
480 84.23 179.29 28.92 70.53 4.673057
480 288.85 173.85 31.54 76.92 4.286731
480 363.75 169.00 20.50 50.00 -0.458900
480 261.41 165.15 24.37 59.45 -0.872802
480 587.74 110.97 52.90 129.03 -0.895189
480 89.87 165.18 28.92 70.53 -0.975197
480 387.51 169.90 24.37 59.45 -1.873804
480 3.75 203.00 20.50 50.00 -2.026176
510 351.41 162.80 34.37 83.83 4.459557
510 140.62 173.65 28.92 70.53 2.686923
510 338.08 167.69 31.54 76.92 2.190959
510 149.96 138.81 26.57 64.81 0.320642
510 233.75 163.00 20.50 50.00 -0.658259
510 446.99 167.52 24.37 59.45 -0.825587
510 587.74 105.81 52.90 129.03 -1.166160
510 515.75 191.00 20.50 50.00 -1.266793
510 364.82 162.80 34.37 83.83 -1.356179
510 209.75 171.00 20.50 50.00 -1.389076
510 280.45 165.15 24.37 59.45 -1.668780
510 217.75 175.00 20.50 50.00 -1.791726
510 117.75 109.00 20.50 50.00 -2.026057
540 414.25 182.92 26.57 64.81 6.470505
540 194.19 173.65 28.92 70.53 2.384364
540 403.89 175.14 26.57 64.81 -0.434955
540 424.62 182.92 26.57 64.81 -0.829240
540 582.65 104.47 57.98 141.42 -0.864247
540 287.75 173.00 20.50 50.00 -0.969675
540 515.75 191.00 20.50 50.00 -1.256459
540 239.75 161.00 20.50 50.00 -1.501051
540 117.68 108.00 22.38 54.58 -1.721953
540 263.75 167.00 20.50 50.00 -1.918643
570 458.30 180.32 26.57 64.81 4.445433
570 473.30 179.29 28.92 70.53 4.351116
570 247.54 166.15 34.37 83.83 2.877784
570 365.75 167.00 20.50 50.00 0.623218
570 237.75 159.00 20.50 50.00 -0.291344
570 582.65 104.47 57.98 141.42 -0.479830
570 395.75 187.00 20.50 50.00 -1.071791
570 485.94 155.73 37.52 91.50 -1.244699
570 515.22 188.73 22.38 54.58 -1.360773
570 125.75 123.00 20.50 50.00 -1.406863
570 15.75 195.00 20.50 50.00 -1.486510
570 447.51 175.64 22.38 54.58 -1.487852
600 304.23 170.77 31.54 76.92 5.571559
600 515.30 180.32 26.57 64.81 4.645962
600 533.44 182.92 26.57 64.81 0.988881
600 365.75 169.00 20.50 50.00 0.718022
600 237.75 159.00 20.50 50.00 -0.136879
600 118.66 110.50 24.37 59.45 -0.692223
600 263.79 160.40 24.37 59.45 -0.713661
600 582.65 127.06 57.98 141.42 -0.913109
600 462.80 169.09 22.38 54.58 -1.296350
600 154.71 134.12 28.92 70.53 -1.350585
600 449.75 177.00 20.50 50.00 -1.368051
600 523.08 172.54 26.57 64.81 -1.449631
630 358.12 166.15 34.37 83.83 6.031460
630 557.89 179.29 28.92 70.53 0.933051
630 241.75 167.00 20.50 50.00 -0.509926
630 577.69 101.54 63.08 153.85 -0.792049
630 371.52 156.08 34.37 83.83 -0.816982
630 513.04 188.73 22.38 54.58 -0.897751
630 255.29 160.36 22.38 54.58 -1.125787
630 275.75 167.00 20.50 50.00 -1.446895
630 461.26 165.15 24.37 59.45 -1.457386
630 447.94 164.76 26.57 64.81 -1.755377
660 415.08 166.15 34.37 83.83 3.639385
660 593.46 173.85 31.54 76.92 0.737536
660 279.75 169.00 20.50 50.00 0.658932
660 606.07 169.51 34.37 83.83 -0.177957
660 285.87 160.36 22.38 54.58 -0.337603
660 259.66 160.36 22.38 54.58 -0.468294
660 51.50 185.51 26.57 64.81 -0.507834
660 606.07 122.52 34.37 83.83 -1.035039
660 368.87 160.36 22.38 54.58 -1.372186
660 235.75 159.00 20.50 50.00 -1.610256
690 461.99 166.15 34.37 83.83 4.246229
690 139.52 188.73 22.38 54.58 0.317803
690 476.54 170.77 31.54 76.92 -0.088169
690 285.87 160.36 22.38 54.58 -0.560299
690 263.75 161.00 20.50 50.00 -0.847652
690 273.75 165.00 20.50 50.00 -0.919796
690 90.05 166.15 34.37 83.83 -1.030833
690 395.09 186.55 22.38 54.58 -1.185092
690 242.18 156.00 22.38 54.58 -1.306638
690 599.26 89.11 24.37 59.45 -1.513390
690 613.77 131.03 26.57 64.81 -1.531341
690 355.75 157.00 20.50 50.00 -1.628444
690 253.11 160.36 22.38 54.58 -1.773560
690 115.49 123.27 22.38 54.58 -2.017723
720 237.75 161.00 20.50 50.00 0.781146
720 519.59 142.91 22.38 54.58 -0.010056
720 365.75 167.00 20.50 50.00 -0.660156
720 263.75 163.00 20.50 50.00 -0.841219
720 273.75 161.00 20.50 50.00 -0.918868
720 127.75 125.00 20.50 50.00 -0.948080
720 153.75 131.00 20.50 50.00 -0.994017
720 137.00 115.46 26.57 64.81 -1.129529
720 598.22 92.11 26.57 64.81 -1.321543
720 391.54 182.12 28.92 70.53 -1.329863
720 592.00 121.19 48.64 118.64 -1.747089
750 563.52 179.29 28.92 70.53 5.433839
750 550.38 173.85 31.54 76.92 0.317828
750 575.46 196.04 24.37 59.45 -0.420991
750 -0.54 115.64 44.67 108.95 -1.327086
750 582.65 104.47 57.98 141.42 -1.460964
750 256.65 62.97 24.37 59.45 -2.419147
780 593.46 173.85 31.54 76.92 7.882274
780 283.69 184.36 22.38 54.58 0.238161
780 602.69 183.08 31.54 76.92 0.214380
780 339.93 184.16 24.37 59.45 -0.137942
780 365.75 167.00 20.50 50.00 -0.232299
780 237.75 163.00 20.50 50.00 -0.478246
780 58.08 173.85 31.54 76.92 -1.092010
780 269.15 172.54 26.57 64.81 -1.371571
780 460.89 167.35 26.57 64.81 -1.454570
780 515.75 191.00 20.50 50.00 -1.784947
810 596.02 176.22 34.37 83.83 1.787256
810 119.86 110.18 22.38 54.58 0.659457
810 235.75 159.00 20.50 50.00 -0.239078
810 365.75 167.00 20.50 50.00 -0.402677
810 139.75 113.00 20.50 50.00 -1.068669
810 133.75 107.00 20.50 50.00 -1.327457
810 151.89 94.59 28.92 70.53 -1.426526
810 462.03 162.35 28.92 70.53 -1.880119
810 273.75 167.00 20.50 50.00 -1.953526
810 595.92 106.91 44.67 108.95 -1.969553
840 596.54 176.92 31.54 76.92 7.244102
840 206.69 179.41 24.37 59.45 0.128370
840 344.71 166.15 34.37 83.83 -0.007240
840 584.23 176.92 31.54 76.92 -0.959304
840 295.68 173.65 28.92 70.53 -1.131176
840 509.96 100.24 28.92 70.53 -1.213350
840 263.79 177.03 24.37 59.45 -1.418959
840 122.05 114.55 22.38 54.58 -1.866173
870 596.54 176.92 31.54 76.92 7.185183
870 116.28 110.27 26.57 64.81 0.424596
870 129.75 119.00 20.50 50.00 -0.414775
870 519.75 145.00 20.50 50.00 -0.421955
870 153.56 107.08 75.52 184.20 -0.707175
870 511.50 178.00 41.00 100.00 -1.183173
870 139.75 117.00 20.50 50.00 -1.436341
870 477.92 134.26 24.37 59.45 -1.532156
900 599.62 176.92 31.54 76.92 6.339234
900 587.31 176.92 31.54 76.92 -0.605721
900 587.26 102.18 48.64 118.64 -0.836472
900 367.75 167.00 20.50 50.00 -0.890627
900 241.75 165.00 20.50 50.00 -0.962866
900 29.75 183.00 20.50 50.00 -1.199759
900 287.22 159.53 28.92 70.53 -1.274556
900 451.88 173.45 22.38 54.58 -1.294797
930 596.54 176.92 31.54 76.92 7.203343
930 295.75 167.00 20.50 50.00 -0.857915
930 395.75 189.00 20.50 50.00 -1.091038
930 237.82 158.18 22.38 54.58 -1.314934
960 596.54 176.92 31.54 76.92 6.140780
960 29.75 181.00 20.50 50.00 -0.297087
960 386.35 188.73 22.38 54.58 -0.858753
960 307.31 176.92 31.54 76.92 -1.074229
960 435.18 169.51 34.37 83.83 -1.316068
960 531.68 121.41 57.98 141.42 -2.219156
990 599.62 176.92 31.54 76.92 6.187497
990 118.06 108.71 28.92 70.53 -0.397094
990 140.77 107.69 63.08 153.85 -0.529151
990 257.75 163.00 20.50 50.00 -0.772800
990 270.93 162.77 24.37 59.45 -1.113075
990 466.02 169.90 24.37 59.45 -1.388149
990 510.85 184.36 22.38 54.58 -1.616985
990 292.34 162.77 24.37 59.45 -1.636052
1020 600.18 179.29 28.92 70.53 5.554720
1020 235.75 161.00 20.50 50.00 0.148033
1020 367.75 165.00 20.50 50.00 -0.542163
1020 263.75 167.00 20.50 50.00 -0.630333
1020 445.34 167.35 26.57 64.81 -0.698576
1020 243.75 169.00 20.50 50.00 -1.199157
1020 255.75 165.00 20.50 50.00 -1.203144
1020 389.75 185.00 20.50 50.00 -1.504597
1020 509.75 183.00 20.50 50.00 -1.530215
1050 328.69 163.05 37.52 91.50 -0.100116
1050 239.75 165.00 20.50 50.00 -0.206690
1050 344.71 169.51 34.37 83.83 -1.372121
1050 533.73 4.80 98.11 239.31 -3.997310
1080 599.62 176.92 31.54 76.92 5.896937
1080 241.75 165.00 20.50 50.00 0.468309
1080 275.75 167.00 20.50 50.00 -0.690230
1080 264.03 166.91 22.38 54.58 -0.815924
1080 461.26 169.90 24.37 59.45 -0.920521
1080 447.51 175.64 22.38 54.58 -1.319785
1080 254.28 158.02 24.37 59.45 -1.370068
1080 391.75 187.00 20.50 50.00 -1.378405
1110 599.62 176.92 31.54 76.92 5.212506
1110 367.75 161.00 20.50 50.00 -0.046732
1110 241.75 165.00 20.50 50.00 -0.150209
1110 154.35 146.14 24.37 59.45 -1.052717
1110 363.75 171.00 20.50 50.00 -1.135817
1110 393.75 187.00 20.50 50.00 -1.160912
1110 592.00 102.18 48.64 118.64 -1.276570
1140 599.62 176.92 31.54 76.92 6.068852
1140 241.75 165.00 20.50 50.00 0.137878
1140 271.75 167.00 20.50 50.00 -0.379390
1140 366.69 164.73 22.38 54.58 -0.574146
1140 587.26 102.18 48.64 118.64 -1.177350
1140 118.66 108.12 24.37 59.45 -1.622985
1170 241.75 165.00 20.50 50.00 0.682422
1170 442.06 163.05 37.52 91.50 -0.355441
1170 391.54 165.18 28.92 70.53 -0.434344
1170 401.75 209.00 20.50 50.00 -0.700473
1170 273.75 165.00 20.50 50.00 -0.908102
1170 255.75 163.00 20.50 50.00 -1.254689
1170 69.75 181.00 20.50 50.00 -1.599196
1170 154.71 134.12 28.92 70.53 -1.602689
1170 595.92 85.09 44.67 108.95 -1.991582
1200 599.62 176.92 31.54 76.92 5.773852
1200 273.75 167.00 20.50 50.00 0.464285
1200 365.75 167.00 20.50 50.00 -0.648051
1200 353.75 159.00 20.50 50.00 -1.000844
1200 591.50 106.00 41.00 100.00 -1.137925
1200 237.82 160.36 22.38 54.58 -1.523077
1200 264.03 164.73 22.38 54.58 -1.620773
1200 263.79 34.45 24.37 59.45 -3.101987
1230 599.62 176.92 31.54 76.92 5.521630
1230 237.75 163.00 20.50 50.00 0.588441
1230 587.26 102.18 48.64 118.64 -0.456469
1230 273.75 167.00 20.50 50.00 -0.921528
1230 366.69 164.73 22.38 54.58 -0.998214
1230 245.75 161.00 20.50 50.00 -1.156800
1230 393.75 187.00 20.50 50.00 -1.334065
1260 599.62 176.92 31.54 76.92 5.789995
1260 273.75 167.00 20.50 50.00 0.004253
1260 367.75 163.00 20.50 50.00 -0.897952
1260 245.75 165.00 20.50 50.00 -1.280249
1260 462.03 162.35 28.92 70.53 -1.549082
1260 -0.32 201.08 26.57 64.81 -1.687774
1260 449.69 175.64 22.38 54.58 -1.776780
1260 591.50 110.00 41.00 100.00 -1.963746
1290 603.00 182.12 28.92 70.53 6.088830
1290 241.75 165.00 20.50 50.00 0.038003
1290 365.75 165.00 20.50 50.00 -0.527795
1290 273.75 165.00 20.50 50.00 -0.880317
1290 445.34 167.35 26.57 64.81 -1.072132
1290 389.75 187.00 20.50 50.00 -1.676989
1290 117.75 201.00 20.50 50.00 -2.320216
1320 599.62 176.92 31.54 76.92 6.707277
1320 241.75 163.00 20.50 50.00 0.486828
1320 233.75 161.00 20.50 50.00 0.363436
1320 273.75 165.00 20.50 50.00 0.149435
1320 365.75 165.00 20.50 50.00 -0.967009
1320 355.75 157.00 20.50 50.00 -1.186798
1320 385.90 165.18 28.92 70.53 -1.309331
1320 259.75 163.00 20.50 50.00 -1.427927
1350 602.69 176.92 31.54 76.92 6.373802
1350 273.75 167.00 20.50 50.00 0.341224
1350 237.82 160.36 22.38 54.58 -0.822737
1350 149.03 110.97 52.90 129.03 -0.929909
1350 601.64 96.24 24.37 59.45 -1.040452
1350 364.51 156.00 22.38 54.58 -1.204002
1350 511.75 183.00 20.50 50.00 -1.292605
1350 268.40 38.18 22.38 54.58 -3.534839
1380 599.62 176.92 31.54 76.92 7.243199
1380 241.75 163.00 20.50 50.00 0.483977
1380 365.75 167.00 20.50 50.00 0.291610
1380 608.85 167.69 31.54 76.92 -0.616584
1380 275.75 167.00 20.50 50.00 -0.860410
1380 446.99 172.28 24.37 59.45 -1.063463
1380 259.66 158.18 22.38 54.58 -1.197231
1380 267.75 167.00 20.50 50.00 -1.261731
1380 511.75 189.00 20.50 50.00 -1.682188
1410 599.62 176.92 31.54 76.92 6.522045
1410 273.75 165.00 20.50 50.00 -0.060714
1410 241.75 165.00 20.50 50.00 -0.237997
1410 365.75 165.00 20.50 50.00 -0.741476
1410 29.75 181.00 20.50 50.00 -0.767345
1410 233.75 161.00 20.50 50.00 -0.887144
1410 461.26 167.52 24.37 59.45 -1.013114
1410 592.00 97.43 48.64 118.64 -1.164767
1410 259.75 161.00 20.50 50.00 -1.370304
1410 391.75 185.00 20.50 50.00 -1.784173
1410 289.75 167.00 20.50 50.00 -1.826479
1440 235.75 161.00 20.50 50.00 0.200158
1440 273.75 165.00 20.50 50.00 -0.751755
1440 391.75 185.00 20.50 50.00 -1.084821
1440 209.55 177.73 26.57 64.81 -1.421911
1440 460.61 171.27 22.38 54.58 -1.682571
1440 451.88 175.64 22.38 54.58 -1.882146
1440 3.75 203.00 20.50 50.00 -2.328292
1440 273.75 51.00 20.50 50.00 -2.687949
1440 533.77 5.22 107.29 261.69 -3.802645
1470 605.77 176.92 31.54 76.92 6.091902
1470 343.50 150.00 41.00 100.00 0.494479
1470 587.26 97.43 48.64 118.64 0.113157
1470 237.75 163.00 20.50 50.00 -0.165281
1470 424.23 176.92 31.54 76.92 -0.863575
1470 506.48 186.55 22.38 54.58 -0.909556
1470 261.84 158.18 22.38 54.58 -1.253738
1470 289.75 167.00 20.50 50.00 -1.616411
1500 606.07 172.87 34.37 83.83 4.283587
1500 237.75 163.00 20.50 50.00 1.077045
1500 591.56 111.27 44.67 108.95 -0.241886
1500 272.76 164.73 22.38 54.58 -0.539776
1500 285.75 191.00 20.50 50.00 -0.772246
1500 460.89 167.35 26.57 64.81 -0.975294
1500 205.75 153.00 20.50 50.00 -1.056733
1500 379.75 195.00 20.50 50.00 -1.113766
1500 309.78 176.47 28.92 70.53 -1.118486
1500 449.37 169.90 24.37 59.45 -1.460797
1500 127.75 111.00 20.50 50.00 -1.661551
1530 611.45 182.12 28.92 70.53 0.282996
1530 237.75 161.00 20.50 50.00 -0.039254
1530 462.80 171.27 22.38 54.58 -0.258353
1530 595.92 106.91 44.67 108.95 -0.841569
1530 449.37 174.65 24.37 59.45 -0.917414
1530 513.75 189.00 20.50 50.00 -1.037195
1530 261.75 163.00 20.50 50.00 -1.084196
1530 273.75 167.00 20.50 50.00 -1.190639
1560 369.75 173.00 20.50 50.00 1.718901
1560 251.90 165.15 24.37 59.45 0.084892
1560 271.75 169.00 20.50 50.00 -0.099198
1560 362.32 160.36 22.38 54.58 -0.428654
1560 233.75 165.00 20.50 50.00 -0.822370
1560 393.52 175.14 26.57 64.81 -1.280384
1560 448.85 164.62 31.54 76.92 -1.321870
1560 353.58 160.36 22.38 54.58 -1.617418
1560 469.35 182.18 22.38 54.58 -1.982690
1560 619.75 95.00 20.50 50.00 -2.182191
1590 244.37 164.73 22.38 54.58 0.466381
1590 361.75 169.00 20.50 50.00 -0.429994
1590 87.75 105.00 20.50 50.00 -1.013800
1590 453.57 168.00 28.92 70.53 -1.024657
1590 344.85 158.18 22.38 54.58 -1.685043
1590 106.76 105.82 22.38 54.58 -1.899663
1620 355.75 169.00 20.50 50.00 0.071833
1620 241.75 167.00 20.50 50.00 -0.330992
1620 211.75 161.00 20.50 50.00 -0.490882
1620 395.75 199.00 20.50 50.00 -0.960907
1620 460.34 163.05 37.52 91.50 -1.094966
1620 49.75 89.00 20.50 50.00 -1.626435
1620 187.66 158.02 24.37 59.45 -1.665736
1620 499.75 97.00 20.50 50.00 -2.317471
1650 236.48 148.24 28.92 70.53 -0.316576
1650 348.06 129.23 34.37 83.83 -1.377839
1650 224.23 140.00 31.54 76.92 -1.392601
1650 201.93 143.76 24.37 59.45 -1.469719
1650 619.75 207.00 20.50 50.00 -1.576206
1650 534.62 89.23 63.08 153.85 -1.646152
1650 603.00 193.41 28.92 70.53 -2.089801
1650 44.91 81.98 24.37 59.45 -2.644713
1650 9.22 58.22 24.37 59.45 -2.692740
1650 58.85 49.41 28.92 70.53 -2.909815
1680 595.66 122.75 37.52 91.50 0.524191
1680 224.23 136.92 31.54 76.92 0.182830
1680 196.54 127.69 31.54 76.92 -0.125750
1680 266.17 150.89 24.37 59.45 -0.333297
1680 489.75 99.00 20.50 50.00 -0.638063
1680 471.31 177.71 37.52 91.50 -0.853540
1680 368.48 148.51 24.37 59.45 -1.431489
1680 565.77 133.85 31.54 76.92 -1.504856
1680 249.75 155.00 20.50 50.00 -1.562504
1680 353.46 124.62 31.54 76.92 -1.606754
1680 619.75 215.00 20.50 50.00 -2.027586
1680 611.45 15.53 28.92 70.53 -3.644460
1680 -0.25 15.00 20.50 50.00 -4.158472
1710 350.38 121.54 31.54 76.92 -0.863270
1710 543.75 165.00 20.50 50.00 -0.891482
1710 587.74 214.19 52.90 129.03 -0.977823
1710 416.92 131.29 28.92 70.53 -1.015151
1710 199.82 142.59 28.92 70.53 -1.077001
1710 606.07 129.23 34.37 83.83 -1.231298
1710 567.65 169.09 22.38 54.58 -1.368935
1710 220.73 132.59 34.37 83.83 -1.460870
1710 -0.38 72.31 31.54 76.92 -1.989075
1740 481.75 173.00 20.50 50.00 1.274312
1740 178.74 115.42 37.52 91.50 -0.507233
1740 266.17 146.14 24.37 59.45 -1.599318
1740 561.94 162.16 26.57 64.81 -1.623411
1740 523.12 236.44 24.37 59.45 -1.982955
1740 -1.19 -4.80 98.11 239.31 -4.575402
1770 535.75 175.00 20.50 50.00 1.901051
1770 606.07 166.15 34.37 83.83 0.018468
1770 160.32 120.65 26.57 64.81 -0.176500
1770 427.85 186.55 22.38 54.58 -0.885538
1770 587.74 90.32 52.90 129.03 -1.222092
1770 563.52 151.06 28.92 70.53 -1.408301
1770 433.75 127.00 20.50 50.00 -1.408810
1770 44.91 84.36 24.37 59.45 -1.755068
1770 73.47 93.82 44.67 108.95 -2.056963
1770 61.56 89.11 24.37 59.45 -2.348923
1800 527.50 150.00 41.00 100.00 -0.306304
1800 398.70 136.22 26.57 64.81 -0.438327
1800 72.23 172.54 26.57 64.81 -0.443153
1800 392.90 153.82 22.38 54.58 -0.710273
1800 487.75 139.00 20.50 50.00 -0.931724
1800 599.50 66.00 41.00 100.00 -1.202039
1800 259.75 137.00 20.50 50.00 -1.306846
1800 504.49 159.27 44.67 108.95 -1.449652
1800 125.71 98.18 44.67 108.95 -1.594858
1800 -0.59 64.16 48.64 118.64 -1.854509
1800 155.50 102.00 41.00 100.00 -2.003286
1800 77.75 47.00 20.50 50.00 -3.193976
1830 406.48 154.38 26.57 64.81 -0.403222
1830 497.19 111.68 48.64 118.64 -0.726479
1830 408.85 121.54 31.54 76.92 -0.800327
1830 381.75 137.00 20.50 50.00 -0.864852
1830 427.75 153.00 20.50 50.00 -0.990775
1830 447.75 103.00 20.50 50.00 -1.729288
1830 94.22 87.92 48.64 118.64 -1.863091
1830 482.72 41.45 44.67 108.95 -2.902564
1830 547.99 31.64 22.38 54.58 -3.612321
