30 211.75 163.00 20.50 50.00 -0.871436
30 567.65 195.27 22.38 54.58 -1.211527
30 532.64 177.03 24.37 59.45 -1.329774
30 601.75 199.00 20.50 50.00 -1.803843
30 10.65 79.64 22.38 54.58 -2.052604
30 34.68 79.64 22.38 54.58 -2.235022
60 1.75 85.00 20.50 50.00 -0.873671
60 117.75 159.00 20.50 50.00 -1.451800
60 215.97 156.00 22.38 54.58 -1.710372
60 535.11 111.68 48.64 118.64 -1.790727
60 18.74 167.52 24.37 59.45 -2.104909
60 91.92 69.23 31.54 76.92 -2.796275
60 611.45 21.18 28.92 70.53 -2.874724
60 443.14 12.00 22.38 54.58 -4.062609
90 403.75 167.00 20.50 50.00 -0.203611
90 357.75 155.00 20.50 50.00 -0.704035
90 224.71 162.55 22.38 54.58 -0.792311
90 -0.84 57.47 69.16 168.67 -1.051945
90 316.45 94.91 22.38 54.58 -1.286075
90 287.75 147.00 20.50 50.00 -1.631862
90 611.45 97.41 28.92 70.53 -1.915517
90 155.14 118.05 26.57 64.81 -2.143392
120 225.75 149.00 20.50 50.00 0.042250
120 119.62 164.62 31.54 76.92 -0.119271
120 395.75 143.00 20.50 50.00 -0.356598
120 429.75 179.00 20.50 50.00 -0.528918
120 194.13 138.55 22.38 54.58 -0.707251
120 312.08 92.73 22.38 54.58 -1.759179
120 559.75 87.00 20.50 50.00 -2.269587
120 506.48 212.73 22.38 54.58 -2.441654
150 619.75 171.00 20.50 50.00 0.008468
150 167.75 129.00 20.50 50.00 -0.084540
150 202.87 140.73 22.38 54.58 -0.453301
150 395.75 145.00 20.50 50.00 -0.564525
150 533.73 91.20 98.11 239.31 -0.868838
150 301.86 79.60 24.37 59.45 -1.279250
150 619.75 113.00 20.50 50.00 -1.429090
150 261.84 145.09 22.38 54.58 -1.606857
150 230.48 136.63 24.37 59.45 -1.714104
180 237.75 147.00 20.50 50.00 0.568366
180 163.87 139.01 24.37 59.45 0.062687
180 219.92 136.22 26.57 64.81 -0.268661
180 587.75 251.00 20.50 50.00 -0.463745
180 143.89 140.73 22.38 54.58 -1.068385
180 284.70 68.76 26.57 64.81 -1.154842
180 129.34 122.82 28.92 70.53 -1.699538
180 83.75 57.00 20.50 50.00 -2.037458
180 12.63 190.70 26.57 64.81 -2.333046
180 30.31 75.27 22.38 54.58 -2.809448
180 615.91 8.32 24.37 59.45 -4.353460
210 144.23 124.62 31.54 76.92 0.045225
210 87.73 136.63 24.37 59.45 -0.637436
210 196.60 136.22 26.57 64.81 -0.818682
210 595.92 45.82 44.67 108.95 -1.975040
210 582.65 87.53 57.98 141.42 -2.012702
210 225.10 66.16 26.57 64.81 -2.433867
210 97.69 33.85 63.08 153.85 -3.909656
240 447.51 175.64 22.38 54.58 0.758695
240 139.52 169.09 22.38 54.58 -0.261979
240 147.21 169.90 24.37 59.45 -0.323053
240 605.81 168.00 28.92 70.53 -1.004561
240 479.75 69.00 20.50 50.00 -1.396176
240 419.11 177.82 22.38 54.58 -1.619009
240 449.69 151.64 22.38 54.58 -1.705234
240 595.92 19.64 44.67 108.95 -4.237438
240 -1.10 4.36 89.69 218.76 -4.430707
270 365.26 133.74 37.52 91.50 0.325443
270 283.75 143.00 20.50 50.00 -1.023793
270 245.75 117.00 20.50 50.00 -1.895876
270 475.90 186.55 22.38 54.58 -1.916730
270 -0.27 214.91 22.38 54.58 -2.053290
270 -0.35 80.47 28.92 70.53 -2.313484
270 6.84 58.22 24.37 59.45 -2.504169
300 349.47 120.65 26.57 64.81 -0.381731
300 496.91 159.39 37.52 91.50 -1.702492
330 419.74 120.00 28.92 70.53 -0.939974
330 211.50 126.00 41.00 100.00 -1.588021
330 59.18 136.63 24.37 59.45 -1.746733
360 453.12 118.05 26.57 64.81 -1.143949
360 224.71 151.64 22.38 54.58 -1.463211
360 259.50 126.00 41.00 100.00 -1.470066
360 123.42 43.96 24.37 59.45 -3.008687
390 422.02 125.84 26.57 64.81 -0.024946
390 223.75 155.00 20.50 50.00 -1.257880
390 -0.27 169.09 22.38 54.58 -1.431445
390 459.21 120.00 28.92 70.53 -1.530680
390 398.32 132.59 34.37 83.83 -1.828504
420 394.97 119.16 34.37 83.83 -0.848682
420 213.75 149.00 20.50 50.00 -0.913142
420 -0.32 167.35 26.57 64.81 -1.650449
420 278.07 43.96 24.37 59.45 -2.557765
420 45.77 26.15 31.54 76.92 -3.812013
510 619.75 219.00 20.50 50.00 -2.748394
510 571.79 30.42 69.16 168.67 -3.773153
540 -0.38 161.54 31.54 76.92 -0.284629
540 257.47 199.64 22.38 54.58 -0.931768
540 587.74 85.16 52.90 129.03 -1.063469
570 513.04 177.82 22.38 54.58 0.732274
570 525.50 179.41 24.37 59.45 -0.884573
570 53.75 173.00 20.50 50.00 -0.967664
570 259.03 148.24 28.92 70.53 -1.084153
570 144.78 175.14 26.57 64.81 -1.100790
570 248.42 110.27 26.57 64.81 -1.311834
570 272.76 116.73 22.38 54.58 -1.438381
570 537.06 186.55 22.38 54.58 -1.441336
570 515.75 145.00 20.50 50.00 -1.724785
570 617.88 140.73 22.38 54.58 -2.007926
570 578.08 72.31 31.54 76.92 -2.030721
570 235.63 66.55 22.38 54.58 -2.170455
570 594.54 60.71 28.92 70.53 -2.564853
570 539.78 55.84 24.37 59.45 -2.789114
600 447.51 188.73 22.38 54.58 0.115720
600 460.95 150.55 44.67 108.95 -0.681972
600 263.79 134.26 24.37 59.45 -0.775211
600 437.47 181.78 24.37 59.45 -0.797787
600 106.90 70.59 57.98 141.42 -0.803569
600 183.75 137.00 20.50 50.00 -1.362497
600 145.83 122.75 37.52 91.50 -1.655616
600 508.84 72.00 44.67 108.95 -2.382770
600 501.15 50.77 31.54 76.92 -3.008723
600 455.00 26.15 31.54 76.92 -3.269921
630 106.78 148.24 28.92 70.53 0.717423
630 551.23 109.09 89.69 218.76 -0.205856
630 493.26 185.04 37.52 91.50 -0.498730
630 107.75 79.00 20.50 50.00 -0.740791
630 439.75 185.00 20.50 50.00 -1.054431
630 130.78 68.73 22.38 54.58 -1.211213
630 523.75 157.00 20.50 50.00 -1.393755
630 473.08 89.23 63.08 153.85 -1.778331
630 250.57 125.65 28.92 70.53 -1.823110
630 46.32 57.47 69.16 168.67 -1.841388
630 127.50 102.00 41.00 100.00 -2.383656
630 542.47 4.36 89.69 218.76 -3.523486
660 565.52 136.62 75.52 184.20 0.548334
660 35.50 130.00 41.00 100.00 -0.534915
660 415.75 123.00 20.50 50.00 -1.115511
660 78.59 134.12 28.92 70.53 -1.501921
660 93.75 117.00 20.50 50.00 -1.516066
660 499.93 51.27 22.38 54.58 -2.516085
660 79.75 43.00 20.50 50.00 -2.628832
660 552.35 225.82 22.38 54.58 -2.706424
660 33.48 18.35 28.92 70.53 -3.921811
690 485.75 109.00 20.50 50.00 0.063277
690 428.19 111.53 28.92 70.53 -0.379880
690 48.91 136.22 26.57 64.81 -0.465209
690 489.75 121.00 20.50 50.00 -1.641745
690 595.92 111.27 44.67 108.95 -1.655197
690 518.36 169.90 24.37 59.45 -2.085288
690 611.45 244.24 28.92 70.53 -2.330047
690 29.93 50.18 44.67 108.95 -2.601201
720 539.75 133.00 20.50 50.00 1.007367
720 410.38 169.09 22.38 54.58 -0.686296
720 454.62 64.61 63.08 153.85 -0.823042
720 437.47 146.14 24.37 59.45 -1.861974
720 80.00 151.78 26.57 64.81 -2.009180
720 439.75 69.00 20.50 50.00 -2.120403
720 512.25 78.88 34.37 83.83 -2.157198
720 559.00 28.00 82.00 200.00 -3.179600
720 27.75 13.00 20.50 50.00 -4.039809
750 449.75 191.00 20.50 50.00 -0.534919
750 602.69 140.00 31.54 76.92 -0.765368
750 160.35 120.00 28.92 70.53 -0.996163
750 499.93 97.09 22.38 54.58 -1.373686
750 535.00 155.38 31.54 76.92 -1.483244
750 608.85 158.46 31.54 76.92 -2.012916
750 -0.50 86.00 41.00 100.00 -2.183957
750 584.98 27.33 24.37 59.45 -2.848503
750 617.88 29.45 22.38 54.58 -2.968208
750 591.72 38.12 28.92 70.53 -3.692939
780 502.12 153.82 22.38 54.58 -0.368469
780 553.75 135.00 20.50 50.00 -1.043548
780 555.75 87.00 20.50 50.00 -1.621964
780 144.78 107.68 26.57 64.81 -1.806851
810 589.75 171.00 20.50 50.00 2.358591
810 583.75 165.00 20.50 50.00 1.405997
810 597.75 167.00 20.50 50.00 0.658080
810 21.11 131.88 24.37 59.45 -0.645864
810 606.07 125.87 34.37 83.83 -1.790639
810 602.97 12.82 37.52 91.50 -3.433273
840 567.75 173.00 20.50 50.00 -1.878918
840 193.75 21.00 20.50 50.00 -3.697333
870 619.75 157.00 20.50 50.00 -0.871764
870 6.44 18.46 75.52 184.20 -2.983750
870 80.59 -1.19 24.37 59.45 -3.109576
870 87.10 14.18 22.38 54.58 -3.968007
870 129.75 5.00 20.50 50.00 -4.323441
930 592.00 97.43 48.64 118.64 -2.010433
930 602.97 60.46 37.52 91.50 -2.384386
960 97.75 155.00 20.50 50.00 -0.313019
960 451.88 138.55 22.38 54.58 -1.297634
990 473.75 143.00 20.50 50.00 0.950017
990 479.75 149.00 20.50 50.00 -0.453246
990 41.75 161.00 20.50 50.00 -0.623468
1020 63.75 149.00 20.50 50.00 -0.320581
1020 23.75 155.00 20.50 50.00 -0.515164
1020 525.67 123.24 26.57 64.81 -0.666126
1020 127.75 141.00 20.50 50.00 -1.875001
1020 556.72 153.82 22.38 54.58 -1.928081
1020 481.62 48.00 26.57 64.81 -2.468354
1020 571.79 30.42 69.16 168.67 -2.755723
1050 67.44 136.36 22.38 54.58 -0.926590
1050 595.92 72.00 44.67 108.95 -1.375050
1050 599.37 189.65 34.37 83.83 -1.736022
1050 569.83 20.73 22.38 54.58 -4.039742
1110 587.36 165.15 24.37 59.45 -0.114565
1110 458.71 136.77 52.90 129.03 -0.602150
1110 582.94 127.64 22.38 54.58 -1.072170
1110 122.05 134.18 22.38 54.58 -1.402954
1140 507.75 219.00 20.50 50.00 0.023189
1140 267.75 141.00 20.50 50.00 -0.355196
1140 558.81 219.80 24.37 59.45 -0.729270
1140 513.75 213.00 20.50 50.00 -0.796872
1140 408.19 138.55 22.38 54.58 -1.119374
1140 131.75 147.00 20.50 50.00 -1.309075
1140 50.74 122.75 37.52 91.50 -1.366529
1170 493.75 149.00 20.50 50.00 0.014457
1170 245.75 147.00 20.50 50.00 -0.560275
1170 448.59 105.73 34.37 83.83 -0.975109
1170 436.54 115.38 31.54 76.92 -1.874278
1170 615.91 307.72 24.37 59.45 -4.917888
1200 500.14 89.45 44.67 108.95 0.954164
1200 577.75 191.00 20.50 50.00 -1.656883
1200 130.78 121.09 22.38 54.58 -1.812256
1200 143.89 118.91 22.38 54.58 -2.131256
1200 448.39 59.35 52.90 129.03 -2.205064
1200 617.88 57.82 22.38 54.58 -2.580675
1230 446.73 59.29 57.98 141.42 -0.983398
1230 504.09 79.60 24.37 59.45 -1.327209
1230 331.75 145.00 20.50 50.00 -1.666571
1230 546.40 68.76 26.57 64.81 -2.178975
1230 559.00 20.00 82.00 200.00 -2.424437
1230 -0.38 41.54 31.54 76.92 -2.662602
1230 403.37 23.66 69.16 168.67 -3.914531
1230 -0.38 13.85 31.54 76.92 -4.532049
1260 543.50 30.00 41.00 100.00 -1.562735
1260 599.50 22.00 41.00 100.00 -2.910448
1290 151.97 127.13 24.37 59.45 -1.868957
1380 341.36 122.52 34.37 83.83 -1.409560
1380 137.70 122.38 24.37 59.45 -2.101451
1440 405.03 206.43 34.37 83.83 0.623909
1440 563.52 136.94 28.92 70.53 -1.182933
1440 606.07 122.52 34.37 83.83 -1.565451
1440 324.61 199.72 34.37 83.83 -1.790617
1470 27.31 133.85 31.54 76.92 -0.725359
1500 331.75 167.00 20.50 50.00 -0.499768
1500 121.64 21.82 89.69 218.76 -3.131432
1500 28.12 44.73 22.38 54.58 -3.255401
1500 93.75 27.00 20.50 50.00 -4.057981
1530 171.00 150.89 24.37 59.45 0.206289
1530 198.50 173.45 22.38 54.58 0.184700
1530 153.75 119.00 20.50 50.00 -0.552645
1530 240.65 151.78 26.57 64.81 -0.932378
1530 17.81 172.54 26.57 64.81 -1.342469
1530 155.14 144.00 26.57 64.81 -1.760814
1530 124.23 125.45 22.38 54.58 -2.047498
1530 517.41 40.36 22.38 54.58 -2.556131
1530 47.35 45.82 44.67 108.95 -3.211705
1560 117.68 171.27 22.38 54.58 -0.145063
1560 98.14 136.22 26.57 64.81 -0.457233
1560 519.59 175.64 22.38 54.58 -0.573330
1560 100.20 110.18 22.38 54.58 -2.144259
1590 595.66 159.39 37.52 91.50 0.965390
1590 15.00 158.46 31.54 76.92 -0.406231
1590 43.43 111.76 37.52 91.50 -1.044455
1590 113.75 171.00 20.50 50.00 -1.103557
1590 75.75 151.00 20.50 50.00 -1.423263
1590 113.90 84.36 24.37 59.45 -2.163834
1590 526.02 76.23 57.98 141.42 -2.249990
1590 565.52 18.46 75.52 184.20 -3.871876
1590 168.10 11.68 26.57 64.81 -4.306467
1590 369.75 1.00 20.50 50.00 -4.382335
1620 37.75 169.00 20.50 50.00 2.389511
1620 497.75 157.00 20.50 50.00 -0.520446
1620 366.69 147.27 22.38 54.58 -0.600585
1620 69.03 111.76 37.52 91.50 -1.755787
1620 241.94 69.68 52.90 129.03 -2.311452
1620 608.85 84.61 31.54 76.92 -2.429559
1620 -0.32 55.78 26.57 64.81 -3.009584
1650 145.75 153.00 20.50 50.00 -0.725078
1650 -0.65 80.00 52.90 129.03 -1.491006
1650 45.60 94.91 22.38 54.58 -1.716207
1650 565.52 48.00 75.52 184.20 -1.943859
1650 -0.38 47.69 31.54 76.92 -3.423248
1680 611.45 120.00 28.92 70.53 -0.528078
1680 -0.65 126.45 52.90 129.03 -1.402073
1680 -0.38 26.15 31.54 76.92 -3.524907
1710 47.29 146.14 24.37 59.45 -0.907273
1710 4.86 175.14 26.57 64.81 -1.586416
1710 615.91 77.23 24.37 59.45 -2.587415
1740 602.97 49.47 37.52 91.50 -2.735142
1740 59.27 48.00 26.57 64.81 -2.755000
1740 159.11 24.95 24.37 59.45 -3.691134
1770 495.75 93.00 20.50 50.00 -1.949321
1770 549.11 65.45 34.37 83.83 -2.632790
1770 571.79 30.42 69.16 168.67 -2.914819
1830 84.92 88.36 22.38 54.58 -1.984137
