30 339.11 172.54 26.57 64.81 7.038875
30 303.34 175.64 22.38 54.58 6.329553
30 383.08 168.00 28.92 70.53 5.283719
30 181.75 177.00 20.50 50.00 -0.102483
30 229.75 175.00 20.50 50.00 -0.359140
30 330.41 179.41 24.37 59.45 -0.408073
30 190.04 169.90 24.37 59.45 -1.227238
30 577.84 255.45 24.37 59.45 -2.108749
30 240.00 20.20 24.37 59.45 -3.439559
60 297.65 172.54 26.57 64.81 -0.326147
60 492.15 159.44 34.37 83.83 -0.877999
60 393.75 173.00 20.50 50.00 -1.170339
60 482.46 166.91 22.38 54.58 -1.465016
60 582.65 42.35 57.98 141.42 -2.280275
60 442.29 269.65 28.92 70.53 -2.770625
60 229.75 17.00 20.50 50.00 -3.820328
90 344.23 167.69 31.54 76.92 5.296702
90 391.62 162.80 34.37 83.83 3.026138
90 295.75 171.00 20.50 50.00 2.235525
90 441.88 156.08 34.37 83.83 1.744802
90 482.29 152.06 37.52 91.50 0.751401
90 167.75 175.00 20.50 50.00 -0.976727
90 206.69 167.52 24.37 59.45 -1.026826
90 85.75 179.00 20.50 50.00 -1.783509
90 582.65 42.35 57.98 141.42 -1.828709
90 615.91 15.45 24.37 59.45 -4.285322
120 317.91 162.80 34.37 83.83 7.583591
120 361.60 155.73 37.52 91.50 5.361794
120 254.28 169.90 24.37 59.45 4.204288
120 379.89 152.06 37.52 91.50 2.318244
120 416.46 152.06 37.52 91.50 1.272641
120 265.75 173.00 20.50 50.00 0.037252
120 127.75 175.00 20.50 50.00 -0.341692
120 25.02 165.18 28.92 70.53 -0.930989
120 167.75 177.00 20.50 50.00 -0.972057
120 613.77 63.57 26.57 64.81 -3.035297
120 537.75 43.00 20.50 50.00 -3.406062
150 115.50 166.00 41.00 100.00 6.736947
150 59.27 177.73 26.57 64.81 4.719180
150 177.96 154.91 44.67 108.95 3.981926
150 153.14 166.72 37.52 91.50 1.167738
150 193.78 149.70 48.64 118.64 0.135543
150 405.75 127.00 20.50 50.00 -0.608654
150 615.91 110.50 24.37 59.45 -1.117998
150 131.20 181.37 37.52 91.50 -1.159567
180 617.88 156.00 22.38 54.58 -0.187168
180 615.91 115.25 24.37 59.45 -1.604501
270 173.38 184.16 24.37 59.45 -1.544454
300 217.75 181.00 20.50 50.00 -1.234673
300 91.50 170.00 41.00 100.00 -1.693049
330 595.92 150.55 44.67 108.95 -0.341523
330 161.49 179.41 24.37 59.45 -1.410251
330 317.75 139.00 20.50 50.00 -1.754113
330 611.45 86.12 28.92 70.53 -2.041752
330 611.45 7.06 28.92 70.53 -3.942262
390 -0.25 109.00 20.50 50.00 -2.270833
450 504.30 140.73 22.38 54.58 2.336256
450 153.75 177.00 20.50 50.00 -0.951879
450 419.43 133.62 26.57 64.81 -1.100903
450 571.79 77.75 69.16 168.67 -2.092288
480 605.77 124.62 31.54 76.92 1.490656
480 608.85 152.31 31.54 76.92 -1.639848
510 77.75 167.00 20.50 50.00 -1.542248
540 399.45 132.00 22.38 54.58 -1.442903
570 226.89 166.91 22.38 54.58 -0.373868
600 213.83 172.28 24.37 59.45 0.582621
600 619.75 91.00 20.50 50.00 -1.937753
600 4.10 55.64 22.38 54.58 -2.722740
630 617.88 86.18 22.38 54.58 -1.124643
660 328.69 97.10 37.52 91.50 -2.178883
660 -0.27 5.45 22.38 54.58 -4.728800
690 318.51 153.27 24.37 59.45 -0.907293
720 391.75 149.00 20.50 50.00 -0.824304
720 417.75 157.00 20.50 50.00 -1.278957
720 458.88 160.40 24.37 59.45 -1.289708
720 133.55 167.74 52.90 129.03 -1.780075
720 602.97 67.79 37.52 91.50 -2.069735
720 619.75 5.00 20.50 50.00 -3.553990
750 606.07 99.02 34.37 83.83 -1.074243
750 386.35 140.73 22.38 54.58 -1.092509
750 467.31 149.23 31.54 76.92 -1.397461
780 6.84 210.30 24.37 59.45 -0.196676
780 7.75 147.00 20.50 50.00 -2.142192
780 167.75 219.00 20.50 50.00 -2.182835
780 159.75 225.00 20.50 50.00 -2.630252
780 -0.30 222.18 24.37 59.45 -3.078713
840 134.98 165.18 28.92 70.53 -1.816517
840 4.10 228.00 22.38 54.58 -2.051396
840 617.88 42.55 22.38 54.58 -3.315339
870 314.27 149.45 22.38 54.58 -0.418927
870 213.75 185.00 20.50 50.00 -1.556429
870 7.75 245.00 20.50 50.00 -2.947633
870 -0.25 253.00 20.50 50.00 -3.636631
900 5.75 245.00 20.50 50.00 -1.740141
900 106.76 208.36 22.38 54.58 -1.943774
900 47.75 233.00 20.50 50.00 -2.287705
900 549.75 197.00 20.50 50.00 -2.391764
930 47.58 204.71 28.92 70.53 -0.982909
930 587.74 121.29 52.90 129.03 -1.236422
930 413.75 165.00 20.50 50.00 -1.273944
930 -0.50 186.00 41.00 100.00 -1.448650
930 602.97 53.13 37.52 91.50 -2.960592
960 315.42 125.65 28.92 70.53 -0.993279
960 606.07 142.66 34.37 83.83 -1.765452
960 613.77 66.16 26.57 64.81 -2.369613
990 331.75 135.00 20.50 50.00 -0.893715
1020 512.78 148.24 28.92 70.53 -0.260478
1020 180.52 165.15 24.37 59.45 -0.989502
1020 595.92 85.09 44.67 108.95 -1.177206
1020 592.12 160.40 24.37 59.45 -1.557980
1020 430.33 115.25 24.37 59.45 -1.684123
1020 43.14 182.94 34.37 83.83 -1.912911
1050 599.50 146.00 41.00 100.00 -0.355644
1050 337.75 135.00 20.50 50.00 -1.294058
1050 132.94 169.90 24.37 59.45 -1.654771
1050 595.92 54.55 44.67 108.95 -2.755031
1080 -0.71 155.29 57.98 141.42 -0.833493
1080 361.75 15.00 20.50 50.00 -4.038422
1080 619.75 11.00 20.50 50.00 -4.138130
1110 320.82 132.00 22.38 54.58 -0.509179
1140 611.45 -1.41 28.92 70.53 -4.787078
1200 312.60 122.82 28.92 70.53 -0.807250
1200 543.75 139.00 20.50 50.00 -1.279054
1230 608.85 112.31 31.54 76.92 -0.896125
1260 523.75 143.00 20.50 50.00 -0.031822
1260 532.64 139.01 24.37 59.45 -0.225226
1260 313.46 121.54 31.54 76.92 -1.227679
1260 75.75 29.00 20.50 50.00 -3.807957
1290 326.15 125.84 26.57 64.81 -0.158118
1290 584.69 111.76 37.52 91.50 -1.660200
1320 317.91 122.52 34.37 83.83 -1.156648
1320 599.31 111.76 37.52 91.50 -1.292816
1320 516.54 140.00 31.54 76.92 -1.906203
1350 326.15 159.57 26.57 64.81 -0.286678
1350 574.80 148.24 28.92 70.53 -0.941539
1350 556.43 162.77 24.37 59.45 -1.326674
1350 233.66 38.12 28.92 70.53 -3.098611
1350 381.75 9.00 20.50 50.00 -3.826768
1380 585.97 135.94 34.37 83.83 0.339810
1380 318.24 151.06 28.92 70.53 -0.838245
1380 602.97 126.41 37.52 91.50 -0.898768
1380 -0.32 175.14 26.57 64.81 -1.791156
1380 480.27 171.27 22.38 54.58 -1.871002
1410 599.50 126.00 41.00 100.00 -0.248501
1410 313.20 149.19 26.57 64.81 -1.831271
1440 301.15 132.59 34.37 83.83 -0.019848
1470 365.75 181.00 20.50 50.00 -0.373725
1470 11.75 193.00 20.50 50.00 -0.861441
1470 283.50 106.00 41.00 100.00 -1.469507
1500 368.87 173.45 22.38 54.58 -0.332393
1500 298.08 127.69 31.54 76.92 -0.921948
1500 601.75 121.00 20.50 50.00 -1.701494
1500 538.62 141.41 26.57 64.81 -1.856425
1530 521.75 171.00 20.50 50.00 -0.290318
1530 619.75 135.00 20.50 50.00 -0.475772
1530 274.37 106.93 48.64 118.64 -0.692443
1530 374.63 184.94 28.92 70.53 -0.951203
1530 309.78 145.41 28.92 70.53 -1.152833
1560 327.96 132.59 34.37 83.83 0.927096
1560 613.77 162.16 26.57 64.81 0.382437
1560 587.30 169.09 22.38 54.58 -1.038114
1560 371.75 169.00 20.50 50.00 -1.662528
1560 230.28 6.49 26.57 64.81 -4.118929
1560 617.88 12.00 22.38 54.58 -4.205493
1590 344.23 136.92 31.54 76.92 -0.631179
1590 617.88 156.00 22.38 54.58 -1.579661
1590 416.92 173.65 28.92 70.53 -1.913072
1590 119.75 177.00 20.50 50.00 -2.165130
1590 503.75 205.00 20.50 50.00 -2.198496
1620 587.74 245.16 52.90 129.03 0.260266
1620 346.43 139.76 28.92 70.53 -0.422462
1620 617.88 92.73 22.38 54.58 -0.892805
1620 613.53 139.01 24.37 59.45 -1.805192
1620 459.26 2.38 48.64 118.64 -5.095882
1650 283.23 85.16 52.90 129.03 -0.703711
1650 314.55 119.16 34.37 83.83 -0.862686
1650 97.25 169.90 24.37 59.45 -1.284520
1650 494.57 60.59 24.37 59.45 -2.875792
1650 595.92 28.36 44.67 108.95 -4.068573
1680 267.50 98.00 41.00 100.00 -0.337907
1680 236.77 64.52 52.90 129.03 -0.919267
1680 617.88 51.27 22.38 54.58 -2.101932
1680 609.75 23.00 20.50 50.00 -3.327691
1680 569.83 9.82 22.38 54.58 -3.820583
1680 615.75 29.00 20.50 50.00 -4.135250
1680 454.06 5.45 22.38 54.58 -4.539967
1710 385.13 127.13 24.37 59.45 -0.430937
1710 255.41 78.42 48.64 118.64 -1.035451
1710 575.46 186.53 24.37 59.45 -1.223457
1710 453.12 149.19 26.57 64.81 -1.427616
1710 211.45 129.50 24.37 59.45 -1.476701
1710 220.77 40.00 63.08 153.85 -2.263101
1740 11.75 175.00 20.50 50.00 0.976290
1740 265.03 80.73 44.67 108.95 0.357347
1740 435.75 153.00 20.50 50.00 -0.241086
1740 381.75 123.00 20.50 50.00 -1.543988
1740 157.73 102.49 26.57 64.81 -1.659611
1740 238.06 35.03 26.57 64.81 -1.659904
1740 181.75 77.00 20.50 50.00 -1.867720
1740 199.73 72.00 44.67 108.95 -2.721034
1740 619.75 45.00 20.50 50.00 -3.382882
1770 260.15 73.66 48.64 118.64 0.322974
1770 342.66 149.45 22.38 54.58 0.178744
1770 460.61 156.00 22.38 54.58 -0.315507
1770 615.91 131.88 24.37 59.45 -0.557915
1770 201.75 135.00 20.50 50.00 -0.657333
1770 395.09 116.73 22.38 54.58 -0.712334
1770 468.40 146.14 24.37 59.45 -0.977068
1770 578.57 145.09 22.38 54.58 -1.005372
1770 455.75 129.00 20.50 50.00 -1.410311
1770 619.75 91.00 20.50 50.00 -1.492651
1770 565.75 149.00 20.50 50.00 -2.086952
1770 165.75 63.00 20.50 50.00 -2.409184
1770 587.75 11.00 20.50 50.00 -2.693303
1770 214.74 16.90 69.16 168.67 -2.761845
1770 132.97 51.27 22.38 54.58 -3.177510
1770 557.75 5.00 20.50 50.00 -3.191610
1770 592.12 24.95 24.37 59.45 -3.264579
1770 615.91 5.94 24.37 59.45 -3.402562
1770 113.75 23.00 20.50 50.00 -4.125783
1770 535.75 11.00 20.50 50.00 -4.199540
1770 565.75 5.00 20.50 50.00 -4.548223
1800 194.80 131.88 24.37 59.45 0.491162
1800 545.75 155.00 20.50 50.00 -0.381940
1800 459.75 133.00 20.50 50.00 -0.875632
1800 595.92 89.45 44.67 108.95 -1.333105
1800 435.09 105.74 24.37 59.45 -1.460997
1800 83.35 92.31 34.37 83.83 -1.532659
1800 421.75 153.00 20.50 50.00 -1.969294
1800 259.82 53.65 57.98 141.42 -2.273412
1800 215.00 4.00 82.00 200.00 -3.292482
1800 561.75 23.00 20.50 50.00 -3.495902
1800 115.24 24.00 28.92 70.53 -4.070705
1800 606.07 -1.68 34.37 83.83 -4.897556
1830 535.75 147.00 20.50 50.00 -0.427217
1830 71.75 121.00 20.50 50.00 -1.294517
1830 51.75 135.00 20.50 50.00 -1.421413
1830 137.75 59.00 20.50 50.00 -2.842748
1830 224.71 9.82 22.38 54.58 -3.080879
1830 147.37 30.42 69.16 168.67 -3.425185
1830 115.24 32.47 28.92 70.53 -3.593197
1830 230.38 23.08 31.54 76.92 -3.700766
1830 575.46 5.94 24.37 59.45 -4.346443
