30 -0.46 166.72 37.52 91.50 -1.689137
30 61.67 182.12 28.92 70.53 -1.950114
60 117.75 181.00 20.50 50.00 -0.978462
90 15.02 188.73 22.38 54.58 0.391432
90 13.75 173.00 20.50 50.00 -0.970911
90 191.95 145.09 22.38 54.58 -1.199216
90 119.75 167.00 20.50 50.00 -1.788269
90 131.75 167.00 20.50 50.00 -1.879079
90 615.91 224.55 24.37 59.45 -2.023692
90 615.91 98.61 24.37 59.45 -2.084204
120 600.18 204.71 28.92 70.53 -0.524938
120 615.91 115.25 24.37 59.45 -0.783173
120 608.85 56.92 31.54 76.92 -1.891098
150 175.75 147.00 20.50 50.00 -1.261349
150 95.51 94.59 28.92 70.53 -1.997459
150 571.54 27.69 63.08 153.85 -2.994680
180 617.88 145.09 22.38 54.58 -0.921305
180 606.07 65.45 34.37 83.83 -2.527187
210 592.00 54.65 48.64 118.64 -2.601525
240 85.77 124.62 31.54 76.92 -0.977848
240 259.75 141.00 20.50 50.00 -1.178489
240 453.75 141.00 20.50 50.00 -1.321654
240 439.85 153.27 24.37 59.45 -1.485995
240 577.69 40.00 63.08 153.85 -3.603592
270 394.36 122.82 28.92 70.53 -1.497082
270 56.80 81.98 24.37 59.45 -1.651534
300 423.20 148.51 24.37 59.45 0.179523
300 406.48 131.03 26.57 64.81 -0.007350
300 599.50 174.00 41.00 100.00 -1.306045
330 443.14 162.55 22.38 54.58 0.398648
330 619.75 137.00 20.50 50.00 0.111581
330 433.75 167.00 20.50 50.00 -0.433781
330 425.58 115.25 24.37 59.45 -0.864260
330 467.17 169.09 22.38 54.58 -1.211044
360 458.88 169.90 24.37 59.45 -0.460725
360 602.97 115.42 37.52 91.50 -0.676479
360 556.73 137.45 44.67 108.95 -0.700229
360 571.33 149.65 57.98 141.42 -1.104763
360 437.47 146.14 24.37 59.45 -1.113256
360 525.63 140.20 48.64 118.64 -1.134813
360 471.31 144.73 37.52 91.50 -1.201304
360 436.54 103.08 31.54 76.92 -1.489889
360 11.60 93.86 24.37 59.45 -2.138165
360 113.31 60.00 22.38 54.58 -2.320926
390 619.75 219.00 20.50 50.00 0.022839
390 451.75 141.00 20.50 50.00 -0.438158
390 146.08 134.18 22.38 54.58 -0.517948
390 109.14 127.13 24.37 59.45 -0.638573
390 617.75 141.00 20.50 50.00 -0.915710
390 162.91 102.49 26.57 64.81 -1.195950
390 401.75 155.00 20.50 50.00 -1.197524
390 99.75 113.00 20.50 50.00 -1.301920
390 113.31 108.00 22.38 54.58 -1.678803
390 530.61 150.55 44.67 108.95 -1.703022
390 -0.50 106.00 41.00 100.00 -2.278579
390 161.75 31.00 20.50 50.00 -3.463459
420 161.75 165.00 20.50 50.00 -0.085678
420 397.75 155.00 20.50 50.00 -0.734562
420 233.75 133.00 20.50 50.00 -0.934760
420 173.38 153.27 24.37 59.45 -1.359426
420 279.75 127.00 20.50 50.00 -1.724747
420 303.34 156.00 22.38 54.58 -1.842151
420 8.89 78.42 48.64 118.64 -2.231521
420 119.75 13.00 20.50 50.00 -3.768509
420 543.75 5.00 20.50 50.00 -4.792289
450 297.75 167.00 20.50 50.00 0.489724
450 10.93 173.65 28.92 70.53 -0.720992
450 419.43 146.59 26.57 64.81 -0.740385
450 225.75 129.00 20.50 50.00 -0.908311
450 129.34 151.06 28.92 70.53 -0.966728
450 152.55 133.62 26.57 64.81 -1.151673
450 619.75 177.00 20.50 50.00 -1.225433
450 525.65 122.52 34.37 83.83 -1.281828
450 619.75 155.00 20.50 50.00 -1.303256
450 499.75 81.00 20.50 50.00 -2.343216
480 281.59 159.53 28.92 70.53 0.211234
480 551.50 114.00 41.00 100.00 -0.214858
480 435.09 150.89 24.37 59.45 -1.364733
480 460.61 134.18 22.38 54.58 -1.658666
480 606.07 88.95 34.37 83.83 -1.944355
480 533.75 89.00 20.50 50.00 -2.213213
510 215.75 127.00 20.50 50.00 -0.947986
510 268.55 122.38 24.37 59.45 -1.089475
510 595.92 72.00 44.67 108.95 -1.796980
510 23.04 156.08 34.37 83.83 -1.910366
510 551.75 83.00 20.50 50.00 -2.001667
540 211.60 127.64 22.38 54.58 -0.329575
540 481.76 128.47 28.92 70.53 -1.252689
540 599.50 86.00 41.00 100.00 -1.485571
540 155.14 133.62 26.57 64.81 -1.525075
540 595.50 150.00 41.00 100.00 -1.746185
540 455.71 125.84 26.57 64.81 -1.801771
540 32.49 138.55 22.38 54.58 -1.838240
570 611.45 170.82 28.92 70.53 0.071028
570 615.91 91.48 24.37 59.45 -1.210094
570 489.01 145.09 22.38 54.58 -1.341787
570 192.42 70.10 24.37 59.45 -2.450086
570 619.75 37.00 20.50 50.00 -3.713570
600 487.43 143.76 24.37 59.45 0.322882
600 606.07 156.08 34.37 83.83 -0.635380
600 61.15 164.62 31.54 76.92 -0.903864
600 494.57 150.89 24.37 59.45 -1.135590
600 -0.46 155.73 37.52 91.50 -1.242258
630 209.42 149.45 22.38 54.58 -0.071517
630 451.92 130.77 31.54 76.92 -1.350674
630 377.61 103.64 22.38 54.58 -1.558927
630 565.52 70.15 75.52 184.20 -1.758861
630 475.75 159.00 20.50 50.00 -1.876378
630 194.80 77.23 24.37 59.45 -2.136484
630 103.70 83.17 48.64 118.64 -2.446669
660 494.57 158.02 24.37 59.45 0.303357
660 461.26 148.51 24.37 59.45 -0.396336
660 190.04 79.60 24.37 59.45 -1.143106
660 571.79 84.51 69.16 168.67 -1.870856
690 599.50 142.00 41.00 100.00 0.300942
690 499.33 167.52 24.37 59.45 -0.133814
690 191.42 86.92 26.57 64.81 -1.822138
690 107.50 114.00 41.00 100.00 -2.169359
690 617.88 232.36 22.38 54.58 -2.788009
720 451.92 180.00 31.54 76.92 -1.018194
720 468.69 182.94 34.37 83.83 -1.402754
720 109.26 119.08 37.52 91.50 -1.403203
720 528.85 158.46 31.54 76.92 -1.673890
720 409.07 151.78 26.57 64.81 -1.928991
750 461.99 176.22 34.37 83.83 0.452736
750 271.74 149.19 26.57 64.81 -0.275302
750 -0.50 178.00 41.00 100.00 -1.157794
750 476.12 199.06 28.92 70.53 -1.700975
750 185.39 90.55 22.38 54.58 -2.341239
750 608.85 53.85 31.54 76.92 -2.659210
780 619.75 145.00 20.50 50.00 -0.105346
780 527.75 239.00 20.50 50.00 -0.521415
780 519.59 230.18 22.38 54.58 -0.875883
780 45.81 90.32 52.90 129.03 -1.392062
780 513.04 221.45 22.38 54.58 -1.503187
780 611.45 72.00 28.92 70.53 -2.415377
810 489.75 169.00 20.50 50.00 0.005809
810 4.10 180.00 22.38 54.58 -0.336649
810 582.65 166.59 57.98 141.42 -0.607947
810 168.62 153.27 24.37 59.45 -0.797238
810 28.18 141.41 26.57 64.81 -1.014714
810 512.71 164.76 26.57 64.81 -1.178387
810 619.75 133.00 20.50 50.00 -1.227726
810 54.62 70.77 63.08 153.85 -1.900061
810 496.95 15.45 24.37 59.45 -4.207674
840 538.62 169.95 26.57 64.81 1.878858
840 503.75 169.00 20.50 50.00 1.768416
840 285.77 164.62 31.54 76.92 0.197289
840 17.20 180.00 22.38 54.58 -0.305287
840 157.53 142.59 28.92 70.53 -1.160254
840 43.50 86.00 41.00 100.00 -1.707633
840 619.75 153.00 20.50 50.00 -1.813697
840 602.97 64.12 37.52 91.50 -2.155373
870 517.75 165.00 20.50 50.00 3.473018
870 586.08 162.35 28.92 70.53 2.129480
870 205.75 137.00 20.50 50.00 0.027014
870 599.75 155.00 20.50 50.00 -0.211281
870 145.83 163.05 37.52 91.50 -0.583500
870 443.75 153.00 20.50 50.00 -0.687956
870 239.62 152.31 31.54 76.92 -1.229287
870 126.52 131.29 28.92 70.53 -1.261717
870 10.62 64.94 57.98 141.42 -1.336475
870 509.75 159.00 20.50 50.00 -1.416849
870 205.05 173.45 22.38 54.58 -1.749854
870 127.75 211.00 20.50 50.00 -1.822782
870 143.44 131.29 28.92 70.53 -2.020890
900 531.75 165.00 20.50 50.00 3.134465
900 525.75 159.00 20.50 50.00 0.648309
900 537.75 159.00 20.50 50.00 -0.165025
900 199.75 139.00 20.50 50.00 -0.253136
900 161.75 175.00 20.50 50.00 -0.442511
900 608.58 146.59 26.57 64.81 -0.482200
900 6.28 44.73 22.38 54.58 -3.121209
930 533.75 153.00 20.50 50.00 2.394834
930 593.75 153.00 20.50 50.00 0.088367
930 193.75 129.00 20.50 50.00 -0.112883
930 549.75 155.00 20.50 50.00 -0.759068
930 99.50 106.00 41.00 100.00 -1.279980
930 463.75 89.00 20.50 50.00 -1.945077
930 615.91 146.14 24.37 59.45 -2.023448
930 106.76 49.09 22.38 54.58 -2.916528
930 107.75 5.00 20.50 50.00 -4.771787
960 523.96 149.45 22.38 54.58 3.618279
960 185.75 125.00 20.50 50.00 0.345358
960 124.05 123.24 26.57 64.81 -1.875201
960 309.78 74.82 28.92 70.53 -2.437883
960 93.75 45.00 20.50 50.00 -2.617699
960 595.92 58.91 44.67 108.95 -3.173211
960 93.75 7.00 20.50 50.00 -4.131948
990 499.75 155.00 20.50 50.00 5.202320
990 181.02 125.45 22.38 54.58 -0.678810
990 615.91 134.26 24.37 59.45 -0.785544
990 87.75 45.00 20.50 50.00 -1.406783
990 229.75 133.00 20.50 50.00 -1.460092
990 60.89 136.36 22.38 54.58 -1.696758
990 445.34 107.68 26.57 64.81 -1.938978
990 81.75 53.00 20.50 50.00 -2.121667
990 77.75 39.00 20.50 50.00 -3.251370
1020 555.50 182.00 41.00 100.00 4.414202
1020 457.75 159.00 20.50 50.00 2.724014
1020 547.50 150.00 41.00 100.00 1.360564
1020 464.98 153.82 22.38 54.58 0.270375
1020 442.23 146.14 24.37 59.45 0.032320
1020 183.75 133.00 20.50 50.00 -0.128661
1020 539.50 174.00 41.00 100.00 -0.296720
1020 606.07 135.94 34.37 83.83 -0.788103
1020 425.67 151.64 22.38 54.58 -1.373614
1020 307.31 81.54 31.54 76.92 -2.450613
1020 75.84 34.45 24.37 59.45 -3.858639
1050 449.69 158.18 22.38 54.58 0.640851
1050 441.75 161.00 20.50 50.00 0.512012
1050 59.50 150.00 41.00 100.00 0.090421
1050 466.02 153.27 24.37 59.45 -0.572711
1050 606.07 139.30 34.37 83.83 -1.144365
1050 423.48 153.82 22.38 54.58 -1.652196
1050 307.85 85.59 34.37 83.83 -2.105192
1050 87.75 61.00 20.50 50.00 -2.225063
1050 77.75 13.00 20.50 50.00 -4.141663
1080 491.19 184.36 22.38 54.58 -0.609300
1080 181.75 145.00 20.50 50.00 -0.893747
1080 440.16 149.19 26.57 64.81 -1.226332
1080 445.34 123.24 26.57 64.81 -1.916829
1080 310.61 97.30 26.57 64.81 -2.155695
1080 87.75 63.00 20.50 50.00 -2.615635
1110 230.48 146.14 24.37 59.45 -0.304849
1110 232.87 164.76 26.57 64.81 -0.925083
1110 183.75 141.00 20.50 50.00 -1.096172
1110 221.75 159.00 20.50 50.00 -1.431853
1110 469.75 99.00 20.50 50.00 -1.552651
1110 309.78 91.77 28.92 70.53 -1.566110
1110 85.75 63.00 20.50 50.00 -1.760469
1110 75.75 31.00 20.50 50.00 -2.884609
1110 76.18 53.45 22.38 54.58 -3.014891
1140 112.57 149.65 57.98 141.42 9.094453
1140 89.91 149.65 57.98 141.42 0.873364
1140 440.96 160.36 22.38 54.58 -0.014848
1140 87.75 65.00 20.50 50.00 -2.229866
1140 307.31 90.77 31.54 76.92 -2.453709
1140 66.60 25.18 34.37 83.83 -3.256401
1170 14.84 157.42 52.90 129.03 7.626512
1170 -0.65 172.90 52.90 129.03 0.970493
1170 13.63 116.44 48.64 118.64 -1.267533
1170 87.75 63.00 20.50 50.00 -1.580818
1170 445.75 91.00 20.50 50.00 -1.857181
1170 309.78 88.94 28.92 70.53 -1.892069
1200 211.60 175.64 22.38 54.58 -0.966726
1200 85.75 65.00 20.50 50.00 -1.349661
1200 309.78 91.77 28.92 70.53 -1.860442
1200 469.75 99.00 20.50 50.00 -1.956872
1230 608.85 146.15 31.54 76.92 -0.758783
1230 69.03 23.82 37.52 91.50 -3.558604
1260 153.75 177.00 20.50 50.00 3.324142
1260 613.77 149.19 26.57 64.81 -0.236415
1260 145.75 175.00 20.50 50.00 -0.399159
1260 591.67 158.18 22.38 54.58 -1.436716
1260 445.75 89.00 20.50 50.00 -1.558509
1260 84.92 64.36 22.38 54.58 -1.653977
1260 307.31 96.92 31.54 76.92 -2.081752
1260 619.75 77.00 20.50 50.00 -2.352688
1260 74.82 42.81 26.57 64.81 -3.310129
1290 84.92 64.36 22.38 54.58 -1.513147
1290 617.88 79.64 22.38 54.58 -1.981857
1290 74.82 107.68 26.57 64.81 -2.097146
1290 72.95 32.47 28.92 70.53 -3.599289
1320 101.75 175.00 20.50 50.00 4.580584
1320 309.78 97.41 28.92 70.53 -1.934165
1320 87.75 65.00 20.50 50.00 -2.080649
1320 79.75 71.00 20.50 50.00 -2.308048
1350 93.75 175.00 20.50 50.00 3.517101
1350 606.07 135.94 34.37 83.83 -1.128369
1350 617.88 79.64 22.38 54.58 -2.058275
1350 87.75 67.00 20.50 50.00 -2.322757
1380 87.75 179.00 20.50 50.00 2.764594
1380 307.31 96.92 31.54 76.92 -1.634809
1380 87.75 69.00 20.50 50.00 -2.123255
1380 478.94 232.94 28.92 70.53 -2.620756
1410 84.92 173.45 22.38 54.58 2.782078
1410 181.75 145.00 20.50 50.00 -0.884365
1410 590.45 154.38 26.57 64.81 -1.817142
1410 87.75 65.00 20.50 50.00 -2.189660
1410 74.82 42.81 26.57 64.81 -3.363898
1440 85.75 175.00 20.50 50.00 2.241877
1440 183.75 145.00 20.50 50.00 -0.489493
1440 608.85 143.08 31.54 76.92 -0.987251
1440 309.78 91.77 28.92 70.53 -1.356762
1440 469.75 101.00 20.50 50.00 -1.507195
1440 84.92 64.36 22.38 54.58 -1.782684
1440 619.75 77.00 20.50 50.00 -2.061430
1440 75.75 35.00 20.50 50.00 -2.881770
1470 91.75 173.00 20.50 50.00 2.001424
1470 179.75 149.00 20.50 50.00 -1.196813
1470 75.77 40.94 28.92 70.53 -3.063542
1500 99.75 173.00 20.50 50.00 3.745950
1500 309.78 91.77 28.92 70.53 -1.113122
1500 605.81 148.24 28.92 70.53 -1.277458
1500 591.75 161.00 20.50 50.00 -1.971919
1500 87.75 67.00 20.50 50.00 -2.895301
1500 70.39 7.69 31.54 76.92 -4.781653
1530 103.75 173.00 20.50 50.00 2.364027
1530 312.60 91.77 28.92 70.53 -1.122668
1530 613.77 149.19 26.57 64.81 -1.270448
1530 251.89 126.41 37.52 91.50 -2.084703
1530 89.75 65.00 20.50 50.00 -2.573869
1530 75.77 38.12 28.92 70.53 -3.375407
1560 111.75 171.00 20.50 50.00 -0.152630
1560 611.45 151.06 28.92 70.53 -0.230742
1560 310.38 84.61 31.54 76.92 -2.038240
1560 85.75 65.00 20.50 50.00 -2.121767
1560 67.31 32.31 31.54 76.92 -3.667855
1590 608.85 146.15 31.54 76.92 -0.998350
1590 309.78 91.77 28.92 70.53 -1.438181
1590 84.92 64.36 22.38 54.58 -1.522104
1590 74.82 42.81 26.57 64.81 -3.311577
1590 77.75 19.00 20.50 50.00 -3.967876
1620 307.31 93.85 31.54 76.92 -0.578017
1620 619.75 127.00 20.50 50.00 -1.394188
1620 413.68 105.74 24.37 59.45 -1.671311
1620 85.75 65.00 20.50 50.00 -2.016467
1620 75.75 39.00 20.50 50.00 -2.946170
1650 606.07 139.30 34.37 83.83 -0.608953
1650 310.38 84.61 31.54 76.92 -1.271825
1650 87.75 67.00 20.50 50.00 -1.537708
1650 77.75 83.00 20.50 50.00 -2.222472
1650 73.99 36.00 22.38 54.58 -2.761178
1650 76.18 55.64 22.38 54.58 -2.789668
1650 76.18 14.18 22.38 54.58 -3.520682
1680 307.31 96.92 31.54 76.92 -0.815247
1680 171.75 177.00 20.50 50.00 -1.290579
1680 76.54 32.31 31.54 76.92 -2.356840
1680 76.18 12.00 22.38 54.58 -3.714573
1710 592.67 166.15 34.37 83.83 -0.111033
1710 309.78 97.41 28.92 70.53 -0.740964
1710 486.37 121.41 57.98 141.42 -0.907502
1710 445.75 93.00 20.50 50.00 -1.855685
1710 606.07 159.44 34.37 83.83 -1.905903
1710 79.75 83.00 20.50 50.00 -2.467283
1710 475.54 241.19 24.37 59.45 -2.977504
1710 75.77 38.12 28.92 70.53 -3.050246
1740 608.85 143.08 31.54 76.92 -0.525130
1740 73.46 29.23 31.54 76.92 -3.513038
1770 39.00 164.00 82.00 200.00 0.027272
1770 85.75 65.00 20.50 50.00 -0.962321
1770 55.00 116.00 82.00 200.00 -1.350220
1770 307.31 93.85 31.54 76.92 -1.849518
1770 -0.32 107.68 26.57 64.81 -2.267582
1770 73.99 36.00 22.38 54.58 -2.955972
1770 77.75 21.00 20.50 50.00 -3.829556
1800 445.75 93.00 20.50 50.00 -2.093555
1800 73.99 36.00 22.38 54.58 -3.045111
1800 81.41 38.12 28.92 70.53 -3.441220
1800 119.75 1.00 20.50 50.00 -4.973680
1830 611.45 145.41 28.92 70.53 -0.968590
1830 309.78 91.77 28.92 70.53 -1.477885
1830 447.51 132.00 22.38 54.58 -1.666743
1830 84.92 64.36 22.38 54.58 -1.784715
1830 73.46 48.71 24.37 59.45 -2.586283
1830 76.18 14.18 22.38 54.58 -3.721372
