30 403.19 200.34 28.28 68.97 29.19
30 476.62 135.10 31.71 77.35 28.83
30 278.74 166.06 31.71 77.35 28.24
30 17.93 144.78 35.65 86.96 27.55
30 28.37 172.61 35.65 86.96 26.50
30 58.36 186.55 28.28 68.97 24.08
30 564.02 169.13 35.65 86.96 22.11
30 13.49 203.01 22.47 54.79 16.93
30 616.89 10.98 20.00 48.78 -0.06
60 8.41 154.63 40.00 97.56 47.16
60 474.45 204.15 20.00 48.78 27.74
60 535.60 258.28 28.28 68.97 15.93
60 501.86 230.72 50.80 123.90 13.67
60 159.08 45.31 100.71 245.62 11.47
60 263.72 131.75 50.80 123.90 4.33
60 78.53 180.22 17.83 43.48 1.79
90 581.31 314.15 25.23 61.54 51.27
90 20.07 198.63 22.47 54.79 30.17
90 441.59 135.12 40.00 97.56 25.01
90 584.83 280.65 31.71 77.35 24.06
90 51.04 172.93 20.00 48.78 22.49
90 482.85 173.85 25.23 61.54 21.97
90 168.74 72.47 63.78 155.55 13.03
90 607.33 307.93 28.28 68.97 12.90
90 511.85 238.70 35.65 86.96 0.73
120 483.75 188.91 17.83 43.48 127.80
120 471.58 192.39 17.83 43.48 75.57
120 157.07 19.57 35.65 86.96 47.24
120 570.07 218.53 45.20 110.24 39.54
120 159.18 101.45 89.69 218.76 33.71
120 6.67 147.48 31.71 77.35 33.39
120 450.09 167.24 28.28 68.97 29.06
120 348.37 158.70 35.65 86.96 28.98
120 428.37 12.61 35.65 86.96 27.41
120 490.71 194.13 17.83 43.48 13.97
120 30.78 158.97 28.28 68.97 12.78
150 493.49 185.48 22.47 54.79 141.98
150 503.72 190.49 20.00 48.78 135.49
150 478.15 185.48 22.47 54.79 74.77
150 203.23 139.76 20.00 48.78 59.99
150 4.73 172.33 22.47 54.79 56.49
150 314.07 148.07 45.20 110.24 34.13
150 264.89 158.70 35.65 86.96 1.76
180 505.26 178.28 28.28 68.97 203.01
180 524.18 187.67 22.47 54.79 143.00
180 460.79 186.59 20.00 48.78 100.52
180 485.95 181.03 28.28 68.97 87.11
180 381.14 183.70 17.83 43.48 52.87
180 369.62 6.46 25.23 61.54 41.42
180 470.43 172.26 31.71 77.35 39.03
180 391.58 181.96 17.83 43.48 37.59
180 8.71 120.34 28.28 68.97 20.99
180 68.60 180.73 20.00 48.78 19.84
180 90.15 94.29 100.71 245.62 19.40
180 74.69 8.13 31.71 77.35 17.54
180 80.87 39.10 31.71 77.35 -0.42
210 557.07 169.13 35.65 86.96 170.86
210 581.74 181.55 31.71 77.35 145.89
210 516.81 172.26 31.71 77.35 100.84
210 482.80 175.35 31.71 77.35 95.66
210 399.25 174.52 22.47 54.79 73.68
210 392.50 182.68 20.00 48.78 59.88
210 363.23 180.73 20.00 48.78 56.72
210 534.76 165.69 45.20 110.24 50.19
210 24.94 28.52 80.85 197.19 35.88
210 180.12 166.34 40.00 97.56 32.10
210 5.49 338.48 17.83 43.48 29.61
210 15.15 178.77 25.23 61.54 22.14
210 221.12 172.76 28.28 68.97 1.24
240 552.41 170.09 45.20 110.24 192.93
240 443.08 178.90 22.47 54.79 101.42
240 396.69 173.85 25.23 61.54 76.42
240 423.77 173.85 25.23 61.54 62.27
240 28.91 46.09 71.30 173.91 58.59
240 467.19 139.45 22.47 54.79 36.74
240 617.66 218.48 17.83 43.48 33.71
240 54.94 5.12 20.00 48.78 33.16
240 261.10 134.86 45.20 110.24 22.73
240 535.24 174.15 40.00 97.56 22.56
240 42.23 13.85 25.23 61.54 22.50
240 184.02 166.34 40.00 97.56 14.82
240 12.85 8.13 31.71 77.35 2.99
270 532.72 165.65 35.65 86.96 160.86
270 459.67 165.65 35.65 86.96 79.04
270 5.49 176.74 17.83 43.48 59.08
270 259.82 20.73 20.00 48.78 58.04
270 10.98 318.70 35.65 86.96 38.77
270 252.45 23.70 17.83 43.48 37.42
270 24.94 20.66 80.85 197.19 37.20
270 15.68 5.75 22.47 54.79 33.56
270 157.07 110.00 35.65 86.96 26.05
270 334.46 148.26 35.65 86.96 20.61
270 374.54 40.92 25.23 61.54 17.28
270 327.77 134.46 25.23 61.54 14.11
270 116.79 159.35 17.83 43.48 7.78
270 14.46 270.00 35.65 86.96 4.98
300 600.29 212.52 31.71 77.35 97.74
300 587.72 152.48 45.20 110.24 69.14
300 4.21 172.93 20.00 48.78 52.63
300 6.16 323.17 20.00 48.78 51.52
300 584.89 207.39 35.65 86.96 40.40
300 486.21 134.86 45.20 110.24 32.78
300 139.61 110.32 31.71 77.35 30.68
300 348.02 123.10 28.28 68.97 21.55
300 512.38 6.46 25.23 61.54 20.58
300 105.55 150.41 22.47 54.79 15.41
300 46.37 148.22 22.47 54.79 13.21
300 439.33 145.61 20.00 48.78 10.67
330 447.76 108.28 56.55 137.93 55.01
330 529.13 128.57 63.78 155.55 49.62
330 66.85 154.15 25.23 61.54 41.42
330 467.41 44.26 80.85 197.19 34.47
330 419.74 7.24 28.28 68.97 28.47
330 495.00 122.61 71.30 173.91 27.28
330 522.28 23.04 35.65 86.96 23.65
330 104.96 52.58 50.80 123.90 21.22
330 12.69 356.00 25.23 61.54 19.63
330 59.46 144.31 25.23 61.54 19.18
330 225.79 117.25 45.20 110.24 16.21
330 109.92 111.96 50.80 123.90 6.06
360 497.41 141.38 56.55 137.93 87.79
360 31.40 138.19 31.71 77.35 56.23
360 519.48 124.83 56.55 137.93 46.19
360 64.44 36.39 80.85 197.19 36.06
360 550.65 87.83 71.30 173.91 34.48
360 4.73 106.58 22.47 54.79 31.09
360 413.92 166.46 25.23 61.54 29.98
360 8.71 43.10 28.28 68.97 6.17
360 219.67 123.91 35.65 86.96 5.55
360 279.05 128.62 28.28 68.97 5.04
390 573.96 174.88 20.00 48.78 59.42
390 24.45 156.99 22.47 54.79 35.97
390 349.86 141.29 31.71 77.35 22.70
420 574.46 141.30 35.65 86.96 49.45
420 318.53 88.04 17.83 43.48 38.99
420 15.94 197.03 31.71 77.35 26.60
420 538.84 233.41 20.00 48.78 26.05
420 11.90 64.14 56.55 137.93 22.02
420 386.95 115.61 40.00 97.56 16.23
450 475.31 28.52 80.85 197.19 57.86
450 80.43 197.59 28.28 68.97 43.98
450 483.21 91.48 80.85 197.19 37.51
450 457.21 12.99 50.80 123.90 33.88
450 417.28 78.70 63.78 155.55 32.84
450 397.07 141.30 35.65 86.96 31.88
450 346.64 5.75 22.47 54.79 28.97
450 194.90 130.46 45.20 110.24 28.58
450 323.75 4.57 17.83 43.48 27.28
450 53.04 203.23 31.71 77.35 27.23
450 90.14 187.74 31.71 77.35 10.05
450 6.67 116.52 31.71 77.35 7.02
450 410.06 71.46 20.00 48.78 4.80
480 450.09 178.28 28.28 68.97 62.06
480 367.33 40.34 28.28 68.97 45.10
480 285.49 58.48 17.83 43.48 30.35
480 481.09 53.04 71.30 173.91 25.80
480 346.36 67.17 17.83 43.48 25.02
480 314.91 37.59 28.28 68.97 18.27
480 50.75 71.51 22.47 54.79 12.88
480 425.43 32.17 71.30 173.91 3.78
510 484.73 176.71 22.47 54.79 120.79
510 341.14 4.57 17.83 43.48 114.64
510 367.15 6.46 25.23 61.54 94.79
510 297.66 4.57 17.83 43.48 84.76
510 322.01 4.57 17.83 43.48 66.37
510 355.41 12.33 22.47 54.79 61.13
510 174.42 126.80 50.80 123.90 44.32
510 348.10 6.30 17.83 43.48 43.43
510 5.49 178.48 17.83 43.48 39.64
510 226.36 6.30 17.83 43.48 35.90
510 215.92 4.57 17.83 43.48 34.43
510 334.18 4.57 17.83 43.48 33.62
510 290.71 8.04 17.83 43.48 33.61
510 250.06 5.12 20.00 48.78 33.40
510 106.23 205.85 25.23 61.54 32.03
510 207.23 4.57 17.83 43.48 31.15
510 6.67 218.71 31.71 77.35 30.24
510 11.90 86.21 56.55 137.93 28.42
510 522.83 73.91 71.30 173.91 26.81
510 515.41 5.75 22.47 54.79 25.22
510 153.59 165.65 35.65 86.96 22.30
510 62.48 174.50 45.20 110.24 6.61
510 394.86 5.75 22.47 54.79 2.75
510 247.86 134.86 45.20 110.24 0.99
540 565.66 148.07 45.20 110.24 78.48
540 553.91 169.16 31.71 77.35 60.30
540 171.90 119.31 56.55 137.93 49.73
540 47.15 205.85 25.23 61.54 41.91
540 443.75 175.00 17.83 43.48 41.03
540 148.08 186.15 25.23 61.54 35.23
540 84.55 170.09 45.20 110.24 14.28
570 22.76 170.09 45.20 110.24 69.82
570 3.75 136.74 17.83 43.48 52.28
570 435.92 72.47 63.78 155.55 46.43
570 52.99 96.83 20.00 48.78 37.78
570 177.62 181.23 25.23 61.54 36.31
570 105.69 113.79 56.55 137.93 28.87
570 257.93 148.26 35.65 86.96 23.44
570 74.76 111.71 40.00 97.56 8.70
600 465.00 146.83 40.00 97.56 87.18
600 524.69 198.46 25.23 61.54 53.51
600 14.18 100.22 17.83 43.48 51.71
600 449.09 194.39 20.00 48.78 25.69
600 155.46 186.15 25.23 61.54 20.09
600 113.62 191.08 25.23 61.54 16.41
600 556.79 202.83 17.83 43.48 14.70
600 532.08 183.69 25.23 61.54 13.97
600 69.84 101.96 17.83 43.48 7.12
630 578.17 139.02 40.00 97.56 46.86
630 24.45 137.26 22.47 54.79 36.99
630 595.33 148.26 35.65 86.96 33.28
630 56.03 119.31 56.55 137.93 31.24
630 135.77 122.15 25.23 61.54 28.61
630 476.79 187.17 17.83 43.48 16.29
630 93.24 110.32 31.71 77.35 11.48
660 119.69 104.08 100.71 245.62 48.48
660 406.76 134.86 45.20 110.24 47.57
660 15.91 190.49 20.00 48.78 42.90
660 66.85 122.15 25.23 61.54 41.20
660 97.66 119.35 17.83 43.48 41.04
660 546.95 92.20 40.00 97.56 25.35
660 8.11 190.49 20.00 48.78 15.45
690 398.64 122.34 63.78 155.55 39.23
690 250.06 34.39 20.00 48.78 36.28
690 9.52 86.42 45.20 110.24 17.47
690 610.09 172.76 28.28 68.97 14.52
690 93.38 64.40 45.20 110.24 11.01
720 539.67 179.57 35.65 86.96 55.85
720 9.76 166.06 31.71 77.35 55.46
720 28.37 162.17 35.65 86.96 44.57
720 498.06 147.27 63.78 155.55 42.68
720 396.30 122.95 80.85 197.19 36.67
720 55.24 68.78 40.00 97.56 25.77
720 6.16 237.32 20.00 48.78 18.93
720 80.87 76.26 31.71 77.35 17.29
720 46.86 166.06 31.71 77.35 0.68
750 9.52 37.98 45.20 110.24 49.67
750 52.99 202.20 20.00 48.78 20.13
750 447.29 126.80 50.80 123.90 18.94
750 418.17 76.59 40.00 97.56 1.45
780 431.85 57.83 35.65 86.96 36.60
780 117.97 169.16 31.71 77.35 16.21
780 480.86 113.79 56.55 137.93 15.75
780 383.90 196.44 22.47 54.79 11.38
780 74.23 58.15 25.23 61.54 4.27
810 447.29 32.78 50.80 123.90 64.57
810 35.33 33.48 35.65 86.96 45.99
810 69.40 78.97 28.28 68.97 24.39
810 596.29 112.07 28.28 68.97 20.67
810 494.46 155.22 35.65 86.96 8.42
810 87.50 155.22 35.65 86.96 5.38
840 353.22 192.05 22.47 54.79 46.61
840 14.46 40.43 35.65 86.96 44.61
840 501.14 4.57 17.83 43.48 40.51
840 27.17 90.83 45.20 110.24 39.68
870 5.31 200.92 25.23 61.54 117.15
870 518.63 31.64 89.69 218.76 66.17
870 179.74 161.72 28.28 68.97 30.93
870 306.64 175.52 28.28 68.97 22.46
870 431.52 200.24 20.00 48.78 16.84
870 386.10 181.10 22.47 54.79 11.41
870 492.45 187.17 17.83 43.48 10.61
900 152.80 146.83 40.00 97.56 57.47
900 529.24 162.17 35.65 86.96 45.92
900 123.75 211.52 17.83 43.48 21.84
900 563.75 201.09 17.83 43.48 3.39
930 609.09 243.17 20.00 48.78 27.47
930 603.23 149.51 20.00 48.78 17.41
930 541.12 167.24 28.28 68.97 6.81
960 529.47 29.30 114.81 280.01 74.03
960 451.88 203.23 31.71 77.35 47.73
960 288.38 181.23 25.23 61.54 36.50
960 105.98 139.02 40.00 97.56 30.34
960 430.24 187.74 31.71 77.35 26.08
960 441.81 203.10 28.28 68.97 22.14
960 352.38 191.08 25.23 61.54 8.35
960 180.12 115.61 40.00 97.56 7.17
990 40.47 121.86 50.80 123.90 45.22
990 281.00 181.23 25.23 61.54 44.79
990 43.77 17.42 31.71 77.35 32.37
990 142.81 172.33 22.47 54.79 28.62
990 521.52 244.95 45.20 110.24 16.77
990 532.72 214.35 35.65 86.96 9.96
990 429.93 203.01 22.47 54.79 2.57
1020 516.74 196.08 50.80 123.90 81.71
1020 502.50 241.72 28.28 68.97 77.55
1020 581.24 250.52 50.80 123.90 59.94
1020 550.85 209.27 40.00 97.56 55.51
1020 563.19 263.79 28.28 68.97 33.01
1020 114.88 162.97 31.71 77.35 30.58
1020 61.92 183.69 25.23 61.54 20.22
1020 472.97 104.04 45.20 110.24 19.70
1020 406.46 154.63 40.00 97.56 16.33
1020 513.53 156.21 28.28 68.97 15.70
1020 597.68 224.88 40.00 97.56 12.54
1020 281.00 178.77 25.23 61.54 7.02
1020 318.94 159.87 31.71 77.35 4.11
1050 519.63 127.32 40.00 97.56 67.82
1050 27.46 132.00 25.23 61.54 59.40
1050 4.73 130.68 22.47 54.79 54.93
1050 509.84 171.52 17.83 43.48 51.11
1050 475.46 215.69 25.23 61.54 40.79
1050 276.08 173.85 25.23 61.54 40.35
1050 449.09 208.05 20.00 48.78 34.96
1050 462.74 210.00 20.00 48.78 31.41
1050 392.67 51.78 22.47 54.79 25.92
1050 224.03 136.70 50.80 123.90 24.69
1050 546.42 91.48 80.85 197.19 23.52
1050 558.53 268.91 17.83 43.48 23.21
1050 519.63 224.88 40.00 97.56 21.78
1050 56.20 151.74 35.65 86.96 16.49
1080 276.08 173.85 25.23 61.54 78.77
1080 603.38 166.06 31.71 77.35 67.64
1080 8.41 146.83 40.00 97.56 61.09
1080 408.60 14.32 31.71 77.35 39.90
1080 99.40 173.26 17.83 43.48 39.66
1080 576.28 176.29 50.80 123.90 17.13
1080 566.36 126.80 50.80 123.90 16.93
1080 608.38 53.23 25.23 61.54 14.21
1080 502.50 178.28 28.28 68.97 13.80
1080 125.49 135.12 40.00 97.56 11.17
1080 90.06 172.93 20.00 48.78 9.54
1080 224.03 126.80 50.80 123.90 8.82
1110 278.54 176.31 25.23 61.54 72.44
1110 507.46 237.85 25.23 61.54 67.91
1110 67.07 108.28 56.55 137.93 21.95
1110 550.85 256.10 40.00 97.56 20.11
1110 9.76 147.48 31.71 77.35 17.67
1110 407.23 206.30 17.83 43.48 2.84
1110 334.40 159.87 31.71 77.35 2.15
1110 221.55 124.83 56.55 137.93 0.40
1140 281.81 170.00 28.28 68.97 81.02
1140 237.07 158.70 35.65 86.96 58.04
1140 576.28 136.70 50.80 123.90 28.67
1140 32.04 103.64 63.78 155.55 27.31
1140 458.36 101.03 28.28 68.97 23.12
1140 330.98 151.74 35.65 86.96 17.70
1140 562.56 189.76 40.00 97.56 9.36
1170 483.19 230.69 28.28 68.97 84.64
1170 287.33 167.24 28.28 68.97 56.48
1170 238.66 150.73 40.00 97.56 52.25
1170 558.66 18.05 40.00 97.56 42.53
1170 345.00 178.77 25.23 61.54 34.33
1170 411.69 175.35 31.71 77.35 28.41
1170 605.18 10.98 20.00 48.78 26.34
1170 582.50 40.34 28.28 68.97 26.25
1170 41.99 154.79 22.47 54.79 25.15
1170 449.24 183.04 35.65 86.96 24.18
1170 590.78 51.38 28.28 68.97 20.73
1170 521.52 15.96 45.20 110.24 14.71
1170 324.73 176.71 22.47 54.79 8.96
1170 15.66 240.62 50.80 123.90 7.08
1200 288.38 173.85 25.23 61.54 72.41
1200 12.85 159.87 31.71 77.35 53.18
1200 234.76 146.83 40.00 97.56 37.46
1200 232.16 125.86 28.28 68.97 28.44
1200 146.64 161.72 28.28 68.97 26.49
1200 433.32 166.30 17.83 43.48 24.17
1200 560.27 135.00 17.83 43.48 13.95
1200 509.92 144.31 25.23 61.54 12.72
1200 609.09 180.73 20.00 48.78 6.82
1200 567.50 141.30 35.65 86.96 1.22
1230 281.84 162.97 31.71 77.35 59.19
1230 5.31 154.15 25.23 61.54 53.68
1230 535.24 127.32 40.00 97.56 33.57
1230 442.07 161.28 45.20 110.24 30.98
1230 240.54 155.22 35.65 86.96 25.73
1230 5.95 29.31 28.28 68.97 21.27
1230 561.24 174.50 45.20 110.24 14.32
1230 315.85 166.06 31.71 77.35 5.00
1260 421.41 200.43 35.65 86.96 84.35
1260 282.28 162.17 35.65 86.96 73.83
1260 19.82 342.68 20.00 48.78 51.32
1260 532.27 175.35 31.71 77.35 39.93
1260 119.05 183.79 28.28 68.97 38.25
1260 10.71 355.87 17.83 43.48 30.43
1260 582.07 162.44 40.00 97.56 15.31
1260 410.71 206.30 17.83 43.48 1.81
1260 414.66 31.03 56.55 137.93 1.65
1290 285.76 155.22 35.65 86.96 80.52
1290 199.22 121.86 50.80 123.90 53.17
1290 574.27 244.39 40.00 97.56 33.30
1290 546.42 83.61 80.85 197.19 20.80
1290 476.62 57.68 31.71 77.35 18.43
1290 414.59 198.63 22.47 54.79 15.53
1290 466.36 86.30 17.83 43.48 12.60
1320 282.28 155.22 35.65 86.96 79.15
1320 570.98 266.52 35.65 86.96 62.31
1320 187.38 109.87 63.78 155.55 50.39
1320 429.84 206.30 17.83 43.48 48.32
1320 541.12 216.90 28.28 68.97 47.30
1320 35.41 227.12 22.47 54.79 40.75
1320 73.33 37.06 145.33 354.45 38.86
1320 436.08 193.54 25.23 61.54 35.24
1320 461.12 208.62 28.28 68.97 31.00
1320 314.07 139.27 45.20 110.24 28.08
1320 578.90 293.39 45.20 110.24 12.91
1320 241.64 144.39 31.71 77.35 9.65
1350 278.76 139.27 45.20 110.24 79.04
1350 530.52 180.00 56.55 137.93 41.77
1350 451.88 187.74 31.71 77.35 30.53
1350 206.02 109.87 63.78 155.55 30.24
1350 156.79 267.17 17.83 43.48 24.35
1350 100.17 202.07 56.55 137.93 24.33
1350 191.85 127.39 35.65 86.96 22.71
1350 148.10 279.35 17.83 43.48 21.41
1350 588.69 6.46 25.23 61.54 11.60
1380 274.34 139.27 45.20 110.24 73.37
1380 193.59 109.87 63.78 155.55 41.86
1380 596.29 175.52 28.28 68.97 38.33
1380 447.29 156.49 50.80 123.90 18.03
1380 129.54 104.08 100.71 245.62 14.32
1380 109.88 213.17 40.00 97.56 7.52
1380 516.29 150.69 28.28 68.97 2.64
1410 293.29 139.02 40.00 97.56 54.01
1410 206.02 103.64 63.78 155.55 43.59
1410 25.83 190.91 63.78 155.55 35.69
1410 428.83 165.69 45.20 110.24 31.65
1410 476.40 9.02 20.00 48.78 28.55
1410 115.34 31.64 89.69 218.76 26.50
1410 550.85 115.61 40.00 97.56 25.53
1410 410.37 166.34 40.00 97.56 24.16
1410 455.31 205.32 45.20 110.24 21.60
1410 574.66 119.31 56.55 137.93 18.76
1410 161.09 129.57 71.30 173.91 16.67
1410 562.26 256.83 20.00 48.78 13.28
1410 150.11 235.22 35.65 86.96 9.83
1440 112.82 41.30 63.78 155.55 62.47
1440 601.81 211.38 28.28 68.97 60.63
1440 196.79 253.26 17.83 43.48 58.42
1440 191.58 265.43 17.83 43.48 51.78
1440 435.05 192.39 17.83 43.48 47.69
1440 87.96 41.30 63.78 155.55 41.98
1440 209.78 87.83 71.30 173.91 37.12
1440 6.92 189.86 22.47 54.79 37.02
1440 530.75 196.44 22.47 54.79 23.38
1440 202.01 260.22 17.83 43.48 22.02
1440 310.11 130.87 35.65 86.96 15.61
1440 558.66 248.29 40.00 97.56 10.33
1440 500.08 139.38 25.23 61.54 7.61
1440 330.98 151.74 35.65 86.96 7.29
1440 47.23 199.35 17.83 43.48 5.17
1470 480.30 188.54 20.00 48.78 130.48
1470 305.24 117.25 45.20 110.24 50.94
1470 6.92 5.75 22.47 54.79 45.27
1470 56.03 31.03 56.55 137.93 35.18
1470 122.24 53.10 56.55 137.93 24.50
1470 81.75 22.60 63.78 155.55 21.81
1470 4.73 38.63 22.47 54.79 20.20
1470 182.90 224.90 31.71 77.35 18.34
1470 265.98 135.12 40.00 97.56 15.35
1470 506.82 111.96 50.80 123.90 14.98
1470 42.23 193.54 25.23 61.54 12.20
1470 6.16 75.37 20.00 48.78 7.87
1500 600.29 181.55 31.71 77.35 119.59
1500 18.90 31.64 89.69 218.76 55.14
1500 178.77 64.90 100.71 245.62 54.89
1500 8.41 10.24 40.00 97.56 40.29
1500 314.07 117.25 45.20 110.24 36.44
1500 620.79 124.15 20.00 48.78 31.66
1500 119.03 35.06 63.78 155.55 30.01
1500 80.14 192.11 45.20 110.24 26.04
1500 447.23 44.57 17.83 43.48 21.63
1500 588.69 196.00 25.23 61.54 15.78
1500 440.89 174.52 22.47 54.79 7.89
1500 435.43 42.20 20.00 48.78 3.81
1530 105.60 203.23 31.71 77.35 48.73
1530 207.44 197.56 40.00 97.56 48.17
1530 99.74 26.55 28.28 68.97 37.20
1530 11.30 12.33 22.47 54.79 32.72
1530 127.23 208.04 17.83 43.48 16.26
1530 443.08 25.48 22.47 54.79 13.70
1530 346.64 178.90 22.47 54.79 12.93
1560 102.21 192.11 45.20 110.24 53.01
1560 471.58 4.57 17.83 43.48 41.99
1560 516.79 161.09 17.83 43.48 31.91
1560 309.66 104.04 45.20 110.24 25.02
1560 54.18 35.87 17.83 43.48 24.53
1560 212.23 141.04 63.78 155.55 21.24
1560 168.04 18.26 71.30 173.91 14.88
1560 496.98 214.14 28.28 68.97 9.37
1560 121.59 205.37 40.00 97.56 6.19
1590 18.34 152.48 45.20 110.24 67.10
1590 7.77 215.69 25.23 61.54 57.33
1590 94.27 197.56 40.00 97.56 45.41
1590 4.21 204.15 20.00 48.78 35.04
1590 118.53 82.83 17.83 43.48 22.51
1590 268.68 131.75 50.80 123.90 21.77
1590 150.10 22.60 63.78 155.55 19.99
1590 466.64 48.62 28.28 68.97 19.47
1590 424.06 8.13 31.71 77.35 10.16
1590 235.05 242.83 17.83 43.48 6.51
1620 36.44 49.09 89.69 218.76 61.67
1620 51.34 10.24 40.00 97.56 55.63
1620 607.33 263.79 28.28 68.97 50.07
1620 490.23 36.00 25.23 61.54 25.90
1620 15.66 107.01 50.80 123.90 19.56
1620 118.80 30.00 35.65 86.96 19.33
1620 204.57 222.41 28.28 68.97 16.98
1620 273.53 178.28 28.28 68.97 15.63
1620 80.31 94.29 100.71 245.62 13.49
1620 12.69 11.38 25.23 61.54 12.57
1650 204.57 208.62 28.28 68.97 52.02
1650 492.32 158.54 40.00 97.56 44.12
1650 70.23 121.86 50.80 123.90 31.13
1650 6.67 20.52 31.71 77.35 25.74
1650 61.71 5.75 22.47 54.79 22.07
1650 511.78 126.80 50.80 123.90 22.03
1650 176.22 193.66 40.00 97.56 9.67
1680 453.29 174.15 40.00 97.56 55.74
1680 574.66 119.31 56.55 137.93 46.02
1680 47.33 65.17 28.28 68.97 36.68
1680 171.90 152.41 56.55 137.93 30.07
1680 413.92 173.85 25.23 61.54 28.76
1680 80.25 115.08 80.85 197.19 21.80
1680 351.83 119.51 40.00 97.56 18.74
1680 504.27 141.04 63.78 155.55 6.43
1710 4.21 159.27 20.00 48.78 42.39
1710 246.17 67.87 80.85 197.19 23.54
1710 408.01 172.33 22.47 54.79 21.48
1710 25.22 32.90 31.71 77.35 19.81
1710 223.09 209.42 31.71 77.35 18.92
1710 78.35 69.51 20.00 48.78 18.41
1710 194.26 121.86 50.80 123.90 11.46
1710 97.79 183.30 45.20 110.24 7.56
1740 129.24 203.91 35.65 86.96 53.02
1740 219.15 197.56 40.00 97.56 40.67
1740 35.43 198.29 20.00 48.78 35.65
1740 44.83 51.19 45.20 110.24 31.07
1740 21.77 106.59 20.00 48.78 22.07
1740 587.62 169.02 20.00 48.78 19.70
1740 450.09 170.00 28.28 68.97 18.29
1740 550.85 127.32 40.00 97.56 17.79
1740 241.64 209.42 31.71 77.35 5.70
1770 125.49 197.56 40.00 97.56 63.20
1770 451.88 172.26 31.71 77.35 51.95
1770 223.09 200.13 31.71 77.35 41.43
1770 466.63 158.70 35.65 86.96 41.15
1770 159.53 72.37 50.80 123.90 38.76
1770 3.75 221.96 17.83 43.48 34.96
1770 352.95 147.48 31.71 77.35 16.73
1770 440.89 189.86 22.47 54.79 14.37
1770 247.23 44.57 17.83 43.48 11.48
1800 223.15 196.96 35.65 86.96 54.34
1800 12.01 206.10 20.00 48.78 39.51
1800 244.73 209.42 31.71 77.35 36.81
1800 132.72 193.48 35.65 86.96 34.19
1800 574.46 155.22 35.65 86.96 33.32
1800 31.58 208.04 17.83 43.48 31.46
1800 508.45 157.93 56.55 137.93 30.05
1800 148.89 206.32 31.71 77.35 29.91
1800 4.21 81.22 20.00 48.78 29.65
1800 351.85 144.78 35.65 86.96 24.55
1830 527.33 230.69 28.28 68.97 47.26
1830 122.28 200.43 35.65 86.96 40.99
1830 502.26 174.52 22.47 54.79 39.90
1830 235.46 209.42 31.71 77.35 39.01
1830 138.84 38.29 20.00 48.78 19.63
1830 501.86 47.63 50.80 123.90 14.49
1830 253.92 58.15 25.23 61.54 13.20
