30 497.41 135.86 56.55 137.93 74.90
30 146.64 236.21 28.28 68.97 52.76
30 467.34 184.65 31.71 77.35 42.43
30 535.34 141.04 63.78 155.55 40.74
30 485.89 187.74 31.71 77.35 37.11
30 371.34 10.24 40.00 97.56 33.02
30 488.99 8.13 31.71 77.35 23.68
30 113.78 205.37 40.00 97.56 22.59
30 612.99 32.44 20.00 48.78 18.93
30 4.73 47.40 22.47 54.79 7.14
30 12.85 29.81 31.71 77.35 4.03
60 516.81 187.74 31.71 77.35 52.31
60 80.14 205.32 45.20 110.24 45.33
60 134.18 239.35 17.83 43.48 43.00
60 563.19 219.66 28.28 68.97 39.59
60 90.37 162.44 40.00 97.56 13.87
60 365.49 141.96 17.83 43.48 6.58
60 442.28 130.87 35.65 86.96 3.20
90 40.41 222.94 45.20 110.24 57.66
90 535.60 192.07 28.28 68.97 51.32
90 554.32 99.34 80.85 197.19 49.43
90 487.77 181.23 25.23 61.54 20.83
90 100.00 186.19 50.80 123.90 17.83
90 134.73 220.82 50.80 123.90 17.39
90 58.07 156.88 45.20 110.24 9.89
90 148.08 183.69 25.23 61.54 9.55
90 355.87 25.22 71.30 173.91 6.58
120 355.15 16.36 63.78 155.55 68.36
120 28.31 221.81 31.71 77.35 60.11
120 29.92 274.77 25.23 61.54 43.68
120 543.15 190.00 35.65 86.96 37.74
120 121.81 183.79 28.28 68.97 35.70
120 7.23 105.43 17.83 43.48 33.23
120 94.17 222.08 63.78 155.55 32.08
120 43.54 166.34 40.00 97.56 29.79
120 607.33 236.21 28.28 68.97 26.51
120 345.00 114.77 25.23 61.54 10.22
120 85.12 191.13 50.80 123.90 8.36
120 414.22 10.00 28.28 68.97 8.12
120 422.48 191.13 50.80 123.90 7.10
150 355.15 28.83 63.78 155.55 76.68
150 10.70 235.67 50.80 123.90 64.67
150 550.82 212.52 31.71 77.35 52.50
150 85.12 230.72 50.80 123.90 38.97
150 121.00 198.46 25.23 61.54 35.43
150 427.74 27.67 22.47 54.79 16.27
150 439.33 211.95 20.00 48.78 14.18
150 113.78 252.20 40.00 97.56 1.28
180 9.52 253.76 45.20 110.24 81.86
180 75.19 215.88 50.80 123.90 53.66
180 556.40 250.98 20.00 48.78 49.01
180 421.41 217.83 35.65 86.96 29.65
180 355.15 41.30 63.78 155.55 28.04
180 75.53 259.48 63.78 155.55 12.28
210 75.19 215.88 50.80 123.90 57.00
210 546.95 209.27 40.00 97.56 42.88
210 348.91 39.13 71.30 173.91 38.99
210 3.75 129.78 17.83 43.48 36.98
210 586.20 201.03 50.80 123.90 30.31
210 9.52 262.57 45.20 110.24 29.22
210 55.60 194.83 28.28 68.97 18.13
210 165.49 248.04 17.83 43.48 11.53
210 571.47 117.59 28.28 68.97 10.96
240 75.72 218.53 45.20 110.24 36.00
240 348.91 32.17 71.30 173.91 29.69
240 558.66 209.27 40.00 97.56 28.79
240 436.29 186.55 28.28 68.97 10.72
240 70.11 270.00 35.65 86.96 9.86
240 10.98 214.35 35.65 86.96 0.34
270 348.89 20.66 80.85 197.19 32.97
270 63.15 283.91 35.65 86.96 22.65
270 70.11 242.17 35.65 86.96 2.09
300 63.05 232.68 40.00 97.56 47.01
300 570.98 214.35 35.65 86.96 43.72
300 348.89 20.66 80.85 197.19 36.46
300 424.89 214.35 35.65 86.96 35.27
300 105.69 196.55 56.55 137.93 25.66
300 447.47 69.32 22.47 54.79 17.76
330 45.00 207.59 56.55 137.93 42.76
330 355.87 32.17 71.30 173.91 34.80
330 563.62 180.00 56.55 137.93 33.69
330 17.93 179.57 35.65 86.96 23.52
330 37.38 92.93 20.00 48.78 20.36
360 59.46 274.77 25.23 61.54 22.41
360 570.07 205.32 45.20 110.24 21.89
360 348.93 35.06 63.78 155.55 18.69
360 100.17 196.55 56.55 137.93 9.61
390 355.05 140.22 17.83 43.48 42.85
390 414.66 196.55 56.55 137.93 40.55
390 55.35 250.52 50.80 123.90 29.60
390 435.33 89.13 35.65 86.96 26.06
390 106.62 200.92 45.20 110.24 20.52
390 570.07 205.32 45.20 110.24 18.83
390 605.92 65.54 25.23 61.54 16.97
420 353.32 140.22 17.83 43.48 35.35
420 62.48 218.53 45.20 110.24 33.35
420 114.88 200.13 31.71 77.35 24.69
420 425.98 205.37 40.00 97.56 22.93
420 565.66 205.32 45.20 110.24 17.50
420 52.72 280.43 35.65 86.96 10.77
420 130.85 242.77 25.23 61.54 1.59
450 372.59 28.52 80.85 197.19 45.97
450 133.31 210.77 25.23 61.54 31.59
450 52.72 283.91 35.65 86.96 30.75
450 348.93 35.06 63.78 155.55 30.68
450 532.27 224.90 31.71 77.35 24.71
450 442.07 222.94 45.20 110.24 15.91
450 423.36 213.97 22.47 54.79 12.08
480 574.27 228.78 40.00 97.56 63.54
480 62.48 227.34 45.20 110.24 35.21
480 362.83 53.04 71.30 173.91 20.52
480 428.02 145.17 28.28 68.97 12.84
480 5.49 133.26 17.83 43.48 6.76
510 570.37 224.88 40.00 97.56 48.82
510 46.67 85.12 114.81 280.01 24.32
510 24.94 209.51 80.85 197.19 14.32
510 400.27 215.00 17.83 43.48 12.42
540 562.22 146.56 80.85 197.19 56.48
540 21.96 268.70 71.30 173.91 43.92
540 362.83 53.04 71.30 173.91 33.35
540 480.30 202.20 20.00 48.78 23.67
540 259.40 437.61 17.83 43.48 19.59
540 172.32 209.27 40.00 97.56 19.54
540 543.59 209.72 45.20 110.24 15.48
540 453.29 21.95 40.00 97.56 10.43
570 6.67 293.03 31.71 77.35 60.78
570 375.24 18.05 40.00 97.56 50.30
570 12.32 310.73 40.00 97.56 35.93
570 166.92 205.21 22.47 54.79 25.17
570 518.85 56.92 126.15 307.69 23.57
570 24.02 267.80 40.00 97.56 16.31
570 357.31 58.15 25.23 61.54 12.17
570 5.49 204.57 17.83 43.48 11.43
600 369.78 39.13 71.30 173.91 35.89
600 17.87 215.85 20.00 48.78 29.47
600 256.78 426.58 22.47 54.79 17.89
630 387.07 31.03 56.55 137.93 48.53
630 424.89 196.96 35.65 86.96 27.60
630 256.78 417.81 22.47 54.79 26.01
630 25.58 82.27 50.80 123.90 16.03
630 531.34 135.12 40.00 97.56 10.03
630 128.69 187.71 45.20 110.24 8.68
630 431.52 5.12 20.00 48.78 7.55
660 119.05 186.55 28.28 68.97 56.94
660 131.04 243.17 20.00 48.78 29.08
660 448.79 175.35 31.71 77.35 21.07
660 24.45 187.67 22.47 54.79 16.45
690 118.70 200.82 22.47 54.79 21.96
690 474.15 25.71 100.71 245.62 14.97
720 93.24 197.03 31.71 77.35 37.17
720 449.39 209.27 40.00 97.56 32.75
720 474.15 25.71 100.71 245.62 24.89
720 367.57 28.83 63.78 155.55 20.03
750 403.19 10.00 28.28 68.97 41.71
750 484.00 25.71 100.71 245.62 31.17
750 464.62 227.17 17.83 43.48 6.48
780 31.40 209.42 31.71 77.35 71.27
780 474.15 25.71 100.71 245.62 58.67
780 13.96 237.32 20.00 48.78 25.51
780 373.79 35.06 63.78 155.55 15.25
810 19.03 209.42 31.71 77.35 41.08
810 31.40 209.42 31.71 77.35 28.82
810 574.48 143.67 45.20 110.24 11.87
840 560.54 165.65 35.65 86.96 61.14
840 90.37 189.76 40.00 97.56 52.02
840 28.31 209.42 31.71 77.35 47.62
840 492.33 40.36 89.69 218.76 42.18
840 411.07 28.83 63.78 155.55 41.60
840 63.05 181.95 40.00 97.56 39.13
840 400.43 12.76 28.28 68.97 38.46
840 82.56 232.68 40.00 97.56 36.05
840 100.39 203.38 63.78 155.55 26.58
840 12.69 220.62 25.23 61.54 14.31
870 100.39 203.38 63.78 155.55 32.12
870 367.13 65.61 20.00 48.78 24.12
870 399.32 11.23 31.71 77.35 21.18
870 474.15 45.31 100.71 245.62 14.18
870 463.88 205.86 28.28 68.97 9.74
900 474.15 35.51 100.71 245.62 68.20
900 22.13 209.42 31.71 77.35 55.89
900 100.39 203.38 63.78 155.55 19.34
900 404.85 35.06 63.78 155.55 15.99
900 53.66 183.30 45.20 110.24 11.42
900 13.96 239.27 20.00 48.78 5.53
900 452.25 87.22 50.80 123.90 1.54
930 474.15 35.51 100.71 245.62 46.41
930 28.31 218.71 31.71 77.35 28.75
930 400.43 12.76 28.28 68.97 13.36
960 577.87 196.34 20.00 48.78 46.10
960 501.10 49.09 89.69 218.76 37.39
960 410.71 16.74 17.83 43.48 25.65
960 100.39 203.38 63.78 155.55 20.64
960 31.85 207.39 35.65 86.96 20.39
990 564.02 165.65 35.65 86.96 81.31
990 100.39 203.38 63.78 155.55 62.88
990 474.15 35.51 100.71 245.62 61.12
990 463.15 210.77 25.23 61.54 26.28
990 373.79 35.06 63.78 155.55 22.60
990 447.76 75.17 56.55 137.93 3.73
1020 474.79 66.55 89.69 218.76 49.23
1020 28.02 219.66 28.28 68.97 42.17
1020 15.92 239.35 17.83 43.48 31.57
1020 100.39 203.38 63.78 155.55 25.57
1020 373.79 35.06 63.78 155.55 22.79
1020 447.76 80.69 56.55 137.93 13.44
1050 564.02 165.65 35.65 86.96 81.34
1050 474.15 35.51 100.71 245.62 54.24
1050 100.39 203.38 63.78 155.55 36.81
1050 464.70 225.61 20.00 48.78 18.98
1050 440.89 21.10 22.47 54.79 14.64
1050 21.41 207.39 35.65 86.96 10.63
1050 397.93 42.39 45.20 110.24 3.28
1080 28.31 218.71 31.71 77.35 53.85
1080 100.39 203.38 63.78 155.55 39.90
1080 457.21 87.22 50.80 123.90 33.94
1080 373.79 35.06 63.78 155.55 23.92
1080 15.92 241.09 17.83 43.48 13.79
1080 584.89 165.65 35.65 86.96 13.79
1110 576.78 194.25 22.47 54.79 44.21
1110 474.15 35.51 100.71 245.62 37.09
1110 100.39 203.38 63.78 155.55 20.91
1110 447.29 82.27 50.80 123.90 18.16
1140 28.31 215.61 31.71 77.35 50.73
1140 100.39 203.38 63.78 155.55 29.31
1140 411.07 35.06 63.78 155.55 27.83
1140 403.19 15.52 28.28 68.97 24.00
1140 15.92 239.35 17.83 43.48 22.73
1140 453.28 80.69 56.55 137.93 21.22
1140 475.31 28.52 80.85 197.19 16.61
1170 564.02 165.65 35.65 86.96 73.21
1170 474.15 25.71 100.71 245.62 55.68
1170 442.14 197.14 63.78 155.55 25.21
1170 399.32 11.23 31.71 77.35 18.03
1170 94.66 207.59 56.55 137.93 4.04
1200 564.02 165.65 35.65 86.96 81.38
1200 484.00 25.71 100.71 245.62 73.00
1200 100.39 203.38 63.78 155.55 22.11
1200 466.36 232.39 17.83 43.48 21.87
1200 373.79 35.06 63.78 155.55 20.01
1230 493.85 25.71 100.71 245.62 63.76
1230 28.31 212.52 31.71 77.35 45.70
1230 462.81 220.55 22.47 54.79 30.24
1230 15.92 239.35 17.83 43.48 29.32
1230 373.79 35.06 63.78 155.55 27.82
1230 100.39 203.38 63.78 155.55 21.93
1230 603.23 210.00 20.00 48.78 0.92
1260 34.49 212.52 31.71 77.35 58.07
1260 457.31 32.31 126.15 307.69 46.20
1260 22.50 216.90 28.28 68.97 18.93
1260 373.79 35.06 63.78 155.55 13.65
1260 100.39 203.38 63.78 155.55 9.89
1290 474.15 35.51 100.71 245.62 60.08
1290 22.13 209.42 31.71 77.35 50.26
1290 100.39 203.38 63.78 155.55 29.11
1290 548.00 143.67 45.20 110.24 10.86
1290 12.69 220.62 25.23 61.54 4.05
1320 567.50 165.65 35.65 86.96 76.67
1320 550.11 169.13 35.65 86.96 44.30
1320 463.15 210.77 25.23 61.54 35.10
1320 51.15 93.85 126.15 307.69 18.10
1320 538.84 198.29 20.00 48.78 17.74
1320 447.76 75.17 56.55 137.93 13.86
1350 28.31 215.61 31.71 77.35 60.07
1350 100.39 203.38 63.78 155.55 41.00
1350 484.00 35.51 100.71 245.62 38.19
1350 404.85 28.83 63.78 155.55 27.58
1350 16.98 214.14 28.28 68.97 11.01
1380 567.50 165.65 35.65 86.96 79.98
1380 28.02 216.90 28.28 68.97 59.20
1380 547.73 172.26 31.71 77.35 56.83
1380 399.32 11.23 31.71 77.35 25.00
1380 386.96 11.23 31.71 77.35 17.82
1380 474.79 49.09 89.69 218.76 14.63
1410 564.02 165.65 35.65 86.96 77.51
1410 34.49 212.52 31.71 77.35 50.99
1410 474.15 35.51 100.71 245.62 41.18
1410 14.22 219.66 28.28 68.97 36.49
1410 394.45 40.24 20.00 48.78 23.43
1410 100.39 203.38 63.78 155.55 21.16
1440 493.85 35.51 100.71 245.62 53.42
1440 34.49 212.52 31.71 77.35 46.30
1440 3.75 239.35 17.83 43.48 35.27
1440 100.39 203.38 63.78 155.55 24.53
1470 457.31 32.31 126.15 307.69 41.51
1470 440.89 21.10 22.47 54.79 31.74
1470 100.39 203.38 63.78 155.55 24.24
1500 493.85 35.51 100.71 245.62 71.01
1500 399.32 11.23 31.71 77.35 31.68
1500 100.39 203.38 63.78 155.55 20.00
1530 474.15 25.71 100.71 245.62 67.66
1530 564.02 165.65 35.65 86.96 57.93
1530 383.86 14.32 31.71 77.35 18.95
1530 400.43 12.76 28.28 68.97 10.02
1530 50.77 84.49 100.71 245.62 6.33
1560 499.01 67.87 80.85 197.19 59.62
1560 564.02 162.17 35.65 86.96 38.66
1560 100.00 220.82 50.80 123.90 18.87
1560 27.67 84.00 89.69 218.76 4.50
1590 483.56 40.36 89.69 218.76 49.13
1590 564.02 165.65 35.65 86.96 47.18
1590 100.39 203.38 63.78 155.55 15.52
1620 492.33 49.09 89.69 218.76 76.44
1620 373.79 41.30 63.78 155.55 44.91
1620 564.02 169.13 35.65 86.96 44.23
1620 578.17 158.54 40.00 97.56 26.62
1620 396.30 20.66 80.85 197.19 24.19
1620 148.60 270.49 20.00 48.78 16.95
1620 459.72 95.23 45.20 110.24 3.03
1650 564.02 186.52 35.65 86.96 57.10
1650 491.11 91.48 80.85 197.19 48.28
1650 376.20 78.70 35.65 86.96 32.79
1650 187.93 189.76 40.00 97.56 9.20
1680 494.23 56.92 126.15 307.69 83.45
1680 377.68 79.35 31.71 77.35 37.83
1680 394.91 90.00 28.28 68.97 37.39
1680 233.59 203.91 35.65 86.96 28.20
1680 53.04 255.87 31.71 77.35 24.60
1680 52.45 335.00 17.83 43.48 21.01
1680 437.66 33.58 45.20 110.24 19.29
1680 396.23 32.90 31.71 77.35 18.80
1680 163.75 248.04 17.83 43.48 16.43
1680 271.21 168.97 56.55 137.93 13.76
1680 177.93 203.91 35.65 86.96 11.43
1680 476.40 104.63 20.00 48.78 6.77
1680 156.79 251.52 17.83 43.48 5.83
1680 443.75 249.78 17.83 43.48 5.55
1710 588.69 225.54 25.23 61.54 62.05
1710 111.52 299.76 20.00 48.78 46.18
1710 437.68 10.24 40.00 97.56 41.70
1710 225.79 187.71 45.20 110.24 41.39
1710 274.32 242.47 22.47 54.79 34.74
1710 408.60 29.81 31.71 77.35 33.45
1710 484.00 35.51 100.71 245.62 29.80
1710 384.69 51.19 45.20 110.24 26.44
1710 614.04 251.23 22.47 54.79 17.44
1710 607.47 224.93 22.47 54.79 17.39
1710 50.09 302.41 28.28 68.97 13.96
1710 211.34 197.56 40.00 97.56 2.17
1710 94.59 220.55 22.47 54.79 1.82
1740 40.47 181.24 50.80 123.90 69.91
1740 384.69 183.30 45.20 110.24 67.04
1740 536.16 84.00 89.69 218.76 42.37
1740 433.24 196.51 45.20 110.24 32.02
1740 221.55 36.55 56.55 137.93 29.81
1740 316.71 72.68 40.00 97.56 25.61
1740 147.17 157.39 71.30 173.91 25.17
1740 18.34 196.51 45.20 110.24 22.26
1740 281.59 18.05 40.00 97.56 21.81
1740 475.34 36.55 56.55 137.93 19.73
1740 474.13 122.61 71.30 173.91 16.82
1740 457.21 92.16 50.80 123.90 12.14
1740 551.77 16.31 25.23 61.54 10.69
1740 402.64 196.08 50.80 123.90 4.87
1740 87.05 224.90 31.71 77.35 1.33
1770 13.40 91.17 63.78 155.55 63.91
1770 449.24 26.52 35.65 86.96 63.11
1770 293.01 116.10 63.78 155.55 57.84
1770 114.88 186.19 50.80 123.90 47.58
1770 36.44 84.00 89.69 218.76 38.28
1770 452.72 217.83 35.65 86.96 37.82
1770 429.88 14.15 40.00 97.56 35.72
1770 415.59 192.11 45.20 110.24 32.90
1770 455.31 51.19 45.20 110.24 31.70
1770 258.76 136.70 50.80 123.90 31.38
1770 410.98 54.35 35.65 86.96 16.90
1770 97.79 11.56 45.20 110.24 14.66
1770 129.39 10.24 40.00 97.56 13.19
1770 377.83 22.89 50.80 123.90 11.77
1770 283.17 15.96 45.20 110.24 11.10
1770 274.34 117.25 45.20 110.24 7.64
1770 539.67 30.00 35.65 86.96 0.37
1800 477.38 143.67 45.20 110.24 26.10
1800 143.15 250.15 25.23 61.54 25.02
1800 541.92 183.69 25.23 61.54 16.29
1800 17.93 36.96 35.65 86.96 12.18
1800 278.76 73.21 45.20 110.24 9.82
1800 209.15 181.24 50.80 123.90 8.21
1800 281.59 14.15 40.00 97.56 3.73
1830 584.83 166.06 31.71 77.35 54.84
1830 604.57 32.07 28.28 68.97 40.31
1830 544.38 178.77 25.23 61.54 30.92
1830 295.92 201.09 17.83 43.48 20.33
1830 5.31 18.77 25.23 61.54 12.01
1830 505.00 220.62 25.23 61.54 11.01
1830 355.41 176.71 22.47 54.79 10.27
