30 246.46 123.41 40.00 97.56 38.42
30 271.85 141.30 35.65 86.96 31.47
30 118.80 148.26 35.65 86.96 29.18
30 498.06 134.81 63.78 155.55 21.43
30 576.38 255.08 25.23 61.54 16.47
30 421.31 191.08 25.23 61.54 14.78
30 491.84 91.17 63.78 155.55 11.89
30 309.40 158.97 28.28 68.97 10.55
60 278.80 137.83 35.65 86.96 72.37
60 150.55 167.07 20.00 48.78 56.55
60 93.96 180.73 20.00 48.78 46.63
60 574.22 98.28 28.28 68.97 19.39
60 511.78 196.08 50.80 123.90 18.18
60 485.49 168.04 17.83 43.48 15.41
60 80.14 33.58 45.20 110.24 10.86
60 507.93 123.41 40.00 97.56 -0.43
90 123.08 163.56 22.47 54.79 75.27
90 14.46 16.09 35.65 86.96 54.73
90 40.47 121.86 50.80 123.90 42.07
90 269.88 127.32 40.00 97.56 36.03
90 445.76 57.83 35.65 86.96 33.70
90 238.66 115.61 40.00 97.56 32.93
90 193.32 164.57 17.83 43.48 3.46
120 265.98 127.32 40.00 97.56 53.45
120 482.80 153.68 31.71 77.35 25.37
120 473.77 71.51 22.47 54.79 11.07
120 370.09 150.69 28.28 68.97 5.81
150 34.49 147.48 31.71 77.35 82.65
150 160.34 159.18 22.47 54.79 60.11
150 8.11 178.78 20.00 48.78 55.78
150 262.07 119.51 40.00 97.56 44.48
150 232.37 138.19 31.71 77.35 36.88
150 401.62 156.62 25.23 61.54 23.20
150 564.02 12.61 35.65 86.96 10.38
150 14.22 382.41 28.28 68.97 5.74
180 607.13 186.59 20.00 48.78 48.16
180 600.27 187.17 17.83 43.48 39.42
180 140.79 163.17 20.00 48.78 26.98
180 160.30 161.22 20.00 48.78 23.62
180 359.77 166.46 25.23 61.54 23.42
180 393.59 151.74 35.65 86.96 23.04
180 534.76 20.37 45.20 110.24 0.54
210 70.55 165.12 20.00 48.78 78.76
210 82.01 180.22 17.83 43.48 47.34
210 491.47 186.55 28.28 68.97 42.49
210 27.17 126.06 45.20 110.24 31.16
210 465.00 166.34 40.00 97.56 27.41
210 380.79 186.59 20.00 48.78 21.28
210 172.45 187.17 17.83 43.48 16.23
210 418.97 192.05 22.47 54.79 11.18
210 102.50 178.28 28.28 68.97 3.50
240 566.28 209.42 31.71 77.35 66.91
240 408.60 150.58 31.71 77.35 57.21
240 494.46 9.13 35.65 86.96 53.15
240 383.88 186.55 28.28 68.97 32.68
240 199.33 176.83 20.00 48.78 25.84
240 485.89 193.94 31.71 77.35 24.73
240 294.94 184.63 20.00 48.78 21.30
240 531.63 136.70 50.80 123.90 18.92
240 234.62 112.84 45.20 110.24 9.95
240 47.13 176.83 20.00 48.78 9.01
270 87.05 178.45 31.71 77.35 56.63
270 284.93 187.74 31.71 77.35 56.60
270 454.18 176.74 17.83 43.48 41.10
270 431.58 15.00 17.83 43.48 31.67
270 146.64 109.31 28.28 68.97 30.86
270 475.05 30.65 17.83 43.48 30.08
270 31.85 179.57 35.65 86.96 29.94
270 530.62 154.43 80.85 197.19 21.75
270 468.10 30.65 17.83 43.48 20.45
270 456.23 5.75 22.47 54.79 15.37
270 504.44 11.23 31.71 77.35 14.93
270 397.07 193.48 35.65 86.96 13.75
270 176.22 154.63 40.00 97.56 13.53
270 458.36 139.66 28.28 68.97 8.43
270 443.08 5.75 22.47 54.79 7.65
270 243.88 111.96 50.80 123.90 3.09
300 484.21 10.98 20.00 48.78 68.21
300 38.80 176.09 35.65 86.96 62.67
300 537.00 149.23 25.23 61.54 58.92
300 493.96 10.98 20.00 48.78 53.49
300 465.62 154.15 25.23 61.54 52.37
300 257.93 179.57 35.65 86.96 49.75
300 495.15 156.62 25.23 61.54 40.41
300 240.43 172.76 28.28 68.97 39.38
300 4.73 207.40 22.47 54.79 31.25
300 456.23 156.99 22.47 54.79 30.66
300 517.31 6.46 25.23 61.54 29.30
300 380.49 115.08 80.85 197.19 27.46
300 187.46 65.54 25.23 61.54 26.51
300 138.36 103.79 28.28 68.97 18.02
300 52.45 32.39 17.83 43.48 13.73
330 9.76 175.35 31.71 77.35 103.82
330 506.36 6.30 17.83 43.48 77.11
330 21.41 176.09 35.65 86.96 68.34
330 557.05 5.75 22.47 54.79 58.03
330 29.57 14.88 20.00 48.78 35.70
330 511.58 173.26 17.83 43.48 34.60
330 473.32 168.04 17.83 43.48 30.30
330 264.89 200.43 35.65 86.96 29.98
330 492.45 4.57 17.83 43.48 26.92
330 550.48 154.79 22.47 54.79 26.51
330 227.07 108.28 56.55 137.93 23.48
330 124.28 95.23 45.20 110.24 22.50
330 38.53 18.48 17.83 43.48 20.25
330 3.75 216.74 17.83 43.48 20.17
330 495.68 172.33 22.47 54.79 15.68
330 212.08 186.15 25.23 61.54 11.03
330 250.37 174.15 40.00 97.56 10.79
360 238.66 178.05 40.00 97.56 91.68
360 518.53 4.57 17.83 43.48 82.12
360 188.02 56.90 28.28 68.97 54.37
360 558.53 175.00 17.83 43.48 53.56
360 217.33 194.25 22.47 54.79 38.68
360 396.79 81.09 17.83 43.48 30.32
360 593.62 8.92 25.23 61.54 29.02
360 504.62 4.57 17.83 43.48 24.12
360 14.46 23.04 35.65 86.96 24.07
360 124.28 99.63 45.20 110.24 23.92
360 510.78 158.97 28.28 68.97 18.25
360 28.37 176.09 35.65 86.96 14.93
360 447.13 73.41 20.00 48.78 4.27
360 609.09 169.02 20.00 48.78 1.19
390 237.07 183.04 35.65 86.96 75.90
390 133.29 96.10 40.00 97.56 61.34
390 565.49 175.00 17.83 43.48 49.34
390 219.52 203.01 22.47 54.79 42.05
390 426.23 55.69 25.23 61.54 34.92
390 192.38 63.08 25.23 61.54 18.06
390 497.87 61.71 20.00 48.78 17.85
390 541.12 156.21 28.28 68.97 15.28
390 7.77 181.23 25.23 61.54 7.46
420 520.27 6.30 17.83 43.48 99.56
420 509.84 4.57 17.83 43.48 82.08
420 239.03 183.30 45.20 110.24 69.63
420 188.02 62.41 28.28 68.97 51.57
420 601.81 10.00 28.28 68.97 47.32
420 563.75 180.22 17.83 43.48 41.83
420 124.28 108.44 45.20 110.24 38.75
420 605.18 170.98 20.00 48.78 35.00
420 571.46 159.08 25.23 61.54 33.98
420 595.43 5.12 20.00 48.78 28.72
420 9.11 10.14 22.47 54.79 19.78
420 579.40 4.57 17.83 43.48 3.96
450 523.75 4.57 17.83 43.48 101.99
450 507.62 5.12 20.00 48.78 63.38
450 125.49 103.90 40.00 97.56 54.58
450 598.80 141.30 35.65 86.96 52.08
450 230.21 183.30 45.20 110.24 50.28
450 600.29 11.23 31.71 77.35 42.86
450 558.35 180.73 20.00 48.78 40.24
450 573.96 5.12 20.00 48.78 37.81
450 185.99 63.87 31.71 77.35 37.27
450 5.95 183.79 28.28 68.97 36.86
450 569.00 161.54 25.23 61.54 33.26
450 247.86 205.32 45.20 110.24 30.20
450 515.43 169.02 20.00 48.78 16.36
480 523.75 8.04 17.83 43.48 110.26
480 234.76 189.76 40.00 97.56 68.63
480 585.55 5.75 22.47 54.79 68.52
480 507.62 5.12 20.00 48.78 64.45
480 576.78 5.75 22.47 54.79 59.97
480 8.71 186.55 28.28 68.97 47.39
480 558.35 182.68 20.00 48.78 35.73
480 515.41 170.14 22.47 54.79 29.32
480 568.71 158.97 28.28 68.97 28.61
480 133.43 107.23 31.71 77.35 22.56
480 33.53 307.93 28.28 68.97 22.34
480 199.79 207.40 22.47 54.79 15.74
480 597.68 139.02 40.00 97.56 15.00
480 542.88 4.57 17.83 43.48 11.64
480 608.38 8.92 25.23 61.54 10.93
480 9.11 12.33 22.47 54.79 10.81
480 247.86 205.32 45.20 110.24 8.17
480 233.95 111.96 50.80 123.90 5.96
480 568.01 5.75 22.47 54.79 2.90
510 520.27 9.78 17.83 43.48 82.86
510 507.62 9.02 20.00 48.78 61.52
510 228.99 181.24 50.80 123.90 57.83
510 576.38 6.46 25.23 61.54 47.34
510 596.29 7.24 28.28 68.97 43.35
510 558.35 186.59 20.00 48.78 42.10
510 125.49 111.71 40.00 97.56 33.22
510 540.79 5.12 20.00 48.78 33.11
510 527.23 9.78 17.83 43.48 28.33
510 519.79 172.33 22.47 54.79 27.01
510 597.68 139.02 40.00 97.56 25.40
510 445.70 85.55 31.71 77.35 25.31
510 44.47 184.68 63.78 155.55 18.21
510 9.11 187.67 22.47 54.79 11.38
510 564.08 13.85 25.23 61.54 5.75
510 428.69 65.54 25.23 61.54 3.47
540 523.75 11.52 17.83 43.48 119.43
540 234.62 192.11 45.20 110.24 92.34
540 513.48 7.07 20.00 48.78 71.75
540 585.55 7.95 22.47 54.79 62.51
540 596.29 7.24 28.28 68.97 59.34
540 125.49 111.71 40.00 97.56 54.19
540 572.01 10.98 20.00 48.78 50.67
540 505.67 9.02 20.00 48.78 45.10
540 562.26 186.59 20.00 48.78 41.97
540 542.74 5.12 20.00 48.78 36.64
540 554.45 5.12 20.00 48.78 31.56
540 192.38 72.92 25.23 61.54 27.84
540 598.80 148.26 35.65 86.96 23.67
540 451.04 89.02 20.00 48.78 19.00
540 492.08 218.71 31.71 77.35 18.18
540 72.59 202.07 56.55 137.93 15.95
540 12.32 271.71 40.00 97.56 14.58
540 242.56 115.61 40.00 97.56 10.55
540 532.45 9.78 17.83 43.48 6.60
540 13.93 15.96 45.20 110.24 3.71
570 519.33 9.02 20.00 48.78 93.06
570 570.21 7.95 22.47 54.79 54.18
570 596.29 7.24 28.28 68.97 51.91
570 504.45 12.33 22.47 54.79 46.92
570 3.75 253.26 17.83 43.48 42.30
570 219.46 205.85 25.23 61.54 36.15
570 561.44 185.48 22.47 54.79 36.15
570 127.76 113.79 56.55 137.93 34.31
570 552.50 5.12 20.00 48.78 32.90
570 597.68 139.02 40.00 97.56 30.73
570 480.61 217.07 40.00 97.56 30.44
570 238.55 200.13 31.71 77.35 30.40
570 585.55 10.14 22.47 54.79 29.13
570 536.89 5.12 20.00 48.78 22.32
570 246.46 119.51 40.00 97.56 11.94
570 488.97 4.57 17.83 43.48 10.47
570 207.33 203.10 28.28 68.97 9.02
570 566.54 168.92 25.23 61.54 4.14
600 522.01 11.52 17.83 43.48 104.26
600 513.48 7.07 20.00 48.78 67.99
600 557.05 178.90 22.47 54.79 61.92
600 507.54 169.16 31.71 77.35 59.42
600 581.16 7.95 22.47 54.79 56.49
600 596.29 10.00 28.28 68.97 51.66
600 572.40 7.95 22.47 54.79 50.52
600 119.86 130.46 45.20 110.24 47.08
600 234.62 192.11 45.20 110.24 40.08
600 541.14 9.78 17.83 43.48 38.10
600 423.50 66.23 63.78 155.55 32.54
600 567.50 144.78 35.65 86.96 32.20
600 207.33 203.10 28.28 68.97 28.22
600 506.36 11.52 17.83 43.48 25.89
600 534.18 185.43 17.83 43.48 12.44
600 185.26 70.69 28.28 68.97 9.99
600 21.14 23.70 17.83 43.48 8.52
600 563.63 14.52 22.47 54.79 5.06
600 472.97 214.13 45.20 110.24 4.35
630 523.75 11.52 17.83 43.48 85.54
630 507.62 9.02 20.00 48.78 72.55
630 507.54 169.16 31.71 77.35 64.40
630 516.79 11.52 17.83 43.48 62.51
630 594.11 8.13 31.71 77.35 59.61
630 557.05 178.90 22.47 54.79 56.30
630 230.21 192.11 45.20 110.24 54.74
630 442.07 82.02 45.20 110.24 41.60
630 531.04 186.59 20.00 48.78 41.07
630 129.39 115.61 40.00 97.56 34.47
630 605.18 180.73 20.00 48.78 30.57
630 565.82 12.33 22.47 54.79 29.75
630 219.52 207.40 22.47 54.79 24.28
630 581.31 6.46 25.23 61.54 21.25
630 565.95 167.24 28.28 68.97 16.33
630 204.69 205.85 25.23 61.54 14.17
630 179.82 135.85 20.00 48.78 11.18
630 476.71 220.98 40.00 97.56 7.30
630 269.47 218.71 31.71 77.35 5.91
630 544.38 171.38 25.23 61.54 3.19
660 523.75 11.52 17.83 43.48 76.65
660 511.52 7.07 20.00 48.78 64.94
660 572.40 7.95 22.47 54.79 60.55
660 560.30 182.68 20.00 48.78 49.64
660 234.62 192.11 45.20 110.24 48.83
660 119.84 111.96 50.80 123.90 44.64
660 581.16 5.75 22.47 54.79 43.14
660 595.43 5.12 20.00 48.78 39.62
660 597.68 135.12 40.00 97.56 36.87
660 442.07 77.61 45.20 110.24 35.70
660 534.94 5.12 20.00 48.78 29.17
660 217.33 207.40 22.47 54.79 25.41
660 563.63 14.52 22.47 54.79 8.24
660 601.81 12.76 28.28 68.97 5.94
660 548.29 167.95 22.47 54.79 5.41
660 188.02 76.21 28.28 68.97 5.19
690 519.33 10.98 20.00 48.78 102.21
690 507.62 7.07 20.00 48.78 95.22
690 574.59 5.75 22.47 54.79 93.48
690 556.69 173.85 25.23 61.54 75.31
690 593.53 10.00 28.28 68.97 69.15
690 514.85 171.38 25.23 61.54 66.89
690 125.49 111.71 40.00 97.56 45.53
690 583.36 5.75 22.47 54.79 43.37
690 234.76 193.66 40.00 97.56 42.36
690 565.95 161.72 28.28 68.97 36.46
690 612.45 18.48 17.83 43.48 31.47
690 242.56 115.61 40.00 97.56 29.40
690 565.82 12.33 22.47 54.79 28.67
690 417.28 66.23 63.78 155.55 21.62
690 602.28 141.30 35.65 86.96 14.24
690 477.07 214.35 35.65 86.96 8.73
690 537.33 176.71 22.47 54.79 5.22
720 570.21 5.75 22.47 54.79 84.46
720 519.33 7.07 20.00 48.78 79.05
720 234.62 192.11 45.20 110.24 62.51
720 596.08 6.46 25.23 61.54 54.94
720 598.80 144.78 35.65 86.96 52.67
720 587.62 9.02 20.00 48.78 43.10
720 219.52 207.40 22.47 54.79 39.46
720 442.07 82.02 45.20 110.24 39.22
720 507.62 9.02 20.00 48.78 37.23
720 119.84 111.96 50.80 123.90 36.41
720 556.69 178.77 25.23 61.54 30.77
720 269.47 218.71 31.71 77.35 24.02
720 479.71 221.81 31.71 77.35 21.77
720 185.26 70.69 28.28 68.97 21.31
720 612.45 18.48 17.83 43.48 21.03
720 394.45 92.93 20.00 48.78 16.71
720 58.84 188.54 20.00 48.78 13.20
720 482.85 141.85 25.23 61.54 2.77
750 521.28 9.02 20.00 48.78 107.39
750 576.78 7.95 22.47 54.79 67.45
750 565.95 161.72 28.28 68.97 66.56
750 585.55 5.75 22.47 54.79 61.44
750 507.62 9.02 20.00 48.78 52.27
750 542.88 6.30 17.83 43.48 51.19
750 557.05 176.71 22.47 54.79 44.42
750 593.53 10.00 28.28 68.97 42.64
750 532.99 184.63 20.00 48.78 41.23
750 517.38 182.68 20.00 48.78 40.16
750 119.84 111.96 50.80 123.90 38.51
750 597.68 139.02 40.00 97.56 25.25
750 442.07 82.02 45.20 110.24 23.91
750 568.01 12.33 22.47 54.79 20.23
750 232.16 194.83 28.28 68.97 14.38
750 614.18 16.74 17.83 43.48 9.35
780 519.33 10.98 20.00 48.78 113.48
780 572.40 5.75 22.47 54.79 77.50
780 593.53 7.24 28.28 68.97 54.45
780 508.10 9.78 17.83 43.48 54.27
780 566.54 166.46 25.23 61.54 52.72
780 556.69 176.31 25.23 61.54 51.37
780 442.07 82.02 45.20 110.24 38.24
780 124.28 112.84 45.20 110.24 36.87
780 513.22 187.67 22.47 54.79 30.22
780 597.68 139.02 40.00 97.56 25.35
780 219.52 207.40 22.47 54.79 23.27
780 499.82 69.51 20.00 48.78 21.51
780 532.99 184.63 20.00 48.78 15.61
780 235.46 197.03 31.71 77.35 14.17
780 247.50 120.43 35.65 86.96 13.73
780 607.47 14.52 22.47 54.79 10.06
780 565.82 12.33 22.47 54.79 5.60
810 574.59 7.95 22.47 54.79 73.88
810 612.99 182.68 20.00 48.78 71.90
810 583.36 5.75 22.47 54.79 61.62
810 561.44 172.33 22.47 54.79 56.06
810 507.62 9.02 20.00 48.78 51.65
810 269.47 218.71 31.71 77.35 47.23
810 525.49 11.52 17.83 43.48 44.27
810 515.43 7.07 20.00 48.78 41.74
810 119.84 111.96 50.80 123.90 39.26
810 529.09 184.63 20.00 48.78 38.87
810 594.32 5.75 22.47 54.79 36.73
810 207.33 203.10 28.28 68.97 33.52
810 396.79 93.26 17.83 43.48 29.49
810 219.46 203.38 25.23 61.54 19.09
810 517.60 181.10 22.47 54.79 17.27
810 612.99 14.88 20.00 48.78 15.50
810 472.97 214.13 45.20 110.24 9.84
810 480.61 181.95 40.00 97.56 8.04
840 589.93 7.95 22.47 54.79 65.96
840 608.38 8.92 25.23 61.54 58.88
840 557.05 176.71 22.47 54.79 54.77
840 508.10 11.52 17.83 43.48 54.65
840 566.54 166.46 25.23 61.54 52.11
840 523.75 9.78 17.83 43.48 50.79
840 598.80 144.78 35.65 86.96 48.94
840 532.99 184.63 20.00 48.78 46.23
840 572.40 5.75 22.47 54.79 46.02
840 124.28 112.84 45.20 110.24 34.87
840 234.62 192.11 45.20 110.24 33.82
840 540.79 7.07 20.00 48.78 30.98
840 219.52 209.59 22.47 54.79 29.27
840 269.47 218.71 31.71 77.35 18.52
840 519.77 183.69 25.23 61.54 15.88
840 472.97 214.13 45.20 110.24 1.71
870 519.33 7.07 20.00 48.78 74.39
870 560.27 187.17 17.83 43.48 62.90
870 507.62 9.02 20.00 48.78 59.16
870 576.78 7.95 22.47 54.79 58.03
870 593.53 10.00 28.28 68.97 51.35
870 610.71 18.48 17.83 43.48 51.18
870 219.46 203.38 25.23 61.54 48.22
870 566.54 166.46 25.23 61.54 40.30
870 229.28 190.84 31.71 77.35 38.18
870 125.49 131.22 40.00 97.56 37.42
870 532.99 184.63 20.00 48.78 35.96
870 242.56 115.61 40.00 97.56 28.23
870 417.28 66.23 63.78 155.55 27.08
870 515.41 176.71 22.47 54.79 26.79
870 597.68 135.12 40.00 97.56 25.35
870 238.55 200.13 31.71 77.35 23.34
870 563.63 14.52 22.47 54.79 23.11
870 269.47 218.71 31.71 77.35 19.12
870 542.74 5.12 20.00 48.78 17.55
870 477.07 214.35 35.65 86.96 12.63
900 521.28 9.02 20.00 48.78 82.79
900 234.62 192.11 45.20 110.24 62.20
900 540.79 5.12 20.00 48.78 59.30
900 508.10 9.78 17.83 43.48 58.02
900 559.15 173.85 25.23 61.54 56.24
900 597.68 135.12 40.00 97.56 52.33
900 566.54 166.46 25.23 61.54 46.74
900 573.92 6.46 25.23 61.54 33.46
900 139.61 110.32 31.71 77.35 32.75
900 601.00 16.31 25.23 61.54 31.57
900 221.71 211.78 22.47 54.79 31.09
900 242.56 115.61 40.00 97.56 28.73
900 531.04 184.63 20.00 48.78 22.73
900 549.31 171.38 25.23 61.54 18.95
900 517.60 189.86 22.47 54.79 13.73
900 207.33 203.10 28.28 68.97 12.51
900 472.97 214.13 45.20 110.24 5.07
930 519.33 9.02 20.00 48.78 95.33
930 574.59 5.75 22.47 54.79 74.79
930 540.79 5.12 20.00 48.78 71.12
930 556.69 173.85 25.23 61.54 68.91
930 508.10 9.78 17.83 43.48 52.35
930 593.53 7.24 28.28 68.97 49.16
930 566.54 166.46 25.23 61.54 38.51
930 237.61 122.61 71.30 173.91 38.14
930 600.29 147.48 31.71 77.35 32.95
930 129.39 115.61 40.00 97.56 29.78
930 207.33 200.34 28.28 68.97 25.00
930 531.04 184.63 20.00 48.78 24.42
930 519.79 181.10 22.47 54.79 22.55
930 477.07 214.35 35.65 86.96 17.41
930 513.22 187.67 22.47 54.79 16.70
930 185.26 65.17 28.28 68.97 14.97
960 523.75 11.52 17.83 43.48 96.70
960 509.57 7.07 20.00 48.78 67.53
960 574.59 10.14 22.47 54.79 56.46
960 566.54 168.92 25.23 61.54 52.72
960 585.55 7.95 22.47 54.79 46.96
960 556.69 173.85 25.23 61.54 46.72
960 519.79 181.10 22.47 54.79 46.70
960 596.29 7.24 28.28 68.97 44.84
960 614.18 18.48 17.83 43.48 39.90
960 129.39 107.80 40.00 97.56 37.79
960 246.46 119.51 40.00 97.56 23.68
960 551.58 4.57 17.83 43.48 23.33
960 563.63 16.71 22.47 54.79 20.59
960 542.74 5.12 20.00 48.78 20.21
960 428.02 67.93 28.28 68.97 17.41
960 597.68 139.02 40.00 97.56 17.13
960 482.85 218.15 25.23 61.54 11.94
960 543.88 164.48 28.28 68.97 6.64
990 523.23 7.07 20.00 48.78 142.25
990 515.43 5.12 20.00 48.78 81.66
990 587.74 5.75 22.47 54.79 81.29
990 561.62 176.31 25.23 61.54 59.05
990 593.62 13.85 25.23 61.54 50.39
990 507.62 5.12 20.00 48.78 47.01
990 531.04 184.63 20.00 48.78 45.72
990 569.37 150.58 31.71 77.35 44.08
990 522.01 185.43 17.83 43.48 39.86
990 227.07 119.31 56.55 137.93 39.02
990 598.80 144.78 35.65 86.96 37.65
990 188.02 67.93 28.28 68.97 33.39
990 551.77 171.38 25.23 61.54 30.60
990 133.29 107.80 40.00 97.56 29.05
990 427.15 66.97 31.71 77.35 27.65
990 578.97 7.95 22.47 54.79 21.56
990 261.10 214.13 45.20 110.24 18.34
1020 530.71 9.78 17.83 43.48 96.14
1020 515.43 5.12 20.00 48.78 69.33
1020 602.28 144.78 35.65 86.96 51.55
1020 599.05 7.24 28.28 68.97 50.19
1020 587.74 5.75 22.47 54.79 49.70
1020 256.98 208.62 28.28 68.97 46.98
1020 129.39 107.80 40.00 97.56 44.41
1020 524.18 183.29 22.47 54.79 43.08
1020 579.82 5.12 20.00 48.78 40.52
1020 515.41 189.86 22.47 54.79 35.10
1020 238.10 113.79 56.55 137.93 34.23
1020 423.50 66.23 63.78 155.55 33.76
1020 523.75 13.26 17.83 43.48 13.08
1020 4.21 14.88 20.00 48.78 12.09
1020 170.23 176.31 25.23 61.54 8.73
1020 566.28 156.77 31.71 77.35 7.75
1050 539.40 8.04 17.83 43.48 106.09
1050 572.01 192.44 20.00 48.78 69.00
1050 523.23 5.12 20.00 48.78 66.59
1050 534.94 190.49 20.00 48.78 65.27
1050 125.49 111.71 40.00 97.56 48.03
1050 524.18 185.48 22.47 54.79 40.01
1050 194.26 111.96 50.80 123.90 35.10
1050 45.49 202.83 17.83 43.48 33.25
1050 288.02 252.77 31.71 77.35 25.26
1050 291.11 215.61 31.71 77.35 24.48
1050 425.43 66.96 71.30 173.91 20.29
1050 553.32 6.30 17.83 43.48 18.40
1050 581.74 156.77 31.71 77.35 12.36
1050 614.18 188.91 17.83 43.48 9.70
1050 10.98 203.91 35.65 86.96 8.62
1050 534.18 13.26 17.83 43.48 7.00
1050 495.17 184.65 31.71 77.35 5.72
1080 190.78 70.69 28.28 68.97 49.41
1080 125.76 113.48 35.65 86.96 42.48
1080 539.52 192.05 22.47 54.79 36.42
1080 593.78 150.73 40.00 97.56 21.92
1080 90.71 199.35 17.83 43.48 18.75
1080 45.00 218.62 56.55 137.93 16.50
1080 515.33 134.35 35.65 86.96 8.44
1080 182.50 164.48 28.28 68.97 3.76
1110 556.83 161.28 45.20 110.24 57.40
1110 245.95 183.79 28.28 68.97 47.96
1110 28.91 192.17 71.30 173.91 41.95
1110 206.37 165.75 22.47 54.79 40.12
1110 115.33 110.00 35.65 86.96 38.48
1110 109.57 284.15 20.00 48.78 29.71
1110 583.31 139.27 45.20 110.24 28.43
1110 483.19 222.41 28.28 68.97 26.43
1110 3.75 164.57 17.83 43.48 15.93
1110 457.20 127.32 40.00 97.56 4.97
1140 579.82 28.54 20.00 48.78 62.35
1140 582.50 175.52 28.28 68.97 57.46
1140 72.35 162.30 80.85 197.19 48.44
1140 246.46 154.63 40.00 97.56 43.14
1140 524.57 183.79 28.28 68.97 42.63
1140 102.21 104.04 45.20 110.24 42.41
1140 204.18 163.56 22.47 54.79 34.87
1140 173.62 156.77 31.71 77.35 30.53
1140 541.55 119.31 56.55 137.93 28.92
1140 591.01 187.74 31.71 77.35 11.20
1140 133.10 209.72 45.20 110.24 9.30
1140 508.02 222.41 28.28 68.97 7.84
1170 86.46 84.39 40.00 97.56 75.77
1170 596.29 186.55 28.28 68.97 61.70
1170 579.74 216.90 28.28 68.97 47.95
1170 133.28 191.03 56.55 137.93 43.74
1170 399.32 246.58 31.71 77.35 32.27
1170 49.24 92.61 35.65 86.96 31.07
1170 243.45 143.67 45.20 110.24 28.96
1170 10.70 191.13 50.80 123.90 12.71
1200 198.80 200.43 35.65 86.96 57.70
1200 74.76 84.39 40.00 97.56 40.44
1200 97.79 187.71 45.20 110.24 27.52
1200 362.95 116.91 50.80 123.90 24.18
1200 620.79 46.10 20.00 48.78 15.99
1200 8.41 162.44 40.00 97.56 15.52
1200 408.11 178.78 20.00 48.78 7.18
1200 167.50 30.00 35.65 86.96 5.46
1230 241.62 203.38 25.23 61.54 82.35
1230 18.90 49.09 89.69 218.76 74.63
1230 406.16 184.63 20.00 48.78 69.13
1230 256.98 211.38 28.28 68.97 42.24
1230 93.24 156.77 31.71 77.35 37.20
1230 137.20 14.15 40.00 97.56 30.64
1230 182.54 146.77 25.23 61.54 24.45
1230 532.95 192.05 22.47 54.79 23.44
1230 588.10 190.65 17.83 43.48 21.51
1230 499.82 208.05 20.00 48.78 20.07
1230 603.23 24.63 20.00 48.78 16.60
1230 4.73 53.97 22.47 54.79 8.54
1230 544.62 201.09 17.83 43.48 8.46
1230 575.92 188.91 17.83 43.48 5.06
1260 19.03 178.45 31.71 77.35 73.45
1260 564.08 191.08 25.23 61.54 66.52
1260 399.25 181.10 22.47 54.79 65.82
1260 157.07 144.78 35.65 86.96 54.11
1260 216.74 101.74 71.30 173.91 44.08
1260 86.54 183.69 25.23 61.54 40.06
1260 5.95 51.38 28.28 68.97 37.32
1260 275.33 179.57 35.65 86.96 33.86
1260 8.11 190.49 20.00 48.78 33.21
1260 579.82 73.41 20.00 48.78 31.80
1260 65.41 156.77 31.71 77.35 26.40
1260 515.73 166.34 40.00 97.56 17.80
1260 31.59 143.67 45.20 110.24 16.19
1290 139.67 137.83 35.65 86.96 49.88
1290 578.85 220.62 25.23 61.54 45.78
1290 216.97 90.83 45.20 110.24 42.19
1290 541.92 191.08 25.23 61.54 40.89
1290 107.62 172.93 20.00 48.78 40.68
1290 194.85 220.62 25.23 61.54 39.89
1290 394.91 175.52 28.28 68.97 36.71
1290 15.66 270.31 50.80 123.90 28.39
1290 125.49 201.09 17.83 43.48 27.41
1290 257.87 208.05 20.00 48.78 26.87
1290 494.46 176.09 35.65 86.96 22.16
1290 10.70 230.72 50.80 123.90 17.04
1290 519.90 178.45 31.71 77.35 15.35
1320 556.83 174.50 45.20 110.24 66.40
1320 142.88 199.35 17.83 43.48 61.67
1320 4.21 342.68 20.00 48.78 51.16
1320 529.24 179.57 35.65 86.96 47.91
1320 62.32 172.26 31.71 77.35 39.82
1320 4.21 268.54 20.00 48.78 35.62
1320 378.84 196.34 20.00 48.78 35.38
1320 405.82 196.44 22.47 54.79 30.40
1320 254.01 187.74 31.71 77.35 29.29
1320 187.93 170.24 40.00 97.56 28.62
1320 443.75 195.87 17.83 43.48 21.74
1320 109.88 135.12 40.00 97.56 21.49
1320 177.62 186.15 25.23 61.54 20.79
1320 574.66 152.41 56.55 137.93 20.19
1320 386.64 178.28 28.28 68.97 19.97
1320 187.38 72.47 63.78 155.55 19.43
1320 539.15 158.54 40.00 97.56 10.20
1320 63.88 291.38 28.28 68.97 3.18
1350 166.16 202.20 20.00 48.78 34.78
1350 452.45 187.17 17.83 43.48 26.26
1350 408.71 7.24 28.28 68.97 25.76
1350 548.00 161.28 45.20 110.24 24.15
1350 240.27 209.78 17.83 43.48 16.53
1350 208.97 140.22 17.83 43.48 16.30
1350 254.22 189.31 28.28 68.97 16.16
1350 273.32 188.91 17.83 43.48 10.02
1350 383.86 162.97 31.71 77.35 8.70
1380 22.93 113.79 56.55 137.93 32.13
1380 32.84 162.30 80.85 197.19 31.19
1380 223.90 207.40 22.47 54.79 30.40
1380 327.50 144.78 35.65 86.96 28.87
1380 586.20 136.70 50.80 123.90 12.78
1380 127.65 52.13 80.85 197.19 7.87
1410 344.02 131.22 40.00 97.56 45.00
1410 510.49 153.51 63.78 155.55 44.38
1410 229.31 203.38 25.23 61.54 43.51
1410 404.08 161.54 25.23 61.54 28.46
1410 105.43 46.09 71.30 173.91 16.37
1410 61.55 20.00 56.55 137.93 14.49
1410 195.41 121.92 22.47 54.79 10.33
1410 5.95 313.45 28.28 68.97 -0.82
1440 242.26 243.17 20.00 48.78 59.84
1440 429.57 10.98 20.00 48.78 58.16
1440 66.63 12.61 35.65 86.96 56.27
1440 226.10 207.40 22.47 54.79 48.08
1440 17.93 123.91 35.65 86.96 43.64
1440 607.33 230.69 28.28 68.97 34.75
1440 415.59 37.98 45.20 110.24 34.05
1440 343.10 116.91 50.80 123.90 22.82
1440 131.85 207.40 22.47 54.79 13.05
1440 370.09 7.24 28.28 68.97 10.46
1440 552.41 152.48 45.20 110.24 10.16
1440 184.45 117.53 22.47 54.79 9.20
1470 201.81 211.38 28.28 68.97 48.70
1470 63.15 162.17 35.65 86.96 48.63
1470 5.31 196.00 25.23 61.54 43.60
1470 96.98 131.38 28.28 68.97 28.65
1470 403.63 200.82 22.47 54.79 18.42
1470 216.20 210.87 35.65 86.96 17.90
1470 353.53 156.21 28.28 68.97 15.10
1470 7.77 36.00 25.23 61.54 8.88
1500 167.50 200.43 35.65 86.96 51.98
1500 436.79 84.57 17.83 43.48 29.07
1500 581.14 117.61 17.83 43.48 26.51
1500 195.43 250.98 20.00 48.78 23.64
1500 343.67 147.48 31.71 77.35 19.89
1500 429.57 98.78 20.00 48.78 14.18
1500 397.07 172.61 35.65 86.96 10.96
1500 77.61 18.26 71.30 173.91 1.49
1530 458.36 178.28 28.28 68.97 61.05
1530 432.39 18.26 71.30 173.91 56.52
1530 355.73 135.12 40.00 97.56 47.80
1530 111.85 82.17 35.65 86.96 45.32
1530 10.98 162.17 35.65 86.96 43.74
1530 477.07 162.17 35.65 86.96 37.42
1530 587.62 163.17 20.00 48.78 34.84
1530 158.16 200.13 31.71 77.35 28.82
1530 8.11 5.12 20.00 48.78 21.63
1530 83.19 67.93 28.28 68.97 15.20
1530 268.02 156.21 28.28 68.97 8.29
1530 140.79 118.29 20.00 48.78 3.20
1560 487.50 30.00 35.65 86.96 77.38
1560 174.46 196.96 35.65 86.96 56.27
1560 490.98 186.52 35.65 86.96 54.06
1560 196.79 249.78 17.83 43.48 51.49
1560 9.76 39.10 31.71 77.35 43.91
1560 519.48 163.45 56.55 137.93 39.62
1560 507.54 8.13 31.71 77.35 30.06
1560 453.28 25.52 56.55 137.93 28.92
1560 47.33 45.86 28.28 68.97 27.72
1560 205.18 247.07 20.00 48.78 20.55
1560 504.89 183.04 35.65 86.96 19.52
1560 508.84 51.78 22.47 54.79 12.91
1560 160.86 108.28 56.55 137.93 11.13
1560 383.15 162.17 35.65 86.96 11.07
1560 195.27 200.13 31.71 77.35 7.85
1590 543.88 7.24 28.28 68.97 80.65
1590 443.23 5.12 20.00 48.78 42.53
1590 151.36 115.08 80.85 197.19 31.00
1590 530.09 7.24 28.28 68.97 24.25
1590 4.21 188.54 20.00 48.78 23.33
1590 33.48 180.73 20.00 48.78 19.05
1590 71.59 197.03 31.71 77.35 17.86
1590 376.20 141.30 35.65 86.96 15.40
1590 61.14 197.61 17.83 43.48 6.08
1590 332.32 135.12 40.00 97.56 2.62
1620 45.18 184.63 20.00 48.78 27.64
1620 9.76 169.16 31.71 77.35 26.54
1620 359.63 127.32 40.00 97.56 25.02
1620 170.53 212.52 31.71 77.35 17.81
1620 541.14 27.17 17.83 43.48 11.90
1620 380.28 121.65 45.20 110.24 9.55
1620 11.30 115.34 22.47 54.79 6.86
1620 238.66 127.32 40.00 97.56 3.66
1650 127.47 117.53 22.47 54.79 81.48
1650 151.58 121.09 17.83 43.48 49.85
1650 185.00 203.38 25.23 61.54 39.07
1650 139.67 50.87 35.65 86.96 35.53
1650 140.79 116.34 20.00 48.78 34.01
1650 496.90 161.44 50.80 123.90 33.69
1650 78.35 186.59 20.00 48.78 31.35
1650 88.71 192.07 28.28 68.97 24.34
1650 369.78 66.96 71.30 173.91 18.24
1650 4.21 174.88 20.00 48.78 15.54
1650 243.75 176.74 17.83 43.48 14.14
1650 158.35 120.24 20.00 48.78 11.45
1650 600.27 322.83 17.83 43.48 9.68
1650 205.49 242.83 17.83 43.48 9.58
1650 607.13 170.98 20.00 48.78 9.08
1650 10.23 154.15 25.23 61.54 4.49
1680 537.00 178.77 25.23 61.54 43.32
1680 34.85 161.54 25.23 61.54 35.08
1680 259.40 192.39 17.83 43.48 31.59
1680 113.53 106.55 28.28 68.97 29.34
1680 597.38 311.46 20.00 48.78 28.95
1680 583.36 312.60 22.47 54.79 27.78
1680 35.33 33.48 35.65 86.96 5.68
1710 11.47 156.21 28.28 68.97 42.11
1710 308.10 190.65 17.83 43.48 39.98
1710 402.01 195.87 17.83 43.48 38.29
1710 377.68 162.97 31.71 77.35 26.06
1710 175.91 133.90 20.00 48.78 22.89
1710 119.84 62.47 50.80 123.90 16.75
1710 283.75 185.43 17.83 43.48 14.28
1710 408.97 197.61 17.83 43.48 12.54
1710 22.76 15.96 45.20 110.24 12.15
1710 416.78 32.05 22.47 54.79 3.34
1740 395.38 25.71 100.71 245.62 66.47
1740 485.31 173.85 25.23 61.54 50.53
1740 85.82 53.97 22.47 54.79 50.46
1740 10.23 178.77 25.23 61.54 37.50
1740 47.44 142.93 40.00 97.56 34.82
1740 6.92 14.52 22.47 54.79 33.03
1740 13.49 32.05 22.47 54.79 28.43
1740 88.97 178.48 17.83 43.48 27.69
1740 138.42 167.95 22.47 54.79 24.18
1740 219.52 203.01 22.47 54.79 21.89
1740 154.57 82.27 50.80 123.90 21.08
1740 538.36 178.28 28.28 68.97 17.76
1740 7.50 395.22 35.65 86.96 16.30
1740 129.66 170.14 22.47 54.79 8.05
1770 476.62 184.65 31.71 77.35 79.80
1770 535.24 158.54 40.00 97.56 78.32
1770 122.24 58.62 56.55 137.93 32.92
1770 21.41 9.13 35.65 86.96 28.48
1770 423.50 122.34 63.78 155.55 22.15
1770 234.45 204.15 20.00 48.78 21.74
1770 256.78 176.71 22.47 54.79 16.80
1770 504.89 176.09 35.65 86.96 14.28
1770 39.05 26.55 28.28 68.97 10.40
1770 468.60 53.90 20.00 48.78 9.84
1770 454.56 72.47 63.78 155.55 7.62
1800 581.74 224.90 31.71 77.35 56.90
1800 21.23 153.06 100.71 245.62 49.69
1800 91.52 73.91 71.30 173.91 49.07
1800 115.33 33.48 35.65 86.96 41.36
1800 146.63 162.17 35.65 86.96 33.31
1800 19.74 7.24 28.28 68.97 29.70
1800 446.48 11.56 45.20 110.24 25.31
1800 603.38 8.13 31.71 77.35 20.61
1800 17.04 280.33 80.85 197.19 19.82
1800 587.72 126.06 45.20 110.24 13.53
1800 412.01 14.88 20.00 48.78 13.27
1800 516.29 81.72 28.28 68.97 8.06
1800 394.23 205.85 25.23 61.54 7.97
1800 551.47 181.24 50.80 123.90 3.21
1800 292.45 180.22 17.83 43.48 2.02
1830 437.68 213.17 40.00 97.56 57.01
1830 473.53 190.84 31.71 77.35 55.92
1830 35.73 10.24 40.00 97.56 43.06
1830 611.04 7.07 20.00 48.78 36.15
1830 27.17 302.20 45.20 110.24 31.74
1830 272.56 147.48 31.71 77.35 20.56
1830 77.78 11.23 31.71 77.35 20.27
1830 130.85 159.08 25.23 61.54 18.57
1830 386.96 169.16 31.71 77.35 16.96
1830 66.10 183.29 22.47 54.79 7.96
1830 195.73 135.12 40.00 97.56 7.26
