30 283.08 5.75 22.47 54.79 48.68
30 495.17 159.87 31.71 77.35 44.54
30 539.52 176.71 22.47 54.79 34.59
30 404.02 137.83 35.65 86.96 26.04
30 422.07 127.32 40.00 97.56 25.74
30 458.84 75.37 20.00 48.78 23.30
30 589.84 138.48 17.83 43.48 23.15
30 399.15 6.46 25.23 61.54 21.96
30 320.30 5.12 20.00 48.78 21.28
30 337.87 178.78 20.00 48.78 21.27
30 484.51 53.17 40.00 97.56 19.70
30 10.06 73.41 20.00 48.78 18.11
30 564.02 9.13 35.65 86.96 11.93
30 63.15 155.22 35.65 86.96 1.13
60 530.52 97.24 56.55 137.93 76.29
60 564.02 144.78 35.65 86.96 47.71
60 187.62 169.02 20.00 48.78 39.53
60 202.01 175.00 17.83 43.48 30.85
60 454.98 156.77 31.71 77.35 30.00
60 433.53 170.00 28.28 68.97 21.20
60 3.75 110.65 17.83 43.48 15.30
60 389.10 126.06 45.20 110.24 9.77
60 354.85 166.46 25.23 61.54 5.77
60 477.92 173.85 25.23 61.54 5.65
90 566.16 10.98 20.00 48.78 82.56
90 4.73 183.29 22.47 54.79 64.92
90 98.17 127.32 40.00 97.56 48.92
90 12.32 139.02 40.00 97.56 37.42
90 367.33 158.97 28.28 68.97 23.92
90 304.62 168.04 17.83 43.48 21.79
90 475.96 183.29 22.47 54.79 19.65
90 468.60 182.68 20.00 48.78 18.66
90 129.39 127.32 40.00 97.56 18.58
90 452.99 186.59 20.00 48.78 12.49
90 601.81 194.83 28.28 68.97 8.94
90 205.49 169.78 17.83 43.48 5.17
120 84.55 108.44 45.20 110.24 86.58
120 113.78 119.51 40.00 97.56 81.66
120 273.53 145.17 28.28 68.97 60.00
120 162.01 168.04 17.83 43.48 51.47
120 7.50 130.87 35.65 86.96 49.65
120 541.12 175.52 28.28 68.97 33.51
120 379.67 137.83 35.65 86.96 33.30
120 36.29 158.97 28.28 68.97 25.09
120 499.74 167.24 28.28 68.97 22.03
120 477.67 164.48 28.28 68.97 18.69
120 431.15 164.00 25.23 61.54 13.24
150 27.17 108.44 45.20 110.24 72.33
150 11.30 159.18 22.47 54.79 55.26
150 591.85 144.78 35.65 86.96 53.62
150 519.90 8.13 31.71 77.35 47.43
150 256.98 150.69 28.28 68.97 41.33
150 298.42 150.41 22.47 54.79 28.03
150 436.08 154.15 25.23 61.54 27.96
150 561.24 143.67 45.20 110.24 17.94
150 570.21 43.01 22.47 54.79 8.60
180 132.84 145.17 28.28 68.97 52.10
180 294.20 138.19 31.71 77.35 46.57
180 474.79 49.09 89.69 218.76 44.30
180 362.23 136.92 25.23 61.54 43.61
180 348.84 137.26 22.47 54.79 43.28
180 53.04 138.19 31.71 77.35 34.71
180 35.41 152.60 22.47 54.79 30.43
180 462.81 146.03 22.47 54.79 21.49
180 265.52 112.84 45.20 110.24 13.16
180 445.49 6.30 17.83 43.48 12.00
180 12.01 169.02 20.00 48.78 10.94
210 90.98 127.39 35.65 86.96 70.31
210 77.67 147.93 28.28 68.97 46.12
210 4.73 161.37 22.47 54.79 45.29
210 568.01 137.26 22.47 54.79 44.75
210 154.57 121.86 50.80 123.90 37.44
210 477.67 125.86 28.28 68.97 31.73
210 417.87 144.39 31.71 77.35 28.41
210 472.16 112.07 28.28 68.97 18.04
210 31.58 175.00 17.83 43.48 9.45
210 340.12 158.54 40.00 97.56 7.54
210 594.11 32.90 31.71 77.35 5.54
210 12.85 135.10 31.71 77.35 1.11
240 73.59 120.43 35.65 86.96 67.89
240 142.88 154.13 17.83 43.48 44.88
240 23.72 157.32 20.00 48.78 44.62
240 379.67 148.26 35.65 86.96 41.08
240 47.23 162.83 17.83 43.48 39.19
240 3.75 143.70 17.83 43.48 36.36
240 541.55 116.52 31.71 77.35 30.63
240 462.17 87.22 50.80 123.90 30.06
240 516.81 153.68 31.71 77.35 23.72
240 171.30 146.03 22.47 54.79 15.71
240 502.50 125.86 28.28 68.97 7.23
270 13.49 139.45 22.47 54.79 58.61
270 502.93 42.07 56.55 137.93 51.63
270 492.69 127.08 25.23 61.54 47.97
270 93.92 127.08 25.23 61.54 45.69
270 119.33 143.66 20.00 48.78 45.53
270 558.66 92.20 40.00 97.56 44.48
270 57.00 132.00 25.23 61.54 38.30
270 402.34 64.40 45.20 110.24 17.47
270 125.18 135.85 20.00 48.78 9.50
300 321.09 39.13 71.30 173.91 80.94
300 554.32 83.61 80.85 197.19 80.60
300 207.33 40.34 28.28 68.97 68.97
300 22.76 104.04 45.20 110.24 60.09
300 223.09 20.52 31.71 77.35 55.06
300 299.22 60.00 63.78 155.55 53.22
300 386.21 60.00 63.78 155.55 46.24
300 470.11 120.43 35.65 86.96 39.55
300 59.67 110.00 35.65 86.96 31.11
300 530.75 146.03 22.47 54.79 25.82
300 546.64 23.79 28.28 68.97 13.58
300 96.78 139.45 22.47 54.79 8.03
330 171.90 152.41 56.55 137.93 91.79
330 506.91 130.82 80.85 197.19 91.59
330 205.00 91.72 56.55 137.93 87.12
330 133.43 147.48 31.71 77.35 75.24
330 586.20 102.06 50.80 123.90 66.16
330 158.16 8.13 31.71 77.35 61.93
330 243.62 91.72 56.55 137.93 61.42
330 300.83 11.56 45.20 110.24 30.79
330 193.97 119.31 56.55 137.93 29.56
330 145.80 79.35 31.71 77.35 27.07
330 7.50 75.22 35.65 86.96 26.81
330 66.95 135.12 40.00 97.56 15.04
330 574.46 96.09 35.65 86.96 14.67
330 63.11 22.60 63.78 155.55 14.09
330 232.37 178.45 31.71 77.35 9.77
330 458.79 20.00 56.55 137.93 8.48
360 212.23 84.94 63.78 155.55 94.87
360 250.37 146.83 40.00 97.56 52.04
360 9.52 112.84 45.20 110.24 42.02
360 96.05 44.26 80.85 197.19 35.33
360 64.44 44.26 80.85 197.19 25.86
360 32.84 44.26 80.85 197.19 18.21
360 497.41 108.28 56.55 137.93 17.00
360 143.88 78.70 63.78 155.55 12.40
360 379.46 173.85 25.23 61.54 3.37
390 18.34 77.61 45.20 110.24 50.60
390 63.46 32.31 126.15 307.69 46.49
390 11.90 119.31 56.55 137.93 18.00
390 395.89 49.09 89.69 218.76 15.29
390 248.84 171.34 50.80 123.90 13.30
390 561.40 97.11 50.80 123.90 13.11
420 603.38 8.13 31.71 77.35 63.79
420 553.32 37.61 17.83 43.48 46.29
420 570.71 41.09 17.83 43.48 45.97
420 504.45 7.95 22.47 54.79 24.58
420 100.00 25.71 100.71 245.62 10.42
420 610.85 58.15 25.23 61.54 6.97
420 132.99 5.12 20.00 48.78 5.39
450 477.92 6.46 25.23 61.54 73.21
450 532.99 9.02 20.00 48.78 68.14
450 501.77 5.12 20.00 48.78 63.37
450 517.38 5.12 20.00 48.78 59.80
450 541.92 16.31 25.23 61.54 56.55
450 5.49 204.57 17.83 43.48 43.95
450 566.54 8.92 25.23 61.54 35.53
450 525.49 13.26 17.83 43.48 34.21
450 614.18 204.57 17.83 43.48 24.51
450 468.08 6.46 25.23 61.54 20.51
450 493.49 10.14 22.47 54.79 9.19
480 546.85 6.46 25.23 61.54 101.71
480 478.35 7.07 20.00 48.78 75.19
480 525.49 4.57 17.83 43.48 57.23
480 484.73 10.14 22.47 54.79 48.64
480 12.85 11.23 31.71 77.35 47.40
480 45.18 9.02 20.00 48.78 33.90
480 21.41 190.00 35.65 86.96 33.61
480 4.73 211.78 22.47 54.79 31.05
480 33.48 7.07 20.00 48.78 30.91
480 506.36 6.30 17.83 43.48 14.18
480 471.58 16.71 22.47 54.79 13.07
480 537.00 11.38 25.23 61.54 8.92
480 44.83 170.09 45.20 110.24 4.16
510 10.98 193.48 35.65 86.96 30.32
510 13.96 430.49 20.00 48.78 28.19
510 539.15 146.83 40.00 97.56 19.45
540 87.23 228.91 17.83 43.48 35.17
540 99.82 208.05 20.00 48.78 20.09
540 371.04 210.00 20.00 48.78 19.43
540 90.06 206.10 20.00 48.78 17.73
540 596.79 8.04 17.83 43.48 13.97
570 612.84 153.45 28.28 68.97 48.58
570 318.53 211.52 17.83 43.48 20.53
600 11.47 197.59 28.28 68.97 21.84
600 121.00 198.46 25.23 61.54 9.33
600 270.78 178.28 28.28 68.97 9.26
600 150.54 198.46 25.23 61.54 8.34
630 394.45 178.78 20.00 48.78 18.57
630 413.96 176.83 20.00 48.78 14.01
630 343.72 192.44 20.00 48.78 13.20
660 291.85 12.33 22.47 54.79 40.35
660 364.69 178.77 25.23 61.54 27.50
660 380.77 166.06 31.71 77.35 10.47
690 334.22 170.00 28.28 68.97 15.81
690 392.16 158.97 28.28 68.97 15.15
720 532.99 139.76 20.00 48.78 89.10
720 547.77 22.60 63.78 155.55 22.83
720 442.07 112.84 45.20 110.24 22.72
720 141.12 150.69 28.28 68.97 17.11
720 42.28 155.22 35.65 86.96 11.10
750 255.92 145.43 17.83 43.48 120.08
750 452.72 75.22 35.65 86.96 48.41
750 410.98 75.22 35.65 86.96 37.52
750 245.49 147.17 17.83 43.48 33.76
750 359.63 76.59 40.00 97.56 25.51
780 240.54 64.78 35.65 86.96 72.72
780 190.48 64.40 45.20 110.24 34.13
840 345.26 15.52 28.28 68.97 43.20
870 11.30 10.14 22.47 54.79 6.63
870 220.55 84.00 89.69 218.76 1.15
900 182.88 129.78 17.83 43.48 35.11
900 165.31 63.08 25.23 61.54 34.71
900 111.15 8.92 25.23 61.54 21.19
900 56.89 69.51 20.00 48.78 13.76
900 56.74 94.78 71.30 173.91 11.46
900 583.36 27.67 22.47 54.79 10.10
900 238.35 116.34 20.00 48.78 9.22
900 136.52 17.42 31.71 77.35 8.11
930 558.35 30.49 20.00 48.78 36.99
930 97.66 42.83 17.83 43.48 26.08
930 504.45 18.90 22.47 54.79 9.85
930 242.56 162.44 40.00 97.56 5.85
930 587.92 162.97 31.71 77.35 5.61
960 101.31 16.31 25.23 61.54 26.48
960 217.33 106.58 22.47 54.79 8.05
960 77.07 50.87 35.65 86.96 6.59
990 4.21 14.88 20.00 48.78 61.81
990 11.30 251.23 22.47 54.79 28.30
990 66.10 5.75 22.47 54.79 16.23
990 11.30 10.14 22.47 54.79 15.02
990 157.92 255.08 25.23 61.54 13.31
990 31.40 26.71 31.71 77.35 10.20
1020 191.52 10.98 20.00 48.78 37.37
1020 148.60 7.07 20.00 48.78 36.47
1020 445.92 102.46 25.23 61.54 33.56
1020 300.39 51.48 31.71 77.35 28.93
1020 166.92 47.40 22.47 54.79 20.34
1020 574.27 150.73 40.00 97.56 11.62
1020 45.21 40.36 89.69 218.76 3.82
1050 59.52 80.27 22.47 54.79 6.94
1080 6.16 174.88 20.00 48.78 40.12
1080 399.25 84.66 22.47 54.79 13.07
1080 243.45 20.37 45.20 110.24 9.28
1110 458.07 141.29 31.71 77.35 18.07
1110 111.03 11.56 45.20 110.24 13.85
1110 103.72 44.15 20.00 48.78 13.17
1110 191.52 254.88 20.00 48.78 8.08
1140 597.20 76.26 31.71 77.35 43.73
1140 37.58 14.32 31.71 77.35 38.76
1140 191.03 73.70 22.47 54.79 31.13
1140 29.84 82.83 17.83 43.48 30.90
1140 27.17 236.15 45.20 110.24 28.93
1140 41.28 75.37 20.00 48.78 23.41
1140 380.77 141.29 31.71 77.35 13.52
1170 569.14 75.17 56.55 137.93 38.50
1170 109.57 71.46 20.00 48.78 28.04
1170 35.33 40.43 35.65 86.96 16.46
1200 340.08 16.31 25.23 61.54 36.57
1200 87.50 123.91 35.65 86.96 28.89
1200 362.83 32.17 71.30 173.91 21.35
1200 278.74 14.32 31.71 77.35 17.16
1200 355.41 12.33 22.47 54.79 14.02
1200 511.78 32.78 50.80 123.90 7.26
1200 491.90 80.69 56.55 137.93 5.50
1200 600.27 124.57 17.83 43.48 3.65
1200 532.72 103.04 35.65 86.96 2.72
1230 18.90 22.91 89.69 218.76 52.60
1230 46.67 40.47 114.81 280.01 34.79
1230 485.63 22.60 63.78 155.55 21.11
1230 529.13 28.83 63.78 155.55 14.60
1230 160.30 53.90 20.00 48.78 6.15
1260 181.96 226.96 71.30 173.91 24.49
1260 396.79 110.65 17.83 43.48 10.18
1290 375.14 32.05 22.47 54.79 69.47
1290 364.18 14.52 22.47 54.79 43.73
1290 337.66 9.78 17.83 43.48 36.68
1290 10.98 16.09 35.65 86.96 23.81
1290 353.48 12.93 20.00 48.78 15.32
1290 221.71 47.40 22.47 54.79 3.31
1290 307.19 43.01 22.47 54.79 1.27
1320 115.05 4.57 17.83 43.48 68.21
1320 104.62 4.57 17.83 43.48 65.01
1320 88.97 4.57 17.83 43.48 61.27
1320 123.75 4.57 17.83 43.48 54.45
1320 615.92 6.30 17.83 43.48 45.11
1320 146.36 6.30 17.83 43.48 42.15
1320 71.58 9.78 17.83 43.48 37.71
1320 182.88 4.57 17.83 43.48 35.04
1320 135.92 8.04 17.83 43.48 34.11
1320 464.62 4.57 17.83 43.48 31.53
1320 596.79 4.57 17.83 43.48 26.91
1320 176.71 395.23 31.71 77.35 25.77
1320 82.01 6.30 17.83 43.48 24.56
1320 43.23 5.12 20.00 48.78 23.97
1320 558.53 6.30 17.83 43.48 16.00
1320 125.18 420.73 20.00 48.78 14.38
1320 229.40 396.21 28.28 68.97 13.62
1320 588.10 6.30 17.83 43.48 6.26
1350 411.47 404.48 28.28 68.97 49.05
1350 84.55 359.45 45.20 110.24 34.30
1350 377.00 407.69 25.23 61.54 19.94
1350 151.58 411.23 22.47 54.79 14.66
1350 199.22 344.54 50.80 123.90 5.33
1380 27.17 368.26 45.20 110.24 31.71
1380 253.92 412.62 25.23 61.54 30.57
1380 271.15 412.62 25.23 61.54 29.77
1380 503.72 424.63 20.00 48.78 27.28
1380 156.71 361.46 40.00 97.56 19.23
1380 571.46 405.23 25.23 61.54 13.47
1380 376.89 426.59 20.00 48.78 10.81
1380 93.96 368.05 20.00 48.78 5.65
1410 417.93 391.74 35.65 86.96 37.78
1410 252.40 424.38 22.47 54.79 35.98
1410 101.31 417.54 25.23 61.54 33.22
1410 49.24 391.74 35.65 86.96 31.36
1410 169.11 420.00 22.47 54.79 22.09
1410 80.54 395.22 35.65 86.96 16.25
1410 189.92 415.08 25.23 61.54 9.38
1410 80.27 380.22 17.83 43.48 7.68
1440 246.54 417.54 25.23 61.54 61.70
1440 171.30 424.38 22.47 54.79 35.63
1440 256.78 426.58 22.47 54.79 23.39
1440 392.71 349.48 50.80 123.90 21.91
1440 369.62 299.38 25.23 61.54 19.09
1440 80.30 383.66 20.00 48.78 10.27
1440 77.78 404.52 31.71 77.35 5.52
1470 248.11 430.49 20.00 48.78 61.80
1470 171.30 424.38 22.47 54.79 61.49
1470 45.76 395.22 35.65 86.96 37.03
1470 104.62 435.87 17.83 43.48 19.89
1470 78.35 383.66 20.00 48.78 18.54
1470 187.46 420.00 25.23 61.54 8.71
1500 171.30 426.58 22.47 54.79 49.38
1500 254.59 426.58 22.47 54.79 37.53
1500 78.53 383.70 17.83 43.48 36.15
1500 244.08 417.54 25.23 61.54 28.46
1500 45.76 398.70 35.65 86.96 18.63
1500 192.38 420.00 25.23 61.54 16.51
1500 8.11 383.66 20.00 48.78 15.51
1530 252.40 428.77 22.47 54.79 51.72
1530 78.53 383.70 17.83 43.48 28.65
1530 411.69 398.32 31.71 77.35 27.52
1530 252.40 284.11 22.47 54.79 18.81
1530 534.94 430.49 20.00 48.78 9.19
1530 27.17 372.66 45.20 110.24 8.69
1530 80.54 398.70 35.65 86.96 8.29
1560 250.06 430.49 20.00 48.78 54.45
1560 176.22 384.88 40.00 97.56 45.17
1560 414.46 398.70 35.65 86.96 35.40
1560 475.46 365.85 25.23 61.54 25.39
1560 45.76 398.70 35.65 86.96 22.87
1560 80.30 383.66 20.00 48.78 17.11
1560 156.71 388.78 40.00 97.56 13.44
1590 245.95 415.52 28.28 68.97 59.09
1590 80.27 383.70 17.83 43.48 52.41
1590 45.76 395.22 35.65 86.96 37.09
1590 180.12 384.88 40.00 97.56 29.91
1590 559.25 426.58 22.47 54.79 20.39
1590 139.61 358.06 31.71 77.35 16.61
1590 414.46 398.70 35.65 86.96 13.54
1590 166.92 426.58 22.47 54.79 12.40
1620 256.78 428.77 22.47 54.79 76.57
1620 49.24 398.70 35.65 86.96 70.80
1620 248.01 428.77 22.47 54.79 36.01
1620 156.71 388.78 40.00 97.56 31.98
1620 80.30 385.61 20.00 48.78 29.80
1620 180.12 388.78 40.00 97.56 28.75
1620 84.02 398.70 35.65 86.96 26.62
1620 120.89 426.58 22.47 54.79 14.22
1620 414.46 388.26 35.65 86.96 13.84
1620 519.63 377.07 40.00 97.56 5.91
1650 248.01 428.77 22.47 54.79 57.57
1650 45.76 398.70 35.65 86.96 36.43
1650 172.32 388.78 40.00 97.56 36.08
1650 158.15 404.66 22.47 54.79 25.62
1650 414.46 398.70 35.65 86.96 22.53
1650 196.29 415.52 28.28 68.97 19.38
1650 77.07 395.22 35.65 86.96 16.74
1650 370.09 299.66 28.28 68.97 15.71
1650 367.33 410.00 28.28 68.97 11.55
1650 101.31 420.00 25.23 61.54 8.49
1650 224.38 420.00 25.23 61.54 7.10
1650 160.38 422.46 25.23 61.54 5.27
1680 78.53 385.43 17.83 43.48 55.74
1680 49.24 398.70 35.65 86.96 52.85
1680 171.30 428.77 22.47 54.79 47.78
1680 243.63 428.77 22.47 54.79 38.68
1680 101.31 422.46 25.23 61.54 35.50
1680 189.92 422.46 25.23 61.54 33.70
1680 39.05 415.52 28.28 68.97 32.60
1680 254.59 428.77 22.47 54.79 20.64
1680 417.87 407.61 31.71 77.35 18.09
