30 518.41 170.82 28.92 70.53 5.400750
30 504.23 173.85 31.54 76.92 4.144133
30 3.75 191.00 20.50 50.00 1.311206
30 375.75 131.00 20.50 50.00 1.200739
30 468.40 174.65 24.37 59.45 0.941195
30 323.27 200.79 24.37 59.45 0.753493
30 377.98 162.16 26.57 64.81 0.029010
30 429.75 181.00 20.50 50.00 -0.227945
30 351.75 209.00 20.50 50.00 -0.633231
30 491.92 176.92 31.54 76.92 -0.993692
30 146.08 171.27 22.38 54.58 -1.150765
30 221.75 189.00 20.50 50.00 -1.411943
30 420.82 98.61 24.37 59.45 -1.423844
30 411.30 167.52 24.37 59.45 -1.459076
30 95.51 156.71 28.92 70.53 -1.467876
30 435.09 48.71 24.37 59.45 -1.649465
30 403.75 171.00 20.50 50.00 -1.653149
30 582.65 53.65 57.98 141.42 -2.859657
30 -0.50 10.00 41.00 100.00 -3.837604
60 502.35 175.14 26.57 64.81 3.534105
60 463.64 179.41 24.37 59.45 3.243492
60 515.30 175.14 26.57 64.81 2.718425
60 429.75 179.00 20.50 50.00 1.580432
60 325.19 204.00 22.38 54.58 0.529449
60 373.24 127.64 22.38 54.58 0.061046
60 377.98 164.76 26.57 64.81 -0.272246
60 -0.38 189.23 31.54 76.92 -0.719925
60 127.75 175.00 20.50 50.00 -0.857719
60 482.69 176.92 31.54 76.92 -0.960945
60 351.40 204.00 22.38 54.58 -1.187680
60 179.75 157.00 20.50 50.00 -1.249345
60 419.43 99.89 26.57 64.81 -1.255198
60 504.94 195.89 26.57 64.81 -1.350454
60 220.97 181.78 24.37 59.45 -1.517351
60 434.40 49.09 22.38 54.58 -1.554202
60 136.96 152.73 34.37 83.83 -1.600540
60 408.46 151.06 28.92 70.53 -1.628234
60 587.74 69.68 52.90 129.03 -2.163709
90 463.64 179.41 24.37 59.45 3.986656
90 502.35 175.14 26.57 64.81 2.102955
90 431.75 179.00 20.50 50.00 1.620907
90 323.00 204.00 22.38 54.58 0.422122
90 373.75 131.00 20.50 50.00 -0.008151
90 482.09 169.51 34.37 83.83 -0.562321
90 219.75 189.00 20.50 50.00 -0.708203
90 515.22 184.36 22.38 54.58 -1.016440
90 383.50 122.00 41.00 100.00 -1.395945
90 473.16 179.41 24.37 59.45 -1.480797
90 582.65 110.12 57.98 141.42 -1.535665
90 499.76 195.89 26.57 64.81 -1.696363
90 416.84 99.89 26.57 64.81 -1.711977
90 351.40 201.82 22.38 54.58 -1.737745
90 456.25 190.91 22.38 54.58 -1.936543
90 529.01 152.73 34.37 83.83 -1.956096
90 434.40 49.09 22.38 54.58 -2.013106
90 -0.27 212.73 22.38 54.58 -2.460957
90 582.65 53.65 57.98 141.42 -2.989884
90 421.30 44.73 22.38 54.58 -3.042718
120 501.15 173.85 31.54 76.92 4.433279
120 -0.32 180.32 26.57 64.81 1.083567
120 375.75 133.00 20.50 50.00 0.740101
120 433.75 179.00 20.50 50.00 0.674419
120 468.40 181.78 24.37 59.45 0.484788
120 349.44 198.42 24.37 59.45 0.041523
120 377.98 164.76 26.57 64.81 -0.149915
120 323.27 198.42 24.37 59.45 -0.163171
120 495.56 204.00 22.38 54.58 -0.586444
120 408.46 156.71 28.92 70.53 -0.956186
120 419.43 102.49 26.57 64.81 -1.606171
120 434.40 49.09 22.38 54.58 -1.663889
120 495.00 56.92 31.54 76.92 -2.052357
120 189.75 205.00 20.50 50.00 -2.058932
120 493.75 39.00 20.50 50.00 -2.587291
120 587.74 69.68 52.90 129.03 -2.657191
150 516.54 173.85 31.54 76.92 5.535754
150 471.54 180.00 22.38 54.58 3.693529
150 507.31 183.08 31.54 76.92 0.738057
150 -0.30 181.78 24.37 59.45 0.533799
150 219.75 187.00 20.50 50.00 0.371820
150 323.27 203.17 24.37 59.45 0.251883
150 375.75 133.00 20.50 50.00 -0.088695
150 613.77 188.11 26.57 64.81 -0.981091
150 349.44 203.17 24.37 59.45 -1.052825
150 436.59 51.27 22.38 54.58 -1.132450
150 420.82 96.24 24.37 59.45 -1.220906
150 367.75 131.00 20.50 50.00 -1.476179
150 463.75 185.00 20.50 50.00 -1.487713
150 411.66 167.35 26.57 64.81 -1.519886
150 491.43 115.64 44.67 108.95 -1.920590
150 161.49 193.66 24.37 59.45 -1.938318
150 209.42 199.64 22.38 54.58 -1.978941
150 419.75 41.00 20.50 50.00 -2.583208
180 531.92 176.92 31.54 76.92 7.624571
180 478.09 180.00 22.38 54.58 3.934433
180 401.75 185.00 20.50 50.00 2.408268
180 418.43 142.66 34.37 83.83 0.764033
180 346.88 195.89 26.57 64.81 0.379337
180 375.75 135.00 20.50 50.00 0.246869
180 380.37 172.28 24.37 59.45 0.189861
180 469.75 185.00 20.50 50.00 0.121520
180 522.69 186.15 31.54 76.92 -0.190778
180 213.92 182.12 28.92 70.53 -0.353456
180 325.65 205.54 24.37 59.45 -0.379532
180 486.37 115.76 57.98 141.42 -0.783648
180 418.08 100.00 31.54 76.92 -1.292583
180 425.13 119.16 34.37 83.83 -1.593392
180 438.77 49.09 22.38 54.58 -2.274438
180 465.75 39.00 20.50 50.00 -3.415756
210 551.77 174.05 37.52 91.50 7.151904
210 522.30 179.58 34.37 83.83 5.692585
210 477.92 179.41 24.37 59.45 4.613016
210 377.61 129.82 22.38 54.58 0.655170
210 399.45 177.82 22.38 54.58 0.340394
210 328.03 205.54 24.37 59.45 0.221295
210 503.50 162.00 41.00 100.00 -0.265979
210 411.73 149.37 34.37 83.83 -0.418191
210 383.16 167.35 26.57 64.81 -0.527329
210 352.07 199.06 28.92 70.53 -0.743225
210 428.19 94.59 28.92 70.53 -1.076155
210 203.98 172.87 34.37 83.83 -1.404151
210 445.34 40.22 26.57 64.81 -2.391268
210 512.78 57.88 28.92 70.53 -2.738752
240 595.66 170.38 37.52 91.50 7.345480
240 555.50 170.00 41.00 100.00 6.593724
240 408.92 179.41 24.37 59.45 2.904982
240 588.34 188.70 37.52 91.50 1.946022
240 381.98 125.45 22.38 54.58 0.749031
240 547.31 207.69 31.54 76.92 -0.371530
240 436.65 122.82 28.92 70.53 -0.474668
240 415.08 146.01 34.37 83.83 -0.654594
240 458.43 184.36 22.38 54.58 -1.107805
240 330.41 203.17 24.37 59.45 -1.314230
240 200.63 166.15 34.37 83.83 -1.345988
240 406.54 162.77 24.37 59.45 -1.415362
240 433.83 83.29 28.92 70.53 -1.712144
240 -0.32 175.14 26.57 64.81 -1.803856
240 353.46 192.31 31.54 76.92 -1.934945
240 546.61 100.24 28.92 70.53 -2.375732
240 456.25 38.18 22.38 54.58 -2.672580
240 537.75 43.00 20.50 50.00 -3.386614
240 483.75 25.00 20.50 50.00 -3.661426
270 440.16 172.54 26.57 64.81 3.781506
270 468.66 172.54 26.57 64.81 2.086531
270 559.00 76.00 82.00 200.00 1.236517
270 387.75 121.00 20.50 50.00 0.313169
270 327.79 132.71 57.98 141.42 -0.005076
270 477.92 186.53 24.37 59.45 -0.690462
270 182.31 154.91 44.67 108.95 -1.422732
270 439.85 81.98 24.37 59.45 -2.152033
270 421.15 103.08 31.54 76.92 -2.243764
270 355.75 71.00 20.50 50.00 -2.595324
270 498.63 21.82 89.69 218.76 -3.971963
300 481.62 172.54 26.57 64.81 1.818316
300 466.07 175.14 26.57 64.81 0.272074
300 160.59 154.46 48.64 118.64 -0.178645
300 380.37 117.62 24.37 59.45 -0.342294
300 423.20 105.74 24.37 59.45 -0.659543
300 352.06 193.30 26.57 64.81 -0.843822
300 558.81 121.19 48.64 118.64 -1.083639
300 432.39 79.14 26.57 64.81 -1.195223
300 197.00 168.00 28.92 70.53 -1.285615
300 497.19 130.69 48.64 118.64 -1.449254
300 105.75 229.00 20.50 50.00 -1.653362
300 599.50 194.00 41.00 100.00 -1.905901
300 501.75 89.00 20.50 50.00 -2.056896
300 450.75 74.82 28.92 70.53 -2.614811
330 468.66 172.54 26.57 64.81 4.198928
330 492.15 172.87 34.37 83.83 3.386758
330 479.03 169.95 26.57 64.81 1.271952
330 557.75 183.00 20.50 50.00 0.089631
330 375.38 115.46 26.57 64.81 -0.589197
330 456.39 170.82 28.92 70.53 -1.156926
330 239.75 189.00 20.50 50.00 -1.375260
330 194.80 174.65 24.37 59.45 -1.715295
330 578.50 133.09 44.67 108.95 -1.768087
330 462.03 60.71 28.92 70.53 -1.809471
330 70.13 221.65 28.92 70.53 -2.041804
330 277.75 61.00 20.50 50.00 -2.208483
330 413.06 63.27 44.67 108.95 -2.907618
330 383.16 48.00 26.57 64.81 -3.257139
360 464.00 154.46 48.64 118.64 2.815173
360 388.53 186.55 22.38 54.58 0.567265
360 431.75 137.00 20.50 50.00 -0.355561
360 482.72 168.00 44.67 108.95 -0.578317
360 551.75 227.00 20.50 50.00 -0.864398
360 528.26 172.54 26.57 64.81 -0.981788
360 128.85 210.77 31.54 76.92 -1.137209
360 571.79 91.27 69.16 168.67 -1.278461
360 267.31 121.54 31.54 76.92 -1.543115
360 299.75 85.00 20.50 50.00 -1.880753
360 492.19 72.47 24.37 59.45 -2.114747
360 380.37 48.71 24.37 59.45 -2.777117
360 25.59 242.59 26.57 64.81 -3.088311
360 587.74 28.39 52.90 129.03 -3.335530
360 522.51 23.82 37.52 91.50 -3.703757
360 -0.25 271.00 20.50 50.00 -4.218729
390 383.16 145.35 69.16 168.67 4.021897
390 599.50 150.00 41.00 100.00 -0.229111
390 194.80 181.78 24.37 59.45 -0.960863
390 538.62 190.70 26.57 64.81 -0.966101
390 495.00 176.92 31.54 76.92 -1.201763
390 569.21 159.44 34.37 83.83 -1.226684
390 244.76 174.65 24.37 59.45 -1.353031
390 446.99 181.78 24.37 59.45 -1.438528
390 451.75 127.00 20.50 50.00 -1.519694
390 319.75 65.00 20.50 50.00 -1.730155
390 485.75 79.00 20.50 50.00 -1.779345
390 470.78 193.66 24.37 59.45 -2.013169
390 359.00 68.00 82.00 200.00 -2.291061
390 419.75 45.00 20.50 50.00 -2.978541
390 266.56 29.84 26.57 64.81 -3.043731
390 427.85 40.36 22.38 54.58 -3.257933
390 281.59 26.82 28.92 70.53 -3.577373
390 549.33 16.63 48.64 118.64 -4.596325
420 504.32 179.29 28.92 70.53 3.798543
420 231.00 140.00 82.00 200.00 3.766067
420 516.54 176.92 31.54 76.92 -0.269198
420 205.06 136.62 75.52 184.20 -0.275156
420 363.75 195.00 20.50 50.00 -0.496078
420 482.96 106.93 48.64 118.64 -1.213424
420 509.96 165.18 28.92 70.53 -1.838508
420 371.50 166.00 41.00 100.00 -1.885565
420 383.00 52.00 82.00 200.00 -2.201596
420 287.29 19.46 26.57 64.81 -3.226381
420 602.97 12.82 37.52 91.50 -3.596083
420 301.15 7.69 31.54 76.92 -3.972861
420 455.71 14.27 26.57 64.81 -4.318262
450 556.54 176.92 31.54 76.92 5.881757
450 525.77 180.00 31.54 76.92 4.130814
450 538.08 186.15 31.54 76.92 0.171198
450 291.75 159.00 20.50 50.00 -0.316090
450 566.40 181.37 37.52 91.50 -0.852273
450 599.50 182.00 41.00 100.00 -0.968774
450 33.75 131.00 20.50 50.00 -1.028381
450 303.75 153.00 20.50 50.00 -1.189031
450 353.75 27.00 20.50 50.00 -3.487894
450 298.50 9.88 28.92 70.53 -3.915437
450 315.42 9.88 28.92 70.53 -3.992389
450 613.77 14.27 26.57 64.81 -4.473176
450 25.59 315.24 26.57 64.81 -4.926838
450 9.75 317.00 20.50 50.00 -6.588033
450 -0.27 328.36 22.38 54.58 -6.987200
480 579.27 176.22 34.37 83.83 5.663486
480 549.11 176.22 34.37 83.83 4.736930
480 592.00 140.20 48.64 118.64 -0.110185
480 562.74 174.05 37.52 91.50 -0.355649
480 69.12 124.36 44.67 108.95 -0.515470
480 409.55 24.00 98.11 239.31 -2.780086
480 608.85 20.00 31.54 76.92 -4.093568
510 592.00 163.05 37.52 91.50 4.063005
510 566.40 166.72 37.52 91.50 3.539133
510 577.37 177.71 37.52 91.50 0.492650
510 549.11 169.51 34.37 83.83 0.452282
510 418.08 183.08 31.54 76.92 0.178849
510 381.98 206.18 22.38 54.58 -1.168173
510 462.03 103.06 28.92 70.53 -1.965641
510 353.46 216.92 31.54 76.92 -2.082210
510 -1.31 5.22 107.29 261.69 -3.678220
510 456.69 -1.83 37.52 91.50 -4.454212
540 587.50 170.00 41.00 100.00 2.222234
540 368.99 190.59 28.92 70.53 0.762964
540 619.75 211.00 20.50 50.00 0.035109
540 619.75 165.00 20.50 50.00 -0.094912
540 535.33 210.35 28.92 70.53 -0.554290
540 83.66 137.40 37.52 91.50 -0.628123
540 -0.54 128.73 44.67 108.95 -0.792505
540 150.44 177.82 22.38 54.58 -1.073027
540 379.50 162.00 41.00 100.00 -1.303593
540 37.33 111.68 48.64 118.64 -1.420285
570 582.58 178.06 52.90 129.03 1.462014
570 461.75 183.00 20.50 50.00 1.442100
570 382.75 196.04 24.37 59.45 0.105502
570 471.75 197.00 20.50 50.00 -0.165689
570 602.59 153.82 22.38 54.58 -0.696901
570 431.01 201.88 28.92 70.53 -0.775861
570 61.04 116.44 48.64 118.64 -0.805795
570 611.17 154.38 26.57 64.81 -0.839013
570 -0.71 98.82 57.98 141.42 -1.322246
570 585.12 79.64 22.38 54.58 -1.439808
570 395.65 159.27 44.67 108.95 -1.441548
570 197.75 149.00 20.50 50.00 -1.505588
570 529.75 153.00 20.50 50.00 -1.560744
570 572.57 18.46 34.37 83.83 -4.373936
600 99.75 189.00 20.50 50.00 1.433720
600 538.15 128.47 28.92 70.53 -0.466885
600 542.41 193.01 34.37 83.83 -0.590425
600 567.75 191.00 20.50 50.00 -0.690015
600 323.75 105.00 20.50 50.00 -1.336742
600 27.75 177.00 20.50 50.00 -1.512941
600 395.50 162.00 41.00 100.00 -1.637708
600 517.75 225.00 20.50 50.00 -2.710030
600 608.85 53.85 31.54 76.92 -2.840946
630 449.75 185.00 20.50 50.00 3.674355
630 530.85 177.73 26.57 64.81 3.142722
630 457.75 183.00 20.50 50.00 2.337827
630 30.63 181.78 24.37 59.45 1.739419
630 487.75 183.00 20.50 50.00 1.730587
630 431.75 183.00 20.50 50.00 1.631077
630 473.75 185.00 20.50 50.00 0.776584
630 21.57 184.36 22.38 54.58 0.654823
630 509.75 183.00 20.50 50.00 0.289333
630 85.75 189.00 20.50 50.00 -0.168458
630 465.75 183.00 20.50 50.00 -0.517968
630 439.75 185.00 20.50 50.00 -0.981051
630 336.52 97.30 26.57 64.81 -1.327049
630 251.75 175.00 20.50 50.00 -1.517069
630 231.26 175.64 22.38 54.58 -1.587610
630 12.83 186.55 22.38 54.58 -1.716191
630 619.75 111.00 20.50 50.00 -1.775617
630 615.91 234.06 24.37 59.45 -2.273102
630 615.91 29.70 24.37 59.45 -2.936238
630 569.80 41.45 44.67 108.95 -3.110565
630 423.48 262.91 22.38 54.58 -3.397347
630 -0.59 26.14 48.64 118.64 -4.106201
660 600.18 179.29 28.92 70.53 3.402939
660 534.88 190.91 22.38 54.58 3.000176
660 25.75 193.00 20.50 50.00 1.332684
660 510.85 184.36 22.38 54.58 0.859129
660 528.33 184.36 22.38 54.58 -0.499124
660 441.75 129.00 20.50 50.00 -0.994598
660 499.93 230.18 22.38 54.58 -1.137974
660 231.75 181.00 20.50 50.00 -1.183004
660 499.76 188.11 26.57 64.81 -1.218421
660 619.75 119.00 20.50 50.00 -1.440238
660 342.30 98.61 24.37 59.45 -1.583834
660 53.75 251.00 20.50 50.00 -1.900383
660 549.75 65.00 20.50 50.00 -2.350480
660 455.50 62.00 41.00 100.00 -2.350942
660 587.74 18.07 52.90 129.03 -3.013726
690 580.75 221.45 22.38 54.58 0.769642
690 111.75 163.00 20.50 50.00 -0.317885
690 213.75 175.00 20.50 50.00 -0.527661
690 357.95 127.64 22.38 54.58 -1.426424
690 331.34 79.14 26.57 64.81 -1.467573
690 -0.46 9.16 37.52 91.50 -4.584147
720 353.75 161.00 20.50 50.00 -0.529766
720 229.75 169.00 20.50 50.00 -1.550173
720 264.03 136.36 22.38 54.58 -1.684429
720 611.45 182.12 28.92 70.53 -1.786686
720 611.45 232.94 28.92 70.53 -2.075404
720 214.74 188.11 26.57 64.81 -2.118051
720 613.53 110.50 24.37 59.45 -2.311015
720 439.75 287.00 20.50 50.00 -3.331279
720 -0.46 12.82 37.52 91.50 -4.775583
750 343.75 157.00 20.50 50.00 1.617803
750 351.75 161.00 20.50 50.00 0.467404
750 327.75 125.00 20.50 50.00 0.450284
750 364.51 160.36 22.38 54.58 0.219409
750 380.37 160.40 24.37 59.45 -0.369337
750 257.75 143.00 20.50 50.00 -1.346612
750 619.75 129.00 20.50 50.00 -1.656455
750 491.98 297.08 26.57 64.81 -4.053331
780 335.75 165.00 20.50 50.00 1.317876
780 427.96 179.41 24.37 59.45 0.761689
780 357.75 171.00 20.50 50.00 0.706550
780 319.75 131.00 20.50 50.00 0.446715
780 398.17 152.06 37.52 91.50 0.232804
780 87.31 185.04 37.52 91.50 0.185612
780 445.34 169.95 26.57 64.81 -0.198137
780 173.75 181.00 20.50 50.00 -0.805330
780 -1.00 124.00 82.00 200.00 -0.886773
780 432.22 94.91 22.38 54.58 -1.014506
780 344.85 166.91 22.38 54.58 -1.721930
780 465.75 203.00 20.50 50.00 -1.920976
780 472.04 78.88 34.37 83.83 -2.589527
810 439.47 173.65 28.92 70.53 5.607667
810 470.38 170.77 31.54 76.92 4.978393
810 329.75 167.00 20.50 50.00 2.935834
810 459.21 173.65 28.92 70.53 2.644040
810 482.69 170.77 31.54 76.92 2.456422
810 495.86 173.65 28.92 70.53 1.221626
810 422.02 180.32 26.57 64.81 1.208434
810 314.27 132.00 22.38 54.58 0.850002
810 387.50 150.00 41.00 100.00 0.772484
810 87.05 204.71 28.92 70.53 -0.014527
810 431.01 165.18 28.92 70.53 -0.487764
810 337.75 173.00 20.50 50.00 -0.541996
810 507.53 180.32 26.57 64.81 -0.582451
810 427.75 97.00 20.50 50.00 -0.786908
810 349.75 175.00 20.50 50.00 -0.906443
810 75.77 201.88 28.92 70.53 -0.917947
810 521.23 173.65 28.92 70.53 -1.374463
810 -0.25 197.00 20.50 50.00 -1.447630
810 51.50 208.86 26.57 64.81 -1.933632
810 19.39 212.73 22.38 54.58 -2.351440
840 433.46 183.08 31.54 76.92 4.151746
840 448.59 176.22 34.37 83.83 2.578150
840 470.78 196.04 24.37 59.45 2.134732
840 582.94 190.91 22.38 54.58 2.102768
840 108.94 212.73 22.38 54.58 1.082096
840 525.67 188.11 26.57 64.81 0.796642
840 502.35 188.11 26.57 64.81 0.380774
840 375.50 162.00 41.00 100.00 0.375730
840 479.62 176.92 31.54 76.92 0.213306
840 293.75 143.00 20.50 50.00 0.203527
840 333.75 181.00 20.50 50.00 -0.153555
840 405.64 184.94 28.92 70.53 -0.209930
840 511.23 200.79 24.37 59.45 -0.497298
840 187.31 183.08 31.54 76.92 -0.850276
840 173.75 213.00 20.50 50.00 -0.999722
840 129.75 213.00 20.50 50.00 -1.037194
840 307.75 175.00 20.50 50.00 -1.364839
840 421.15 186.15 31.54 76.92 -1.397041
840 -0.71 183.53 57.98 141.42 -1.496772
840 494.57 198.49 26.57 64.81 -1.873705
840 521.75 213.00 20.50 50.00 -2.651827
870 435.18 189.65 34.37 83.83 5.065063
870 560.70 196.24 28.92 70.53 3.965012
870 418.08 192.31 31.54 76.92 3.736928
870 504.94 195.89 26.57 64.81 1.926382
870 451.94 189.65 34.37 83.83 1.861216
870 383.16 198.49 26.57 64.81 1.048121
870 465.34 182.94 34.37 83.83 0.969852
870 481.76 201.88 28.92 70.53 0.143351
870 279.32 180.00 22.38 54.58 0.106972
870 350.63 170.38 37.52 91.50 -0.230253
870 269.75 149.00 20.50 50.00 -0.275349
870 497.17 203.68 26.57 64.81 -0.586889
870 113.90 219.80 24.37 59.45 -0.985354
870 295.75 189.00 20.50 50.00 -1.009748
870 425.13 172.87 34.37 83.83 -1.119677
870 395.09 210.55 22.38 54.58 -1.370999
870 307.75 189.00 20.50 50.00 -1.624453
870 615.91 100.99 24.37 59.45 -1.790737
870 546.40 208.86 26.57 64.81 -1.917741
870 121.04 212.67 24.37 59.45 -2.422083
870 251.92 63.08 31.54 76.92 -2.517199
900 391.62 196.36 34.37 83.83 5.345308
900 358.12 196.36 34.37 83.83 3.431241
900 378.22 196.36 34.37 83.83 3.361525
900 488.85 201.54 31.54 76.92 3.185445
900 346.43 201.88 28.92 70.53 3.015507
900 405.03 199.72 34.37 83.83 2.500799
900 306.96 204.71 28.92 70.53 2.121241
900 228.10 188.91 24.37 59.45 2.009510
900 442.75 206.27 26.57 64.81 1.812777
900 209.75 189.00 20.50 50.00 0.875865
900 269.63 168.71 48.64 118.64 0.725214
900 418.43 196.36 34.37 83.83 0.442085
900 200.68 180.00 22.38 54.58 -0.585405
900 199.75 157.00 20.50 50.00 -0.923528
900 619.75 127.00 20.50 50.00 -1.118380
900 255.75 185.00 20.50 50.00 -1.307911
900 218.59 184.16 24.37 59.45 -1.410631
900 238.06 182.92 26.57 64.81 -1.702814
900 473.46 213.85 31.54 76.92 -2.026835
930 120.23 199.69 37.52 91.50 4.149931
930 200.69 199.69 37.52 91.50 2.692710
930 67.50 194.00 41.00 100.00 2.015748
930 87.50 194.00 41.00 100.00 0.952653
930 156.80 192.37 37.52 91.50 0.781063
930 105.60 199.69 37.52 91.50 0.175705
930 50.74 188.70 37.52 91.50 -0.205450
930 139.50 186.00 41.00 100.00 -0.721636
930 417.75 233.00 20.50 50.00 -0.827929
930 413.75 221.00 20.50 50.00 -0.843879
930 387.20 199.69 37.52 91.50 -1.339068
960 133.55 157.42 52.90 129.03 1.071689
960 515.75 27.00 20.50 50.00 -3.380898
990 617.88 160.36 22.38 54.58 0.680040
990 599.75 197.00 20.50 50.00 0.176476
990 615.91 127.13 24.37 59.45 -1.691068
1020 407.75 193.00 20.50 50.00 1.457633
1020 91.75 199.00 20.50 50.00 0.141135
1020 421.75 129.00 20.50 50.00 0.031957
1020 152.63 188.73 22.38 54.58 -0.117133
1020 140.07 184.16 24.37 59.45 -0.165881
1020 463.50 150.00 41.00 100.00 -0.351708
1020 98.14 151.78 26.57 64.81 -0.462316
1020 87.77 151.78 26.57 64.81 -0.471271
1020 424.62 146.59 26.57 64.81 -0.680499
1020 56.05 137.45 44.67 108.95 -1.221115
1020 99.75 199.00 20.50 50.00 -1.264531
1020 482.69 180.00 31.54 76.92 -1.300237
1020 357.95 92.73 22.38 54.58 -1.541164
1020 439.47 145.41 28.92 70.53 -1.630251
1020 389.75 193.00 20.50 50.00 -1.746329
1020 510.85 108.00 22.38 54.58 -1.797957
1020 504.30 201.82 22.38 54.58 -1.821847
1020 560.70 218.82 28.92 70.53 -1.886443
1020 520.49 89.51 26.57 64.81 -2.169901
1020 532.64 207.92 24.37 59.45 -2.213557
1020 561.75 63.00 20.50 50.00 -2.651465
1020 455.71 53.19 26.57 64.81 -2.904481
1020 515.50 -2.00 41.00 100.00 -4.709939
1050 532.36 196.36 34.37 83.83 0.603264
1050 69.64 144.00 26.57 64.81 0.428066
1050 515.50 170.00 41.00 100.00 0.069920
1050 430.38 136.92 31.54 76.92 -0.072890
1050 56.03 142.59 28.92 70.53 -0.255779
1050 93.65 190.91 22.38 54.58 -0.663453
1050 437.47 112.87 24.37 59.45 -0.840274
1050 84.92 193.09 22.38 54.58 -0.936528
1050 9.75 129.00 20.50 50.00 -1.122026
1050 255.75 201.00 20.50 50.00 -1.314056
1050 364.51 77.45 22.38 54.58 -1.469371
1050 103.75 187.00 20.50 50.00 -1.499550
1050 383.75 65.00 20.50 50.00 -1.880903
1050 543.28 33.60 98.11 239.31 -2.114325
1050 449.78 92.67 48.64 118.64 -2.161520
1050 521.75 61.00 20.50 50.00 -2.824122
1080 442.23 186.53 24.37 59.45 0.664124
1080 619.75 97.00 20.50 50.00 -0.105320
1080 449.37 119.08 37.52 91.50 -0.141039
1080 34.68 195.27 22.38 54.58 -1.281013
1080 605.99 185.51 26.57 64.81 -1.355335
1080 118.06 182.12 28.92 70.53 -1.657111
1080 66.32 136.63 24.37 59.45 -1.740668
1080 44.91 196.04 24.37 59.45 -1.776334
1080 470.48 182.12 28.92 70.53 -2.075503
1080 497.75 41.00 20.50 50.00 -2.105543
1080 619.75 39.00 20.50 50.00 -2.652525
1110 469.35 184.36 22.38 54.58 7.309696
1110 445.11 159.53 28.92 70.53 1.106015
1110 502.35 172.54 26.57 64.81 1.057350
1110 176.66 186.55 22.38 54.58 0.491292
1110 10.04 193.30 26.57 64.81 0.356040
1110 455.50 118.00 41.00 100.00 0.319032
1110 461.75 187.00 20.50 50.00 0.002517
1110 539.32 159.27 44.67 108.95 -0.103581
1110 478.94 162.35 28.92 70.53 -0.428462
1110 167.75 161.00 20.50 50.00 -0.667191
1110 73.75 199.00 20.50 50.00 -0.842310
1110 29.74 122.52 34.37 83.83 -1.348303
1110 517.75 73.00 20.50 50.00 -1.362319
1110 139.52 164.73 22.38 54.58 -1.892793
1110 -0.50 122.00 41.00 100.00 -1.989941
1110 595.92 102.55 44.67 108.95 -2.140610
1110 491.75 193.00 20.50 50.00 -2.315471
1110 380.37 32.08 24.37 59.45 -2.444424
1140 494.57 181.78 24.37 59.45 5.760748
1140 505.55 162.80 34.37 83.83 0.508603
1140 337.75 167.00 20.50 50.00 0.015515
1140 458.71 95.48 52.90 129.03 -0.075925
1140 99.75 197.00 20.50 50.00 -0.216079
1140 103.75 179.00 20.50 50.00 -1.023806
1140 532.64 174.65 24.37 59.45 -1.224343
1140 435.09 177.03 24.37 59.45 -1.325571
1140 163.75 187.00 20.50 50.00 -1.506224
1140 107.75 163.00 20.50 50.00 -1.907616
1140 177.27 153.88 28.92 70.53 -1.925819
1140 552.35 46.91 22.38 54.58 -2.442157
1140 541.43 25.09 22.38 54.58 -2.906499
1140 477.24 25.85 75.52 184.20 -3.597760
1170 538.15 176.47 28.92 70.53 4.717882
1170 519.59 180.00 22.38 54.58 4.087574
1170 123.56 146.01 34.37 83.83 1.206615
1170 458.30 177.73 26.57 64.81 0.618078
1170 528.26 172.54 26.57 64.81 0.298912
1170 511.75 185.00 20.50 50.00 -0.136009
1170 559.00 36.00 82.00 200.00 -0.878291
1170 335.75 165.00 20.50 50.00 -1.210080
1170 351.75 165.00 20.50 50.00 -1.289101
1170 481.75 183.00 20.50 50.00 -1.451507
1170 157.53 151.06 28.92 70.53 -1.517819
1170 379.75 49.00 20.50 50.00 -2.028461
1170 539.78 32.08 24.37 59.45 -2.414483
1170 539.25 12.00 22.38 54.58 -4.333988
1170 608.63 7.06 28.92 70.53 -4.482914
1200 573.09 172.28 24.37 59.45 4.182590
1200 615.91 167.52 24.37 59.45 1.856663
1200 499.50 158.00 41.00 100.00 0.712580
1200 554.17 162.16 26.57 64.81 0.533844
1200 -0.42 162.80 34.37 83.83 0.403869
1200 144.23 149.23 31.54 76.92 -0.298650
1200 504.49 85.09 44.67 108.95 -0.359260
1200 316.45 160.36 22.38 54.58 -0.857427
1200 564.53 156.97 26.57 64.81 -0.909777
1200 96.75 139.30 34.37 83.83 -1.088653
1200 327.75 163.00 20.50 50.00 -1.348708
1200 78.59 159.53 28.92 70.53 -1.809377
1200 619.75 109.00 20.50 50.00 -1.923693
1200 519.50 154.00 41.00 100.00 -1.954893
1200 619.75 39.00 20.50 50.00 -3.329181
1200 504.32 12.71 28.92 70.53 -3.455041
1200 619.75 9.00 20.50 50.00 -3.898936
1200 516.15 11.88 48.64 118.64 -4.041052
1200 451.75 5.94 24.37 59.45 -4.082705
1230 366.10 158.02 24.37 59.45 -0.607549
1230 151.11 116.44 48.64 118.64 -0.987618
1230 123.89 133.74 37.52 91.50 -1.120516
1230 377.75 169.00 20.50 50.00 -1.290762
1230 349.22 153.82 22.38 54.58 -1.399571
1230 56.55 142.66 34.37 83.83 -1.446259
1230 357.75 167.00 20.50 50.00 -1.512573
1230 599.50 126.00 41.00 100.00 -1.889272
1260 406.48 159.57 26.57 64.81 0.251749
1260 456.69 141.07 37.52 91.50 -0.294004
1260 510.12 99.89 26.57 64.81 -1.091091
1260 379.75 159.00 20.50 50.00 -1.185414
1260 508.90 203.08 34.37 83.83 -1.367653
1260 84.74 116.44 48.64 118.64 -1.493635
1260 35.95 151.78 26.57 64.81 -1.568095
1260 177.75 153.00 20.50 50.00 -1.575614
1260 529.75 119.00 20.50 50.00 -1.689505
1260 619.75 281.00 20.50 50.00 -3.226051
1290 381.75 159.00 20.50 50.00 0.042217
1290 389.75 161.00 20.50 50.00 -0.046156
1290 -0.50 138.00 41.00 100.00 -0.342074
1290 123.75 189.00 20.50 50.00 -0.356074
1290 375.75 165.00 20.50 50.00 -0.400221
1290 425.67 177.82 22.38 54.58 -0.423414
1290 529.69 210.35 28.92 70.53 -0.966459
1290 611.33 182.18 22.38 54.58 -0.991418
1290 171.92 143.08 31.54 76.92 -1.134540
1290 497.75 133.00 20.50 50.00 -1.487002
1290 489.01 94.91 22.38 54.58 -2.104783
1290 47.58 255.53 28.92 70.53 -2.594521
1320 602.69 210.77 31.54 76.92 0.707011
1320 373.75 159.00 20.50 50.00 0.088416
1320 49.97 177.82 22.38 54.58 -0.117986
1320 456.25 188.73 22.38 54.58 -0.552063
1320 468.69 142.66 34.37 83.83 -0.662481
1320 390.93 149.19 26.57 64.81 -0.779192
1320 405.75 167.00 20.50 50.00 -0.845868
1320 360.14 151.64 22.38 54.58 -0.924227
1320 72.92 93.18 57.98 141.42 -1.323940
1320 301.86 103.37 24.37 59.45 -1.391921
1320 151.50 134.00 41.00 100.00 -1.448829
1320 546.40 73.95 26.57 64.81 -2.738346
1320 565.75 43.00 20.50 50.00 -3.573821
1320 -0.84 300.85 69.16 168.67 -3.614821
1350 421.15 140.00 31.54 76.92 0.933704
1350 399.62 140.00 31.54 76.92 0.555246
1350 465.75 181.00 20.50 50.00 0.287784
1350 432.22 182.18 22.38 54.58 0.177176
1350 510.38 180.00 31.54 76.92 -0.216952
1350 522.30 176.22 34.37 83.83 -0.530544
1350 187.75 175.00 20.50 50.00 -0.886562
1350 357.71 148.24 28.92 70.53 -0.889573
1350 473.16 165.15 24.37 59.45 -0.897099
1350 28.51 62.77 75.52 184.20 -0.930944
1350 175.76 162.77 24.37 59.45 -1.161954
1350 15.02 182.18 22.38 54.58 -1.282584
1350 -0.92 33.23 75.52 184.20 -3.246898
1380 556.43 169.90 24.37 59.45 3.208637
1380 449.75 173.00 20.50 50.00 2.274404
1380 519.75 183.00 20.50 50.00 2.153706
1380 462.80 169.09 22.38 54.58 1.599615
1380 173.38 162.77 24.37 59.45 1.210879
1380 388.53 153.82 22.38 54.58 0.699354
1380 487.75 183.00 20.50 50.00 0.589660
1380 415.08 132.59 34.37 83.83 0.250227
1380 540.97 153.88 28.92 70.53 0.150640
1380 595.92 159.27 44.67 108.95 0.049524
1380 372.79 144.00 26.57 64.81 -0.095595
1380 439.75 127.00 20.50 50.00 -0.154137
1380 441.75 173.00 20.50 50.00 -0.330863
1380 469.35 177.82 22.38 54.58 -1.013075
1380 -1.00 44.00 82.00 200.00 -2.169045
1380 353.58 16.36 22.38 54.58 -3.954193
1410 481.75 173.00 20.50 50.00 5.580744
1410 463.75 173.00 20.50 50.00 5.487419
1410 549.43 170.82 28.92 70.53 5.282895
1410 473.75 173.00 20.50 50.00 2.900946
1410 613.77 164.76 26.57 64.81 2.737957
1410 489.01 169.09 22.38 54.58 1.915454
1410 388.34 146.59 26.57 64.81 0.606773
1410 154.71 168.00 28.92 70.53 0.591941
1410 407.11 111.68 48.64 118.64 0.250154
1410 495.56 175.64 22.38 54.58 -0.093316
1410 538.62 177.73 26.57 64.81 -0.327527
1410 2.93 162.80 34.37 83.83 -0.798089
1410 371.81 136.94 28.92 70.53 -1.155721
1410 523.96 188.73 22.38 54.58 -1.236554
1410 397.27 108.00 22.38 54.58 -1.335666
1410 426.07 111.68 48.64 118.64 -1.445035
1410 587.75 215.00 20.50 50.00 -1.564570
1410 587.75 147.00 20.50 50.00 -1.616783
1410 5.75 57.00 20.50 50.00 -1.895377
1410 522.69 106.15 31.54 76.92 -1.980391
1440 523.96 173.45 22.38 54.58 5.227871
1440 495.56 171.27 22.38 54.58 4.283157
1440 537.06 175.64 22.38 54.58 4.043335
1440 511.75 175.00 20.50 50.00 3.282250
1440 437.75 179.00 20.50 50.00 3.089925
1440 530.51 166.91 22.38 54.58 1.557115
1440 463.75 179.00 20.50 50.00 1.404618
1440 147.37 162.16 26.57 64.81 0.802349
1440 3.75 201.00 20.50 50.00 0.459055
1440 455.75 181.00 20.50 50.00 -0.044918
1440 381.57 125.87 34.37 83.83 -0.384882
1440 396.54 136.92 31.54 76.92 -0.443571
1440 449.37 93.86 24.37 59.45 -0.780302
1440 545.80 180.00 22.38 54.58 -1.164480
1440 467.75 119.00 20.50 50.00 -1.933987
1440 422.56 86.12 28.92 70.53 -2.151623
1470 425.67 175.64 22.38 54.58 5.946623
1470 561.75 179.00 20.50 50.00 5.040056
1470 439.75 177.00 20.50 50.00 4.791974
1470 577.62 162.35 28.92 70.53 4.477142
1470 453.75 177.00 20.50 50.00 2.718164
1470 594.54 165.18 28.92 70.53 1.600371
1470 567.75 185.00 20.50 50.00 1.175325
1470 131.75 173.00 20.50 50.00 -0.365873
1470 411.66 164.76 26.57 64.81 -0.386597
1470 350.32 95.48 52.90 129.03 -0.476411
1470 411.28 83.29 28.92 70.53 -0.740381
1470 495.75 183.00 20.50 50.00 -1.074618
1470 119.75 183.00 20.50 50.00 -1.184073
1470 504.09 62.97 24.37 59.45 -1.348708
1470 301.16 90.55 22.38 54.58 -1.502462
1470 427.75 101.00 20.50 50.00 -1.599346
1470 401.78 93.86 24.37 59.45 -1.807669
1470 528.26 86.92 26.57 64.81 -2.103555
1470 543.62 92.73 22.38 54.58 -2.218075
1470 485.75 61.00 20.50 50.00 -2.944740
1470 456.25 33.82 22.38 54.58 -3.459793
1500 408.92 174.65 24.37 59.45 10.190308
1500 444.61 169.90 24.37 59.45 8.108662
1500 399.45 180.00 22.38 54.58 4.115042
1500 568.85 158.46 31.54 76.92 3.557782
1500 419.11 177.82 22.38 54.58 3.419556
1500 454.13 172.28 24.37 59.45 3.057056
1500 435.09 172.28 24.37 59.45 1.193270
1500 449.37 158.02 24.37 59.45 0.546581
1500 366.69 166.91 22.38 54.58 0.071015
1500 547.99 184.36 22.38 54.58 -0.188237
1500 580.44 170.82 28.92 70.53 -0.325794
1500 563.28 188.73 22.38 54.58 -0.744354
1500 411.75 123.00 20.50 50.00 -0.766855
1500 429.75 189.00 20.50 50.00 -0.908825
1500 303.34 81.82 22.38 54.58 -1.257601
1500 428.19 69.18 28.92 70.53 -1.315626
1500 393.75 171.00 20.50 50.00 -1.411500
1500 112.42 162.35 28.92 70.53 -1.488323
1500 617.88 97.09 22.38 54.58 -1.577738
1500 321.37 133.74 37.52 91.50 -1.713072
1500 599.75 193.00 20.50 50.00 -2.012858
1500 617.88 29.45 22.38 54.58 -2.241758
1500 381.75 59.00 20.50 50.00 -2.430276
1500 606.07 48.67 34.37 83.83 -2.965498
1500 535.75 13.00 20.50 50.00 -3.251245
1500 541.43 25.09 22.38 54.58 -3.272035
1500 568.33 34.45 24.37 59.45 -3.418813
1500 520.49 19.46 26.57 64.81 -3.720222
1500 585.12 12.00 22.38 54.58 -4.426754
1500 491.19 -1.09 22.38 54.58 -4.679961
1530 368.85 170.77 31.54 76.92 8.963221
1530 416.84 169.95 26.57 64.81 8.699992
1530 354.89 170.82 28.92 70.53 5.195572
1530 383.08 173.65 28.92 70.53 3.139843
1530 466.02 150.89 24.37 59.45 2.194965
1530 408.92 167.52 24.37 59.45 0.413377
1530 565.86 152.73 34.37 83.83 -0.078850
1530 344.68 179.41 24.37 59.45 -0.161372
1530 277.13 171.27 22.38 54.58 -0.195102
1530 619.75 127.00 20.50 50.00 -0.506289
1530 5.75 181.00 20.50 50.00 -1.176719
1530 416.06 112.87 24.37 59.45 -1.177980
1530 377.99 153.27 24.37 59.45 -1.184156
1530 401.64 81.82 22.38 54.58 -1.238994
1530 436.54 56.92 31.54 76.92 -1.693786
1530 427.85 79.64 22.38 54.58 -1.797922
1530 555.75 183.00 20.50 50.00 -1.842122
1530 454.06 88.36 22.38 54.58 -1.857058
1530 290.04 57.88 28.92 70.53 -2.676302
1530 615.91 81.98 24.37 59.45 -2.764960
1560 295.77 170.38 37.52 91.50 7.317250
1560 351.41 166.15 34.37 83.83 6.646153
1560 267.64 176.22 34.37 83.83 4.335439
1560 311.20 179.58 34.37 83.83 1.648118
1560 254.24 169.51 34.37 83.83 1.620616
1560 363.50 158.00 41.00 100.00 0.010946
1560 456.39 94.59 28.92 70.53 -0.029304
1560 475.75 169.00 20.50 50.00 -0.035444
1560 67.14 142.86 117.14 285.71 -0.300768
1560 338.01 166.15 34.37 83.83 -0.466345
1560 316.54 152.31 31.54 76.92 -0.671830
1560 451.75 162.77 24.37 59.45 -0.870939
1560 168.62 179.41 24.37 59.45 -1.660056
1560 391.29 80.73 44.67 108.95 -1.669997
1560 347.31 143.08 31.54 76.92 -1.738587
1560 431.83 48.67 34.37 83.83 -2.248265
1560 461.75 53.00 20.50 50.00 -2.315175
1560 571.79 57.47 69.16 168.67 -2.402538
1560 277.13 51.27 22.38 54.58 -3.055757
1560 2.27 297.08 26.57 64.81 -4.889919
1590 193.78 163.96 48.64 118.64 7.637583
1590 271.50 158.00 41.00 100.00 6.298067
1590 455.75 169.00 20.50 50.00 6.001611
1590 335.75 171.00 20.50 50.00 4.457067
1590 365.75 173.00 20.50 50.00 4.017688
1590 151.50 166.00 41.00 100.00 3.489355
1590 343.75 169.00 20.50 50.00 1.049159
1590 615.91 150.89 24.37 59.45 0.748292
1590 100.10 125.87 34.37 83.83 0.518398
1590 499.75 165.00 20.50 50.00 -0.233121
1590 263.50 178.00 41.00 100.00 -0.402447
1590 177.96 172.36 44.67 108.95 -0.680863
1590 151.50 130.00 41.00 100.00 -0.811088
1590 461.75 161.00 20.50 50.00 -0.885375
1590 387.50 118.00 41.00 100.00 -0.897586
1590 427.21 94.70 26.57 64.81 -0.903738
1590 255.50 154.00 41.00 100.00 -1.092067
1590 163.50 182.00 41.00 100.00 -1.263346
1590 367.75 159.00 20.50 50.00 -1.268491
1590 608.85 112.31 31.54 76.92 -1.412458
1590 470.38 75.39 31.54 76.92 -2.210709
1590 435.18 41.96 34.37 83.83 -2.656272
1590 90.88 233.45 44.67 108.95 -2.884378
1590 447.50 18.00 41.00 100.00 -3.093847
1590 475.75 39.00 20.50 50.00 -3.230699
1590 253.60 27.24 26.57 64.81 -3.546936
1620 151.11 149.70 48.64 118.64 8.068851
1620 50.27 149.65 57.98 141.42 7.191006
1620 295.75 169.00 20.50 50.00 5.720327
1620 255.29 162.55 22.38 54.58 4.657695
1620 231.75 169.00 20.50 50.00 3.837122
1620 4.15 154.46 48.64 118.64 3.553552
1620 137.34 169.09 22.38 54.58 3.085108
1620 329.75 169.00 20.50 50.00 1.586177
1620 165.33 163.96 48.64 118.64 1.569524
1620 525.67 159.57 26.57 64.81 1.132460
1620 27.61 155.29 57.98 141.42 0.678774
1620 87.31 111.76 37.52 91.50 0.639098
1620 220.97 155.64 24.37 59.45 -0.405527
1620 426.07 87.92 48.64 118.64 -0.536700
1620 337.55 158.02 24.37 59.45 -0.623892
1620 305.75 171.00 20.50 50.00 -0.814902
1620 398.32 122.52 34.37 83.83 -0.901624
1620 151.89 122.82 28.92 70.53 -1.156008
1620 137.75 145.00 20.50 50.00 -1.502627
1620 619.75 127.00 20.50 50.00 -1.788588
1620 617.88 84.00 22.38 54.58 -1.852076
1620 21.22 128.73 44.67 108.95 -2.068945
1620 455.17 48.00 75.52 184.20 -2.193043
1620 479.75 27.00 20.50 50.00 -2.713038
1620 445.71 23.82 37.52 91.50 -3.161009
1620 458.08 7.69 31.54 76.92 -4.068397
1650 257.75 173.00 20.50 50.00 7.343118
1650 219.92 164.76 26.57 64.81 6.788689
1650 14.84 152.26 52.90 129.03 6.363701
1650 289.75 177.00 20.50 50.00 5.521611
1650 163.75 177.00 20.50 50.00 5.068995
1650 185.75 177.00 20.50 50.00 4.888150
1650 209.55 164.76 26.57 64.81 4.142838
1650 -0.59 173.47 48.64 118.64 1.712509
1650 172.29 175.64 22.38 54.58 1.237474
1650 296.79 171.27 22.38 54.58 0.920234
1650 281.75 177.00 20.50 50.00 0.394211
1650 249.75 173.00 20.50 50.00 -0.207477
1650 453.75 81.00 20.50 50.00 -0.284151
1650 75.50 114.00 41.00 100.00 -0.415855
1650 193.75 177.00 20.50 50.00 -0.422795
1650 154.81 169.09 22.38 54.58 -0.666156
1650 91.50 118.00 41.00 100.00 -1.497911
1650 266.56 159.57 26.57 64.81 -1.561447
1650 -0.32 136.22 26.57 64.81 -1.594118
1650 23.00 125.84 26.57 64.81 -1.721421
1650 482.72 58.91 44.67 108.95 -1.911244
1650 381.61 55.38 75.52 184.20 -2.288605
1650 455.29 25.18 34.37 83.83 -3.280647
1650 491.75 25.00 20.50 50.00 -3.483582
1650 471.26 6.49 26.57 64.81 -3.619471
1680 463.75 85.00 20.50 50.00 0.282456
1680 407.50 122.00 41.00 100.00 0.165417
1680 523.75 183.00 20.50 50.00 -0.537959
1680 455.75 85.00 20.50 50.00 -1.353003
1680 500.57 71.45 37.52 91.50 -1.421007
1680 75.75 115.00 20.50 50.00 -1.473412
1680 494.57 60.59 24.37 59.45 -2.654146
1680 464.23 32.31 31.54 76.92 -2.803313
1680 497.75 25.09 22.38 54.58 -2.918396
1680 479.62 7.69 31.54 76.92 -3.420159
1680 267.64 15.11 34.37 83.83 -3.713050
1680 497.75 -1.09 22.38 54.58 -4.569903
1710 93.65 186.55 22.38 54.58 7.058604
1710 139.60 175.14 26.57 64.81 4.818001
1710 161.37 184.36 22.38 54.58 4.805756
1710 54.42 184.16 24.37 59.45 3.530095
1710 209.75 185.00 20.50 50.00 2.902716
1710 82.97 181.78 24.37 59.45 1.664144
1710 201.75 185.00 20.50 50.00 1.130666
1710 170.10 182.18 22.38 54.58 1.118401
1710 530.51 147.27 22.38 54.58 0.099395
1710 153.75 189.00 20.50 50.00 -0.405491
1710 507.89 104.43 37.52 91.50 -0.545175
1710 87.31 126.41 37.52 91.50 -0.693466
1710 465.75 87.00 20.50 50.00 -1.019632
1710 434.40 142.91 22.38 54.58 -1.205603
1710 72.69 126.41 37.52 91.50 -1.476738
1710 411.28 83.29 28.92 70.53 -1.587524
1710 421.77 41.45 44.67 108.95 -2.036768
1710 487.70 64.16 48.64 118.64 -2.162589
1710 482.69 7.69 31.54 76.92 -3.166926
1710 465.34 25.18 34.37 83.83 -3.294904
1710 243.75 5.00 20.50 50.00 -4.615129
1710 425.67 -1.09 22.38 54.58 -4.704314
1740 104.39 186.53 24.37 59.45 7.705448
1740 159.18 188.73 22.38 54.58 6.661312
1740 280.45 181.78 24.37 59.45 5.972988
1740 356.54 164.62 31.54 76.92 5.963545
1740 115.75 191.00 20.50 50.00 5.305961
1740 170.10 186.55 22.38 54.58 4.997896
1740 150.44 186.55 22.38 54.58 4.868153
1740 57.75 195.00 20.50 50.00 3.162796
1740 66.45 121.29 52.90 129.03 0.924775
1740 51.75 189.00 20.50 50.00 0.642618
1740 469.35 81.82 22.38 54.58 -0.381135
1740 408.71 120.00 44.67 108.95 -0.585227
1740 -0.59 144.95 48.64 118.64 -0.738504
1740 126.64 175.14 26.57 64.81 -0.841420
1740 504.23 75.11 37.52 91.50 -1.325800
1740 369.52 128.73 44.67 108.95 -1.663301
1740 450.53 97.30 26.57 64.81 -1.741533
1740 447.51 66.55 22.38 54.58 -1.937560
1740 122.05 197.45 22.38 54.58 -2.265023
1740 470.38 32.31 31.54 76.92 -3.251674
1740 482.69 7.69 31.54 76.92 -4.025834
1770 65.67 129.60 98.11 239.31 9.771591
1770 409.07 175.14 26.57 64.81 4.798914
1770 111.00 156.00 82.00 200.00 4.202005
1770 33.97 135.27 89.69 218.76 1.756172
1770 417.41 124.36 44.67 108.95 0.742443
1770 342.66 169.09 22.38 54.58 -0.301181
1770 329.75 179.00 20.50 50.00 -0.824320
1770 499.50 66.00 41.00 100.00 -0.874421
1770 525.75 155.00 20.50 50.00 -1.076505
1770 46.57 225.60 98.11 239.31 -1.089782
1770 454.62 83.08 63.08 153.85 -1.920095
1770 469.66 15.27 44.67 108.95 -3.489242
1800 60.27 126.55 89.69 218.76 10.433180
1800 247.16 129.60 98.11 239.31 8.913906
1800 33.01 186.53 24.37 59.45 7.137709
1800 206.69 184.16 24.37 59.45 5.506285
1800 25.94 195.27 22.38 54.58 3.076361
1800 86.58 152.73 89.69 218.76 2.313620
1800 42.74 170.18 89.69 218.76 0.686966
1800 211.45 172.28 24.37 59.45 0.129186
1800 266.27 177.60 98.11 239.31 0.049582
1800 467.75 91.00 20.50 50.00 -0.106938
1800 421.15 130.77 31.54 76.92 -0.661893
1800 266.27 81.60 98.11 239.31 -0.780346
1800 499.50 70.00 41.00 100.00 -0.896380
1800 231.61 250.32 52.90 129.03 -1.263278
1800 8.46 193.09 22.38 54.58 -1.521102
1800 228.06 72.00 98.11 239.31 -1.583801
1800 381.75 143.00 20.50 50.00 -1.614768
1800 428.48 35.24 34.37 83.83 -3.375054
1800 465.31 10.91 44.67 108.95 -4.043896
1800 499.76 1.30 26.57 64.81 -4.459992
1830 209.32 126.55 89.69 218.76 8.867020
1830 323.00 186.55 22.38 54.58 8.161608
1830 428.66 129.60 98.11 239.31 7.402319
1830 384.66 135.27 89.69 218.76 5.253036
1830 85.39 138.46 63.08 153.85 4.363528
1830 45.75 195.00 20.50 50.00 3.156404
1830 -0.32 185.51 26.57 64.81 2.995749
1830 66.92 120.00 63.08 153.85 2.243489
1830 331.74 184.36 22.38 54.58 2.070445
1830 226.85 170.18 89.69 218.76 1.645664
1830 58.70 195.27 22.38 54.58 0.999762
1830 112.57 149.65 57.98 141.42 0.598850
1830 183.00 164.00 82.00 200.00 0.573031
1830 235.62 100.36 89.69 218.76 -0.159776
1830 471.75 89.00 20.50 50.00 -0.372985
1830 313.75 189.00 20.50 50.00 -0.411801
1830 10.04 182.92 26.57 64.81 -1.152630
1830 8.46 158.18 22.38 54.58 -1.290524
1830 399.00 220.00 82.00 200.00 -1.419838
1830 479.00 52.00 82.00 200.00 -1.469359
1830 442.06 78.78 37.52 91.50 -2.184689
1830 361.79 43.20 98.11 239.31 -2.855745
1830 470.38 32.31 31.54 76.92 -3.223788
1830 485.06 5.94 24.37 59.45 -3.860125
1830 277.49 12.82 37.52 91.50 -3.861779
1830 426.07 11.88 48.64 118.64 -3.972522
