30 543.62 156.00 22.38 54.58 3.218780
30 605.81 145.41 28.92 70.53 0.954579
30 528.26 151.78 26.57 64.81 0.169021
30 447.75 125.00 20.50 50.00 0.085812
30 551.67 150.89 24.37 59.45 0.003881
30 456.60 111.27 44.67 108.95 -0.047545
30 495.50 118.00 41.00 100.00 -0.549048
30 415.50 122.00 41.00 100.00 -0.695473
30 396.11 133.62 26.57 64.81 -0.832065
30 531.75 95.00 20.50 50.00 -1.097306
30 479.50 118.00 41.00 100.00 -1.357423
30 594.54 148.24 28.92 70.53 -1.615487
30 347.03 42.55 22.38 54.58 -2.007060
30 410.38 53.45 22.38 54.58 -2.726454
30 357.25 35.03 26.57 64.81 -3.223347
30 236.77 28.39 52.90 129.03 -3.234013
30 439.75 27.00 20.50 50.00 -3.509681
60 619.75 191.00 20.50 50.00 1.616279
60 590.45 164.76 26.57 64.81 0.341484
60 495.78 115.64 44.67 108.95 -0.107025
60 447.75 125.00 20.50 50.00 -0.520274
60 403.82 129.82 22.38 54.58 -0.576811
60 461.99 132.59 34.37 83.83 -0.587835
60 474.97 126.41 37.52 91.50 -0.771890
60 605.75 173.00 20.50 50.00 -1.066182
60 521.90 102.55 44.67 108.95 -1.075714
60 15.75 149.00 20.50 50.00 -1.231893
60 468.66 92.11 26.57 64.81 -1.254203
60 145.75 101.00 20.50 50.00 -1.361201
60 395.09 132.00 22.38 54.58 -1.468510
60 206.69 165.15 24.37 59.45 -1.721589
60 401.64 147.27 22.38 54.58 -1.876729
60 429.80 151.78 26.57 64.81 -1.881770
60 430.33 48.71 24.37 59.45 -2.525354
60 231.61 18.07 52.90 129.03 -3.017812
60 441.75 23.00 20.50 50.00 -3.820957
90 400.00 141.82 44.67 108.95 1.689369
90 217.75 105.00 20.50 50.00 0.141319
90 449.75 207.00 20.50 50.00 -0.077738
90 471.75 107.00 20.50 50.00 -0.327615
90 390.93 102.49 26.57 64.81 -0.403519
90 75.77 162.35 28.92 70.53 -0.534779
90 417.41 137.45 44.67 108.95 -0.805185
90 456.60 137.45 44.67 108.95 -1.019090
90 213.75 75.00 20.50 50.00 -1.047127
90 -0.54 154.91 44.67 108.95 -1.135417
90 400.00 91.77 28.92 70.53 -1.687947
90 346.88 45.41 26.57 64.81 -1.757261
90 223.50 46.00 41.00 100.00 -1.979733
90 171.63 63.53 28.92 70.53 -2.810388
90 141.63 45.15 48.64 118.64 -3.002420
90 241.94 23.23 52.90 129.03 -3.742447
90 605.81 21.18 28.92 70.53 -4.263222
120 590.38 180.00 31.54 76.92 1.622910
120 368.46 132.31 63.08 153.85 0.776548
120 451.75 149.00 20.50 50.00 0.002347
120 475.50 146.00 41.00 100.00 -0.249947
120 363.35 108.71 28.92 70.53 -0.340065
120 611.45 122.82 28.92 70.53 -0.340855
120 492.44 125.94 48.64 118.64 -0.436314
120 431.09 163.05 37.52 91.50 -0.723726
120 175.87 76.54 26.57 64.81 -0.849057
120 33.75 173.00 20.50 50.00 -1.307414
120 365.75 69.00 20.50 50.00 -1.968432
120 245.77 66.15 31.54 76.92 -2.292345
120 377.98 66.16 26.57 64.81 -2.511060
120 65.67 81.60 98.11 239.31 -2.549781
120 617.88 57.82 22.38 54.58 -2.691953
120 211.50 42.00 41.00 100.00 -3.305118
120 101.24 31.06 57.98 141.42 -3.955922
120 303.50 22.00 41.00 100.00 -4.049192
120 391.62 15.11 34.37 83.83 -4.208268
150 311.38 141.39 24.37 59.45 1.063911
150 345.75 141.00 20.50 50.00 0.877084
150 491.92 173.85 31.54 76.92 -0.046496
150 557.75 113.00 20.50 50.00 -0.675150
150 56.80 98.61 24.37 59.45 -0.677602
150 269.63 144.95 48.64 118.64 -0.690755
150 539.85 140.20 48.64 118.64 -0.761532
150 369.19 140.20 48.64 118.64 -1.036291
150 85.18 92.11 26.57 64.81 -1.072726
150 339.93 108.12 24.37 59.45 -1.173992
150 323.50 158.00 41.00 100.00 -1.209259
150 388.15 121.19 48.64 118.64 -1.366645
150 608.85 56.92 31.54 76.92 -1.817961
150 56.80 77.23 24.37 59.45 -2.067606
150 589.49 55.64 22.38 54.58 -2.372485
150 -0.25 219.00 20.50 50.00 -2.570266
150 565.46 55.64 22.38 54.58 -2.673973
150 267.31 50.77 31.54 76.92 -2.681284
150 309.75 31.00 20.50 50.00 -2.918752
150 112.90 33.55 52.90 129.03 -3.594105
180 577.49 193.30 26.57 64.81 0.460493
180 592.00 144.95 48.64 118.64 -0.242534
180 250.67 135.45 48.64 118.64 -0.283808
180 379.89 170.38 37.52 91.50 -0.348465
180 405.75 117.00 20.50 50.00 -0.515797
180 194.80 143.76 24.37 59.45 -0.551457
180 568.85 130.77 31.54 76.92 -0.622899
180 440.30 125.94 48.64 118.64 -0.765345
180 272.90 126.45 52.90 129.03 -1.081644
180 205.06 84.92 75.52 184.20 -1.290560
180 433.75 205.00 20.50 50.00 -1.331464
180 431.75 139.00 20.50 50.00 -1.633592
180 447.51 103.64 22.38 54.58 -1.886447
180 127.16 50.70 69.16 168.67 -2.056800
180 561.75 51.00 20.50 50.00 -2.081987
180 572.31 40.22 26.57 64.81 -2.114218
180 454.06 53.45 22.38 54.58 -2.373743
180 587.36 36.83 24.37 59.45 -2.534913
180 462.80 53.45 22.38 54.58 -2.656464
180 606.07 48.67 34.37 83.83 -3.462938
180 -1.19 24.00 98.11 239.31 -4.013379
210 497.75 129.00 20.50 50.00 0.293791
210 48.85 164.62 31.54 76.92 0.137953
210 169.25 150.55 44.67 108.95 0.028263
210 127.75 147.00 20.50 50.00 -0.046857
210 350.32 141.94 52.90 129.03 -0.225847
210 301.15 182.94 34.37 83.83 -0.390874
210 73.47 168.00 44.67 108.95 -0.913565
210 498.68 193.41 28.92 70.53 -1.052786
210 387.75 57.00 20.50 50.00 -1.138704
210 489.75 47.00 20.50 50.00 -1.208482
210 202.69 186.15 31.54 76.92 -1.268232
210 619.75 221.00 20.50 50.00 -1.347465
210 99.75 147.00 20.50 50.00 -1.443166
210 511.23 41.58 24.37 59.45 -1.454071
210 499.76 37.62 26.57 64.81 -1.547988
210 206.96 138.81 26.57 64.81 -1.670151
210 399.75 63.00 20.50 50.00 -1.795500
210 375.43 55.64 22.38 54.58 -1.924253
210 132.16 103.06 28.92 70.53 -1.931151
210 372.79 97.30 26.57 64.81 -1.952994
210 421.30 57.82 22.38 54.58 -1.976953
210 520.49 35.03 26.57 64.81 -2.338876
210 411.75 59.00 20.50 50.00 -2.525946
210 42.31 52.31 63.08 153.85 -2.554119
210 535.75 33.00 20.50 50.00 -2.976668
210 476.44 35.03 26.57 64.81 -3.010890
210 537.75 49.00 20.50 50.00 -3.256310
210 67.50 10.00 41.00 100.00 -4.143021
240 441.06 127.06 57.98 141.42 0.112962
240 97.75 157.00 20.50 50.00 0.092367
240 2.69 167.69 31.54 76.92 0.067794
240 83.75 153.00 20.50 50.00 -0.020602
240 248.23 185.04 37.52 91.50 -0.066996
240 121.36 154.91 44.67 108.95 -0.196128
240 337.55 55.84 24.37 59.45 -0.669503
240 323.00 116.73 22.38 54.58 -0.855334
240 105.75 157.00 20.50 50.00 -0.970362
240 545.75 171.00 20.50 50.00 -0.971669
240 489.68 136.77 52.90 129.03 -1.230379
240 27.85 173.47 48.64 118.64 -1.380157
240 157.73 118.05 26.57 64.81 -1.454138
240 288.05 147.27 22.38 54.58 -1.515311
240 371.06 46.91 22.38 54.58 -1.561751
240 277.75 129.00 20.50 50.00 -1.770722
240 355.75 61.00 20.50 50.00 -1.777158
240 379.75 63.00 20.50 50.00 -1.782950
240 323.75 69.00 20.50 50.00 -1.840891
240 331.75 75.00 20.50 50.00 -1.903106
240 471.26 40.22 26.57 64.81 -1.920117
240 591.56 168.00 44.67 108.95 -2.079369
240 439.85 46.34 24.37 59.45 -2.090957
240 366.69 57.82 22.38 54.58 -2.104563
240 455.71 40.22 26.57 64.81 -2.208997
240 163.87 217.43 24.37 59.45 -2.279096
240 325.75 87.00 20.50 50.00 -2.345465
240 309.75 217.00 20.50 50.00 -2.643386
240 -0.84 30.42 69.16 168.67 -3.038142
240 485.94 20.15 37.52 91.50 -3.680443
270 435.75 135.00 20.50 50.00 0.575331
270 98.96 159.21 48.64 118.64 0.538354
270 230.79 196.36 34.37 83.83 -0.266561
270 80.55 156.00 22.38 54.58 -0.333968
270 5.77 164.62 31.54 76.92 -0.376143
270 137.00 149.19 26.57 64.81 -0.435504
270 299.47 138.35 57.98 141.42 -0.937948
270 283.75 227.00 20.50 50.00 -1.155135
270 49.75 163.00 20.50 50.00 -1.220248
270 67.75 163.00 20.50 50.00 -1.348457
270 606.07 139.30 34.37 83.83 -1.352435
270 455.75 59.00 20.50 50.00 -1.448237
270 294.45 92.31 34.37 83.83 -1.501093
270 325.75 71.00 20.50 50.00 -1.580337
270 423.20 48.71 24.37 59.45 -1.865885
270 434.98 45.41 26.57 64.81 -1.878366
270 134.98 117.18 28.92 70.53 -1.913103
270 333.75 69.00 20.50 50.00 -2.193933
270 313.75 67.00 20.50 50.00 -2.403053
270 -0.42 31.89 34.37 83.83 -2.917042
270 483.75 35.00 20.50 50.00 -2.982391
270 464.23 29.23 31.54 76.92 -3.851295
300 77.75 161.00 20.50 50.00 0.694666
300 227.43 196.36 34.37 83.83 -0.020283
300 97.42 157.42 52.90 129.03 -0.312067
300 411.54 132.31 63.08 153.85 -0.384304
300 -0.30 177.03 24.37 59.45 -0.646818
300 417.75 61.00 20.50 50.00 -0.735040
300 67.75 109.00 20.50 50.00 -0.858620
300 297.75 127.00 20.50 50.00 -0.907949
300 56.55 196.36 34.37 83.83 -1.020798
300 71.75 167.00 20.50 50.00 -1.309732
300 255.75 133.00 20.50 50.00 -1.495638
300 46.32 193.30 26.57 64.81 -1.512643
300 112.90 141.94 52.90 129.03 -1.528228
300 313.75 71.00 20.50 50.00 -1.589370
300 279.75 225.00 20.50 50.00 -1.639553
300 329.75 69.00 20.50 50.00 -1.673891
300 440.16 48.00 26.57 64.81 -1.803901
300 428.19 43.77 28.92 70.53 -2.052320
300 301.86 65.35 24.37 59.45 -2.114396
300 450.53 42.81 26.57 64.81 -2.200392
300 371.75 55.00 20.50 50.00 -2.379086
300 341.75 65.00 20.50 50.00 -2.430091
300 463.64 53.47 24.37 59.45 -2.447675
300 -0.50 18.00 41.00 100.00 -3.788778
330 449.84 151.30 107.29 261.69 6.894725
330 255.75 135.00 20.50 50.00 0.296654
330 425.58 136.63 24.37 59.45 -0.076761
330 222.63 192.37 37.52 91.50 -0.266157
330 89.48 163.96 48.64 118.64 -0.364204
330 325.75 75.00 20.50 50.00 -0.806175
330 51.70 168.00 44.67 108.95 -0.859276
330 411.30 53.47 24.37 59.45 -1.142686
330 -0.59 187.72 48.64 118.64 -1.167938
330 378.23 150.55 44.67 108.95 -1.185976
330 6.28 105.73 34.37 83.83 -1.330107
330 359.75 63.00 20.50 50.00 -1.360048
330 122.69 204.62 31.54 76.92 -1.362484
330 277.75 227.00 20.50 50.00 -1.370132
330 40.15 100.99 24.37 59.45 -1.596284
330 429.80 48.00 26.57 64.81 -1.693928
330 430.03 214.91 22.38 54.58 -1.763311
330 442.29 46.59 28.92 70.53 -1.883895
330 213.92 218.82 28.92 70.53 -2.041244
330 315.75 71.00 20.50 50.00 -2.045475
330 351.75 59.00 20.50 50.00 -2.207277
330 3.75 57.00 20.50 50.00 -2.260749
330 341.75 67.00 20.50 50.00 -2.463269
360 343.00 180.00 82.00 200.00 6.918915
360 89.48 159.21 48.64 118.64 0.846583
360 328.69 207.02 37.52 91.50 0.730750
360 425.75 137.00 20.50 50.00 0.236951
360 295.75 129.00 20.50 50.00 -0.000849
360 71.75 167.00 20.50 50.00 -0.132663
360 275.75 231.00 20.50 50.00 -0.640252
360 224.23 201.54 31.54 76.92 -0.719739
360 357.75 61.00 20.50 50.00 -0.975511
360 411.30 51.09 24.37 59.45 -1.003044
360 250.92 132.00 22.38 54.58 -1.084878
360 4.10 62.18 22.38 54.58 -1.412252
360 327.75 73.00 20.50 50.00 -1.535464
360 147.75 137.00 20.50 50.00 -1.548718
360 442.75 50.59 26.57 64.81 -1.551471
360 -0.54 185.45 44.67 108.95 -1.647893
360 435.09 210.30 24.37 59.45 -1.734614
360 523.12 181.78 24.37 59.45 -1.793190
360 429.80 48.00 26.57 64.81 -1.857331
360 43.43 181.37 37.52 91.50 -1.870327
360 295.75 95.00 20.50 50.00 -1.887419
360 -0.50 98.00 41.00 100.00 -1.922980
360 213.83 222.18 24.37 59.45 -2.016888
360 67.75 113.00 20.50 50.00 -2.104517
360 313.75 73.00 20.50 50.00 -2.192258
360 309.00 262.57 24.37 59.45 -2.213694
360 454.13 51.09 24.37 59.45 -2.344185
360 353.75 71.00 20.50 50.00 -2.352384
360 403.75 45.00 20.50 50.00 -2.366998
360 583.75 237.00 20.50 50.00 -2.458948
360 473.46 23.08 31.54 76.92 -4.140475
360 16.87 28.36 44.67 108.95 -4.335471
390 256.55 173.54 75.52 184.20 5.429751
390 47.35 163.64 44.67 108.95 0.098027
390 247.14 210.30 24.37 59.45 0.097569
390 86.53 159.27 44.67 108.95 -0.163334
390 420.11 141.07 37.52 91.50 -0.229046
390 227.43 189.65 34.37 83.83 -0.382401
390 -0.30 172.28 24.37 59.45 -0.400134
390 123.56 193.01 34.37 83.83 -0.416047
390 285.98 166.15 75.52 184.20 -0.495167
390 144.78 131.03 26.57 64.81 -0.673232
390 373.93 135.45 48.64 118.64 -0.765654
390 123.89 122.75 37.52 91.50 -0.770662
390 411.66 45.41 26.57 64.81 -1.100996
390 437.75 63.00 20.50 50.00 -1.277568
390 290.04 103.06 28.92 70.53 -1.604175
390 6.28 49.09 22.38 54.58 -1.894727
390 353.75 61.00 20.50 50.00 -1.898304
390 432.39 203.68 26.57 64.81 -2.079466
390 427.96 48.71 24.37 59.45 -2.087809
390 -0.30 60.59 24.37 59.45 -2.142359
390 449.37 46.34 24.37 59.45 -2.416882
390 33.27 81.88 57.98 141.42 -2.447940
390 327.75 69.00 20.50 50.00 -2.779770
420 194.53 179.15 69.16 168.67 4.160246
420 577.69 126.15 63.08 153.85 0.328105
420 295.75 127.00 20.50 50.00 0.294519
420 405.38 132.31 63.08 153.85 -0.073954
420 90.88 163.64 44.67 108.95 -0.136315
420 147.75 137.00 20.50 50.00 -0.508673
420 577.69 292.31 63.08 153.85 -0.591887
420 412.56 53.45 22.38 54.58 -0.756792
420 51.70 172.36 44.67 108.95 -0.804744
420 274.33 221.84 26.57 64.81 -0.902636
420 442.75 48.00 26.57 64.81 -1.005283
420 -0.59 178.22 48.64 118.64 -1.045106
420 185.28 212.67 24.37 59.45 -1.074275
420 253.75 131.00 20.50 50.00 -1.077258
420 -0.30 62.97 24.37 59.45 -1.407818
420 129.34 148.24 28.92 70.53 -1.454708
420 335.75 67.00 20.50 50.00 -1.690686
420 341.75 61.00 20.50 50.00 -1.752995
420 41.13 159.57 26.57 64.81 -2.046322
420 357.95 55.64 22.38 54.58 -2.117969
420 427.21 48.00 26.57 64.81 -2.215987
420 325.75 67.00 20.50 50.00 -2.441852
420 403.75 45.00 20.50 50.00 -2.950396
420 6.28 51.27 22.38 54.58 -3.201947
420 582.94 245.45 22.38 54.58 -3.254637
420 472.04 21.82 34.37 83.83 -3.580243
450 410.00 131.43 117.14 285.71 5.914016
450 505.07 177.60 98.11 239.31 4.096117
450 147.37 172.39 69.16 168.67 3.723890
450 444.29 165.71 117.14 285.71 1.168450
450 218.97 196.03 37.52 91.50 0.985342
450 123.70 122.82 28.92 70.53 0.718224
450 80.00 159.21 48.64 118.64 0.473208
450 45.75 165.00 20.50 50.00 0.438368
450 246.55 132.00 22.38 54.58 0.007401
450 291.75 125.00 20.50 50.00 -0.026316
450 270.93 222.18 24.37 59.45 -0.448401
450 432.39 45.41 26.57 64.81 -0.723921
450 413.75 57.00 20.50 50.00 -1.029489
450 43.43 185.04 37.52 91.50 -1.345588
450 403.82 55.64 22.38 54.58 -1.412975
450 295.75 79.00 20.50 50.00 -1.413379
450 550.80 247.38 75.52 184.20 -1.478832
450 375.50 142.00 41.00 100.00 -1.688977
450 39.12 117.18 28.92 70.53 -1.788543
450 307.75 71.00 20.50 50.00 -1.789288
450 119.62 201.54 31.54 76.92 -1.803983
450 321.75 75.00 20.50 50.00 -1.820276
450 369.75 55.00 20.50 50.00 -1.930539
450 -0.46 108.09 37.52 91.50 -2.005037
450 422.02 45.41 26.57 64.81 -2.086387
450 137.00 214.05 26.57 64.81 -2.183668
450 442.75 42.81 26.57 64.81 -2.317630
450 459.21 29.65 28.92 70.53 -2.353298
450 -0.30 58.22 24.37 59.45 -2.471233
480 270.68 152.73 89.69 218.76 5.619555
480 59.79 165.63 69.16 168.67 4.811281
480 359.00 172.00 82.00 200.00 4.035613
480 476.42 139.20 98.11 239.31 3.768451
480 3.75 159.00 20.50 50.00 0.901812
480 375.50 130.00 41.00 100.00 0.655372
480 42.07 154.46 48.64 118.64 0.577246
480 23.75 163.00 20.50 50.00 0.054213
480 174.45 216.00 28.92 70.53 -0.468729
480 81.41 122.82 28.92 70.53 -0.770918
480 447.76 168.00 98.11 239.31 -0.971604
480 230.48 224.55 24.37 59.45 -1.298796
480 385.75 42.81 26.57 64.81 -1.495849
480 613.75 105.00 20.50 50.00 -1.522700
480 211.75 131.00 20.50 50.00 -1.652642
480 362.43 42.81 26.57 64.81 -1.671164
480 244.19 92.31 34.37 83.83 -1.738122
480 294.62 83.08 63.08 153.85 -1.865240
480 403.89 42.81 26.57 64.81 -2.155646
480 269.75 71.00 20.50 50.00 -2.232743
480 373.23 48.71 24.37 59.45 -2.492034
480 -0.42 48.67 34.37 83.83 -2.869565
480 418.08 29.23 31.54 76.92 -3.229042
510 26.11 192.68 69.16 168.67 3.704071
510 135.08 130.43 107.29 261.69 3.378982
510 181.02 53.45 22.38 54.58 -0.703673
510 611.75 145.00 20.50 50.00 -0.813671
510 523.96 75.27 22.38 54.58 -1.070061
510 117.93 144.95 48.64 118.64 -1.077128
510 39.58 138.59 69.16 168.67 -1.507625
510 201.78 42.81 26.57 64.81 -1.627767
510 619.75 147.00 20.50 50.00 -1.877677
510 577.75 143.00 20.50 50.00 -1.946794
510 159.18 46.91 22.38 54.58 -2.490825
510 173.75 59.00 20.50 50.00 -2.827907
510 606.07 48.67 34.37 83.83 -2.909112
510 473.75 21.00 20.50 50.00 -3.670241
510 617.88 29.45 22.38 54.58 -3.720646
510 224.23 26.15 31.54 76.92 -3.809576
510 617.88 3.27 22.38 54.58 -3.892945
540 289.96 136.63 24.37 59.45 0.675032
540 277.13 140.73 22.38 54.58 -0.250914
540 146.26 128.47 28.92 70.53 -0.274799
540 387.51 150.89 24.37 59.45 -0.408326
540 300.69 129.23 75.52 184.20 -0.539496
540 81.75 109.00 20.50 50.00 -0.643187
540 250.92 142.91 22.38 54.58 -1.304056
540 539.75 85.00 20.50 50.00 -1.359466
540 357.94 115.42 37.52 91.50 -1.371528
540 274.95 60.00 22.38 54.58 -1.512375
540 306.96 91.77 28.92 70.53 -1.593338
540 595.92 115.64 44.67 108.95 -1.651968
540 617.88 46.91 22.38 54.58 -2.082984
540 231.61 49.03 52.90 129.03 -2.202603
570 617.88 123.27 22.38 54.58 0.438267
570 360.14 182.18 22.38 54.58 0.417100
570 -0.59 130.69 48.64 118.64 0.086370
570 65.75 153.00 20.50 50.00 -0.343356
570 495.75 159.00 20.50 50.00 -0.569599
570 595.66 126.41 37.52 91.50 -0.791865
570 276.54 170.77 31.54 76.92 -1.241651
570 333.93 144.00 26.57 64.81 -1.530781
570 -0.32 84.32 26.57 64.81 -1.798300
570 323.75 43.00 20.50 50.00 -3.053930
570 299.48 29.70 24.37 59.45 -3.367574
570 111.52 46.34 24.37 59.45 -3.529549
570 431.01 21.18 28.92 70.53 -3.899732
570 199.40 4.80 98.11 239.31 -4.207733
600 247.75 153.00 20.50 50.00 2.309253
600 93.75 193.00 20.50 50.00 1.297361
600 338.08 155.38 31.54 76.92 -0.233774
600 325.75 143.00 20.50 50.00 -0.524790
600 29.75 187.00 20.50 50.00 -0.664686
600 149.75 183.00 20.50 50.00 -0.758458
600 538.08 133.85 31.54 76.92 -0.810989
600 261.75 155.00 20.50 50.00 -0.821443
600 243.75 163.00 20.50 50.00 -0.916035
600 191.95 129.82 22.38 54.58 -0.925978
600 406.48 146.59 26.57 64.81 -1.058862
600 298.98 116.73 22.38 54.58 -1.120574
600 270.17 144.73 37.52 91.50 -1.255490
600 232.87 138.81 26.57 64.81 -1.345829
600 335.75 137.00 20.50 50.00 -1.407089
600 611.33 173.45 22.38 54.58 -1.533291
600 581.75 171.00 20.50 50.00 -1.706007
600 619.75 57.00 20.50 50.00 -2.262376
600 187.66 39.21 24.37 59.45 -3.477555
600 67.75 31.00 20.50 50.00 -3.478075
600 552.35 20.73 22.38 54.58 -3.883664
600 178.14 -1.19 24.37 59.45 -4.317170
630 447.75 165.00 20.50 50.00 0.125314
630 178.84 169.09 22.38 54.58 -0.110081
630 163.55 162.55 22.38 54.58 -0.154757
630 140.07 122.38 24.37 59.45 -0.156667
630 565.66 93.18 57.98 141.42 -0.287189
630 151.75 185.00 20.50 50.00 -0.366788
630 435.75 175.00 20.50 50.00 -0.368475
630 250.57 145.41 28.92 70.53 -0.450031
630 149.59 124.75 24.37 59.45 -0.812802
630 489.81 169.90 24.37 59.45 -0.934210
630 162.91 125.84 26.57 64.81 -0.956080
630 177.75 141.00 20.50 50.00 -1.039903
630 186.23 144.00 26.57 64.81 -1.055748
630 532.70 182.18 22.38 54.58 -1.089784
630 194.13 129.82 22.38 54.58 -1.093989
630 383.50 122.00 41.00 100.00 -1.184798
630 412.56 162.55 22.38 54.58 -1.229191
630 106.77 146.14 24.37 59.45 -1.338004
630 81.75 155.00 20.50 50.00 -1.547141
630 17.83 144.73 37.52 91.50 -1.604552
630 527.75 155.00 20.50 50.00 -1.692596
630 486.83 44.73 22.38 54.58 -2.279091
660 44.91 181.78 24.37 59.45 0.856150
660 402.69 149.23 31.54 76.92 0.827043
660 85.75 157.00 20.50 50.00 0.771530
660 109.14 160.40 24.37 59.45 0.693529
660 513.46 149.23 31.54 76.92 0.515505
660 126.42 132.00 22.38 54.58 0.183905
660 531.75 191.00 20.50 50.00 -0.091285
660 205.77 143.08 31.54 76.92 -0.661844
660 115.75 141.00 20.50 50.00 -0.707955
660 463.64 169.90 24.37 59.45 -0.737240
660 36.86 186.55 22.38 54.58 -1.389083
660 165.73 123.27 22.38 54.58 -1.424630
660 137.75 129.00 20.50 50.00 -1.633339
660 459.75 47.00 20.50 50.00 -1.635552
660 117.68 173.45 22.38 54.58 -1.698676
660 577.69 70.77 63.08 153.85 -1.706807
660 518.36 188.91 24.37 59.45 -1.826540
660 354.89 142.59 28.92 70.53 -2.004578
660 543.01 87.53 57.98 141.42 -2.032249
660 455.75 31.00 20.50 50.00 -3.611445
660 463.64 27.33 24.37 59.45 -3.786606
690 48.85 149.23 31.54 76.92 0.474037
690 107.31 146.15 31.54 76.92 0.160548
690 99.63 127.13 24.37 59.45 -0.111452
690 82.59 123.24 26.57 64.81 -0.758908
690 465.75 185.00 20.50 50.00 -0.929201
690 543.45 55.38 75.52 184.20 -1.039671
690 131.75 121.00 20.50 50.00 -1.153015
690 368.87 164.73 22.38 54.58 -1.235103
690 392.27 167.52 24.37 59.45 -1.336467
690 5.29 72.00 28.92 70.53 -1.701438
690 175.50 118.00 41.00 100.00 -1.724872
690 67.44 140.73 22.38 54.58 -1.755170
690 -0.32 146.59 26.57 64.81 -1.783972
690 530.37 140.20 48.64 118.64 -1.838727
690 455.75 33.00 20.50 50.00 -2.582188
690 451.75 23.00 20.50 50.00 -3.568151
690 462.80 -1.09 22.38 54.58 -4.161660
720 529.75 185.00 20.50 50.00 3.021447
720 90.88 120.00 44.67 108.95 0.654565
720 606.07 176.22 34.37 83.83 0.072417
720 543.81 180.32 26.57 64.81 0.000475
720 541.43 206.18 22.38 54.58 -0.399343
720 80.59 112.87 24.37 59.45 -0.484016
720 45.77 149.23 31.54 76.92 -0.551941
720 341.75 161.00 20.50 50.00 -1.354711
720 430.33 191.29 24.37 59.45 -1.458694
720 492.44 102.18 48.64 118.64 -1.574410
720 503.75 193.00 20.50 50.00 -1.665496
720 218.16 162.55 22.38 54.58 -1.687358
720 126.42 173.45 22.38 54.58 -1.789368
720 349.75 165.00 20.50 50.00 -1.842617
720 617.75 67.00 20.50 50.00 -2.225201
720 165.38 70.77 63.08 153.85 -2.320878
720 609.75 73.00 20.50 50.00 -2.382475
720 459.75 65.00 20.50 50.00 -2.620329
720 9.75 61.00 20.50 50.00 -3.133975
720 453.75 39.00 20.50 50.00 -3.201600
720 482.46 9.82 22.38 54.58 -4.093818
750 580.75 182.18 22.38 54.58 9.639630
750 558.91 184.36 22.38 54.58 6.928753
750 599.75 187.00 20.50 50.00 5.118772
750 613.75 185.00 20.50 50.00 5.093146
750 572.01 184.36 22.38 54.58 0.994936
750 587.85 167.35 26.57 64.81 -0.310421
750 399.45 166.91 22.38 54.58 -0.450820
750 477.75 171.00 20.50 50.00 -0.552943
750 69.75 127.00 20.50 50.00 -0.896662
750 81.75 131.00 20.50 50.00 -1.026677
750 360.14 160.36 22.38 54.58 -1.111798
750 551.75 191.00 20.50 50.00 -1.166022
750 478.09 188.73 22.38 54.58 -1.308430
750 520.74 141.39 24.37 59.45 -1.373972
750 329.56 158.18 22.38 54.58 -1.411353
750 438.77 197.45 22.38 54.58 -1.817065
750 147.48 111.27 44.67 108.95 -1.829460
750 193.37 130.08 37.52 91.50 -2.010025
750 574.20 169.09 22.38 54.58 -2.260968
750 -0.84 50.70 69.16 168.67 -2.807017
750 420.82 39.21 24.37 59.45 -3.377298
750 461.26 15.45 24.37 59.45 -3.818252
780 337.55 158.02 24.37 59.45 0.005898
780 416.93 160.36 22.38 54.58 -0.000549
780 363.75 165.00 20.50 50.00 -0.353456
780 585.75 183.00 20.50 50.00 -0.401251
780 76.18 97.09 22.38 54.58 -0.630507
780 351.75 161.00 20.50 50.00 -0.704774
780 104.57 145.09 22.38 54.58 -0.770706
780 -0.42 149.37 34.37 83.83 -0.878314
780 31.75 139.00 20.50 50.00 -0.937552
780 539.78 134.26 24.37 59.45 -1.223063
780 507.53 188.11 26.57 64.81 -1.226077
780 199.19 154.38 26.57 64.81 -1.356305
780 33.48 97.41 28.92 70.53 -1.607645
780 473.75 195.00 20.50 50.00 -1.642794
780 133.89 50.70 69.16 168.67 -1.669981
780 -0.54 72.00 44.67 108.95 -2.018826
780 61.04 116.44 48.64 118.64 -2.046912
780 530.26 46.34 24.37 59.45 -3.030640
780 440.16 24.65 26.57 64.81 -3.137453
810 539.25 182.18 22.38 54.58 -0.144437
810 336.52 149.19 26.57 64.81 -0.408620
810 566.34 156.71 28.92 70.53 -0.676804
810 -0.27 103.64 22.38 54.58 -0.699323
810 30.39 103.08 31.54 76.92 -0.798723
810 421.33 125.94 48.64 118.64 -0.925370
810 365.75 165.00 20.50 50.00 -0.978978
810 95.75 95.00 20.50 50.00 -1.033718
810 507.53 167.35 26.57 64.81 -1.044938
810 599.50 134.00 41.00 100.00 -1.226496
810 534.88 142.91 22.38 54.58 -1.460095
810 606.07 236.64 34.37 83.83 -1.659748
810 21.57 112.36 22.38 54.58 -1.733174
810 100.20 108.00 22.38 54.58 -1.863367
810 7.75 119.00 20.50 50.00 -1.918160
810 127.16 43.94 69.16 168.67 -3.190828
810 -0.46 12.82 37.52 91.50 -4.190971
840 146.08 110.18 22.38 54.58 0.374596
840 343.50 118.00 41.00 100.00 -0.600043
840 121.75 169.00 20.50 50.00 -0.659983
840 7.75 155.00 20.50 50.00 -0.811250
840 377.61 158.18 22.38 54.58 -0.980979
840 582.67 125.84 26.57 64.81 -1.154933
840 453.55 116.13 52.90 129.03 -1.191446
840 506.48 162.55 22.38 54.58 -1.299887
840 10.65 84.00 22.38 54.58 -1.413901
840 52.15 151.64 22.38 54.58 -1.485356
840 194.19 148.24 28.92 70.53 -1.632421
840 595.92 93.82 44.67 108.95 -1.778894
840 12.83 101.45 22.38 54.58 -2.039152
840 466.02 5.94 24.37 59.45 -3.753875
870 125.80 103.37 24.37 59.45 0.221402
870 619.75 179.00 20.50 50.00 0.159760
870 331.67 33.33 136.67 333.33 -1.228818
870 -0.30 177.03 24.37 59.45 -1.311119
870 510.00 101.54 63.08 153.85 -1.423947
870 82.73 94.91 22.38 54.58 -1.519783
870 105.75 169.00 20.50 50.00 -1.666392
870 615.91 136.63 24.37 59.45 -1.695478
900 602.69 130.77 31.54 76.92 0.758063
900 28.12 173.45 22.38 54.58 0.415089
900 147.21 174.65 24.37 59.45 0.009449
900 458.30 151.78 26.57 64.81 -0.129554
900 344.23 143.08 31.54 76.92 -0.544670
900 111.09 97.30 26.57 64.81 -0.709373
900 98.02 160.36 22.38 54.58 -1.024150
900 25.94 158.18 22.38 54.58 -1.030338
900 461.75 185.00 20.50 50.00 -1.297116
900 356.21 50.70 69.16 168.67 -1.403357
900 575.92 125.87 34.37 83.83 -1.565493
900 502.20 92.31 34.37 83.83 -1.578662
900 470.38 140.00 31.54 76.92 -1.602718
900 102.39 112.36 22.38 54.58 -1.628221
900 129.75 99.00 20.50 50.00 -1.655994
900 542.16 100.99 24.37 59.45 -1.997295
900 533.49 188.70 37.52 91.50 -2.029752
900 383.16 57.47 69.16 168.67 -2.779987
900 33.75 13.00 20.50 50.00 -4.551329
900 -0.32 6.49 26.57 64.81 -4.888148
930 -0.32 169.95 26.57 64.81 1.759357
930 505.75 187.00 20.50 50.00 1.598278
930 78.36 175.64 22.38 54.58 0.939233
930 582.65 115.76 57.98 141.42 0.494650
930 458.43 180.00 22.38 54.58 0.128096
930 49.75 179.00 20.50 50.00 -1.433596
930 495.56 177.82 22.38 54.58 -1.444011
930 499.93 147.27 22.38 54.58 -1.466501
930 36.30 74.82 28.92 70.53 -1.540216
930 351.00 36.00 82.00 200.00 -1.597295
930 469.75 179.00 20.50 50.00 -1.949753
930 131.49 48.00 75.52 184.20 -2.094446
930 4.52 90.32 52.90 129.03 -2.147340
930 571.33 81.88 57.98 141.42 -2.654252
930 383.00 36.00 82.00 200.00 -2.834229
930 50.58 25.85 75.52 184.20 -3.160027
930 86.58 30.55 89.69 218.76 -3.509076
930 587.74 28.39 52.90 129.03 -3.569759
960 552.25 179.29 28.92 70.53 1.826013
960 75.75 181.00 20.50 50.00 0.542495
960 606.07 142.66 34.37 83.83 0.406229
960 471.75 181.00 20.50 50.00 0.232136
960 163.87 120.00 24.37 59.45 -0.204465
960 450.75 153.88 28.92 70.53 -0.299616
960 499.76 175.14 26.57 64.81 -0.903305
960 542.16 181.78 24.37 59.45 -1.183164
960 580.44 125.65 28.92 70.53 -1.749090
960 615.91 115.25 24.37 59.45 -1.831564
960 25.75 153.00 20.50 50.00 -1.933284
960 -0.30 65.35 24.37 59.45 -1.938750
960 359.00 28.00 82.00 200.00 -2.021973
960 59.18 77.23 24.37 59.45 -2.220785
960 8.85 69.23 31.54 76.92 -2.406066
960 103.96 72.00 28.92 70.53 -2.713138
990 505.75 181.00 20.50 50.00 4.808352
990 372.57 126.41 37.52 91.50 0.622506
990 471.75 189.00 20.50 50.00 -0.770722
990 409.75 79.00 20.50 50.00 -0.897610
990 35.75 181.00 20.50 50.00 -0.989414
990 -0.32 146.59 26.57 64.81 -1.236878
990 403.89 154.38 26.57 64.81 -1.240572
990 142.19 107.68 26.57 64.81 -1.322953
990 122.05 118.91 22.38 54.58 -1.331900
990 571.79 64.22 69.16 168.67 -1.441605
990 353.58 75.27 22.38 54.58 -1.505455
990 43.75 181.00 20.50 50.00 -1.517805
990 65.26 180.00 22.38 54.58 -1.589744
990 531.68 104.47 57.98 141.42 -1.694859
990 115.24 165.18 28.92 70.53 -1.760905
990 104.23 93.85 31.54 76.92 -1.826044
990 342.66 73.09 22.38 54.58 -2.457229
1020 587.36 181.78 24.37 59.45 3.447492
1020 483.75 179.00 20.50 50.00 0.670830
1020 615.91 160.40 24.37 59.45 0.535100
1020 556.72 190.91 22.38 54.58 0.254473
1020 497.75 173.45 22.38 54.58 0.078190
1020 430.03 169.09 22.38 54.58 -0.321581
1020 469.75 173.00 20.50 50.00 -0.694938
1020 425.37 122.82 28.92 70.53 -0.939574
1020 132.97 182.18 22.38 54.58 -1.114176
1020 505.75 191.00 20.50 50.00 -1.158467
1020 -0.59 111.68 48.64 118.64 -1.494965
1020 611.45 125.65 28.92 70.53 -1.583896
1020 134.98 80.47 28.92 70.53 -1.585075
1020 575.92 132.59 34.37 83.83 -1.603611
1020 606.07 75.52 34.37 83.83 -1.957622
1020 429.75 91.00 20.50 50.00 -2.174463
1020 61.75 49.00 20.50 50.00 -2.372609
1020 349.59 21.82 89.69 218.76 -2.723314
1020 69.62 57.82 22.38 54.58 -2.947011
1020 41.13 40.22 26.57 64.81 -3.300730
1020 54.33 36.00 22.38 54.58 -3.849940
1050 577.75 189.00 20.50 50.00 3.337341
1050 442.23 162.77 24.37 59.45 1.381749
1050 538.62 175.14 26.57 64.81 1.175404
1050 617.88 197.45 22.38 54.58 1.127375
1050 563.75 193.00 20.50 50.00 0.883592
1050 575.75 169.00 20.50 50.00 -0.592560
1050 608.85 146.15 31.54 76.92 -1.144880
1050 555.75 193.00 20.50 50.00 -1.420168
1050 571.75 195.00 20.50 50.00 -1.567925
1050 220.97 103.37 24.37 59.45 -1.822669
1050 375.00 28.00 82.00 200.00 -2.282000
1050 39.75 55.00 20.50 50.00 -2.476613
1050 442.23 51.09 24.37 59.45 -2.923680
1050 343.00 20.00 82.00 200.00 -3.820688
1050 55.00 28.00 82.00 200.00 -3.865519
1050 29.75 15.00 20.50 50.00 -4.121580
1080 466.07 164.76 26.57 64.81 2.088220
1080 437.75 175.00 20.50 50.00 1.094988
1080 379.75 145.00 20.50 50.00 -0.037738
1080 370.20 159.57 26.57 64.81 -0.212215
1080 13.74 176.47 28.92 70.53 -0.650023
1080 429.75 175.00 20.50 50.00 -0.733577
1080 44.76 136.94 28.92 70.53 -1.053891
1080 -0.35 125.65 28.92 70.53 -1.212253
1080 27.75 121.00 20.50 50.00 -1.223394
1080 213.79 99.27 22.38 54.58 -1.475041
1080 89.75 93.00 20.50 50.00 -1.636163
1080 619.75 65.00 20.50 50.00 -1.658430
1080 577.69 83.08 63.08 153.85 -1.690153
1080 4.86 185.51 26.57 64.81 -1.912033
1080 478.09 156.00 22.38 54.58 -2.079363
1080 41.75 57.00 20.50 50.00 -2.520033
1080 432.39 42.81 26.57 64.81 -2.801707
1080 4.10 20.73 22.38 54.58 -2.826563
1080 464.98 20.73 22.38 54.58 -3.060550
1080 371.81 15.53 28.92 70.53 -3.341611
1080 479.75 9.00 20.50 50.00 -3.362377
1080 493.04 21.18 28.92 70.53 -3.755758
1080 356.58 20.20 24.37 59.45 -4.049394
1110 509.75 173.00 20.50 50.00 1.005676
1110 585.75 167.00 20.50 50.00 -1.254784
1110 -0.38 127.69 31.54 76.92 -1.272500
1110 473.48 106.93 48.64 118.64 -1.547785
1110 513.04 114.55 22.38 54.58 -1.609239
1110 41.75 59.00 20.50 50.00 -1.735272
1110 415.00 28.00 82.00 200.00 -1.854809
1110 36.86 86.18 22.38 54.58 -2.114349
1110 185.39 84.00 22.38 54.58 -2.148088
1110 340.00 43.87 52.90 129.03 -3.065977
1110 361.79 -4.80 98.11 239.31 -3.874835
1110 -0.35 26.82 28.92 70.53 -3.989351
1140 590.38 164.62 31.54 76.92 5.825222
1140 575.92 159.44 34.37 83.83 -0.596348
1140 10.65 79.64 22.38 54.58 -0.708112
1140 551.77 152.06 37.52 91.50 -0.953388
1140 535.02 174.65 24.37 59.45 -0.970837
1140 587.75 109.00 20.50 50.00 -1.104602
1140 3.75 219.00 20.50 50.00 -1.425757
1140 389.89 129.50 24.37 59.45 -1.521865
1140 -0.30 79.60 24.37 59.45 -1.906080
1140 23.04 176.22 34.37 83.83 -2.047032
1140 343.75 69.00 20.50 50.00 -2.074002
1140 613.53 74.85 24.37 59.45 -2.480930
1140 7.75 49.00 20.50 50.00 -2.552498
1140 438.21 24.00 98.11 239.31 -2.630655
1140 87.31 67.79 37.52 91.50 -2.657576
1170 613.77 89.51 26.57 64.81 0.023264
1170 538.15 170.82 28.92 70.53 -0.095340
1170 523.08 172.54 26.57 64.81 -0.315016
1170 583.26 176.47 28.92 70.53 -0.609277
1170 398.17 104.43 37.52 91.50 -0.741897
1170 510.85 197.45 22.38 54.58 -1.038223
1170 82.73 173.45 22.38 54.58 -2.150590
1170 498.08 38.46 31.54 76.92 -2.516662
1170 163.17 55.06 28.92 70.53 -2.827820
1170 155.75 47.00 20.50 50.00 -2.920063
1170 178.84 27.27 22.38 54.58 -3.027125
1170 356.21 16.90 69.16 168.67 -3.793418
1170 400.00 10.91 44.67 108.95 -3.935927
1170 479.03 6.49 26.57 64.81 -4.364736
1200 51.50 154.38 26.57 64.81 0.550722
1200 421.77 93.82 44.67 108.95 0.533524
1200 601.75 173.00 20.50 50.00 0.057104
1200 619.75 173.00 20.50 50.00 -0.151899
1200 575.75 171.00 20.50 50.00 -0.891773
1200 395.09 162.55 22.38 54.58 -1.074380
1200 59.18 139.01 24.37 59.45 -1.437045
1200 528.26 151.78 26.57 64.81 -1.746854
1200 405.75 97.00 20.50 50.00 -1.875893
1200 63.75 59.00 20.50 50.00 -1.890133
1200 517.75 135.00 20.50 50.00 -1.948556
1200 154.35 67.72 24.37 59.45 -2.024140
1200 606.07 216.50 34.37 83.83 -2.227862
1200 119.62 60.00 31.54 76.92 -2.254479
1200 161.49 55.84 24.37 59.45 -2.448316
1200 173.61 19.64 44.67 108.95 -3.445029
1200 395.75 21.00 20.50 50.00 -3.519562
1200 2.69 20.00 31.54 76.92 -3.709597
1230 541.75 177.00 20.50 50.00 1.923093
1230 229.75 155.00 20.50 50.00 0.142549
1230 42.69 124.62 31.54 76.92 -0.132100
1230 392.90 149.45 22.38 54.58 -0.347665
1230 461.75 79.00 20.50 50.00 -0.437642
1230 532.64 153.27 24.37 59.45 -0.601008
1230 507.75 173.00 20.50 50.00 -1.331154
1230 445.04 97.43 48.64 118.64 -1.533724
1230 115.75 169.00 20.50 50.00 -1.838942
1230 135.00 41.54 31.54 76.92 -1.893613
1230 358.12 38.60 34.37 83.83 -2.248312
1230 599.75 253.00 20.50 50.00 -2.264193
1230 565.52 18.46 75.52 184.20 -2.355996
1230 463.75 59.00 20.50 50.00 -2.754476
1230 12.83 44.73 22.38 54.58 -2.879243
1230 90.11 62.97 24.37 59.45 -2.980128
1230 147.50 18.00 41.00 100.00 -3.386139
1230 -0.30 34.45 24.37 59.45 -3.460732
1230 44.91 36.83 24.37 59.45 -3.831497
1230 437.75 9.00 20.50 50.00 -3.997912
1230 167.12 11.75 34.37 83.83 -4.138772
1260 449.75 167.00 20.50 50.00 1.421476
1260 391.54 153.88 28.92 70.53 -0.039483
1260 -0.25 185.00 20.50 50.00 -0.143533
1260 537.40 179.41 24.37 59.45 -0.513198
1260 579.75 179.00 20.50 50.00 -0.781366
1260 351.75 157.00 20.50 50.00 -0.895593
1260 199.55 158.02 24.37 59.45 -1.007460
1260 167.50 146.00 41.00 100.00 -1.218990
1260 403.75 85.00 20.50 50.00 -1.285753
1260 161.75 105.00 20.50 50.00 -1.704257
1260 445.32 193.09 22.38 54.58 -1.753458
1260 95.58 64.94 57.98 141.42 -1.910144
1260 59.50 114.00 41.00 100.00 -2.334500
1260 497.17 40.22 26.57 64.81 -2.495682
1260 101.94 27.48 37.52 91.50 -2.725457
1260 -0.84 43.94 69.16 168.67 -2.986315
1260 61.86 6.49 26.57 64.81 -4.586604
1290 8.85 164.62 31.54 76.92 -0.027730
1290 406.01 153.82 22.38 54.58 -0.606371
1290 551.77 144.73 37.52 91.50 -1.516541
1290 459.75 71.00 20.50 50.00 -1.694149
1290 27.75 199.00 20.50 50.00 -1.724276
1290 -0.27 190.91 22.38 54.58 -1.778002
1290 -0.38 130.77 31.54 76.92 -2.022014
1290 415.75 81.00 20.50 50.00 -2.128717
1290 3.75 71.00 20.50 50.00 -2.531032
1290 75.26 11.88 48.64 118.64 -3.088176
1290 66.32 51.09 24.37 59.45 -3.214287
1290 -0.25 29.00 20.50 50.00 -3.619987
1290 445.75 5.00 20.50 50.00 -4.271380
1290 94.22 11.88 48.64 118.64 -4.408373
1290 122.69 7.69 31.54 76.92 -4.728853
1320 31.75 177.00 20.50 50.00 1.736645
1320 423.48 142.91 22.38 54.58 0.132197
1320 359.75 165.00 20.50 50.00 -0.350553
1320 161.75 161.00 20.50 50.00 -0.697040
1320 609.75 77.00 20.50 50.00 -1.034355
1320 187.66 153.27 24.37 59.45 -1.450810
1320 419.75 61.00 20.50 50.00 -1.828357
1320 475.90 62.18 22.38 54.58 -1.980778
1320 2.08 172.28 24.37 59.45 -2.214212
1320 602.97 104.43 37.52 91.50 -2.288798
1320 617.88 77.45 22.38 54.58 -2.597384
1320 127.54 31.14 37.52 91.50 -2.849194
1320 108.94 25.09 22.38 54.58 -4.154265
1320 364.51 7.64 22.38 54.58 -4.333732
1320 39.77 9.16 37.52 91.50 -4.838318
1350 456.25 110.18 22.38 54.58 0.640524
1350 3.75 179.00 20.50 50.00 -0.170102
1350 362.43 154.38 26.57 64.81 -0.403585
1350 169.75 167.00 20.50 50.00 -0.407859
1350 103.75 169.00 20.50 50.00 -0.949695
1350 399.75 179.00 20.50 50.00 -0.989667
1350 508.90 125.87 34.37 83.83 -1.394493
1350 482.46 84.00 22.38 54.58 -1.549168
1350 427.75 31.00 20.50 50.00 -3.099772
1350 617.88 276.00 22.38 54.58 -3.117522
1350 419.11 49.09 22.38 54.58 -3.131573
1350 82.59 35.03 26.57 64.81 -3.528087
1350 617.88 22.91 22.38 54.58 -4.079473
1380 547.31 149.23 31.54 76.92 1.691063
1380 159.75 163.00 20.50 50.00 0.138906
1380 606.07 156.08 34.37 83.83 -0.282609
1380 459.75 209.00 20.50 50.00 -0.365338
1380 473.85 146.59 26.57 64.81 -0.398992
1380 496.91 97.10 37.52 91.50 -0.860676
1380 33.48 173.65 28.92 70.53 -0.891145
1380 484.58 111.53 28.92 70.53 -1.051026
1380 463.48 105.08 26.57 64.81 -1.469053
1380 365.75 167.00 20.50 50.00 -1.576395
1380 613.77 81.73 26.57 64.81 -1.707947
1380 619.75 55.00 20.50 50.00 -2.029968
1380 451.88 197.45 22.38 54.58 -2.193341
1380 608.85 7.69 31.54 76.92 -3.305166
1380 139.75 41.00 20.50 50.00 -3.351079
1380 513.04 25.09 22.38 54.58 -3.369933
1380 494.57 1.30 26.57 64.81 -3.485581
1380 532.51 7.06 28.92 70.53 -3.670751
1380 76.54 10.77 31.54 76.92 -4.280381
1380 414.74 5.45 22.38 54.58 -4.504909
1380 509.75 5.00 20.50 50.00 -4.543777
1380 47.78 3.27 22.38 54.58 -4.968620
1410 135.75 163.00 20.50 50.00 0.117337
1410 599.50 154.00 41.00 100.00 -0.158281
1410 91.75 163.00 20.50 50.00 -0.242893
1410 499.75 93.00 20.50 50.00 -0.667233
1410 445.77 183.08 31.54 76.92 -0.793814
1410 359.75 165.00 20.50 50.00 -0.824027
1410 19.39 173.45 22.38 54.58 -1.204053
1410 331.50 110.00 41.00 100.00 -1.632465
1410 476.54 103.08 31.54 76.92 -1.658493
1410 147.75 87.00 20.50 50.00 -1.958587
1410 600.41 125.45 22.38 54.58 -2.198272
1410 543.62 29.45 22.38 54.58 -3.245337
1410 453.57 15.53 28.92 70.53 -4.038505
1410 475.75 17.00 20.50 50.00 -4.040650
1410 69.64 9.08 26.57 64.81 -4.570382
1440 479.75 167.00 20.50 50.00 0.136689
1440 582.65 172.24 57.98 141.42 0.127769
1440 619.75 139.00 20.50 50.00 -0.098608
1440 125.75 163.00 20.50 50.00 -0.160832
1440 -0.32 156.97 26.57 64.81 -0.795137
1440 520.65 74.84 52.90 129.03 -0.820029
1440 391.75 185.00 20.50 50.00 -0.839439
1440 352.11 98.18 44.67 108.95 -1.272020
1440 75.84 160.40 24.37 59.45 -1.359326
1440 615.91 110.50 24.37 59.45 -1.392675
1440 530.51 53.45 22.38 54.58 -2.657067
1440 475.90 29.45 22.38 54.58 -3.578522
1440 485.75 5.00 20.50 50.00 -3.911483
1440 455.71 6.49 26.57 64.81 -4.090532
1440 586.08 9.88 28.92 70.53 -4.321578
1440 473.75 5.00 20.50 50.00 -4.362861
1440 5.29 7.06 28.92 70.53 -4.858003
1470 163.75 163.00 20.50 50.00 0.218887
1470 366.10 158.02 24.37 59.45 -0.359824
1470 69.75 159.00 20.50 50.00 -0.582549
1470 53.75 163.00 20.50 50.00 -0.815681
1470 135.75 99.00 20.50 50.00 -1.297589
1470 106.76 153.82 22.38 54.58 -1.424903
1470 355.50 90.00 41.00 100.00 -2.342987
1470 467.31 -1.54 31.54 76.92 -3.574874
1470 81.75 25.00 20.50 50.00 -3.744701
1470 533.77 -5.22 107.29 261.69 -4.016682
1470 481.62 6.49 26.57 64.81 -4.102568
1500 41.23 160.36 22.38 54.58 0.807001
1500 592.00 49.90 48.64 118.64 -0.130748
1500 595.92 154.91 44.67 108.95 -0.230702
1500 367.75 157.00 20.50 50.00 -0.514825
1500 151.75 163.00 20.50 50.00 -0.873668
1500 161.75 163.00 20.50 50.00 -0.920839
1500 125.75 163.00 20.50 50.00 -1.272630
1500 389.75 171.00 20.50 50.00 -1.577484
1500 85.18 149.19 26.57 64.81 -1.622786
1500 355.75 79.00 20.50 50.00 -1.736133
1500 456.51 200.79 24.37 59.45 -1.761918
1500 561.94 49.03 52.90 129.03 -2.403512
1500 475.90 12.00 22.38 54.58 -3.520850
1500 595.92 10.91 44.67 108.95 -4.299791
1530 619.75 207.00 20.50 50.00 0.266148
1530 149.75 163.00 20.50 50.00 -0.146740
1530 403.75 171.00 20.50 50.00 -0.443685
1530 49.75 157.00 20.50 50.00 -0.560676
1530 17.75 161.00 20.50 50.00 -0.610432
1530 301.75 161.00 20.50 50.00 -0.636155
1530 121.75 165.00 20.50 50.00 -0.660234
1530 519.62 204.62 31.54 76.92 -0.807072
1530 375.75 157.00 20.50 50.00 -0.814823
1530 451.94 176.22 34.37 83.83 -1.493946
1530 532.51 168.00 28.92 70.53 -1.514250
1530 582.65 87.53 57.98 141.42 -1.649601
1530 477.75 183.00 20.50 50.00 -1.676834
1530 599.50 50.00 41.00 100.00 -1.745826
1530 83.75 51.00 20.50 50.00 -2.190587
1530 587.75 267.00 20.50 50.00 -3.015371
1530 97.75 45.00 20.50 50.00 -3.367316
1530 80.55 27.27 22.38 54.58 -3.855627
1530 33.09 -1.68 34.37 83.83 -4.935450
1560 107.75 167.00 20.50 50.00 0.797316
1560 409.75 177.00 20.50 50.00 0.357312
1560 301.75 161.00 20.50 50.00 0.027675
1560 23.75 156.00 22.38 54.58 -0.072699
1560 118.66 158.02 24.37 59.45 -0.401632
1560 41.75 161.00 20.50 50.00 -0.704785
1560 99.75 163.00 20.50 50.00 -0.935152
1560 599.50 206.00 41.00 100.00 -1.039054
1560 619.75 109.00 20.50 50.00 -1.166077
1560 181.02 86.18 22.38 54.58 -1.223169
1560 150.44 160.36 22.38 54.58 -1.628429
1560 213.79 160.36 22.38 54.58 -1.933181
1560 108.94 86.18 22.38 54.58 -2.150577
1560 362.31 58.46 63.08 153.85 -2.364447
1560 33.75 45.00 20.50 50.00 -2.436452
1560 561.19 229.31 24.37 59.45 -2.614974
1560 79.75 39.00 20.50 50.00 -2.849536
1560 486.83 1.09 22.38 54.58 -3.512800
1560 18.74 5.94 24.37 59.45 -3.770145
1560 478.09 5.45 22.38 54.58 -4.226654
1590 411.75 173.00 20.50 50.00 0.206421
1590 36.30 148.24 28.92 70.53 -0.568786
1590 95.75 161.00 20.50 50.00 -0.762143
1590 115.75 153.00 20.50 50.00 -0.904755
1590 147.75 163.00 20.50 50.00 -1.018949
1590 17.75 37.00 20.50 50.00 -1.072964
1590 179.75 79.00 20.50 50.00 -1.141038
1590 8.46 160.36 22.38 54.58 -1.306924
1590 513.04 149.45 22.38 54.58 -1.761108
1590 87.75 165.00 20.50 50.00 -1.906680
1590 104.57 162.55 22.38 54.58 -2.124404
1590 493.38 -1.09 22.38 54.58 -3.443059
1590 506.48 5.45 22.38 54.58 -4.642137
1620 111.75 151.00 20.50 50.00 0.122339
1620 505.00 126.67 136.67 333.33 -0.332337
1620 471.75 175.00 20.50 50.00 -0.611319
1620 24.23 146.15 31.54 76.92 -0.856206
1620 128.60 166.91 22.38 54.58 -0.941811
1620 175.75 79.00 20.50 50.00 -1.156551
1620 -0.30 150.89 24.37 59.45 -1.158593
1620 264.29 135.94 34.37 83.83 -1.368572
1620 292.47 154.38 26.57 64.81 -1.498139
1620 4.10 31.64 22.38 54.58 -2.718161
1620 359.00 20.00 82.00 200.00 -3.190756
1620 59.75 27.00 20.50 50.00 -3.613271
1620 497.75 -1.09 22.38 54.58 -3.902229
1650 481.75 181.00 20.50 50.00 -0.019494
1650 81.75 163.00 20.50 50.00 -0.508235
1650 521.75 165.00 20.50 50.00 -0.646804
1650 287.22 148.24 28.92 70.53 -0.747088
1650 445.75 153.00 20.50 50.00 -0.769010
1650 551.23 144.00 89.69 218.76 -1.119761
1650 248.42 146.59 26.57 64.81 -1.126503
1650 387.75 189.00 20.50 50.00 -1.366049
1650 11.92 146.15 31.54 76.92 -1.504559
1650 102.39 160.36 22.38 54.58 -1.646711
1650 125.75 87.00 20.50 50.00 -1.769831
1650 80.00 73.95 26.57 64.81 -2.392088
1650 375.00 20.00 82.00 200.00 -2.902685
1650 73.99 31.64 22.38 54.58 -3.269644
1650 25.02 15.53 28.92 70.53 -4.279757
1680 77.75 163.00 20.50 50.00 0.643483
1680 525.67 156.97 26.57 64.81 0.368882
1680 368.91 137.40 37.52 91.50 0.234670
1680 491.75 181.00 20.50 50.00 -0.586781
1680 91.47 153.82 22.38 54.58 -0.658173
1680 159.75 167.00 20.50 50.00 -1.404134
1680 517.41 160.36 22.38 54.58 -1.444362
1680 165.75 73.00 20.50 50.00 -1.619268
1680 571.79 57.47 69.16 168.67 -1.623509
1680 291.75 167.00 20.50 50.00 -1.812588
1680 613.77 255.57 26.57 64.81 -2.059709
1680 582.65 155.29 57.98 141.42 -2.242315
1680 369.52 45.82 44.67 108.95 -3.018688
1680 -1.00 20.00 82.00 200.00 -3.401436
1680 391.00 20.00 82.00 200.00 -3.829110
1710 567.65 173.45 22.38 54.58 7.952906
1710 5.75 161.00 20.50 50.00 0.397398
1710 527.75 177.00 20.50 50.00 0.352144
1710 415.75 165.00 20.50 50.00 -0.862666
1710 231.26 169.09 22.38 54.58 -0.974367
1710 137.75 171.00 20.50 50.00 -1.020895
1710 56.52 81.82 22.38 54.58 -1.193819
1710 512.71 167.35 26.57 64.81 -1.223645
1710 608.85 161.54 31.54 76.92 -1.251032
1710 270.58 166.91 22.38 54.58 -1.366328
1710 281.50 169.09 22.38 54.58 -1.402177
1710 366.17 162.35 28.92 70.53 -1.409424
1710 517.89 151.78 26.57 64.81 -1.427677
1710 539.75 161.00 20.50 50.00 -1.525541
1710 128.60 169.09 22.38 54.58 -1.800455
1710 615.91 67.72 24.37 59.45 -1.922415
1710 606.07 236.64 34.37 83.83 -2.202601
1710 64.45 68.76 26.57 64.81 -2.615827
1740 530.26 172.28 24.37 59.45 8.597269
1740 593.75 177.00 20.50 50.00 3.341388
1740 407.75 163.00 20.50 50.00 1.643025
1740 585.75 177.00 20.50 50.00 1.087277
1740 606.07 176.22 34.37 83.83 0.733057
1740 491.75 159.00 20.50 50.00 -0.025108
1740 331.26 116.44 48.64 118.64 -0.352744
1740 34.68 151.64 22.38 54.58 -0.543184
1740 599.75 171.00 20.50 50.00 -0.760728
1740 93.65 164.73 22.38 54.58 -0.797267
1740 130.78 184.36 22.38 54.58 -0.811131
1740 165.73 177.82 22.38 54.58 -1.033060
1740 467.75 185.00 20.50 50.00 -1.121124
1740 619.75 131.00 20.50 50.00 -1.807536
1740 27.75 165.00 20.50 50.00 -1.849373
1740 346.43 66.35 28.92 70.53 -2.141779
1740 615.91 22.57 24.37 59.45 -3.698764
1740 617.88 3.27 22.38 54.58 -4.444829
1770 486.80 164.76 26.57 64.81 4.599484
1770 580.75 171.27 22.38 54.58 4.412426
1770 565.75 179.00 20.50 50.00 2.322331
1770 553.75 175.00 20.50 50.00 1.943563
1770 545.75 179.00 20.50 50.00 1.843667
1770 573.75 177.00 20.50 50.00 1.204350
1770 589.49 173.45 22.38 54.58 1.133349
1770 358.96 153.27 24.37 59.45 0.363287
1770 187.75 181.00 20.50 50.00 0.054073
1770 619.75 109.00 20.50 50.00 -0.779274
1770 143.75 161.00 20.50 50.00 -0.871124
1770 445.77 164.62 31.54 76.92 -0.949501
1770 147.75 151.00 20.50 50.00 -1.513434
1770 -0.35 145.41 28.92 70.53 -1.601392
1770 494.57 146.14 24.37 59.45 -1.723064
1770 301.86 74.85 24.37 59.45 -1.958537
1770 619.75 55.00 20.50 50.00 -2.624363
1770 33.97 30.55 89.69 218.76 -2.813783
1800 482.68 169.90 24.37 59.45 4.398693
1800 520.74 165.15 24.37 59.45 3.568675
1800 506.48 171.27 22.38 54.58 2.507999
1800 492.19 169.90 24.37 59.45 2.229997
1800 473.72 171.27 22.38 54.58 -0.040140
1800 383.54 148.40 37.52 91.50 -0.239475
1800 513.04 177.82 22.38 54.58 -0.316444
1800 430.03 151.64 22.38 54.58 -0.612612
1800 436.59 145.09 22.38 54.58 -0.688547
1800 2.08 141.39 24.37 59.45 -1.025495
1800 233.75 139.00 20.50 50.00 -1.059318
1800 175.50 166.00 41.00 100.00 -1.086203
1800 613.77 81.73 26.57 64.81 -1.098451
1800 419.43 169.95 26.57 64.81 -1.330741
1800 416.92 128.47 28.92 70.53 -1.776844
1800 599.50 170.00 41.00 100.00 -1.825562
1800 197.00 46.59 28.92 70.53 -2.896911
1800 241.84 18.46 75.52 184.20 -3.273273
1800 318.24 9.88 28.92 70.53 -4.636434
1830 463.48 164.76 26.57 64.81 4.469595
1830 433.83 162.35 28.92 70.53 4.260897
1830 418.44 172.28 24.37 59.45 4.123629
1830 317.91 156.08 34.37 83.83 3.525235
1830 445.11 156.71 28.92 70.53 1.230504
1830 309.78 176.47 28.92 70.53 0.458743
1830 232.87 154.38 26.57 64.81 0.404452
1830 364.51 149.45 22.38 54.58 0.111096
1830 44.29 142.86 117.14 285.71 -0.689060
1830 354.66 169.95 26.57 64.81 -0.811257
1830 587.74 152.26 52.90 129.03 -0.867841
1830 409.07 162.16 26.57 64.81 -1.081138
1830 617.88 94.91 22.38 54.58 -1.227127
1830 -0.54 163.64 44.67 108.95 -1.325367
1830 604.01 91.48 24.37 59.45 -2.238742
1830 104.11 4.36 89.69 218.76 -3.635584
1830 151.64 24.00 98.11 239.31 -3.815457
