30 473.75 183.00 20.50 50.00 3.766601
30 551.75 183.00 20.50 50.00 2.375313
30 608.85 180.00 31.54 76.92 1.326248
30 495.75 179.00 20.50 50.00 1.226743
30 419.11 171.27 22.38 54.58 0.731227
30 489.75 185.00 20.50 50.00 0.398691
30 121.36 137.45 44.67 108.95 -0.263163
30 437.57 159.57 26.57 64.81 -0.279607
30 389.75 177.00 20.50 50.00 -0.346608
30 54.09 193.30 26.57 64.81 -0.773072
30 407.75 181.00 20.50 50.00 -0.791384
30 -0.27 147.27 22.38 54.58 -0.802147
30 36.86 153.82 22.38 54.58 -0.917701
30 510.32 100.65 52.90 129.03 -1.035928
30 39.12 179.29 28.92 70.53 -1.528053
30 587.74 28.39 52.90 129.03 -3.553594
60 506.48 180.00 22.38 54.58 5.996775
60 604.01 181.78 24.37 59.45 3.727653
60 517.41 184.36 22.38 54.58 1.452432
60 493.75 193.00 20.50 50.00 0.570549
60 389.75 177.00 20.50 50.00 0.003541
60 397.75 175.00 20.50 50.00 -0.055114
60 451.75 162.77 24.37 59.45 -0.357114
60 431.01 156.71 28.92 70.53 -0.480041
60 613.77 172.54 26.57 64.81 -0.718215
60 582.58 90.32 52.90 129.03 -0.773860
60 103.50 126.00 41.00 100.00 -0.805916
60 414.74 177.82 22.38 54.58 -0.888328
60 126.52 125.65 28.92 70.53 -0.921161
60 537.35 87.53 57.98 141.42 -0.947177
60 39.75 195.00 20.50 50.00 -1.447565
60 60.89 162.55 22.38 54.58 -1.557692
60 460.89 156.97 26.57 64.81 -1.674170
60 354.76 129.23 34.37 83.83 -1.965471
60 504.32 -1.41 28.92 70.53 -4.889646
90 550.38 167.69 31.54 76.92 5.563784
90 459.21 153.88 28.92 70.53 0.985187
90 535.75 189.00 20.50 50.00 0.954345
90 436.54 146.15 31.54 76.92 0.072329
90 411.75 175.00 20.50 50.00 -0.295413
90 487.75 173.00 20.50 50.00 -0.522249
90 392.90 169.09 22.38 54.58 -0.987142
90 571.79 77.75 69.16 168.67 -1.403893
90 541.75 183.00 20.50 50.00 -1.409917
90 204.31 160.40 24.37 59.45 -1.434167
90 75.26 102.18 48.64 118.64 -1.683685
90 322.69 155.38 31.54 76.92 -1.735787
90 544.23 75.39 31.54 76.92 -2.142963
120 604.78 195.27 22.38 54.58 3.734754
120 528.26 172.54 26.57 64.81 0.634028
120 462.80 186.55 22.38 54.58 0.448665
120 609.15 180.00 22.38 54.58 0.010069
120 483.50 134.00 41.00 100.00 -0.011088
120 425.37 162.35 28.92 70.53 -0.117571
120 323.88 156.71 28.92 70.53 -0.535017
120 607.75 163.00 20.50 50.00 -1.477702
120 104.23 170.77 31.54 76.92 -1.507719
120 408.46 117.18 28.92 70.53 -1.594059
120 18.08 183.08 31.54 76.92 -1.850287
120 61.56 186.53 24.37 59.45 -2.089445
120 570.06 42.14 37.52 91.50 -3.526929
150 504.32 187.76 28.92 70.53 0.233700
150 592.00 163.05 37.52 91.50 0.103750
150 541.29 121.29 52.90 129.03 -0.712257
150 429.75 101.00 20.50 50.00 -0.832582
150 28.51 77.54 75.52 184.20 -1.000979
150 577.69 64.61 63.08 153.85 -1.037064
150 405.49 115.42 37.52 91.50 -1.518896
150 526.87 170.82 28.92 70.53 -1.651745
150 437.47 188.91 24.37 59.45 -1.675674
150 451.94 162.80 34.37 83.83 -1.856967
150 199.55 167.52 24.37 59.45 -1.995529
180 363.75 171.00 20.50 50.00 0.269599
180 509.03 132.71 57.98 141.42 -0.657350
180 417.41 115.64 44.67 108.95 -0.929996
180 61.75 187.00 20.50 50.00 -1.125529
180 439.50 114.00 41.00 100.00 -1.310743
180 -0.77 64.61 63.08 153.85 -1.388639
180 581.03 199.69 37.52 91.50 -1.422034
180 163.75 175.00 20.50 50.00 -1.553040
180 481.76 145.41 28.92 70.53 -2.082180
180 619.75 113.00 20.50 50.00 -2.121110
180 599.75 47.00 20.50 50.00 -3.062956
180 619.75 47.00 20.50 50.00 -3.120348
210 177.75 163.00 20.50 50.00 -0.202732
210 387.75 173.00 20.50 50.00 -0.281063
210 519.50 146.00 41.00 100.00 -0.640871
210 49.97 156.00 22.38 54.58 -0.840003
210 511.75 189.00 20.50 50.00 -0.985615
210 -0.46 181.37 37.52 91.50 -1.082108
210 35.39 188.91 24.37 59.45 -1.281254
210 440.30 97.43 48.64 118.64 -1.496950
210 -0.32 151.78 26.57 64.81 -1.569612
210 599.50 110.00 41.00 100.00 -1.819638
210 501.71 60.59 24.37 59.45 -2.332070
210 587.85 247.78 26.57 64.81 -3.333542
210 608.85 23.08 31.54 76.92 -3.508320
210 541.21 19.46 26.57 64.81 -3.912191
240 595.92 141.82 44.67 108.95 1.230282
240 392.27 167.52 24.37 59.45 -0.757670
240 407.75 181.00 20.50 50.00 -1.405727
240 569.83 195.27 22.38 54.58 -2.159607
240 443.79 70.99 69.16 168.67 -2.226522
240 563.75 13.00 20.50 50.00 -2.461202
270 421.75 185.00 20.50 50.00 -0.135192
270 475.75 65.00 20.50 50.00 -1.211143
270 359.75 171.00 20.50 50.00 -1.317102
270 377.75 169.00 20.50 50.00 -1.402204
270 -0.59 135.45 48.64 118.64 -1.662858
270 58.08 133.85 31.54 76.92 -1.698638
270 402.82 162.35 28.92 70.53 -1.815686
270 517.89 43.94 69.16 168.67 -2.736908
300 373.75 173.00 20.50 50.00 0.984456
300 489.01 166.91 22.38 54.58 0.130671
300 445.11 173.65 28.92 70.53 -0.379302
300 599.50 134.00 41.00 100.00 -1.095812
300 5.38 89.23 63.08 153.85 -1.192437
300 475.54 193.66 24.37 59.45 -1.453459
300 497.75 51.00 20.50 50.00 -2.077025
300 520.74 34.45 24.37 59.45 -2.101217
300 611.45 105.88 28.92 70.53 -2.128995
300 435.75 99.00 20.50 50.00 -2.200634
300 464.98 195.27 22.38 54.58 -2.227818
300 613.77 37.62 26.57 64.81 -2.295247
300 573.71 38.47 37.52 91.50 -2.711520
330 219.75 171.00 20.50 50.00 0.011273
330 552.38 172.36 44.67 108.95 -0.087049
330 343.75 165.00 20.50 50.00 -0.258385
330 425.67 160.36 22.38 54.58 -0.460171
330 103.75 151.00 20.50 50.00 -0.572021
330 383.75 173.00 20.50 50.00 -0.760911
330 47.75 147.00 20.50 50.00 -0.782488
330 484.21 193.30 26.57 64.81 -1.079439
330 504.49 163.64 44.67 108.95 -1.089369
330 602.97 97.10 37.52 91.50 -1.147334
330 411.66 164.76 26.57 64.81 -1.231030
330 56.80 108.12 24.37 59.45 -1.246037
330 453.57 156.71 28.92 70.53 -1.485518
330 467.67 190.59 28.92 70.53 -2.276120
330 464.00 64.22 69.16 168.67 -2.296354
360 487.70 116.44 48.64 118.64 0.664374
360 427.43 152.06 37.52 91.50 0.244067
360 389.75 173.00 20.50 50.00 0.093968
360 337.97 162.35 28.92 70.53 -0.307034
360 -0.35 134.12 28.92 70.53 -0.925822
360 617.88 188.73 22.38 54.58 -1.420156
360 555.75 241.00 20.50 50.00 -3.201298
390 599.50 150.00 41.00 100.00 1.998936
390 386.35 171.27 22.38 54.58 1.393111
390 485.45 139.30 34.37 83.83 -0.246371
390 587.50 162.00 41.00 100.00 -0.603460
390 371.06 164.73 22.38 54.58 -0.681265
390 469.75 205.00 20.50 50.00 -0.945851
390 337.55 160.40 24.37 59.45 -1.034397
390 473.16 86.73 24.37 59.45 -1.132831
390 431.75 155.00 20.50 50.00 -1.153892
390 474.97 155.73 37.52 91.50 -1.474257
390 77.75 199.00 20.50 50.00 -1.499138
390 363.75 163.00 20.50 50.00 -1.795218
390 45.75 201.00 20.50 50.00 -1.813931
420 375.38 164.76 26.57 64.81 2.835452
420 333.93 159.57 26.57 64.81 0.617527
420 449.75 149.00 20.50 50.00 0.542434
420 385.13 174.65 24.37 59.45 0.491158
420 511.41 149.70 48.64 118.64 0.015196
420 568.85 167.69 31.54 76.92 -0.205916
420 365.75 163.00 20.50 50.00 -0.517489
420 554.17 216.65 26.57 64.81 -0.800779
420 -0.35 159.53 28.92 70.53 -1.168919
420 458.64 149.37 34.37 83.83 -1.401266
420 419.11 153.82 22.38 54.58 -1.532008
420 341.15 136.92 31.54 76.92 -1.678020
450 384.16 177.82 22.38 54.58 4.107374
450 463.75 143.00 20.50 50.00 0.932521
450 337.55 158.02 24.37 59.45 -0.236540
450 379.80 162.55 22.38 54.58 -0.405766
450 539.32 141.82 44.67 108.95 -0.807226
450 391.75 163.00 20.50 50.00 -1.273566
450 505.75 185.00 20.50 50.00 -1.285908
450 4.46 193.66 24.37 59.45 -1.738411
450 559.00 20.00 82.00 200.00 -2.677982
480 392.27 177.03 24.37 59.45 3.974940
480 385.13 162.77 24.37 59.45 0.784395
480 371.75 167.00 20.50 50.00 -0.051081
480 608.63 108.71 28.92 70.53 -0.598524
480 331.26 130.69 48.64 118.64 -0.705448
480 595.92 141.82 44.67 108.95 -0.780633
480 363.75 99.00 20.50 50.00 -1.089430
480 470.78 136.63 24.37 59.45 -1.486640
480 -0.42 125.87 34.37 83.83 -1.499573
480 450.53 182.92 26.57 64.81 -1.759596
480 545.75 61.00 20.50 50.00 -1.814405
480 537.75 79.00 20.50 50.00 -2.694613
510 397.03 179.41 24.37 59.45 1.914163
510 467.75 167.00 20.50 50.00 1.594895
510 377.99 160.40 24.37 59.45 1.172023
510 388.34 156.97 26.57 64.81 0.822617
510 461.75 175.00 20.50 50.00 0.041458
510 492.73 123.64 149.09 363.64 -0.092735
510 335.50 134.00 41.00 100.00 -0.662361
510 368.48 84.36 24.37 59.45 -0.926373
510 467.75 149.00 20.50 50.00 -0.997300
510 83.75 147.00 20.50 50.00 -1.612945
510 599.50 62.00 41.00 100.00 -1.876339
510 617.75 39.00 20.50 50.00 -2.530762
510 593.75 57.00 20.50 50.00 -2.717363
510 567.75 45.00 20.50 50.00 -3.013934
540 568.33 172.28 24.37 59.45 4.048904
540 397.75 167.00 20.50 50.00 2.380503
540 411.66 172.54 26.57 64.81 2.089338
540 490.22 159.53 28.92 70.53 1.007355
540 409.07 154.38 26.57 64.81 0.169413
540 357.94 133.74 37.52 91.50 -0.326092
540 429.75 187.00 20.50 50.00 -0.577065
540 403.82 186.55 22.38 54.58 -0.811992
540 523.50 114.00 41.00 100.00 -0.959592
540 575.92 186.29 34.37 83.83 -1.723509
540 383.16 73.95 26.57 64.81 -2.296234
540 615.75 13.00 20.50 50.00 -3.028074
570 416.92 148.24 28.92 70.53 0.773782
570 519.62 158.46 31.54 76.92 0.469074
570 407.75 167.00 20.50 50.00 0.138266
570 608.63 151.06 28.92 70.53 0.071186
570 424.62 172.54 26.57 64.81 -0.634414
570 367.50 126.00 41.00 100.00 -0.823042
570 559.23 76.92 63.08 153.85 -1.683654
570 -0.65 90.32 52.90 129.03 -2.311107
570 619.75 21.00 20.50 50.00 -4.071715
600 414.74 177.82 22.38 54.58 3.844797
600 525.67 156.97 26.57 64.81 0.996150
600 369.52 124.36 44.67 108.95 0.914367
600 403.82 164.73 22.38 54.58 0.845516
600 414.74 158.18 22.38 54.58 -0.108847
600 538.08 161.54 31.54 76.92 -0.165311
600 431.75 157.00 20.50 50.00 -0.280273
600 577.69 76.92 63.08 153.85 -0.820238
600 519.59 132.00 22.38 54.58 -0.845162
600 63.94 165.15 24.37 59.45 -1.944290
600 401.78 51.09 24.37 59.45 -2.176780
630 398.70 159.57 26.57 64.81 1.984100
630 430.03 158.18 22.38 54.58 1.627152
630 536.03 159.57 26.57 64.81 1.591801
630 554.17 172.54 26.57 64.81 1.069116
630 413.75 175.00 20.50 50.00 0.352014
630 527.88 167.52 24.37 59.45 -0.023413
630 47.29 172.28 24.37 59.45 -0.027093
630 377.44 176.47 28.92 70.53 -0.162639
630 574.90 120.65 26.57 64.81 -0.727475
630 384.23 158.46 31.54 76.92 -1.212141
630 593.75 189.00 20.50 50.00 -1.493869
630 -0.35 168.00 28.92 70.53 -1.538086
630 419.75 159.00 20.50 50.00 -1.580372
630 608.85 75.39 31.54 76.92 -1.606754
630 548.99 159.57 26.57 64.81 -1.671307
630 307.75 105.00 20.50 50.00 -1.730936
630 39.75 189.00 20.50 50.00 -1.866557
630 -0.50 98.00 41.00 100.00 -2.523263
660 430.33 155.64 24.37 59.45 0.994718
660 538.15 159.53 28.92 70.53 0.991992
660 554.54 160.36 22.38 54.58 -0.310658
660 565.75 189.00 20.50 50.00 -0.385273
660 587.74 100.65 52.90 129.03 -0.941120
660 362.95 64.22 69.16 168.67 -1.069133
660 558.91 171.27 22.38 54.58 -1.075660
660 525.50 129.50 24.37 59.45 -1.092671
660 377.44 190.59 28.92 70.53 -1.153827
660 33.75 183.00 20.50 50.00 -1.278893
660 421.30 171.27 22.38 54.58 -1.499790
660 347.31 158.46 31.54 76.92 -1.734222
660 9.22 131.88 24.37 59.45 -2.042209
660 149.59 295.84 24.37 59.45 -4.426025
690 411.75 175.00 20.50 50.00 1.097506
690 430.33 150.89 24.37 59.45 0.581146
690 546.61 156.71 28.92 70.53 0.542021
690 385.75 181.00 20.50 50.00 0.374039
690 568.33 174.65 24.37 59.45 -0.232385
690 561.09 158.18 22.38 54.58 -0.305216
690 602.97 152.06 37.52 91.50 -0.314696
690 582.86 111.27 44.67 108.95 -0.689621
690 130.56 136.63 24.37 59.45 -0.790825
690 420.82 169.90 24.37 59.45 -1.052615
690 4.10 180.00 22.38 54.58 -1.297772
690 37.75 165.00 20.50 50.00 -1.557652
720 408.38 149.37 34.37 83.83 0.377724
720 563.75 161.00 20.50 50.00 0.362922
720 608.85 170.77 31.54 76.92 0.233600
720 383.75 181.00 20.50 50.00 0.109748
720 587.21 111.27 44.67 108.95 -0.499821
720 429.80 149.19 26.57 64.81 -0.793332
720 546.61 153.88 28.92 70.53 -0.802062
720 575.75 181.00 20.50 50.00 -1.032359
720 -0.32 177.73 26.57 64.81 -1.196591
720 19.75 183.00 20.50 50.00 -1.218282
720 474.19 126.45 52.90 129.03 -1.420130
720 525.50 127.13 24.37 59.45 -1.612885
750 419.74 151.06 28.92 70.53 0.818866
750 546.40 159.57 26.57 64.81 0.260976
750 563.75 159.00 20.50 50.00 0.147546
750 476.12 176.47 28.92 70.53 -0.638509
750 405.64 153.88 28.92 70.53 -0.643646
750 571.79 57.47 69.16 168.67 -1.149572
750 -0.71 93.18 57.98 141.42 -1.248394
750 535.33 117.18 28.92 70.53 -1.593238
750 33.75 67.00 20.50 50.00 -1.603955
750 85.75 351.00 20.50 50.00 -8.140063
780 413.75 177.00 20.50 50.00 0.568535
780 608.85 170.77 31.54 76.92 0.540199
780 403.75 169.00 20.50 50.00 -0.059147
780 429.80 149.19 26.57 64.81 -0.372399
780 356.11 110.12 57.98 141.42 -0.596728
780 582.58 95.48 52.90 129.03 -0.649649
780 475.54 146.14 24.37 59.45 -0.723584
780 525.50 127.13 24.37 59.45 -0.797570
780 543.79 159.53 28.92 70.53 -0.833861
780 423.75 175.00 20.50 50.00 -0.900198
780 576.38 180.00 22.38 54.58 -0.943516
780 12.63 175.14 26.57 64.81 -1.056458
780 567.75 163.00 20.50 50.00 -1.084697
780 33.75 67.00 20.50 50.00 -2.557272
810 565.75 163.00 20.50 50.00 0.617299
810 15.02 182.18 22.38 54.58 0.128900
810 87.10 147.27 22.38 54.58 -0.039872
810 4.46 191.29 24.37 59.45 -0.072847
810 592.00 102.18 48.64 118.64 -0.091159
810 546.61 156.71 28.92 70.53 -0.324137
810 408.38 149.37 34.37 83.83 -0.742051
810 350.44 127.06 57.98 141.42 -0.860386
810 432.39 154.38 26.57 64.81 -0.868533
810 468.74 135.45 48.64 118.64 -1.311896
810 397.03 162.77 24.37 59.45 -1.571449
810 41.75 183.00 20.50 50.00 -1.579065
810 30.31 164.73 22.38 54.58 -1.766032
810 606.07 68.81 34.37 83.83 -2.038486
840 557.89 165.18 28.92 70.53 0.630047
840 437.57 151.78 26.57 64.81 0.476669
840 478.94 148.24 28.92 70.53 -0.140769
840 12.83 182.18 22.38 54.58 -0.160964
840 411.28 156.71 28.92 70.53 -0.232863
840 401.78 167.52 24.37 59.45 -0.802296
840 432.71 169.90 24.37 59.45 -1.268832
840 571.79 50.70 69.16 168.67 -1.331441
840 195.75 155.00 20.50 50.00 -1.362539
840 35.75 183.00 20.50 50.00 -1.377265
840 85.75 185.00 20.50 50.00 -1.653890
840 82.97 143.76 24.37 59.45 -1.741412
840 339.12 93.18 57.98 141.42 -1.967221
870 436.65 148.24 28.92 70.53 0.719598
870 568.85 164.62 31.54 76.92 -0.051649
870 346.97 144.73 37.52 91.50 -0.222803
870 -0.27 177.82 22.38 54.58 -0.247063
870 408.46 156.71 28.92 70.53 -0.339200
870 422.02 172.54 26.57 64.81 -0.632811
870 6.28 135.94 34.37 83.83 -1.223443
870 389.75 169.00 20.50 50.00 -1.318092
870 536.03 125.84 26.57 64.81 -1.365322
870 432.39 172.54 26.57 64.81 -1.655354
870 550.38 115.38 31.54 76.92 -1.755740
870 577.69 70.77 63.08 153.85 -2.104069
900 445.24 146.01 34.37 83.83 0.096691
900 419.43 177.73 26.57 64.81 0.045873
900 383.75 173.00 20.50 50.00 -0.798901
900 139.52 151.64 22.38 54.58 -1.029132
900 513.75 111.00 20.50 50.00 -1.040002
900 65.26 153.82 22.38 54.58 -1.253460
900 431.01 173.65 28.92 70.53 -1.369558
900 111.13 97.09 22.38 54.58 -1.591116
900 552.35 169.09 22.38 54.58 -1.738734
900 556.43 129.50 24.37 59.45 -2.099085
900 611.45 57.88 28.92 70.53 -2.120562
930 596.88 167.52 24.37 59.45 0.563579
930 613.77 169.95 26.57 64.81 -0.053280
930 470.38 146.15 31.54 76.92 -0.278383
930 532.51 77.65 28.92 70.53 -0.403055
930 539.50 142.00 41.00 100.00 -0.467681
930 44.91 146.14 24.37 59.45 -0.833589
930 428.19 179.29 28.92 70.53 -1.058576
930 580.75 171.27 22.38 54.58 -1.231354
930 544.23 195.38 31.54 76.92 -1.284736
930 421.30 158.18 22.38 54.58 -1.362734
930 576.38 186.55 22.38 54.58 -1.759323
930 590.45 118.05 26.57 64.81 -2.029676
930 556.76 221.84 26.57 64.81 -2.371598
960 577.69 113.85 63.08 153.85 -0.146365
960 427.85 153.82 22.38 54.58 -0.170898
960 464.00 140.20 48.64 118.64 -0.213222
960 451.75 203.00 20.50 50.00 -0.298407
960 509.75 189.00 20.50 50.00 -1.202783
960 -0.32 188.11 26.57 64.81 -1.408441
960 433.46 161.54 31.54 76.92 -1.558184
960 551.58 57.47 69.16 168.67 -1.743560
960 617.88 90.55 22.38 54.58 -1.813663
960 411.28 148.24 28.92 70.53 -1.908790
960 515.75 47.00 20.50 50.00 -2.815364
960 608.85 32.31 31.54 76.92 -3.026106
990 435.75 155.00 20.50 50.00 0.476336
990 495.75 213.00 20.50 50.00 -0.177232
990 522.30 139.30 34.37 83.83 -0.354431
990 6.84 188.91 24.37 59.45 -0.361537
990 60.89 156.00 22.38 54.58 -0.762635
990 455.71 125.84 26.57 64.81 -1.594702
990 489.75 221.00 20.50 50.00 -1.707850
990 504.30 208.36 22.38 54.58 -2.270530
990 551.23 30.55 89.69 218.76 -2.538646
990 563.28 249.82 22.38 54.58 -2.561792
1020 445.34 144.00 26.57 64.81 0.053631
1020 593.86 182.18 22.38 54.58 -0.127385
1020 179.75 155.00 20.50 50.00 -0.899815
1020 599.50 114.00 41.00 100.00 -1.083216
1020 471.75 159.00 20.50 50.00 -1.145547
1020 43.75 167.00 20.50 50.00 -1.378654
1020 509.75 131.00 20.50 50.00 -1.394410
1020 159.18 156.00 22.38 54.58 -1.643743
1020 337.55 160.40 24.37 59.45 -1.705504
1020 295.75 127.00 20.50 50.00 -1.857658
1020 475.90 145.09 22.38 54.58 -1.913717
1020 531.50 118.00 41.00 100.00 -1.983567
1020 205.05 169.09 22.38 54.58 -2.097884
1020 33.48 193.41 28.92 70.53 -2.360080
1020 581.15 63.08 31.54 76.92 -2.495997
1020 615.91 39.21 24.37 59.45 -3.644350
1050 505.75 151.00 20.50 50.00 0.499380
1050 460.34 130.08 37.52 91.50 0.210720
1050 507.75 193.00 20.50 50.00 -0.019709
1050 11.75 159.00 20.50 50.00 -0.262472
1050 602.97 108.09 37.52 91.50 -0.739974
1050 -0.25 155.00 20.50 50.00 -1.093022
1050 561.19 103.37 24.37 59.45 -1.421877
1050 442.06 119.08 37.52 91.50 -1.765528
1050 401.83 122.75 37.52 91.50 -1.805847
1080 613.77 131.03 26.57 64.81 0.991434
1080 451.94 132.59 34.37 83.83 0.121299
1080 479.50 118.00 41.00 100.00 -0.156977
1080 602.97 170.38 37.52 91.50 -0.406066
1080 617.88 99.27 22.38 54.58 -0.562722
1080 379.80 162.55 22.38 54.58 -0.875429
1080 558.32 70.99 69.16 168.67 -0.883711
1080 161.37 147.27 22.38 54.58 -0.961980
1080 47.29 158.02 24.37 59.45 -1.316722
1080 495.00 52.00 82.00 200.00 -1.683421
1080 604.78 236.73 22.38 54.58 -2.036788
1080 -0.30 62.97 24.37 59.45 -2.877365
1080 -0.32 19.46 26.57 64.81 -4.452162
1110 521.75 179.00 20.50 50.00 1.489661
1110 528.85 149.23 31.54 76.92 -0.673730
1110 144.78 138.81 26.57 64.81 -0.707530
1110 491.50 114.00 41.00 100.00 -0.885222
1110 181.75 179.00 20.50 50.00 -0.945276
1110 387.75 167.00 20.50 50.00 -1.617850
1110 37.75 153.00 20.50 50.00 -1.730376
1110 475.54 96.24 24.37 59.45 -1.766127
1110 559.00 44.00 82.00 200.00 -2.110004
1140 573.75 179.00 20.50 50.00 4.417042
1140 563.28 177.82 22.38 54.58 0.382432
1140 543.75 181.00 20.50 50.00 -0.110686
1140 494.57 84.32 26.57 64.81 -0.168593
1140 409.07 146.59 26.57 64.81 -0.171447
1140 535.75 179.00 20.50 50.00 -0.221649
1140 229.75 175.00 20.50 50.00 -0.258257
1140 515.75 175.00 20.50 50.00 -0.931886
1140 110.16 159.44 34.37 83.83 -1.401132
1140 4.46 181.78 24.37 59.45 -1.411435
1140 368.91 159.39 37.52 91.50 -1.734104
1140 583.75 179.00 20.50 50.00 -1.874488
1140 260.94 169.51 34.37 83.83 -1.921755
1140 602.97 23.82 37.52 91.50 -3.407932
1170 585.75 181.00 20.50 50.00 2.966610
1170 559.75 181.00 20.50 50.00 0.740030
1170 368.87 162.55 22.38 54.58 0.244882
1170 521.75 179.00 20.50 50.00 0.104730
1170 227.75 167.00 20.50 50.00 0.038601
1170 416.84 141.41 26.57 64.81 -0.468182
1170 506.47 179.41 24.37 59.45 -0.763309
1170 611.17 164.76 26.57 64.81 -1.086866
1170 551.75 179.00 20.50 50.00 -1.301808
1170 349.25 165.18 28.92 70.53 -1.314384
1170 67.05 128.43 26.57 64.81 -1.843905
1170 529.01 52.03 34.37 83.83 -2.031361
1200 619.75 177.00 20.50 50.00 2.957632
1200 603.40 164.76 26.57 64.81 0.196308
1200 426.12 106.91 44.67 108.95 -0.140443
1200 399.75 161.00 20.50 50.00 -0.628200
1200 224.71 156.00 22.38 54.58 -0.660025
1200 33.75 171.00 20.50 50.00 -0.672013
1200 131.75 167.00 20.50 50.00 -0.712584
1200 582.67 167.35 26.57 64.81 -0.825923
1200 197.75 173.00 20.50 50.00 -1.334383
1200 101.75 105.00 20.50 50.00 -1.484282
1200 478.37 111.27 44.67 108.95 -1.726468
1200 519.00 20.00 82.00 200.00 -2.986394
1200 587.31 20.00 31.54 76.92 -4.101349
1230 383.75 167.00 20.50 50.00 -0.510946
1230 187.75 165.00 20.50 50.00 -0.704520
1230 370.86 153.27 24.37 59.45 -0.716202
1230 98.02 160.36 22.38 54.58 -0.725656
1230 406.48 144.00 26.57 64.81 -0.851440
1230 425.58 141.39 24.37 59.45 -1.070675
1230 456.51 167.52 24.37 59.45 -1.093668
1230 567.13 175.14 26.57 64.81 -1.361751
1230 526.02 93.18 57.98 141.42 -1.530924
1230 388.53 153.82 22.38 54.58 -1.542071
1230 467.67 173.65 28.92 70.53 -1.735961
1230 571.79 50.70 69.16 168.67 -1.809694
1230 605.99 11.68 26.57 64.81 -4.486403
1260 377.99 158.02 24.37 59.45 0.704629
1260 419.75 181.00 20.50 50.00 0.363864
1260 436.54 158.46 31.54 76.92 -0.772443
1260 551.50 170.00 41.00 100.00 -1.148941
1260 615.91 148.51 24.37 59.45 -1.206784
1260 450.53 149.19 26.57 64.81 -1.246427
1260 443.75 139.00 20.50 50.00 -1.269581
1260 608.85 173.85 31.54 76.92 -1.416107
1260 -0.27 166.91 22.38 54.58 -1.509918
1260 5.75 77.00 20.50 50.00 -1.928659
1260 611.45 114.35 28.92 70.53 -2.014194
1260 558.32 57.47 69.16 168.67 -2.542082
1260 16.36 77.23 24.37 59.45 -2.796773
1260 569.83 38.18 22.38 54.58 -3.528569
1290 382.75 162.77 24.37 59.45 0.930569
1290 435.75 189.00 20.50 50.00 0.538052
1290 447.51 188.73 22.38 54.58 0.094867
1290 487.43 143.76 24.37 59.45 -0.472853
1290 125.77 170.77 31.54 76.92 -0.546674
1290 577.62 173.65 28.92 70.53 -0.641826
1290 442.75 120.65 26.57 64.81 -1.495260
1290 432.71 131.88 24.37 59.45 -1.733630
1290 187.58 182.18 22.38 54.58 -1.790197
1290 518.36 48.71 24.37 59.45 -2.871416
1290 555.43 42.14 37.52 91.50 -3.383365
1320 391.75 181.00 20.50 50.00 1.471100
1320 470.38 180.00 31.54 76.92 0.947514
1320 522.30 193.01 34.37 83.83 0.896271
1320 619.75 151.00 20.50 50.00 0.342066
1320 144.83 160.40 24.37 59.45 0.176405
1320 487.43 198.42 24.37 59.45 -0.208326
1320 373.75 155.00 20.50 50.00 -0.480838
1320 357.75 161.00 20.50 50.00 -0.545910
1320 225.75 165.00 20.50 50.00 -0.859078
1320 381.98 171.27 22.38 54.58 -1.051106
1320 365.75 157.00 20.50 50.00 -1.107165
1320 50.40 131.29 28.92 70.53 -1.304200
1320 249.75 163.00 20.50 50.00 -1.346362
1320 123.75 177.00 20.50 50.00 -1.427382
1320 196.60 159.57 26.57 64.81 -1.509373
1320 536.09 92.31 75.52 184.20 -1.704140
1320 619.75 225.00 20.50 50.00 -1.736482
1320 -0.30 148.51 24.37 59.45 -1.737100
1320 615.91 115.25 24.37 59.45 -1.751355
1320 461.26 191.29 24.37 59.45 -1.783720
1320 458.43 110.18 22.38 54.58 -1.818733
1320 462.80 99.27 22.38 54.58 -1.823345
1320 606.07 169.51 34.37 83.83 -2.053350
1320 606.07 62.10 34.37 83.83 -2.329685
1350 409.75 183.00 20.50 50.00 3.967635
1350 381.75 161.00 20.50 50.00 1.853772
1350 207.24 160.36 22.38 54.58 0.063846
1350 461.26 179.41 24.37 59.45 -0.026057
1350 545.75 177.00 20.50 50.00 -0.458092
1350 133.61 156.08 34.37 83.83 -0.737285
1350 3.81 133.09 44.67 108.95 -0.754111
1350 375.75 153.00 20.50 50.00 -0.761328
1350 263.75 163.00 20.50 50.00 -0.984441
1350 561.94 167.74 52.90 129.03 -1.367774
1350 339.66 148.40 37.52 91.50 -1.421432
1350 489.81 98.61 24.37 59.45 -1.742429
1350 611.45 224.47 28.92 70.53 -2.325528
1350 565.75 43.00 20.50 50.00 -2.665234
1380 419.43 177.73 26.57 64.81 3.240095
1380 385.75 159.00 20.50 50.00 1.573011
1380 130.78 182.18 22.38 54.58 1.042588
1380 113.46 164.62 31.54 76.92 0.918794
1380 246.55 160.36 22.38 54.58 0.626460
1380 393.75 163.00 20.50 50.00 0.171474
1380 442.23 184.16 24.37 59.45 -0.113876
1380 371.75 165.00 20.50 50.00 -0.224494
1380 451.75 179.41 24.37 59.45 -0.291201
1380 41.75 199.00 20.50 50.00 -0.495036
1380 587.75 119.00 20.50 50.00 -0.508080
1380 191.75 157.00 20.50 50.00 -0.598376
1380 581.75 77.00 20.50 50.00 -0.950236
1380 606.07 92.31 34.37 83.83 -1.021088
1380 4.10 158.18 22.38 54.58 -1.466122
1380 410.38 173.45 22.38 54.58 -1.666494
1380 575.75 109.00 20.50 50.00 -1.713658
1380 575.75 85.00 20.50 50.00 -2.305954
1380 619.75 25.00 20.50 50.00 -3.380322
1410 425.37 176.47 28.92 70.53 4.071756
1410 235.24 160.40 24.37 59.45 0.501139
1410 383.75 161.00 20.50 50.00 0.420516
1410 174.45 156.71 28.92 70.53 0.307970
1410 391.75 167.00 20.50 50.00 -0.089224
1410 495.00 180.00 31.54 76.92 -0.229495
1410 253.75 163.00 20.50 50.00 -0.240484
1410 147.75 183.00 20.50 50.00 -1.340556
1410 21.11 127.13 24.37 59.45 -1.379327
1410 419.74 162.35 28.92 70.53 -1.413496
1410 619.75 55.00 20.50 50.00 -1.556979
1410 225.72 162.77 24.37 59.45 -1.568497
1410 404.16 150.89 24.37 59.45 -1.610319
1410 584.98 184.16 24.37 59.45 -1.616834
1410 521.77 55.64 22.38 54.58 -1.743032
1410 531.75 57.00 20.50 50.00 -2.100842
1410 87.75 189.00 20.50 50.00 -2.185437
1410 493.75 43.00 20.50 50.00 -2.188195
1410 508.85 34.45 24.37 59.45 -3.254298
1440 433.46 186.15 31.54 76.92 4.436486
1440 220.97 155.64 24.37 59.45 0.407275
1440 392.27 162.77 24.37 59.45 0.403856
1440 39.75 191.00 20.50 50.00 0.080958
1440 213.83 162.77 24.37 59.45 0.004947
1440 537.06 162.55 22.38 54.58 -0.190799
1440 165.99 156.71 28.92 70.53 -0.598192
1440 7.50 178.00 41.00 100.00 -0.704623
1440 602.97 130.08 37.52 91.50 -0.852046
1440 245.75 163.00 20.50 50.00 -1.217242
1440 592.00 187.72 48.64 118.64 -1.494260
1440 381.98 162.55 22.38 54.58 -1.748175
1440 617.88 27.27 22.38 54.58 -3.615806
1440 561.09 12.00 22.38 54.58 -4.076854
1440 619.75 7.00 20.50 50.00 -4.393222
1470 449.37 181.37 37.52 91.50 5.270260
1470 226.89 158.18 22.38 54.58 1.456119
1470 495.86 187.76 28.92 70.53 0.676631
1470 245.75 165.00 20.50 50.00 0.232828
1470 213.75 157.00 20.50 50.00 -0.004816
1470 237.75 161.00 20.50 50.00 -0.134487
1470 171.63 165.18 28.92 70.53 -0.525691
1470 191.75 159.00 20.50 50.00 -0.703444
1470 429.75 163.00 20.50 50.00 -0.970909
1500 475.50 178.00 41.00 100.00 5.951078
1500 175.76 150.89 24.37 59.45 2.311455
1500 577.78 173.47 48.64 118.64 1.559876
1500 556.72 175.64 22.38 54.58 1.373690
1500 211.45 148.51 24.37 59.45 1.125840
1500 161.49 153.27 24.37 59.45 0.834919
1500 408.85 149.23 31.54 76.92 0.462569
1500 389.75 155.00 20.50 50.00 0.450186
1500 563.28 182.18 22.38 54.58 0.201693
1500 592.00 187.72 48.64 118.64 -0.187312
1500 108.50 177.73 26.57 64.81 -0.208745
1500 220.97 150.89 24.37 59.45 -0.726997
1500 150.44 162.55 22.38 54.58 -1.034036
1500 203.75 159.00 20.50 50.00 -1.122496
1500 551.75 165.00 20.50 50.00 -1.279844
1500 464.00 192.37 37.52 91.50 -1.402218
1500 584.23 143.08 31.54 76.92 -1.847954
1500 571.79 16.90 69.16 168.67 -3.148507
1530 519.50 170.00 41.00 100.00 6.163561
1530 590.45 172.54 26.57 64.81 3.709515
1530 157.73 144.00 26.57 64.81 0.516315
1530 392.27 146.14 24.37 59.45 0.205114
1530 527.50 190.00 41.00 100.00 0.125540
1530 196.31 153.82 22.38 54.58 -0.053383
1530 606.07 142.66 34.37 83.83 -0.655867
1530 229.75 155.00 20.50 50.00 -0.768902
1530 130.78 158.18 22.38 54.58 -0.796434
1530 531.50 158.00 41.00 100.00 -0.924694
1530 219.75 155.00 20.50 50.00 -1.079824
1530 205.05 147.27 22.38 54.58 -1.151217
1530 187.58 158.18 22.38 54.58 -1.327054
1530 459.75 175.00 20.50 50.00 -1.339174
1530 567.13 180.32 26.57 64.81 -1.425886
1560 544.59 168.71 48.64 118.64 4.782676
1560 425.67 134.18 22.38 54.58 1.494898
1560 582.67 180.32 26.57 64.81 0.850175
1560 193.75 155.00 20.50 50.00 0.474567
1560 209.07 150.89 24.37 59.45 0.344758
1560 223.75 157.00 20.50 50.00 -0.191984
1560 144.23 140.00 31.54 76.92 -0.212460
1560 395.09 147.27 22.38 54.58 -0.376376
1560 536.03 159.57 26.57 64.81 -0.542379
1560 475.90 177.82 22.38 54.58 -0.598378
1560 201.75 157.00 20.50 50.00 -0.653929
1560 430.03 145.09 22.38 54.58 -1.028983
1560 421.75 149.00 20.50 50.00 -1.112118
1560 397.75 131.00 20.50 50.00 -1.305914
1560 83.75 133.00 20.50 50.00 -1.434232
1560 324.52 126.45 52.90 129.03 -1.685327
1560 467.66 119.08 37.52 91.50 -1.810047
1560 611.33 180.00 22.38 54.58 -1.850574
1560 603.75 51.00 20.50 50.00 -3.016289
1590 544.59 168.71 48.64 118.64 6.409813
1590 427.21 125.84 26.57 64.81 1.464835
1590 617.75 173.00 20.50 50.00 1.030921
1590 218.16 153.82 22.38 54.58 0.483721
1590 204.31 150.89 24.37 59.45 0.400120
1590 191.42 146.59 26.57 64.81 -0.631929
1590 132.16 139.76 28.92 70.53 -0.719490
1590 90.36 154.38 26.57 64.81 -0.882395
1590 393.52 141.41 26.57 64.81 -0.911397
1590 120.88 142.59 28.92 70.53 -0.916184
1590 439.75 145.00 20.50 50.00 -0.985756
1590 224.71 160.36 22.38 54.58 -1.133224
1590 328.85 140.00 31.54 76.92 -1.266649
1590 181.02 158.18 22.38 54.58 -1.276900
1590 419.11 147.27 22.38 54.58 -1.487034
1590 100.73 154.38 26.57 64.81 -1.553171
1590 399.41 117.62 24.37 59.45 -1.629403
1590 503.75 177.00 20.50 50.00 -1.889036
1590 499.75 47.00 20.50 50.00 -3.183127
1620 552.38 176.73 44.67 108.95 6.561676
1620 487.75 173.00 20.50 50.00 1.558226
1620 201.78 149.19 26.57 64.81 0.724745
1620 220.34 158.18 22.38 54.58 0.588890
1620 443.14 138.55 22.38 54.58 0.414255
1620 407.75 139.00 20.50 50.00 0.206996
1620 537.75 177.00 20.50 50.00 0.132049
1620 173.61 111.27 44.67 108.95 -0.333740
1620 120.23 122.75 37.52 91.50 -0.655312
1620 433.75 145.00 20.50 50.00 -0.778136
1620 590.45 99.89 26.57 64.81 -0.924712
1620 73.46 146.15 31.54 76.92 -1.119818
1620 407.75 119.00 20.50 50.00 -1.452411
1620 440.96 121.09 22.38 54.58 -1.618851
1620 575.00 93.85 31.54 76.92 -2.368166
1620 611.45 49.41 28.92 70.53 -2.717162
1620 532.64 17.82 24.37 59.45 -3.715722
1650 526.17 177.71 37.52 91.50 4.953318
1650 173.75 161.00 20.50 50.00 1.234584
1650 193.75 161.00 20.50 50.00 0.906223
1650 201.78 146.59 26.57 64.81 0.497909
1650 510.85 169.09 22.38 54.58 0.318176
1650 181.75 155.00 20.50 50.00 0.160319
1650 503.75 177.00 20.50 50.00 -0.217465
1650 456.51 131.88 24.37 59.45 -0.355040
1650 533.49 159.39 37.52 91.50 -0.472850
1650 165.75 165.00 20.50 50.00 -0.482744
1650 45.60 114.55 22.38 54.58 -0.818267
1650 602.97 141.07 37.52 91.50 -0.877530
1650 451.75 112.87 24.37 59.45 -1.356953
1650 412.56 142.91 22.38 54.58 -1.473317
1650 375.75 135.00 20.50 50.00 -1.823898
1650 613.77 -1.30 26.57 64.81 -5.198632
1680 500.57 174.05 37.52 91.50 4.739453
1680 535.75 171.00 20.50 50.00 2.344342
1680 176.66 158.18 22.38 54.58 1.670145
1680 565.46 169.09 22.38 54.58 0.629317
1680 188.55 139.76 28.92 70.53 -0.135180
1680 41.75 131.00 20.50 50.00 -0.480926
1680 463.48 125.84 26.57 64.81 -0.562701
1680 417.75 125.00 20.50 50.00 -0.837533
1680 223.75 149.00 20.50 50.00 -1.001286
1680 30.63 110.50 24.37 59.45 -1.507021
1680 351.75 181.00 20.50 50.00 -1.822424
1680 523.96 173.45 22.38 54.58 -1.877219
1680 615.91 127.13 24.37 59.45 -2.047109
1680 602.97 34.81 37.52 91.50 -3.993840
1680 619.75 15.00 20.50 50.00 -4.341506
1710 554.54 164.73 22.38 54.58 4.496375
1710 468.69 169.51 34.37 83.83 4.416870
1710 539.25 171.27 22.38 54.58 0.138035
1710 32.49 121.09 22.38 54.58 -0.037752
1710 111.09 149.19 26.57 64.81 -0.358836
1710 69.62 158.18 22.38 54.58 -1.022645
1710 421.75 117.00 20.50 50.00 -1.337943
1710 464.98 97.09 22.38 54.58 -1.728009
1710 181.75 153.00 20.50 50.00 -1.840470
1710 447.75 107.00 20.50 50.00 -1.866335
1710 17.81 97.30 26.57 64.81 -2.394694
1710 -0.35 88.94 28.92 70.53 -2.399394
1740 576.38 166.91 22.38 54.58 6.728465
1740 428.19 176.47 28.92 70.53 3.353234
1740 551.58 167.35 26.57 64.81 1.594275
1740 179.75 151.00 20.50 50.00 -0.423547
1740 103.75 169.00 20.50 50.00 -0.452584
1740 14.17 119.08 37.52 91.50 -0.827576
1740 506.48 136.36 22.38 54.58 -1.067182
1740 596.88 167.52 24.37 59.45 -1.286867
1740 340.74 106.93 48.64 118.64 -1.422900
1740 59.18 153.27 24.37 59.45 -1.816701
1740 471.75 99.00 20.50 50.00 -2.158787
1740 565.46 57.82 22.38 54.58 -2.218251
1740 587.36 60.59 24.37 59.45 -2.931740
1770 593.04 167.35 26.57 64.81 6.420405
1770 567.13 172.54 26.57 64.81 2.167819
1770 111.75 165.00 20.50 50.00 0.291042
1770 65.75 183.00 20.50 50.00 0.034780
1770 599.50 122.00 41.00 100.00 -0.383808
1770 473.46 127.69 31.54 76.92 -0.667289
1770 105.75 173.00 20.50 50.00 -0.781074
1770 510.12 131.03 26.57 64.81 -0.946967
1770 178.84 147.27 22.38 54.58 -0.967458
1770 -0.65 105.81 52.90 129.03 -1.131602
1770 429.75 135.00 20.50 50.00 -1.398285
1770 526.14 51.27 22.38 54.58 -2.983487
1800 606.39 172.28 24.37 59.45 8.160844
1800 582.67 169.95 26.57 64.81 4.164616
1800 29.75 187.00 20.50 50.00 0.691182
1800 574.90 177.73 26.57 64.81 -0.572299
1800 175.75 151.00 20.50 50.00 -0.663798
1800 329.56 140.73 22.38 54.58 -1.475900
1800 475.04 76.23 57.98 141.42 -1.623490
1800 615.75 189.00 20.50 50.00 -1.715141
1830 595.63 175.14 26.57 64.81 6.052954
1830 613.77 169.95 26.57 64.81 4.559611
1830 603.40 167.35 26.57 64.81 -0.369332
1830 431.75 137.00 20.50 50.00 -0.889027
1830 462.53 70.15 75.52 184.20 -1.975035
1830 -0.30 103.37 24.37 59.45 -1.983445
1860 605.99 175.14 26.57 64.81 6.206663
1860 613.77 167.35 26.57 64.81 -0.258125
1860 431.09 122.75 37.52 91.50 -0.632469
1860 505.55 119.16 34.37 83.83 -0.695980
1860 103.32 159.57 26.57 64.81 -0.923204
1860 469.38 115.76 57.98 141.42 -1.011092
1860 331.74 142.91 22.38 54.58 -1.853778
1860 529.69 55.06 28.92 70.53 -2.668542
1890 613.77 180.32 26.57 64.81 2.339689
1890 512.71 136.22 26.57 64.81 -0.212077
1890 431.83 129.23 34.37 83.83 -0.858489
1890 475.39 125.87 34.37 83.83 -1.043835
1890 -0.27 108.00 22.38 54.58 -1.081122
1890 574.90 175.14 26.57 64.81 -1.681577
1890 99.63 167.52 24.37 59.45 -1.683058
1890 532.70 51.27 22.38 54.58 -3.098227
1920 111.75 165.00 20.50 50.00 -0.956160
1920 431.09 126.41 37.52 91.50 -1.055214
1920 507.31 121.54 31.54 76.92 -1.243087
1920 -0.32 102.49 26.57 64.81 -1.281880
1920 611.17 172.54 26.57 64.81 -1.348601
1920 530.51 51.27 22.38 54.58 -2.657115
1950 111.75 167.00 20.50 50.00 -0.973814
1950 433.75 131.00 20.50 50.00 -1.235666
1950 517.41 142.91 22.38 54.58 -1.359115
1950 474.97 126.41 37.52 91.50 -1.627838
1950 529.69 52.23 28.92 70.53 -3.347871
1980 433.75 139.00 20.50 50.00 -0.541137
1980 515.30 138.81 26.57 64.81 -0.935427
1980 475.39 129.23 34.37 83.83 -1.592857
1980 -0.27 108.00 22.38 54.58 -1.607150
1980 109.75 163.00 20.50 50.00 -1.625133
2010 575.46 181.78 24.37 59.45 -0.719933
2010 528.26 133.62 26.57 64.81 -1.383008
2010 519.59 142.91 22.38 54.58 -1.602192
2010 433.75 131.00 20.50 50.00 -1.830228
2010 443.75 169.00 20.50 50.00 -1.933153
2010 135.15 186.55 22.38 54.58 -2.102918
2010 611.75 189.00 20.50 50.00 -2.420057
2010 593.75 57.00 20.50 50.00 -3.270034
2040 611.17 172.54 26.57 64.81 -1.285325
2040 431.75 141.00 20.50 50.00 -1.373566
2040 528.85 124.62 31.54 76.92 -1.806663
2070 433.75 141.00 20.50 50.00 -0.370598
2070 515.30 138.81 26.57 64.81 -0.549096
2070 24.23 183.08 31.54 76.92 -0.849285
2070 55.75 199.00 20.50 50.00 -0.867772
2070 476.54 133.85 31.54 76.92 -1.527643
2070 -0.32 102.49 26.57 64.81 -1.631974
2070 533.75 53.00 20.50 50.00 -2.921620
2100 431.75 141.00 20.50 50.00 -0.666923
2100 111.75 165.00 20.50 50.00 -0.696367
2100 -0.30 108.12 24.37 59.45 -1.041469
2100 475.39 129.23 34.37 83.83 -1.618782
2100 512.78 131.29 28.92 70.53 -1.967963
2130 111.75 165.00 20.50 50.00 0.171231
2130 608.63 170.82 28.92 70.53 -0.870056
2130 517.89 136.22 26.57 64.81 -0.946901
2130 475.39 129.23 34.37 83.83 -1.179534
2130 -0.27 108.00 22.38 54.58 -1.409800
2130 609.75 63.00 20.50 50.00 -2.608053
2130 529.69 55.06 28.92 70.53 -2.847570
2160 109.75 163.00 20.50 50.00 -0.293405
2160 -0.71 104.47 57.98 141.42 -0.850647
2160 517.41 142.91 22.38 54.58 -1.001044
2160 475.39 125.87 34.37 83.83 -1.520786
2160 611.45 165.18 28.92 70.53 -1.749645
2160 525.77 124.62 31.54 76.92 -1.829922
2160 340.00 110.97 52.90 129.03 -1.911473
2160 530.85 50.59 26.57 64.81 -2.400630
