30 431.75 205.00 20.50 50.00 0.244055
30 397.27 180.00 22.38 54.58 -0.371444
30 174.45 176.47 28.92 70.53 -0.559830
30 248.74 169.09 22.38 54.58 -0.849999
30 397.75 159.00 20.50 50.00 -1.207176
30 446.99 169.90 24.37 59.45 -1.227518
30 193.93 216.50 34.37 83.83 -1.261074
30 403.82 188.73 22.38 54.58 -1.330250
30 414.74 166.91 22.38 54.58 -1.386708
30 205.75 173.00 20.50 50.00 -1.430777
30 437.75 217.00 20.50 50.00 -1.440032
30 15.00 143.08 31.54 76.92 -1.479597
30 385.75 185.51 26.57 64.81 -1.525348
30 603.75 77.00 20.50 50.00 -1.547806
30 169.75 219.00 20.50 50.00 -2.070332
30 41.23 160.36 22.38 54.58 -2.131587
30 -0.25 107.00 20.50 50.00 -2.203052
30 445.75 213.00 20.50 50.00 -2.466153
30 569.16 258.35 28.92 70.53 -2.995882
60 529.69 168.00 28.92 70.53 -0.525519
60 170.07 130.69 48.64 118.64 -0.716648
60 471.75 203.00 20.50 50.00 -0.814798
60 6.28 146.01 34.37 83.83 -0.829072
60 437.57 198.49 26.57 64.81 -0.874943
60 249.52 162.77 24.37 59.45 -1.351759
60 501.71 231.68 24.37 59.45 -2.335563
60 -0.59 59.41 48.64 118.64 -3.070252
90 495.86 218.82 28.92 70.53 0.276528
90 439.75 169.00 20.50 50.00 0.071628
90 406.54 155.64 24.37 59.45 -0.495394
90 149.03 121.29 52.90 129.03 -0.640870
90 518.41 238.59 28.92 70.53 -0.723378
90 261.84 160.36 22.38 54.58 -1.039617
90 456.25 184.36 22.38 54.58 -1.206040
90 23.75 197.00 20.50 50.00 -1.329375
90 587.74 234.84 52.90 129.03 -1.369622
90 399.75 147.00 20.50 50.00 -1.512859
90 33.09 193.01 34.37 83.83 -1.585670
90 73.99 164.73 22.38 54.58 -1.660208
90 507.14 235.76 28.92 70.53 -1.757309
90 484.58 218.82 28.92 70.53 -2.429554
120 153.72 179.58 34.37 83.83 0.966810
120 491.75 175.00 20.50 50.00 0.516049
120 479.75 179.00 20.50 50.00 0.425387
120 449.37 126.41 37.52 91.50 -0.415596
120 562.69 155.38 31.54 76.92 -1.271574
120 3.50 182.00 41.00 100.00 -1.282550
120 393.52 149.19 26.57 64.81 -1.533358
120 615.91 148.51 24.37 59.45 -1.644581
120 118.23 110.12 57.98 141.42 -1.923250
120 574.90 247.78 26.57 64.81 -2.362670
120 -0.84 37.18 69.16 168.67 -3.774182
150 491.75 181.00 20.50 50.00 1.173144
150 501.75 185.00 20.50 50.00 0.624376
150 116.57 181.37 37.52 91.50 0.352590
150 509.96 165.18 28.92 70.53 0.219259
150 619.75 163.00 20.50 50.00 -0.200230
150 3.75 169.00 20.50 50.00 -0.367724
150 31.75 133.00 20.50 50.00 -0.767851
150 203.75 135.00 20.50 50.00 -0.796685
150 383.16 177.73 26.57 64.81 -0.908452
150 413.75 177.00 20.50 50.00 -0.928934
150 37.75 69.00 20.50 50.00 -1.397676
150 448.39 110.97 52.90 129.03 -1.478180
150 118.06 153.88 28.92 70.53 -1.637479
150 189.76 142.91 22.38 54.58 -1.731851
150 137.75 119.00 20.50 50.00 -1.935003
150 619.75 195.00 20.50 50.00 -1.935738
150 535.75 163.00 20.50 50.00 -2.037378
150 46.32 73.95 26.57 64.81 -2.624650
180 523.75 185.00 20.50 50.00 3.912911
180 504.32 170.82 28.92 70.53 2.342471
180 457.75 183.00 20.50 50.00 1.162280
180 47.35 168.00 44.67 108.95 1.043986
180 531.92 158.46 31.54 76.92 0.500537
180 381.98 164.73 22.38 54.58 -0.250177
180 482.68 177.03 24.37 59.45 -0.275058
180 304.24 165.15 24.37 59.45 -0.475815
180 85.75 143.00 20.50 50.00 -0.565873
180 197.75 171.00 20.50 50.00 -0.862454
180 396.54 158.46 31.54 76.92 -0.920268
180 466.07 105.08 26.57 64.81 -1.107088
180 47.78 123.27 22.38 54.58 -1.125834
180 358.12 129.23 34.37 83.83 -1.178144
180 602.97 133.74 37.52 91.50 -1.906656
180 -0.32 79.14 26.57 64.81 -2.323971
180 125.80 248.32 24.37 59.45 -2.969084
210 582.67 180.32 26.57 64.81 4.141780
210 555.43 159.39 37.52 91.50 2.089646
210 515.59 168.00 28.92 70.53 1.747521
210 489.81 179.41 24.37 59.45 1.725151
210 359.75 177.00 20.50 50.00 1.680878
210 592.00 121.19 48.64 118.64 1.083558
210 498.85 156.08 34.37 83.83 0.907948
210 390.72 169.09 22.38 54.58 0.886475
210 377.61 153.82 22.38 54.58 0.464280
210 366.69 169.09 22.38 54.58 -0.085003
210 480.30 177.03 24.37 59.45 -0.559689
210 400.00 156.71 28.92 70.53 -0.575306
210 211.75 167.00 20.50 50.00 -0.657773
210 473.16 186.53 24.37 59.45 -1.017996
210 535.00 195.38 31.54 76.92 -1.266954
210 54.40 111.76 37.52 91.50 -1.419680
210 373.24 142.91 22.38 54.58 -1.432118
210 111.75 151.00 20.50 50.00 -1.607427
210 72.95 249.88 28.92 70.53 -2.234250
210 -0.92 70.15 75.52 184.20 -2.355519
210 329.75 53.00 20.50 50.00 -2.922692
210 3.75 275.00 20.50 50.00 -3.313767
210 -0.92 299.08 75.52 184.20 -4.871322
240 551.50 166.00 41.00 100.00 4.363130
240 395.09 173.45 22.38 54.58 3.272394
240 439.85 174.65 24.37 59.45 1.587037
240 592.00 130.69 48.64 118.64 1.200060
240 191.75 163.00 20.50 50.00 0.411975
240 567.50 166.00 41.00 100.00 0.283592
240 619.75 219.00 20.50 50.00 -0.265254
240 403.82 175.64 22.38 54.58 -0.809647
240 394.65 136.63 24.37 59.45 -0.914458
240 405.75 157.00 20.50 50.00 -1.150902
240 165.51 164.76 26.57 64.81 -1.175517
240 -1.10 266.18 89.69 218.76 -1.188367
240 422.02 167.35 26.57 64.81 -1.205218
240 -0.35 173.65 28.92 70.53 -1.281337
240 49.75 153.00 20.50 50.00 -1.674380
240 67.75 115.00 20.50 50.00 -1.693502
240 23.75 167.00 20.50 50.00 -1.895480
240 619.75 237.00 20.50 50.00 -2.196777
270 531.92 164.62 31.54 76.92 3.885857
270 458.08 164.62 31.54 76.92 2.325083
270 115.75 149.00 20.50 50.00 0.402837
270 442.23 150.89 24.37 59.45 0.132075
270 107.75 149.00 20.50 50.00 -0.175832
270 419.74 128.47 28.92 70.53 -0.797360
270 428.19 142.59 28.92 70.53 -0.870893
270 325.65 131.88 24.37 59.45 -0.931997
270 11.75 153.00 20.50 50.00 -0.940003
270 347.31 152.31 31.54 76.92 -1.003752
270 467.75 125.00 20.50 50.00 -1.071264
270 489.60 148.40 37.52 91.50 -1.142626
270 6.28 169.09 22.38 54.58 -1.281012
270 391.75 151.00 20.50 50.00 -1.387637
270 473.30 165.18 28.92 70.53 -1.511787
270 577.69 113.85 63.08 153.85 -1.527177
270 489.01 114.55 22.38 54.58 -1.728499
270 28.12 162.55 22.38 54.58 -2.044316
270 8.11 283.76 28.92 70.53 -4.235003
270 5.75 321.00 20.50 50.00 -4.449483
300 576.99 138.35 57.98 141.42 2.412837
300 487.40 156.71 28.92 70.53 0.508141
300 513.61 148.51 24.37 59.45 0.505711
300 482.46 145.09 22.38 54.58 0.274610
300 103.75 151.00 20.50 50.00 0.263555
300 471.75 147.00 20.50 50.00 -0.065059
300 202.87 164.73 22.38 54.58 -0.211489
300 478.09 180.00 22.38 54.58 -0.302956
300 61.56 96.24 24.37 59.45 -0.778860
300 111.75 147.00 20.50 50.00 -0.890886
300 399.41 136.63 24.37 59.45 -0.980157
300 3.75 171.00 20.50 50.00 -1.079150
300 504.94 112.86 26.57 64.81 -1.107350
300 221.75 147.00 20.50 50.00 -1.464361
300 26.39 109.09 34.37 83.83 -1.571376
300 8.11 289.41 28.92 70.53 -3.906326
300 370.86 17.82 24.37 59.45 -4.062136
300 -0.25 277.00 20.50 50.00 -4.775596
300 -0.46 316.95 37.52 91.50 -4.859213
330 235.75 167.00 20.50 50.00 0.236000
330 69.75 155.00 20.50 50.00 -0.166061
330 517.89 98.03 69.16 168.67 -0.381965
330 59.18 139.01 24.37 59.45 -0.461191
330 185.73 153.88 28.92 70.53 -0.687495
330 131.82 190.70 26.57 64.81 -0.909500
330 458.43 110.18 22.38 54.58 -1.222487
330 354.89 153.88 28.92 70.53 -1.236181
330 171.75 139.00 20.50 50.00 -1.363067
330 33.36 89.51 26.57 64.81 -2.258057
330 -0.38 72.31 31.54 76.92 -2.315451
330 521.23 26.82 28.92 70.53 -2.894334
330 -0.46 269.31 37.52 91.50 -3.397474
330 617.88 16.36 22.38 54.58 -4.052698
330 7.50 322.00 41.00 100.00 -5.291470
360 505.16 131.61 52.90 129.03 -0.159911
360 424.23 143.08 31.54 76.92 -0.559709
360 170.10 160.36 22.38 54.58 -1.165625
360 353.58 162.55 22.38 54.58 -1.511649
360 30.66 128.47 28.92 70.53 -1.936849
390 134.41 146.59 26.57 64.81 0.037929
390 608.85 146.15 31.54 76.92 0.033804
390 569.75 171.00 20.50 50.00 -0.297963
390 578.57 169.09 22.38 54.58 -0.620129
390 446.99 165.15 24.37 59.45 -0.651506
390 181.75 115.00 20.50 50.00 -0.859106
390 183.75 173.00 20.50 50.00 -0.971136
390 602.72 115.80 34.37 83.83 -1.209272
390 16.56 134.12 28.92 70.53 -1.546568
390 344.78 81.88 57.98 141.42 -1.871542
420 83.66 163.05 37.52 91.50 0.578804
420 567.75 185.00 20.50 50.00 0.513136
420 388.53 79.64 22.38 54.58 -0.804855
420 140.77 76.92 63.08 153.85 -1.166943
420 533.75 107.00 20.50 50.00 -1.398469
420 461.75 143.00 20.50 50.00 -1.665652
420 331.31 38.60 34.37 83.83 -1.679199
420 351.75 81.00 20.50 50.00 -1.684617
420 534.88 204.00 22.38 54.58 -1.773586
420 353.46 149.23 31.54 76.92 -1.862573
420 323.75 77.00 20.50 50.00 -2.078450
420 83.50 118.00 41.00 100.00 -2.139351
450 143.44 176.47 28.92 70.53 0.488848
450 132.16 170.82 28.92 70.53 0.376284
450 619.75 141.00 20.50 50.00 0.083529
450 169.75 115.00 20.50 50.00 -0.177676
450 349.44 67.72 24.37 59.45 -0.417658
450 409.07 63.57 26.57 64.81 -0.453781
450 163.75 121.00 20.50 50.00 -0.493493
450 35.86 84.92 75.52 184.20 -0.683835
450 177.75 111.00 20.50 50.00 -0.990104
450 357.94 141.07 37.52 91.50 -1.090541
450 313.75 62.97 24.37 59.45 -1.105655
450 421.30 60.00 22.38 54.58 -1.248895
450 617.88 90.55 22.38 54.58 -1.767412
450 130.56 148.51 24.37 59.45 -1.835077
450 504.23 87.69 31.54 76.92 -1.847322
450 356.58 60.59 24.37 59.45 -1.850117
450 432.22 60.00 22.38 54.58 -2.049882
450 441.75 61.00 20.50 50.00 -2.092063
450 523.28 36.52 107.29 261.69 -2.228196
450 508.67 62.18 22.38 54.58 -2.415016
450 494.57 51.09 24.37 59.45 -2.709193
450 379.75 47.00 20.50 50.00 -2.906290
450 619.75 299.00 20.50 50.00 -3.089976
450 327.96 25.18 34.37 83.83 -3.268918
450 459.50 50.00 41.00 100.00 -3.302185
450 567.65 -1.09 22.38 54.58 -4.158958
450 401.75 3.00 20.50 50.00 -4.643283
450 347.03 1.09 22.38 54.58 -4.676711
480 110.16 172.87 34.37 83.83 0.779915
480 153.75 113.00 20.50 50.00 -0.374104
480 449.75 169.00 20.50 50.00 -0.544950
480 401.64 164.73 22.38 54.58 -0.762646
480 58.70 169.09 22.38 54.58 -0.862251
480 167.92 114.55 22.38 54.58 -1.045441
480 309.75 47.00 20.50 50.00 -1.457392
480 7.75 183.00 20.50 50.00 -1.597543
480 577.69 126.15 63.08 153.85 -1.721403
480 -0.30 143.76 24.37 59.45 -1.729365
480 454.06 153.82 22.38 54.58 -1.736520
480 195.75 187.00 20.50 50.00 -1.886080
480 365.02 32.43 26.57 64.81 -1.912826
480 357.75 51.00 20.50 50.00 -1.916631
480 342.66 49.09 22.38 54.58 -2.146825
480 53.75 207.00 20.50 50.00 -2.575446
480 404.16 34.45 24.37 59.45 -3.090009
480 453.57 24.00 28.92 70.53 -3.124254
480 429.75 35.00 20.50 50.00 -3.428243
480 445.11 12.71 28.92 70.53 -3.477366
480 437.47 -1.19 24.37 59.45 -3.767361
480 611.45 1.41 28.92 70.53 -4.913456
510 483.75 175.00 20.50 50.00 4.465032
510 77.75 217.00 20.50 50.00 0.320513
510 133.75 117.00 20.50 50.00 -0.044381
510 4.10 169.09 22.38 54.58 -0.079327
510 17.83 181.37 37.52 91.50 -0.156647
510 609.75 173.00 20.50 50.00 -0.462767
510 3.50 190.00 41.00 100.00 -0.623781
510 61.67 196.24 28.92 70.53 -0.919701
510 415.75 173.00 20.50 50.00 -1.061212
510 549.75 87.00 20.50 50.00 -1.230130
510 154.81 108.00 22.38 54.58 -1.258883
510 98.29 174.05 37.52 91.50 -1.555207
510 487.75 185.00 20.50 50.00 -1.666457
510 -0.27 129.82 22.38 54.58 -1.882413
510 566.34 83.29 28.92 70.53 -2.091725
510 141.71 110.18 22.38 54.58 -2.141592
510 103.96 94.59 28.92 70.53 -2.209567
510 354.20 5.94 24.37 59.45 -3.704765
510 485.75 -1.00 20.50 50.00 -4.447795
510 343.75 3.00 20.50 50.00 -4.526272
540 556.72 186.55 22.38 54.58 1.552509
540 565.77 155.38 31.54 76.92 0.323769
540 59.50 166.00 41.00 100.00 -0.175668
540 45.60 201.82 22.38 54.58 -0.557970
540 131.75 113.00 20.50 50.00 -0.767416
540 442.29 131.29 28.92 70.53 -1.145443
540 517.89 138.81 26.57 64.81 -1.303334
540 151.75 95.00 20.50 50.00 -1.401024
540 467.75 183.00 20.50 50.00 -1.421576
540 451.92 133.85 31.54 76.92 -1.529579
540 445.32 169.09 22.38 54.58 -1.782604
540 199.75 185.00 20.50 50.00 -1.884439
540 134.98 77.65 28.92 70.53 -2.186933
540 9.22 60.59 24.37 59.45 -3.109731
570 29.93 159.27 44.67 108.95 0.255496
570 456.69 126.41 37.52 91.50 -0.094026
570 179.75 183.00 20.50 50.00 -0.239363
570 104.57 94.91 22.38 54.58 -0.273681
570 108.94 84.00 22.38 54.58 -0.691801
570 430.33 188.91 24.37 59.45 -1.001095
570 73.30 95.66 34.37 83.83 -1.260809
570 384.42 110.12 57.98 141.42 -1.268670
570 481.75 185.00 20.50 50.00 -1.380636
570 463.75 187.00 20.50 50.00 -1.754051
570 12.52 154.91 44.67 108.95 -2.093337
570 513.75 29.00 20.50 50.00 -2.789838
570 520.74 15.45 24.37 59.45 -3.636649
600 -0.59 159.21 48.64 118.64 0.797260
600 520.74 196.04 24.37 59.45 0.683996
600 507.14 176.47 28.92 70.53 0.079405
600 155.75 187.00 20.50 50.00 -0.140263
600 530.26 179.41 24.37 59.45 -0.343161
600 504.94 149.19 26.57 64.81 -0.616466
600 464.00 97.10 37.52 91.50 -0.867595
600 592.00 149.70 48.64 118.64 -0.896738
600 72.23 102.49 26.57 64.81 -1.163935
600 473.30 199.06 28.92 70.53 -1.489287
600 505.55 99.02 34.37 83.83 -1.837738
600 69.75 191.00 20.50 50.00 -1.884164
600 63.94 79.60 24.37 59.45 -2.514701
600 36.11 89.77 37.52 91.50 -2.641901
600 49.75 217.00 20.50 50.00 -2.820667
600 -1.00 268.00 82.00 200.00 -3.210185
630 15.75 99.00 20.50 50.00 0.089528
630 595.66 126.41 37.52 91.50 0.016748
630 39.75 87.00 20.50 50.00 -0.047781
630 49.97 84.00 22.38 54.58 -0.362498
630 21.75 131.00 20.50 50.00 -0.508570
630 577.49 146.59 26.57 64.81 -0.769967
630 35.38 153.85 126.15 307.69 -0.881114
630 611.45 173.65 28.92 70.53 -1.103145
630 31.75 93.00 20.50 50.00 -1.103193
630 44.91 98.61 24.37 59.45 -1.228503
630 613.77 118.05 26.57 64.81 -1.358126
630 -0.27 101.45 22.38 54.58 -1.656087
630 573.75 129.00 20.50 50.00 -1.864251
630 33.36 112.86 26.57 64.81 -1.978696
630 619.75 57.00 20.50 50.00 -1.999128
630 -0.42 199.72 34.37 83.83 -2.245255
630 23.75 95.00 20.50 50.00 -2.283655
630 -0.38 47.69 31.54 76.92 -2.918793
630 -0.25 255.00 20.50 50.00 -3.272121
630 -0.92 291.69 75.52 184.20 -3.572261
660 13.63 111.68 48.64 118.64 -1.381729
660 6.28 186.55 22.38 54.58 -1.662638
660 55.00 115.38 31.54 76.92 -2.007032
660 97.75 113.00 20.50 50.00 -2.165713
660 -0.25 213.00 20.50 50.00 -2.293587
660 -0.50 38.00 41.00 100.00 -2.329271
660 543.28 43.20 98.11 239.31 -3.112504
660 619.75 13.00 20.50 50.00 -4.348552
690 619.75 183.00 20.50 50.00 -0.804539
690 190.04 191.29 24.37 59.45 -1.407950
690 257.75 189.00 20.50 50.00 -1.599018
690 -0.30 84.36 24.37 59.45 -1.979463
720 243.75 183.00 20.50 50.00 0.202953
720 545.80 180.00 22.38 54.58 -0.108699
720 433.75 189.00 20.50 50.00 -0.296235
720 -0.30 200.79 24.37 59.45 -1.060315
720 51.75 153.00 20.50 50.00 -1.342963
720 60.27 74.18 89.69 218.76 -1.962328
720 532.64 215.05 24.37 59.45 -2.606718
720 -0.25 231.00 20.50 50.00 -3.078211
750 453.75 191.00 20.50 50.00 -0.939299
750 211.50 170.00 41.00 100.00 -1.117853
750 66.32 181.78 24.37 59.45 -1.460218
750 -0.32 193.30 26.57 64.81 -1.998864
750 2.27 53.19 26.57 64.81 -3.205899
780 503.75 195.00 20.50 50.00 -0.705235
780 222.51 169.95 26.57 64.81 -1.045705
780 608.85 170.77 31.54 76.92 -1.236300
780 -0.77 132.31 63.08 153.85 -2.061476
810 587.74 121.29 52.90 129.03 0.195365
810 379.80 184.36 22.38 54.58 -0.569398
810 89.75 147.00 20.50 50.00 -0.741106
810 432.22 164.73 22.38 54.58 -1.079165
810 -0.27 180.00 22.38 54.58 -2.277493
810 524.93 56.73 89.69 218.76 -2.471178
810 461.26 27.33 24.37 59.45 -3.489219
810 602.72 397.76 34.37 83.83 -8.557783
840 455.75 179.00 20.50 50.00 -0.801515
840 356.58 188.91 24.37 59.45 -0.956250
840 467.17 171.27 22.38 54.58 -1.123174
840 415.75 195.00 20.50 50.00 -1.451380
840 487.40 170.82 28.92 70.53 -1.547050
840 13.98 60.59 24.37 59.45 -1.664508
840 111.52 193.66 24.37 59.45 -2.362943
840 4.86 68.76 26.57 64.81 -2.739651
870 493.04 168.00 28.92 70.53 0.549355
870 -0.35 173.65 28.92 70.53 -0.533634
870 175.76 174.65 24.37 59.45 -0.534602
870 554.05 177.03 24.37 59.45 -0.534745
870 39.75 165.00 20.50 50.00 -1.193135
870 206.69 165.15 24.37 59.45 -1.229314
870 10.65 156.00 22.38 54.58 -1.280865
870 518.95 146.01 34.37 83.83 -1.447939
870 545.80 162.55 22.38 54.58 -1.578141
870 506.48 188.73 22.38 54.58 -2.102219
870 431.75 197.00 20.50 50.00 -2.204032
900 532.36 156.08 34.37 83.83 0.249578
900 149.49 144.73 37.52 91.50 -0.769016
900 219.56 131.29 28.92 70.53 -1.639141
900 373.75 187.00 20.50 50.00 -1.661302
900 523.12 184.16 24.37 59.45 -1.776576
900 619.75 19.00 20.50 50.00 -4.479038
930 535.33 153.88 28.92 70.53 0.043142
930 487.75 165.00 20.50 50.00 -1.459370
930 608.85 201.54 31.54 76.92 -1.480932
930 593.04 71.35 26.57 64.81 -2.010847
960 393.75 187.00 20.50 50.00 -0.324917
960 443.75 217.00 20.50 50.00 -0.554391
960 425.67 197.45 22.38 54.58 -0.583224
960 1.91 219.27 22.38 54.58 -0.869698
960 437.75 205.00 20.50 50.00 -1.188800
960 245.83 185.51 26.57 64.81 -1.357513
960 111.52 139.01 24.37 59.45 -1.454785
960 285.75 183.00 20.50 50.00 -1.519848
960 455.71 203.68 26.57 64.81 -2.120257
960 551.23 21.82 89.69 218.76 -2.186709
990 508.85 150.89 24.37 59.45 -0.184586
990 132.97 164.73 22.38 54.58 -1.180924
990 408.85 176.92 31.54 76.92 -1.302512
990 486.83 238.91 22.38 54.58 -1.448762
990 619.75 209.00 20.50 50.00 -1.456218
990 113.75 187.00 20.50 50.00 -1.599959
990 567.75 281.00 20.50 50.00 -1.929945
990 494.57 231.68 24.37 59.45 -2.087700
990 552.25 238.59 28.92 70.53 -2.367996
990 12.83 27.27 22.38 54.58 -3.484614
1020 416.84 172.54 26.57 64.81 -0.473196
1020 520.49 237.41 26.57 64.81 -0.699851
1020 233.60 144.73 37.52 91.50 -0.921294
1020 35.75 187.00 20.50 50.00 -1.071283
1020 493.04 232.94 28.92 70.53 -1.387399
1020 427.43 163.05 37.52 91.50 -1.409224
1020 529.69 230.12 28.92 70.53 -1.442212
1020 545.75 265.00 20.50 50.00 -1.691006
1020 505.75 167.00 20.50 50.00 -1.851364
1020 536.03 190.70 26.57 64.81 -1.945012
1020 497.17 136.22 26.57 64.81 -2.063847
1020 122.05 177.82 22.38 54.58 -2.072386
1020 561.75 267.00 20.50 50.00 -2.228230
1020 599.75 289.00 20.50 50.00 -3.281072
1050 25.75 135.00 20.50 50.00 -0.169838
1050 445.77 167.69 31.54 76.92 -0.415307
1050 80.59 155.64 24.37 59.45 -0.418207
1050 226.29 152.06 37.52 91.50 -0.458664
1050 525.65 226.57 34.37 83.83 -0.938345
1050 54.09 162.16 26.57 64.81 -1.705567
1050 484.64 217.09 22.38 54.58 -1.860950
1050 592.00 16.63 48.64 118.64 -3.992024
1080 583.75 177.00 20.50 50.00 0.569830
1080 480.71 115.76 57.98 141.42 -0.321442
1080 226.29 152.06 37.52 91.50 -0.446378
1080 592.00 178.22 48.64 118.64 -0.461243
1080 525.75 181.00 20.50 50.00 -0.921254
1080 408.92 186.53 24.37 59.45 -1.072545
1080 11.92 146.15 31.54 76.92 -1.174052
1080 533.49 141.07 37.52 91.50 -2.022065
1080 367.75 43.00 20.50 50.00 -3.159838
1110 571.92 149.23 31.54 76.92 -1.305994
1110 507.14 224.47 28.92 70.53 -2.211068
1110 551.58 247.78 26.57 64.81 -2.211590
1140 577.62 173.65 28.92 70.53 -0.191057
1140 587.31 176.92 31.54 76.92 -0.883650
1140 397.75 199.00 20.50 50.00 -0.930869
1140 619.75 145.00 20.50 50.00 -0.990716
1140 387.51 177.03 24.37 59.45 -1.019936
1140 163.75 187.00 20.50 50.00 -1.128036
1140 226.29 152.06 37.52 91.50 -1.185161
1140 478.09 180.00 22.38 54.58 -1.357599
1140 565.75 211.00 20.50 50.00 -1.575231
1140 -0.46 148.40 37.52 91.50 -1.795265
1140 572.01 214.91 22.38 54.58 -2.857698
1170 415.75 163.00 20.50 50.00 0.126743
1170 160.35 159.53 28.92 70.53 -0.260911
1170 402.82 173.65 28.92 70.53 -0.924813
1170 482.46 232.36 22.38 54.58 -0.925361
1170 17.83 250.99 37.52 91.50 -1.031012
1170 455.71 206.27 26.57 64.81 -1.556476
1170 416.06 186.53 24.37 59.45 -1.588772
1170 85.75 187.00 20.50 50.00 -1.731349
1170 6.84 286.34 24.37 59.45 -3.427498
1170 570.06 12.82 37.52 91.50 -3.899709
1170 608.85 16.92 31.54 76.92 -4.001799
1170 -0.54 333.82 44.67 108.95 -5.772760
1200 146.08 169.09 22.38 54.58 1.497564
1200 577.84 131.88 24.37 59.45 0.312425
1200 619.75 149.00 20.50 50.00 -0.185721
1200 439.75 155.00 20.50 50.00 -0.385500
1200 404.35 128.73 44.67 108.95 -0.765571
1200 459.21 139.76 28.92 70.53 -0.826167
1200 49.97 258.55 22.38 54.58 -1.432848
1200 -0.46 133.74 37.52 91.50 -1.546605
1200 489.01 225.82 22.38 54.58 -2.093121
1200 -0.46 166.72 37.52 91.50 -2.289608
1200 613.53 41.58 24.37 59.45 -2.658865
1200 -0.50 318.00 41.00 100.00 -5.867733
1230 47.58 184.94 28.92 70.53 0.420331
1230 450.75 190.59 28.92 70.53 -0.152562
1230 115.75 163.00 20.50 50.00 -0.172730
1230 537.40 127.13 24.37 59.45 -0.403843
1230 280.45 165.15 24.37 59.45 -0.725219
1230 467.50 182.00 41.00 100.00 -0.731474
1230 458.64 146.01 34.37 83.83 -0.734270
1230 592.00 121.19 48.64 118.64 -0.854564
1230 97.75 163.00 20.50 50.00 -0.976598
1230 -0.32 149.19 26.57 64.81 -1.138478
1230 561.19 158.02 24.37 59.45 -1.341516
1230 59.27 190.70 26.57 64.81 -1.406229
1230 357.75 183.00 20.50 50.00 -1.407405
1230 523.08 97.30 26.57 64.81 -1.713934
1230 546.91 105.74 24.37 59.45 -1.747585
1230 71.75 251.00 20.50 50.00 -2.820097
1230 -1.00 284.00 82.00 200.00 -2.961010
1230 455.71 45.41 26.57 64.81 -3.126462
1260 71.81 171.27 22.38 54.58 0.612287
1260 532.51 176.47 28.92 70.53 0.164922
1260 427.21 195.89 26.57 64.81 -0.347828
1260 90.36 154.38 26.57 64.81 -0.854240
1260 233.60 152.06 37.52 91.50 -1.002539
1260 284.41 162.35 28.92 70.53 -1.191320
1260 85.75 189.00 20.50 50.00 -1.283797
1260 123.75 189.00 20.50 50.00 -1.334397
1260 18.74 264.95 24.37 59.45 -2.192940
1260 94.87 81.98 24.37 59.45 -2.209378
1260 -0.92 25.85 75.52 184.20 -3.928566
1260 12.98 300.42 34.37 83.83 -5.275648
1290 -0.84 199.44 69.16 168.67 0.277821
1290 493.04 173.65 28.92 70.53 -0.165230
1290 408.38 179.58 34.37 83.83 -0.598524
1290 398.17 155.73 37.52 91.50 -0.786277
1290 542.47 109.09 89.69 218.76 -0.888312
1290 577.69 64.61 63.08 153.85 -1.240242
1290 204.37 136.22 26.57 64.81 -1.344659
1290 119.86 190.91 22.38 54.58 -1.348459
1290 377.75 179.00 20.50 50.00 -1.526888
1290 155.75 185.00 20.50 50.00 -1.850823
1290 -0.35 153.88 28.92 70.53 -1.882602
1290 467.17 208.36 22.38 54.58 -2.196112
1290 457.75 75.00 20.50 50.00 -2.218237
1290 73.99 256.36 22.38 54.58 -2.674259
1290 -0.35 -1.41 28.92 70.53 -5.074212
1320 425.75 199.00 20.50 50.00 0.723197
1320 460.95 146.18 44.67 108.95 0.449245
1320 436.59 190.91 22.38 54.58 0.221066
1320 66.45 203.87 52.90 129.03 -0.241710
1320 485.45 149.37 34.37 83.83 -0.377373
1320 448.59 176.22 34.37 83.83 -0.863688
1320 532.70 188.73 22.38 54.58 -0.889164
1320 511.75 151.00 20.50 50.00 -1.058377
1320 383.75 181.00 20.50 50.00 -1.123214
1320 285.77 152.31 31.54 76.92 -1.124634
1320 572.01 254.18 22.38 54.58 -1.163420
1320 199.82 131.29 28.92 70.53 -1.612500
1320 -0.35 136.94 28.92 70.53 -1.929485
1320 511.75 39.00 20.50 50.00 -2.484325
1320 147.31 232.31 31.54 76.92 -2.723861
1320 574.90 268.54 26.57 64.81 -3.185531
1350 482.96 168.71 48.64 118.64 0.554360
1350 535.11 168.71 48.64 118.64 0.015516
1350 463.64 205.54 24.37 59.45 -0.139964
1350 451.75 196.04 24.37 59.45 -0.675556
1350 434.98 195.89 26.57 64.81 -0.805757
1350 284.40 149.37 34.37 83.83 -0.920509
1350 517.75 161.00 20.50 50.00 -0.936146
1350 515.30 221.84 26.57 64.81 -1.439153
1350 373.75 189.00 20.50 50.00 -1.471576
1350 414.74 188.73 22.38 54.58 -1.565106
1350 99.59 202.91 44.67 108.95 -1.684578
1350 613.77 115.46 26.57 64.81 -1.702911
1350 401.64 190.91 22.38 54.58 -1.801566
1350 363.75 187.00 20.50 50.00 -2.142214
1350 600.41 110.18 22.38 54.58 -2.151997
1350 589.49 7.64 22.38 54.58 -4.087234
1380 277.49 137.40 37.52 91.50 -0.348356
1380 157.00 121.09 22.38 54.58 -0.619919
1380 -0.46 225.34 37.52 91.50 -1.555437
1380 381.15 173.85 31.54 76.92 -1.705593
1380 494.57 226.93 24.37 59.45 -1.808024
1380 107.50 214.00 41.00 100.00 -1.882960
1380 587.85 169.95 26.57 64.81 -2.060623
1380 619.75 175.00 20.50 50.00 -2.159309
1380 455.75 219.00 20.50 50.00 -2.180562
1380 571.75 261.00 20.50 50.00 -2.591687
1380 602.97 49.47 37.52 91.50 -3.118350
1410 599.26 150.89 24.37 59.45 -0.248674
1410 462.03 216.00 28.92 70.53 -0.417405
1410 414.10 193.41 28.92 70.53 -0.532864
1410 442.06 185.04 37.52 91.50 -0.911510
1410 21.15 146.15 31.54 76.92 -1.027893
1410 615.91 172.28 24.37 59.45 -1.042661
1410 613.77 136.22 26.57 64.81 -1.085550
1410 34.29 185.45 44.67 108.95 -1.217782
1410 565.77 115.38 31.54 76.92 -1.412771
1410 10.04 167.35 26.57 64.81 -1.455634
1410 460.61 166.91 22.38 54.58 -1.475694
1410 327.75 179.00 20.50 50.00 -1.518796
1410 239.30 170.82 28.92 70.53 -1.724902
1410 11.50 202.00 41.00 100.00 -1.806785
1410 167.12 206.43 34.37 83.83 -1.827056
1410 431.01 199.06 28.92 70.53 -1.930440
1410 602.97 67.79 37.52 91.50 -2.358720
1410 340.79 9.88 28.92 70.53 -3.884883
1440 251.92 161.54 31.54 76.92 -0.453158
1440 523.96 234.55 22.38 54.58 -0.541146
1440 467.67 168.00 28.92 70.53 -1.102740
1440 510.38 180.00 31.54 76.92 -1.260052
1440 619.75 121.00 20.50 50.00 -1.432729
1440 57.75 167.00 20.50 50.00 -1.612653
1440 191.42 219.24 26.57 64.81 -1.662040
1440 608.58 131.03 26.57 64.81 -1.747338
1440 65.75 159.00 20.50 50.00 -1.887277
1440 42.99 198.55 44.67 108.95 -2.278420
1440 567.13 229.62 26.57 64.81 -2.635646
1440 116.28 51.09 24.37 59.45 -3.070796
1440 561.09 269.45 22.38 54.58 -3.130037
1470 479.75 185.00 20.50 50.00 2.205331
1470 64.23 204.62 31.54 76.92 -0.263948
1470 415.75 167.00 20.50 50.00 -0.503419
1470 271.75 185.00 20.50 50.00 -0.595151
1470 167.77 196.03 37.52 91.50 -1.457414
1470 57.75 9.00 20.50 50.00 -4.501470
1500 443.75 171.00 20.50 50.00 1.988452
1500 596.54 173.85 31.54 76.92 0.757255
1500 615.91 110.50 24.37 59.45 0.532214
1500 187.31 195.38 31.54 76.92 0.055097
1500 399.75 177.00 20.50 50.00 -0.966813
1500 391.75 175.00 20.50 50.00 -1.029475
1500 85.77 201.54 31.54 76.92 -1.181263
1500 434.40 173.45 22.38 54.58 -1.182678
1500 451.75 158.02 24.37 59.45 -1.309502
1500 207.50 202.00 41.00 100.00 -1.539371
1500 615.91 77.23 24.37 59.45 -2.456950
1500 594.50 67.72 24.37 59.45 -2.901542
1500 619.75 39.00 20.50 50.00 -3.616392
1530 101.94 196.03 37.52 91.50 1.339121
1530 482.69 161.54 31.54 76.92 0.515993
1530 200.63 196.36 34.37 83.83 0.246997
1530 221.50 202.91 44.67 108.95 0.038675
1530 410.38 193.09 22.38 54.58 -0.993847
1530 518.36 172.28 24.37 59.45 -1.132644
1530 499.93 173.45 22.38 54.58 -1.399458
1530 592.00 125.94 48.64 118.64 -1.480481
1530 397.03 172.28 24.37 59.45 -1.610360
1560 98.29 196.03 37.52 91.50 0.266517
1560 606.96 162.55 22.38 54.58 -0.066391
1560 615.91 181.78 24.37 59.45 -0.182386
1560 395.75 173.00 20.50 50.00 -1.173210
1560 207.33 199.72 34.37 83.83 -1.315115
1560 487.07 176.73 44.67 108.95 -1.391978
1560 119.62 210.77 31.54 76.92 -1.765226
1560 406.01 175.64 22.38 54.58 -1.978991
1560 153.72 55.38 34.37 83.83 -3.050329
1590 90.88 181.09 44.67 108.95 1.616647
1590 619.75 131.00 20.50 50.00 0.310208
1590 399.45 166.91 22.38 54.58 -0.275985
1590 213.83 146.14 24.37 59.45 -1.012102
1590 95.75 155.00 20.50 50.00 -1.174559
1590 615.91 222.18 24.37 59.45 -1.389634
1590 -0.27 195.27 22.38 54.58 -1.507371
1590 455.50 170.00 41.00 100.00 -1.929788
1590 111.75 69.00 20.50 50.00 -2.384658
1590 92.95 60.97 26.57 64.81 -2.508710
1590 541.43 25.09 22.38 54.58 -3.638489
1620 86.53 181.09 44.67 108.95 0.086841
1620 608.77 264.95 24.37 59.45 -0.498906
1620 270.93 179.41 24.37 59.45 -1.570501
1620 211.60 151.64 22.38 54.58 -1.719653
1620 443.14 199.64 22.38 54.58 -1.926767
1620 63.75 83.00 20.50 50.00 -2.124391
1620 555.75 243.00 20.50 50.00 -2.334055
1620 619.75 253.00 20.50 50.00 -3.474804
1620 115.75 27.00 20.50 50.00 -3.829755
1620 499.75 5.00 20.50 50.00 -4.062359
1650 257.47 175.64 22.38 54.58 -0.007734
1650 390.72 171.27 22.38 54.58 -0.809270
1650 207.24 210.55 22.38 54.58 -2.064262
1650 205.75 235.00 20.50 50.00 -3.045258
1650 -0.46 27.48 37.52 91.50 -3.695842
1650 463.64 5.94 24.37 59.45 -4.273417
1650 489.81 3.56 24.37 59.45 -4.592254
1680 383.75 165.00 20.50 50.00 0.044151
1680 170.47 196.36 34.37 83.83 0.027786
1680 411.75 189.00 20.50 50.00 -0.363754
1680 458.08 176.92 31.54 76.92 -0.706746
1680 416.06 167.52 24.37 59.45 -0.822115
1680 523.08 105.08 26.57 64.81 -1.032699
1680 81.41 201.88 28.92 70.53 -1.156736
1680 574.20 129.82 22.38 54.58 -1.367732
1680 507.75 95.00 20.50 50.00 -2.011541
1680 259.03 153.88 28.92 70.53 -2.025081
1680 207.24 212.73 22.38 54.58 -2.119283
1680 613.53 96.24 24.37 59.45 -2.250362
1710 448.85 170.77 31.54 76.92 0.211206
1710 619.75 131.00 20.50 50.00 -0.436047
1710 412.56 169.09 22.38 54.58 -0.679817
1710 104.23 204.62 31.54 76.92 -1.060493
1710 481.75 173.00 20.50 50.00 -1.296559
1710 606.07 75.52 34.37 83.83 -1.387175
1710 196.31 204.00 22.38 54.58 -1.440848
1710 606.07 38.60 34.37 83.83 -2.332414
1710 611.45 272.47 28.92 70.53 -2.344969
1710 617.88 249.82 22.38 54.58 -2.797571
1740 125.77 201.54 31.54 76.92 1.178929
1740 449.37 167.52 24.37 59.45 0.666067
1740 215.00 201.54 31.54 76.92 0.227871
1740 439.85 165.15 24.37 59.45 0.157204
1740 551.23 109.09 89.69 218.76 -0.393758
1740 -0.30 93.86 24.37 59.45 -1.356199
1740 235.24 217.43 24.37 59.45 -1.883486
1740 523.75 179.00 20.50 50.00 -1.899393
1740 617.88 57.82 22.38 54.58 -2.094798
1740 246.55 212.73 22.38 54.58 -2.185228
1740 283.75 79.00 20.50 50.00 -2.209621
1770 218.08 195.38 31.54 76.92 0.867799
1770 500.57 152.06 37.52 91.50 -0.535082
1770 126.91 196.36 34.37 83.83 -1.088737
1770 515.20 148.40 37.52 91.50 -1.091561
1770 437.47 181.78 24.37 59.45 -1.175842
1770 447.75 155.00 20.50 50.00 -1.357288
1770 477.75 195.00 20.50 50.00 -1.456947
1770 3.75 215.00 20.50 50.00 -1.726122
1770 244.37 208.36 22.38 54.58 -1.759110
1770 144.78 208.86 26.57 64.81 -1.791116
1770 90.36 107.68 26.57 64.81 -1.903872
1770 617.88 84.00 22.38 54.58 -2.722261
1800 243.24 206.27 26.57 64.81 -0.314100
1800 -0.59 130.69 48.64 118.64 -0.456040
1800 517.55 168.00 44.67 108.95 -0.499227
1800 131.20 188.70 37.52 91.50 -0.506392
1800 225.20 196.24 28.92 70.53 -0.562792
1800 56.52 123.27 22.38 54.58 -1.340445
1800 277.75 183.00 20.50 50.00 -1.495567
1800 100.73 164.76 26.57 64.81 -1.591136
1800 615.91 43.96 24.37 59.45 -2.536189
1830 120.21 196.36 34.37 83.83 -0.000745
1830 535.75 233.00 20.50 50.00 -0.357132
1830 214.74 203.68 26.57 64.81 -0.359249
1830 86.70 149.37 34.37 83.83 -0.948294
1830 485.75 231.00 20.50 50.00 -1.024208
1830 499.93 171.27 22.38 54.58 -1.128812
1830 228.02 207.53 28.92 70.53 -1.280810
1830 25.75 131.00 20.50 50.00 -1.298567
1830 475.39 179.58 34.37 83.83 -1.377877
1830 66.60 162.80 34.37 83.83 -1.446379
1830 -0.35 114.35 28.92 70.53 -1.537095
1830 407.75 185.00 20.50 50.00 -1.567025
1830 46.49 166.15 34.37 83.83 -1.707546
1830 250.92 55.64 22.38 54.58 -2.444315
