30 140.62 176.47 28.92 70.53 -0.652390
30 273.13 111.53 28.92 70.53 -0.685075
30 435.75 147.00 20.50 50.00 -0.774586
30 445.32 140.73 22.38 54.58 -1.454971
30 103.75 199.00 20.50 50.00 -1.547968
30 279.32 182.18 22.38 54.58 -1.642806
30 8.89 135.45 48.64 118.64 -1.700715
30 587.74 110.97 52.90 129.03 -2.141075
60 461.75 129.00 20.50 50.00 -0.054270
60 161.75 161.00 20.50 50.00 -0.333368
60 353.75 187.00 20.50 50.00 -0.470560
60 551.58 198.49 26.57 64.81 -0.882130
60 447.94 131.03 26.57 64.81 -0.944820
60 619.75 207.00 20.50 50.00 -1.229575
60 434.74 155.73 37.52 91.50 -1.506522
60 433.83 218.82 28.92 70.53 -1.525717
60 101.75 173.00 20.50 50.00 -1.547317
60 541.75 203.00 20.50 50.00 -1.587743
60 80.59 143.76 24.37 59.45 -1.880502
90 473.72 92.73 22.38 54.58 -0.550064
90 608.85 186.15 31.54 76.92 -0.574730
90 183.64 131.03 26.57 64.81 -0.840217
90 -0.27 188.73 22.38 54.58 -0.996781
90 617.88 114.55 22.38 54.58 -1.345021
90 445.75 211.00 20.50 50.00 -1.572073
90 617.88 79.64 22.38 54.58 -1.615877
90 482.96 116.44 48.64 118.64 -1.796943
90 413.06 176.73 44.67 108.95 -1.878615
90 26.11 77.75 69.16 168.67 -2.005512
90 437.57 232.22 26.57 64.81 -2.009179
90 473.16 122.38 24.37 59.45 -2.061467
120 73.75 151.00 20.50 50.00 0.358880
120 511.23 96.24 24.37 59.45 0.062492
120 591.75 113.00 20.50 50.00 -0.855009
120 619.75 97.00 20.50 50.00 -1.033533
120 416.59 159.21 48.64 118.64 -1.035802
120 303.75 163.00 20.50 50.00 -1.072390
120 463.75 65.00 20.50 50.00 -1.618595
120 504.23 47.69 31.54 76.92 -1.720668
120 97.42 100.65 52.90 129.03 -1.897078
120 619.75 51.00 20.50 50.00 -2.445726
120 499.33 81.98 24.37 59.45 -2.503610
120 -0.59 54.65 48.64 118.64 -2.604642
120 524.05 49.41 28.92 70.53 -3.393482
150 237.82 171.27 22.38 54.58 0.495472
150 395.75 138.35 57.98 141.42 -0.600040
150 577.69 89.23 63.08 153.85 -0.727272
150 -0.30 122.38 24.37 59.45 -0.818721
150 571.92 53.85 31.54 76.92 -1.432578
150 569.75 39.00 20.50 50.00 -2.027550
150 4.86 76.54 26.57 64.81 -2.109491
150 619.75 67.00 20.50 50.00 -2.127034
150 566.34 88.94 28.92 70.53 -2.161567
150 615.91 32.08 24.37 59.45 -2.331770
150 21.15 33.23 75.52 184.20 -3.056708
180 294.61 142.91 22.38 54.58 -0.926226
180 413.75 149.00 20.50 50.00 -1.156205
180 352.06 131.03 26.57 64.81 -1.286637
180 485.77 136.92 31.54 76.92 -1.690040
180 15.22 14.27 26.57 64.81 -4.271262
210 349.47 115.46 26.57 64.81 0.393728
210 100.20 147.27 22.38 54.58 -0.903106
210 211.60 160.36 22.38 54.58 -1.001056
210 406.48 203.68 26.57 64.81 -1.525900
210 523.96 7.64 22.38 54.58 -4.607720
240 352.06 118.05 26.57 64.81 -0.610912
240 399.75 161.00 20.50 50.00 -1.327441
240 619.75 47.00 20.50 50.00 -1.471034
240 615.91 79.60 24.37 59.45 -2.126038
240 241.75 25.00 20.50 50.00 -3.724697
270 363.75 145.00 20.50 50.00 -0.137408
270 617.88 101.45 22.38 54.58 -0.792613
270 410.38 162.55 22.38 54.58 -0.803456
270 335.17 96.24 24.37 59.45 -1.451230
270 619.75 21.00 20.50 50.00 -3.713105
270 205.06 18.46 75.52 184.20 -4.169984
300 362.43 141.41 26.57 64.81 -0.101427
300 413.75 175.00 20.50 50.00 -0.272771
300 301.16 173.45 22.38 54.58 -0.911294
300 277.75 153.00 20.50 50.00 -1.288570
300 231.26 153.82 22.38 54.58 -1.404383
300 301.75 155.00 20.50 50.00 -1.460511
300 -0.42 95.66 34.37 83.83 -1.784479
300 226.89 7.64 22.38 54.58 -3.416876
330 301.75 163.00 20.50 50.00 0.083039
330 367.61 138.81 26.57 64.81 -0.108210
330 273.75 163.00 20.50 50.00 -0.262607
330 433.83 196.24 28.92 70.53 -0.614617
330 608.85 164.62 31.54 76.92 -1.289822
330 281.75 165.00 20.50 50.00 -1.296285
330 455.71 102.49 26.57 64.81 -1.496173
330 197.75 187.00 20.50 50.00 -1.742252
330 561.75 185.00 20.50 50.00 -1.870633
360 299.75 157.00 20.50 50.00 2.285756
360 211.75 157.00 20.50 50.00 0.545810
360 289.75 161.00 20.50 50.00 0.289183
360 372.79 136.22 26.57 64.81 -0.231999
360 466.07 92.11 26.57 64.81 -0.574969
360 221.15 130.77 31.54 76.92 -0.750451
360 494.57 141.41 26.57 64.81 -1.029565
360 34.68 158.18 22.38 54.58 -1.080469
360 619.75 183.00 20.50 50.00 -1.226493
360 445.34 195.89 26.57 64.81 -1.799305
360 460.61 84.00 22.38 54.58 -2.195174
360 120.42 50.70 69.16 168.67 -2.811822
360 229.75 35.00 20.50 50.00 -2.947165
390 288.05 156.00 22.38 54.58 1.500610
390 131.75 173.00 20.50 50.00 1.193933
390 363.35 131.29 28.92 70.53 0.488857
390 41.23 180.00 22.38 54.58 -0.226946
390 435.56 154.46 48.64 118.64 -0.902108
390 269.75 157.00 20.50 50.00 -1.024596
390 464.98 84.00 22.38 54.58 -1.210805
390 56.52 173.45 22.38 54.58 -1.270847
390 427.31 127.69 31.54 76.92 -1.717275
390 613.77 146.59 26.57 64.81 -1.924838
390 602.97 56.79 37.52 91.50 -2.913542
420 245.83 146.59 26.57 64.81 0.717224
420 494.57 138.81 26.57 64.81 0.345664
420 363.35 122.82 28.92 70.53 -0.028161
420 111.75 179.00 20.50 50.00 -0.183775
420 273.75 159.00 20.50 50.00 -0.354354
420 615.91 148.51 24.37 59.45 -0.466365
420 408.85 176.92 31.54 76.92 -1.541902
420 572.31 141.41 26.57 64.81 -1.674856
420 61.75 179.00 20.50 50.00 -1.732902
420 101.75 183.00 20.50 50.00 -1.902822
420 385.75 131.03 26.57 64.81 -1.939861
450 369.19 144.95 48.64 118.64 0.700709
450 257.47 153.82 22.38 54.58 0.444201
450 451.92 133.85 31.54 76.92 0.407005
450 156.73 174.65 24.37 59.45 -0.798000
450 213.79 164.73 22.38 54.58 -1.780746
450 228.02 136.94 28.92 70.53 -1.959446
480 245.83 146.59 26.57 64.81 0.205479
480 511.23 148.51 24.37 59.45 0.077187
480 489.81 124.75 24.37 59.45 -1.125508
480 611.45 134.12 28.92 70.53 -1.346013
480 269.75 155.00 20.50 50.00 -1.348580
480 332.34 177.71 37.52 91.50 -1.467957
480 405.64 136.94 28.92 70.53 -1.488117
480 519.59 142.91 22.38 54.58 -1.513882
480 -0.59 159.21 48.64 118.64 -1.650890
480 499.76 40.22 26.57 64.81 -3.212859
510 237.62 141.39 24.37 59.45 0.659497
510 552.38 115.64 44.67 108.95 -0.447222
510 520.49 120.65 26.57 64.81 -0.479128
510 141.75 157.00 20.50 50.00 -0.587898
510 494.57 139.01 24.37 59.45 -0.731446
510 430.38 115.38 31.54 76.92 -0.895810
510 232.86 153.27 24.37 59.45 -1.159056
510 619.75 139.00 20.50 50.00 -1.606570
510 582.94 156.00 22.38 54.58 -1.677521
510 409.14 133.74 37.52 91.50 -1.685554
510 197.28 125.87 34.37 83.83 -1.926717
540 501.50 120.00 28.92 70.53 1.072555
540 287.75 175.00 20.50 50.00 0.453249
540 173.75 197.00 20.50 50.00 0.017048
540 341.15 133.85 31.54 76.92 0.010012
540 267.75 173.00 20.50 50.00 -0.097856
540 398.17 104.43 37.52 91.50 -0.189925
540 518.41 122.82 28.92 70.53 -0.235571
540 494.57 136.63 24.37 59.45 -0.523748
540 228.10 160.40 24.37 59.45 -0.541924
540 47.29 160.40 24.37 59.45 -0.791585
540 480.30 139.01 24.37 59.45 -0.890330
540 561.09 136.36 22.38 54.58 -0.894492
540 213.79 162.55 22.38 54.58 -1.233138
540 23.75 158.18 22.38 54.58 -1.463220
540 449.37 148.40 37.52 91.50 -1.529762
540 184.23 130.77 31.54 76.92 -1.641508
540 569.83 134.18 22.38 54.58 -1.870452
540 530.61 85.09 44.67 108.95 -1.976872
540 611.45 114.35 28.92 70.53 -2.276042
540 617.88 195.27 22.38 54.58 -2.399270
570 214.74 167.35 26.57 64.81 0.639776
570 486.83 171.27 22.38 54.58 0.210332
570 -0.59 92.67 48.64 118.64 -0.441857
570 301.75 183.00 20.50 50.00 -0.505654
570 469.75 117.00 20.50 50.00 -0.816481
570 318.51 112.87 24.37 59.45 -0.865472
570 478.74 109.09 34.37 83.83 -0.900519
570 121.46 180.32 26.57 64.81 -1.137988
570 182.90 181.78 24.37 59.45 -1.153919
570 305.75 173.00 20.50 50.00 -1.155867
570 83.50 106.00 41.00 100.00 -1.722269
570 297.75 173.00 20.50 50.00 -1.767140
570 497.70 59.29 57.98 141.42 -2.594086
570 516.15 40.00 63.08 153.85 -2.928951
600 504.94 154.38 26.57 64.81 0.515729
600 368.91 115.42 37.52 91.50 -0.239024
600 267.75 137.00 20.50 50.00 -0.515020
600 354.76 119.16 34.37 83.83 -0.547169
600 497.75 165.00 20.50 50.00 -0.704419
600 413.06 102.55 44.67 108.95 -0.982858
600 561.75 137.00 20.50 50.00 -1.005029
600 307.75 181.00 20.50 50.00 -1.316678
600 276.81 70.59 57.98 141.42 -1.772962
630 13.75 171.00 20.50 50.00 0.633273
630 595.50 230.00 41.00 100.00 0.632902
630 79.75 135.00 20.50 50.00 -0.154500
630 286.80 89.45 44.67 108.95 -0.237411
630 131.92 130.77 31.54 76.92 -0.882858
630 599.50 178.00 41.00 100.00 -1.149353
630 617.88 136.36 22.38 54.58 -1.337624
630 317.04 49.90 48.64 118.64 -1.741697
630 469.03 85.16 52.90 129.03 -2.323964
630 22.20 88.94 28.92 70.53 -2.374260
630 152.55 58.38 26.57 64.81 -2.378548
630 -0.27 81.82 22.38 54.58 -2.619275
630 359.62 72.31 31.54 76.92 -2.690626
660 209.75 105.00 20.50 50.00 -0.566068
660 159.75 161.00 20.50 50.00 -0.731517
660 139.75 167.00 20.50 50.00 -0.950358
660 209.55 141.41 26.57 64.81 -0.981906
660 364.82 135.94 34.37 83.83 -1.010170
660 285.75 89.00 20.50 50.00 -1.282035
660 619.75 141.00 20.50 50.00 -1.465157
660 403.82 97.09 22.38 54.58 -1.560426
660 116.86 102.38 34.37 83.83 -1.620394
660 594.54 122.82 28.92 70.53 -2.084205
660 234.14 78.88 34.37 83.83 -2.488924
660 48.91 66.16 26.57 64.81 -2.908703
660 -0.30 36.83 24.37 59.45 -3.578240
690 265.75 141.00 20.50 50.00 0.731096
690 119.86 105.82 22.38 54.58 0.530494
690 113.46 149.23 31.54 76.92 0.250122
690 595.75 175.00 20.50 50.00 -0.141636
690 606.07 182.94 34.37 83.83 -0.818638
690 272.76 132.00 22.38 54.58 -0.838034
690 290.04 134.12 28.92 70.53 -0.958105
690 604.01 162.77 24.37 59.45 -1.034435
690 168.62 148.51 24.37 59.45 -1.160676
690 163.50 74.00 41.00 100.00 -1.428867
690 122.69 133.85 31.54 76.92 -1.746853
690 -0.25 187.00 20.50 50.00 -1.832641
690 613.77 131.03 26.57 64.81 -1.865140
690 146.08 77.45 22.38 54.58 -2.163205
690 1.91 68.73 22.38 54.58 -2.179046
690 337.55 91.48 24.37 59.45 -2.228068
690 71.75 57.00 20.50 50.00 -2.322479
690 61.75 55.00 20.50 50.00 -2.753501
690 619.75 15.00 20.50 50.00 -4.488137
720 608.85 192.31 31.54 76.92 0.431519
720 174.45 145.41 28.92 70.53 0.254748
720 185.73 145.41 28.92 70.53 -0.346666
720 7.75 195.00 20.50 50.00 -0.660159
720 161.75 167.00 20.50 50.00 -0.958641
720 577.42 105.81 52.90 129.03 -1.295574
720 267.31 78.46 31.54 76.92 -1.532620
720 200.68 153.82 22.38 54.58 -1.659417
720 247.62 93.82 44.67 108.95 -1.836878
720 69.75 183.00 20.50 50.00 -1.844534
720 92.69 105.88 28.92 70.53 -1.878198
720 561.19 41.58 24.37 59.45 -3.072896
720 613.77 27.24 26.57 64.81 -3.998161
750 318.63 162.55 22.38 54.58 -0.012598
750 -0.30 108.12 24.37 59.45 -0.736269
750 65.26 173.45 22.38 54.58 -0.808755
750 432.22 88.36 22.38 54.58 -0.847291
750 403.82 188.73 22.38 54.58 -0.974007
750 499.75 191.00 20.50 50.00 -1.023243
750 125.80 146.14 24.37 59.45 -1.047630
750 93.75 171.00 20.50 50.00 -1.427264
750 506.48 166.91 22.38 54.58 -1.556552
750 511.75 101.00 20.50 50.00 -1.625614
750 473.72 190.91 22.38 54.58 -1.648956
750 333.75 169.00 20.50 50.00 -1.663864
750 185.75 107.00 20.50 50.00 -1.794706
750 391.75 85.00 20.50 50.00 -1.795354
750 -0.32 81.73 26.57 64.81 -2.194145
750 -0.35 24.00 28.92 70.53 -3.944071
780 543.62 171.27 22.38 54.58 1.929655
780 157.75 159.00 20.50 50.00 0.477414
780 465.75 179.00 20.50 50.00 0.196497
780 525.75 175.00 20.50 50.00 0.144991
780 535.75 179.00 20.50 50.00 -0.853533
780 21.75 135.00 20.50 50.00 -1.151970
780 407.75 183.00 20.50 50.00 -1.675550
780 397.75 171.00 20.50 50.00 -1.724175
780 151.89 199.06 28.92 70.53 -1.913307
780 459.21 55.06 28.92 70.53 -2.262178
780 575.75 73.00 20.50 50.00 -2.541530
810 561.09 171.27 22.38 54.58 4.718486
810 459.75 177.00 20.50 50.00 0.877086
810 587.36 177.03 24.37 59.45 0.054562
810 133.55 152.26 52.90 129.03 -0.299682
810 363.72 153.27 24.37 59.45 -0.527824
810 469.35 175.64 22.38 54.58 -0.973604
810 527.75 193.00 20.50 50.00 -1.259184
810 56.52 108.00 22.38 54.58 -1.345028
810 491.19 177.82 22.38 54.58 -1.369574
810 25.94 123.27 22.38 54.58 -2.024421
810 -0.35 108.71 28.92 70.53 -2.061423
810 598.23 182.18 22.38 54.58 -2.084030
810 -0.50 14.00 41.00 100.00 -3.591447
840 555.07 156.71 28.92 70.53 1.777790
840 606.96 188.73 22.38 54.58 -0.149545
840 138.08 204.62 31.54 76.92 -0.316552
840 436.59 164.73 22.38 54.58 -0.399172
840 163.55 149.45 22.38 54.58 -0.413916
840 178.14 193.66 24.37 59.45 -0.481997
840 574.90 154.38 26.57 64.81 -0.567612
840 619.75 191.00 20.50 50.00 -0.651934
840 152.63 149.45 22.38 54.58 -0.705449
840 381.15 136.92 31.54 76.92 -0.730942
840 75.75 125.00 20.50 50.00 -0.899038
840 572.01 184.36 22.38 54.58 -1.420999
840 407.75 141.00 20.50 50.00 -1.553193
840 123.75 121.00 20.50 50.00 -1.558662
840 473.72 153.82 22.38 54.58 -1.739289
840 504.30 180.00 22.38 54.58 -1.895039
840 172.29 219.27 22.38 54.58 -2.102033
840 150.38 198.46 31.54 76.92 -2.466636
840 157.75 11.00 20.50 50.00 -3.654622
870 385.13 160.40 24.37 59.45 -0.068007
870 442.06 130.08 37.52 91.50 -0.362683
870 77.41 156.97 26.57 64.81 -0.386696
870 12.52 146.18 44.67 108.95 -0.707934
870 51.70 98.18 44.67 108.95 -0.898638
870 373.24 162.55 22.38 54.58 -1.260832
870 -0.30 108.12 24.37 59.45 -1.328343
870 429.75 155.00 20.50 50.00 -1.382986
870 356.58 155.64 24.37 59.45 -1.383752
870 183.75 225.00 20.50 50.00 -1.590644
870 152.55 208.86 26.57 64.81 -1.894748
870 -0.27 40.36 22.38 54.58 -3.825000
870 336.11 1.09 22.38 54.58 -4.797240
900 399.45 171.27 22.38 54.58 0.246294
900 615.91 127.13 24.37 59.45 -0.176034
900 147.75 191.00 20.50 50.00 -0.451731
900 437.47 134.26 24.37 59.45 -0.556377
900 545.80 175.64 22.38 54.58 -0.823832
900 406.48 177.73 26.57 64.81 -0.835787
900 518.41 134.12 28.92 70.53 -1.032906
900 81.75 161.00 20.50 50.00 -1.144855
900 417.75 171.00 20.50 50.00 -1.316759
900 47.75 99.00 20.50 50.00 -1.370422
900 478.22 102.18 48.64 118.64 -1.442371
900 121.75 145.00 20.50 50.00 -1.604551
900 411.28 111.53 28.92 70.53 -1.681294
900 -0.27 110.18 22.38 54.58 -1.700059
900 566.34 100.24 28.92 70.53 -1.750004
900 556.43 253.07 24.37 59.45 -3.064397
900 4.86 333.41 26.57 64.81 -5.878097
930 413.75 197.00 20.50 50.00 0.480067
930 430.33 172.28 24.37 59.45 0.041036
930 582.65 104.47 57.98 141.42 -0.000434
930 463.75 221.00 20.50 50.00 -0.668075
930 511.75 113.00 20.50 50.00 -0.797404
930 478.74 159.44 34.37 83.83 -1.008242
930 393.75 183.00 20.50 50.00 -1.397426
930 471.54 151.64 22.38 54.58 -1.443969
930 553.75 145.00 20.50 50.00 -1.467508
930 93.40 99.02 34.37 83.83 -1.519723
930 371.75 175.00 20.50 50.00 -1.935787
930 436.59 75.27 22.38 54.58 -2.316431
930 -0.35 32.47 28.92 70.53 -3.603224
930 13.75 25.00 20.50 50.00 -3.726632
960 39.12 142.59 28.92 70.53 0.784647
960 401.64 188.73 22.38 54.58 0.416011
960 526.87 176.47 28.92 70.53 0.297890
960 -0.59 116.44 48.64 118.64 -0.104416
960 544.23 173.85 31.54 76.92 -0.468966
960 54.33 177.82 22.38 54.58 -0.875889
960 437.75 177.00 20.50 50.00 -0.888173
960 225.72 167.52 24.37 59.45 -1.129923
960 373.75 175.00 20.50 50.00 -1.209131
960 587.21 189.82 44.67 108.95 -1.297208
960 559.62 173.85 31.54 76.92 -1.379991
960 355.75 151.00 20.50 50.00 -1.476642
960 13.75 215.00 20.50 50.00 -1.576100
960 485.38 83.08 63.08 153.85 -1.603187
960 554.05 217.43 24.37 59.45 -1.723587
960 144.83 160.40 24.37 59.45 -1.767441
960 478.09 184.36 22.38 54.58 -1.897490
960 595.92 54.55 44.67 108.95 -1.927732
960 459.21 201.88 28.92 70.53 -2.200347
960 416.06 203.17 24.37 59.45 -2.212653
960 462.80 64.36 22.38 54.58 -2.307922
960 174.47 225.82 22.38 54.58 -2.784763
960 575.75 63.00 20.50 50.00 -2.826165
960 137.70 253.07 24.37 59.45 -3.184730
960 521.75 9.00 20.50 50.00 -3.761943
960 613.53 27.33 24.37 59.45 -4.293028
990 451.94 182.94 34.37 83.83 0.608666
990 459.21 156.71 28.92 70.53 -0.388641
990 544.54 127.13 24.37 59.45 -0.660584
990 496.91 170.38 37.52 91.50 -0.815071
990 619.75 259.00 20.50 50.00 -1.103429
990 369.75 181.00 20.50 50.00 -1.141867
990 361.75 177.00 20.50 50.00 -1.198730
990 -0.30 150.89 24.37 59.45 -1.261907
990 190.04 160.40 24.37 59.45 -1.270432
990 613.77 162.16 26.57 64.81 -1.790274
990 25.87 172.28 24.37 59.45 -1.807424
990 555.07 117.18 28.92 70.53 -1.819407
990 419.43 66.16 26.57 64.81 -2.324624
990 615.91 74.85 24.37 59.45 -2.455407
990 609.15 247.64 22.38 54.58 -2.727686
990 485.75 51.00 20.50 50.00 -3.014138
990 -0.32 245.19 26.57 64.81 -3.169146
990 617.75 317.00 20.50 50.00 -3.807622
990 602.97 16.49 37.52 91.50 -3.960355
1020 393.75 191.00 20.50 50.00 0.175977
1020 187.66 162.77 24.37 59.45 -0.596525
1020 23.50 130.00 41.00 100.00 -0.930299
1020 375.43 171.27 22.38 54.58 -1.048622
1020 155.75 187.00 20.50 50.00 -1.143918
1020 101.94 214.35 37.52 91.50 -1.282162
1020 473.16 169.90 24.37 59.45 -1.425969
1020 174.45 156.71 28.92 70.53 -1.616197
1020 156.54 210.77 31.54 76.92 -2.207435
1020 127.75 229.00 20.50 50.00 -2.576948
1020 529.75 5.00 20.50 50.00 -4.146185
1020 600.41 284.73 22.38 54.58 -4.234872
1050 3.75 181.00 20.50 50.00 1.275109
1050 554.54 166.91 22.38 54.58 0.280481
1050 573.09 134.26 24.37 59.45 -0.144789
1050 437.47 198.42 24.37 59.45 -0.258623
1050 530.26 207.92 24.37 59.45 -0.495204
1050 447.50 170.00 41.00 100.00 -0.504468
1050 115.50 202.00 41.00 100.00 -0.790209
1050 125.80 150.89 24.37 59.45 -0.874449
1050 595.92 120.00 44.67 108.95 -0.879423
1050 391.62 149.37 34.37 83.83 -0.895443
1050 11.50 110.00 41.00 100.00 -1.070613
1050 205.75 167.00 20.50 50.00 -1.136210
1050 92.49 196.04 24.37 59.45 -1.737305
1080 201.75 159.00 20.50 50.00 -0.650213
1080 595.92 111.27 44.67 108.95 -0.777094
1080 123.75 171.00 20.50 50.00 -1.165687
1080 442.31 126.15 63.08 153.85 -1.291171
1080 173.75 175.00 20.50 50.00 -1.393256
1080 -0.35 151.06 28.92 70.53 -1.483940
1080 209.75 155.00 20.50 50.00 -1.731173
1080 563.52 139.76 28.92 70.53 -1.763125
1080 81.41 199.06 28.92 70.53 -1.785837
1080 132.16 238.59 28.92 70.53 -2.166925
1080 453.75 65.00 20.50 50.00 -2.478066
1080 101.15 207.53 28.92 70.53 -2.702192
1080 596.04 40.36 22.38 54.58 -3.808128
1080 606.07 11.75 34.37 83.83 -4.343707
1080 597.75 5.00 20.50 50.00 -4.435445
1110 495.50 149.37 34.37 83.83 -0.255167
1110 89.28 234.55 22.38 54.58 -0.939024
1110 371.75 171.00 20.50 50.00 -1.283755
1110 478.37 176.73 44.67 108.95 -1.352848
1110 215.75 165.00 20.50 50.00 -1.362260
1110 569.72 185.51 26.57 64.81 -1.663110
1110 504.94 6.49 26.57 64.81 -4.443199
1140 73.46 161.54 31.54 76.92 1.168860
1140 51.56 206.73 48.64 118.64 -0.706511
1140 149.75 175.00 20.50 50.00 -0.941056
1140 91.75 177.00 20.50 50.00 -1.063596
1140 139.75 173.00 20.50 50.00 -1.094185
1140 25.58 224.73 44.67 108.95 -1.111150
1140 203.75 165.00 20.50 50.00 -1.755190
1140 582.65 70.59 57.98 141.42 -2.876087
1170 405.49 155.73 37.52 91.50 -0.453098
1170 127.75 169.00 20.50 50.00 -0.643175
1170 111.13 164.73 22.38 54.58 -0.646016
1170 23.04 162.80 34.37 83.83 -1.381387
1170 604.01 191.29 24.37 59.45 -1.478095
1170 -0.46 247.33 37.52 91.50 -1.531557
1170 619.75 191.00 20.50 50.00 -1.647616
1170 613.53 112.87 24.37 59.45 -1.656214
1200 458.71 152.26 52.90 129.03 0.222441
1200 87.73 167.52 24.37 59.45 -0.339596
1200 619.75 163.00 20.50 50.00 -0.340875
1200 195.75 145.00 20.50 50.00 -0.451197
1200 -0.59 211.49 48.64 118.64 -1.075725
1200 525.67 188.11 26.57 64.81 -1.351907
1200 7.45 115.46 26.57 64.81 -1.399330
1200 67.05 162.16 26.57 64.81 -1.487800
1200 498.68 232.94 28.92 70.53 -2.623812
1230 67.31 153.88 28.92 70.53 -0.914096
1230 422.02 76.54 26.57 64.81 -1.560463
1230 239.75 199.00 20.50 50.00 -1.797277
1230 407.75 83.00 20.50 50.00 -1.935503
1230 50.40 156.71 28.92 70.53 -1.960097
1230 613.77 284.11 26.57 64.81 -4.420147
1260 535.75 169.00 20.50 50.00 -0.211638
1260 384.16 169.09 22.38 54.58 -1.003478
1260 33.01 162.77 24.37 59.45 -1.115379
1260 -0.54 128.73 44.67 108.95 -1.200522
1260 617.75 29.00 20.50 50.00 -4.159683
1290 593.75 163.00 20.50 50.00 0.875908
1290 587.75 179.00 20.50 50.00 0.366196
1290 389.75 187.00 20.50 50.00 -0.354941
1290 405.75 159.00 20.50 50.00 -0.567547
1290 611.75 175.00 20.50 50.00 -0.575359
1290 165.73 145.09 22.38 54.58 -0.876449
1320 427.31 170.77 31.54 76.92 -0.420451
1320 423.75 209.00 20.50 50.00 -2.020029
1320 80.55 221.45 22.38 54.58 -2.528938
1350 489.68 152.26 52.90 129.03 -0.319909
1350 615.91 120.00 24.37 59.45 -1.562155
1350 -0.54 298.91 44.67 108.95 -4.119266
1380 613.77 138.81 26.57 64.81 0.262527
1380 248.74 182.18 22.38 54.58 -0.290035
1380 582.65 211.76 57.98 141.42 -0.493984
1380 462.03 148.24 28.92 70.53 -0.520008
1380 4.10 184.36 22.38 54.58 -1.033824
1380 395.75 147.00 20.50 50.00 -1.381412
1380 31.75 169.00 20.50 50.00 -1.498955
1380 20.41 94.70 26.57 64.81 -2.061175
1410 613.77 151.78 26.57 64.81 -0.116869
1410 579.27 109.09 34.37 83.83 -0.652610
1410 4.86 156.97 26.57 64.81 -0.990899
1410 503.75 177.00 20.50 50.00 -1.000024
1410 599.26 129.50 24.37 59.45 -1.409169
1410 15.02 92.73 22.38 54.58 -1.563371
1410 225.72 134.26 24.37 59.45 -1.625924
1410 414.74 145.09 22.38 54.58 -1.640135
1410 442.75 154.38 26.57 64.81 -1.803947
1410 237.82 180.00 22.38 54.58 -1.892757
1410 467.75 51.00 20.50 50.00 -2.542949
1410 11.92 263.08 31.54 76.92 -3.818967
1440 606.07 109.09 34.37 83.83 -0.160216
1440 225.10 128.43 26.57 64.81 -0.231228
1440 219.92 177.73 26.57 64.81 -0.667227
1440 227.75 163.00 20.50 50.00 -0.980750
1440 451.88 149.45 22.38 54.58 -1.035008
1440 218.16 142.91 22.38 54.58 -1.285080
1440 443.75 125.00 20.50 50.00 -1.422547
1440 433.75 129.00 20.50 50.00 -1.504075
1440 244.37 175.64 22.38 54.58 -1.654832
1440 39.58 125.07 69.16 168.67 -1.720265
1440 155.75 133.00 20.50 50.00 -1.723835
1440 619.75 87.00 20.50 50.00 -1.758160
1440 -0.30 86.73 24.37 59.45 -1.981887
1440 34.68 286.91 22.38 54.58 -4.367408
1470 101.24 160.94 57.98 141.42 -0.837185
1470 208.28 184.94 28.92 70.53 -0.877424
1470 201.75 169.00 20.50 50.00 -0.971539
1470 414.74 145.09 22.38 54.58 -1.482701
1470 194.19 187.76 28.92 70.53 -1.836263
1470 480.71 70.59 57.98 141.42 -1.849494
1470 212.15 221.84 26.57 64.81 -2.072444
1500 143.87 152.26 52.90 129.03 -0.333681
1500 192.42 186.53 24.37 59.45 -1.185299
1500 226.89 151.64 22.38 54.58 -1.299725
1500 108.30 111.27 44.67 108.95 -1.304369
1500 -0.46 137.40 37.52 91.50 -1.671889
1500 349.75 159.00 20.50 50.00 -1.793724
1500 571.79 84.51 69.16 168.67 -2.045302
1500 15.75 325.00 20.50 50.00 -5.835615
1530 397.27 151.64 22.38 54.58 -0.425322
1530 159.11 196.04 24.37 59.45 -0.455117
1530 75.84 150.89 24.37 59.45 -1.316616
1530 239.75 189.00 20.50 50.00 -1.467102
1530 479.75 149.00 20.50 50.00 -1.597405
1530 95.50 198.00 41.00 100.00 -1.661594
1530 140.62 193.41 28.92 70.53 -1.676186
1530 56.68 224.43 26.57 64.81 -1.751998
1530 513.46 146.15 31.54 76.92 -1.818254
1530 67.05 229.62 26.57 64.81 -2.918105
1560 492.19 143.76 24.37 59.45 -0.634206
1560 -0.35 148.24 28.92 70.53 -0.815868
1560 127.75 225.00 20.50 50.00 -1.370060
1560 599.50 110.00 41.00 100.00 -1.455347
1560 482.46 158.18 22.38 54.58 -1.693740
1560 223.75 185.00 20.50 50.00 -1.794599
1560 77.82 106.91 44.67 108.95 -1.834777
1560 613.77 71.35 26.57 64.81 -1.931768
1560 189.75 197.00 20.50 50.00 -1.971026
1560 13.98 255.45 24.37 59.45 -2.486776
1560 23.00 237.41 26.57 64.81 -3.163885
1590 508.85 143.76 24.37 59.45 0.139579
1590 450.75 122.82 28.92 70.53 -0.803598
1590 490.22 136.94 28.92 70.53 -1.094288
1590 78.36 221.45 22.38 54.58 -1.202943
1590 203.75 183.00 20.50 50.00 -1.553147
1590 337.75 159.00 20.50 50.00 -1.726744
1590 437.57 118.05 26.57 64.81 -1.920533
1590 211.75 181.00 20.50 50.00 -1.976656
1590 -0.46 218.02 37.52 91.50 -2.090076
1590 524.93 21.82 89.69 218.76 -3.721727
1590 -0.77 310.77 63.08 153.85 -5.871973
1620 549.75 145.00 20.50 50.00 -0.099339
1620 24.23 226.15 31.54 76.92 -0.263588
1620 507.31 133.85 31.54 76.92 -0.352246
1620 5.75 163.00 20.50 50.00 -0.437946
1620 609.15 138.55 22.38 54.58 -0.674908
1620 193.46 186.15 31.54 76.92 -0.786338
1620 7.45 237.41 26.57 64.81 -0.842282
1620 537.06 156.00 22.38 54.58 -1.049978
1620 445.11 114.35 28.92 70.53 -1.120899
1620 343.75 179.00 20.50 50.00 -1.207873
1620 513.46 149.23 31.54 76.92 -1.382714
1620 115.75 129.00 20.50 50.00 -1.404559
1620 15.75 161.00 20.50 50.00 -1.621596
1620 571.75 183.00 20.50 50.00 -2.362145
1650 199.75 197.00 20.50 50.00 -0.004792
1650 224.71 149.45 22.38 54.58 -0.361267
1650 37.75 193.00 20.50 50.00 -0.416166
1650 543.81 146.59 26.57 64.81 -0.737625
1650 411.66 146.59 26.57 64.81 -1.203279
1650 565.46 156.00 22.38 54.58 -1.233529
1650 135.75 111.00 20.50 50.00 -1.741447
1650 105.60 185.04 37.52 91.50 -2.018547
1680 445.75 165.00 20.50 50.00 1.055677
1680 583.75 155.00 20.50 50.00 1.014550
1680 563.52 145.41 28.92 70.53 -0.034227
1680 599.50 122.00 41.00 100.00 -0.413720
1680 416.06 153.27 24.37 59.45 -0.514945
1680 227.31 136.92 31.54 76.92 -0.755377
1680 79.50 178.00 41.00 100.00 -1.141881
1680 482.69 121.54 31.54 76.92 -1.173286
1680 181.15 167.69 31.54 76.92 -1.522750
1680 135.75 103.00 20.50 50.00 -1.771727
1710 185.39 197.45 22.38 54.58 1.108481
1710 592.12 153.27 24.37 59.45 0.517305
1710 468.40 150.89 24.37 59.45 -0.008848
1710 568.85 146.15 31.54 76.92 -0.250966
1710 419.75 151.00 20.50 50.00 -0.368990
1710 192.42 162.77 24.37 59.45 -0.575249
1710 606.07 132.59 34.37 83.83 -1.113146
1710 193.75 205.00 20.50 50.00 -1.263636
1710 482.09 125.87 34.37 83.83 -1.586364
1710 56.30 178.22 48.64 118.64 -1.738001
1710 -0.32 195.89 26.57 64.81 -2.017995
1710 619.75 49.00 20.50 50.00 -2.986363
1740 619.75 155.00 20.50 50.00 0.775294
1740 581.15 146.15 31.54 76.92 0.092461
1740 603.75 155.00 20.50 50.00 -0.011997
1740 555.75 151.00 20.50 50.00 -0.089903
1740 619.75 111.00 20.50 50.00 -0.498734
1740 190.04 200.79 24.37 59.45 -0.575146
1740 121.75 111.00 20.50 50.00 -0.623722
1740 447.75 143.00 20.50 50.00 -1.070563
1740 197.75 177.00 20.50 50.00 -1.120795
1740 521.77 151.64 22.38 54.58 -1.228764
1740 98.33 216.00 28.92 70.53 -2.281487
1740 608.77 39.21 24.37 59.45 -3.419739
1770 617.88 153.82 22.38 54.58 2.021842
1770 592.67 139.30 34.37 83.83 -0.960929
1770 104.57 142.91 22.38 54.58 -1.351494
1770 423.75 153.00 20.50 50.00 -1.589391
1770 554.05 146.14 24.37 59.45 -1.640578
1770 445.75 149.00 20.50 50.00 -2.001701
1770 -0.30 162.77 24.37 59.45 -2.180981
1770 -0.32 201.08 26.57 64.81 -2.215278
1770 617.88 44.73 22.38 54.58 -3.219097
1800 608.85 152.31 31.54 76.92 1.153362
1800 38.54 193.30 26.57 64.81 -0.218945
1800 425.75 155.00 20.50 50.00 -0.903595
1800 101.94 137.40 37.52 91.50 -1.112529
1800 565.46 156.00 22.38 54.58 -1.506275
1800 -0.46 177.71 37.52 91.50 -1.869640
1800 619.75 121.00 20.50 50.00 -2.143068
1830 189.75 177.00 20.50 50.00 -1.119281
1830 445.71 108.09 37.52 91.50 -1.427202
1830 130.07 172.36 44.67 108.95 -1.720861
1830 85.75 199.00 20.50 50.00 -1.785549
