30 541.75 181.00 20.50 50.00 2.920824
30 555.75 179.00 20.50 50.00 1.138961
30 605.77 133.85 31.54 76.92 0.784380
30 602.69 112.31 31.54 76.92 -0.104594
30 532.64 188.91 24.37 59.45 -0.236893
30 475.39 135.94 34.37 83.83 -0.248649
30 587.50 162.00 41.00 100.00 -0.383510
30 445.32 153.82 22.38 54.58 -0.673823
30 49.75 179.00 20.50 50.00 -0.773692
30 525.50 181.78 24.37 59.45 -0.887561
30 325.75 111.00 20.50 50.00 -1.056692
30 197.17 177.03 24.37 59.45 -1.363509
30 592.67 92.31 34.37 83.83 -1.434386
30 120.88 173.65 28.92 70.53 -1.487236
30 582.94 77.45 22.38 54.58 -1.610686
30 137.34 169.09 22.38 54.58 -1.658261
30 504.30 208.36 22.38 54.58 -1.676772
30 617.88 84.00 22.38 54.58 -2.489026
30 590.45 60.97 26.57 64.81 -2.498117
30 603.00 72.00 28.92 70.53 -2.954415
30 613.77 14.27 26.57 64.81 -3.656680
30 49.75 5.00 20.50 50.00 -4.313430
30 377.99 1.19 24.37 59.45 -4.745565
60 599.26 181.78 24.37 59.45 2.583362
60 608.77 174.65 24.37 59.45 1.919269
60 591.75 189.00 20.50 50.00 0.644855
60 617.88 182.18 22.38 54.58 -0.183160
60 22.20 170.82 28.92 70.53 -0.387053
60 507.89 126.41 37.52 91.50 -0.538438
60 103.32 162.16 26.57 64.81 -0.914319
60 10.04 177.73 26.57 64.81 -1.458126
60 180.52 174.65 24.37 59.45 -1.480207
60 464.85 139.76 28.92 70.53 -1.576941
60 532.51 142.59 28.92 70.53 -1.606875
60 154.81 180.00 22.38 54.58 -1.755047
90 547.75 179.00 20.50 50.00 3.422032
90 554.07 97.43 48.64 118.64 -0.225575
90 78.59 151.06 28.92 70.53 -0.478366
90 323.00 81.82 22.38 54.58 -1.640346
90 304.14 60.71 28.92 70.53 -2.289948
90 571.79 43.94 69.16 168.67 -2.607327
120 175.75 169.00 20.50 50.00 -1.330911
120 449.37 179.41 24.37 59.45 -1.403038
150 569.16 136.94 28.92 70.53 1.209449
150 595.92 98.18 44.67 108.95 0.468712
150 135.15 153.82 22.38 54.58 -0.342916
150 377.98 177.73 26.57 64.81 -0.439188
150 160.35 156.71 28.92 70.53 -1.046110
150 528.26 125.84 26.57 64.81 -1.234899
150 -0.54 102.55 44.67 108.95 -1.277649
150 149.59 153.27 24.37 59.45 -1.397251
150 508.67 151.64 22.38 54.58 -1.575789
150 495.75 185.00 20.50 50.00 -1.580446
150 445.75 17.00 20.50 50.00 -4.262642
180 619.75 195.00 20.50 50.00 -0.611913
180 151.97 158.02 24.37 59.45 -0.747157
180 402.37 178.22 48.64 118.64 -1.258737
180 59.75 139.00 20.50 50.00 -1.825769
180 608.85 90.77 31.54 76.92 -2.002229
180 51.50 62.00 41.00 100.00 -2.677928
210 99.50 146.00 41.00 100.00 -0.745038
210 497.75 147.00 20.50 50.00 -0.880015
210 411.75 163.00 20.50 50.00 -1.223246
210 89.75 199.00 20.50 50.00 -1.804165
210 615.91 150.89 24.37 59.45 -1.853258
240 602.97 100.76 37.52 91.50 1.244807
240 565.75 77.00 20.50 50.00 -1.051659
240 582.60 172.28 24.37 59.45 -1.135211
240 568.85 93.85 31.54 76.92 -1.247057
240 19.50 146.00 41.00 100.00 -1.391650
240 581.03 115.42 37.52 91.50 -1.451261
240 584.23 56.92 31.54 76.92 -1.751690
240 608.85 44.62 31.54 76.92 -2.323043
240 565.95 36.83 24.37 59.45 -2.674178
240 557.75 53.00 20.50 50.00 -2.713422
240 575.75 71.00 20.50 50.00 -2.802924
240 37.75 37.00 20.50 50.00 -2.926546
240 597.75 35.00 20.50 50.00 -3.008800
240 580.08 19.46 26.57 64.81 -4.289436
270 467.75 173.00 20.50 50.00 -0.447256
270 479.75 139.00 20.50 50.00 -0.747032
270 344.29 162.16 26.57 64.81 -0.792266
270 399.75 137.00 20.50 50.00 -0.937177
270 394.65 179.41 24.37 59.45 -1.256399
270 -0.35 148.24 28.92 70.53 -1.375003
270 355.77 175.64 22.38 54.58 -1.662472
270 571.79 84.51 69.16 168.67 -1.818557
270 33.01 402.77 24.37 59.45 -11.154350
300 366.69 182.18 22.38 54.58 -0.642360
300 565.46 129.82 22.38 54.58 -0.708835
300 487.75 189.00 20.50 50.00 -1.020219
300 544.54 146.14 24.37 59.45 -1.074658
300 98.02 169.09 22.38 54.58 -1.264610
300 526.87 165.18 28.92 70.53 -1.328600
300 385.13 186.53 24.37 59.45 -1.455781
300 602.97 133.74 37.52 91.50 -1.510106
300 615.91 48.71 24.37 59.45 -1.603824
300 553.75 133.00 20.50 50.00 -1.762621
300 -0.25 39.00 20.50 50.00 -3.226139
330 154.81 173.45 22.38 54.58 0.176381
330 453.75 115.00 20.50 50.00 -0.314146
330 478.18 109.09 149.09 363.64 -1.199447
330 92.95 115.46 26.57 64.81 -1.775156
330 619.75 247.00 20.50 50.00 -2.275319
330 597.75 43.00 20.50 50.00 -3.598416
360 556.76 159.57 26.57 64.81 -0.958575
360 125.80 165.15 24.37 59.45 -1.488138
360 541.43 249.82 22.38 54.58 -3.559485
390 429.75 151.00 20.50 50.00 -0.620759
390 477.75 87.00 20.50 50.00 -1.065530
390 447.75 85.00 20.50 50.00 -1.329285
390 544.46 130.08 37.52 91.50 -1.432363
390 611.45 122.82 28.92 70.53 -1.591317
390 517.75 165.00 20.50 50.00 -1.689989
390 421.75 167.00 20.50 50.00 -1.782699
390 -0.59 116.44 48.64 118.64 -2.318310
390 116.28 81.98 24.37 59.45 -2.392100
420 605.77 143.08 31.54 76.92 0.271458
420 471.54 149.45 22.38 54.58 -0.018808
420 556.76 120.65 26.57 64.81 -0.371934
420 577.84 141.39 24.37 59.45 -0.443170
420 602.97 100.76 37.52 91.50 -1.260184
420 449.37 143.76 24.37 59.45 -1.317657
420 521.75 69.00 20.50 50.00 -2.046172
420 25.59 48.00 26.57 64.81 -2.961117
450 478.09 180.00 22.38 54.58 0.422805
450 508.90 115.80 34.37 83.83 -0.441057
450 613.77 169.95 26.57 64.81 -0.472013
450 595.92 85.09 44.67 108.95 -0.814808
450 389.75 177.00 20.50 50.00 -0.963476
450 461.99 129.23 34.37 83.83 -1.917551
450 27.75 75.00 20.50 50.00 -2.406308
450 3.75 15.00 20.50 50.00 -4.474636
480 537.75 167.00 20.50 50.00 1.831534
480 403.82 151.64 22.38 54.58 0.121109
480 390.72 160.36 22.38 54.58 -0.233075
480 281.50 169.09 22.38 54.58 -0.279517
480 519.75 167.00 20.50 50.00 -0.799614
480 91.75 163.00 20.50 50.00 -1.485688
480 592.00 87.92 48.64 118.64 -1.948917
480 5.75 169.00 20.50 50.00 -2.163180
480 617.88 9.82 22.38 54.58 -4.125054
510 440.16 177.73 26.57 64.81 0.094283
510 619.75 129.00 20.50 50.00 -0.149236
510 373.75 161.00 20.50 50.00 -0.333709
510 422.02 167.35 26.57 64.81 -0.494966
510 16.36 158.02 24.37 59.45 -0.670771
510 410.38 169.09 22.38 54.58 -0.690892
510 465.75 201.00 20.50 50.00 -0.715776
510 606.07 149.37 34.37 83.83 -0.994979
510 530.51 180.00 22.38 54.58 -1.024564
510 571.75 97.00 20.50 50.00 -1.312109
510 429.80 182.92 26.57 64.81 -1.473813
510 473.85 172.54 26.57 64.81 -1.641890
510 67.75 171.00 20.50 50.00 -1.758916
510 587.74 260.65 52.90 129.03 -2.243636
510 547.75 265.00 20.50 50.00 -3.098687
510 592.00 11.88 48.64 118.64 -3.867817
510 595.92 329.45 44.67 108.95 -6.272023
540 379.75 171.00 20.50 50.00 0.767626
540 438.53 166.15 34.37 83.83 0.171934
540 595.92 111.27 44.67 108.95 0.034942
540 611.45 86.12 28.92 70.53 -0.598317
540 519.50 182.00 41.00 100.00 -1.380043
540 456.69 166.72 37.52 91.50 -1.462827
540 555.07 235.76 28.92 70.53 -1.592509
540 -0.65 90.32 52.90 129.03 -2.142975
540 615.91 34.45 24.37 59.45 -3.220526
540 619.75 -1.00 20.50 50.00 -3.860386
570 525.75 175.00 20.50 50.00 3.355293
570 551.00 108.00 82.00 200.00 -0.208360
570 390.38 161.54 31.54 76.92 -1.118205
570 535.75 113.00 20.50 50.00 -1.737207
570 606.07 92.31 34.37 83.83 -2.599047
570 587.30 77.45 22.38 54.58 -2.801370
600 617.88 171.27 22.38 54.58 1.364650
600 491.92 124.62 31.54 76.92 -0.230438
600 417.75 183.00 20.50 50.00 -0.718617
600 592.00 83.17 48.64 118.64 -1.983612
600 427.75 187.00 20.50 50.00 -2.117253
600 602.97 34.81 37.52 91.50 -3.331408
630 393.75 175.00 20.50 50.00 0.093055
630 496.95 139.01 24.37 59.45 -0.027537
630 619.75 93.00 20.50 50.00 -0.488209
630 381.75 169.00 20.50 50.00 -0.498520
630 477.92 215.05 24.37 59.45 -0.967082
630 399.45 164.73 22.38 54.58 -1.130942
630 555.75 121.00 20.50 50.00 -1.366829
630 582.65 217.41 57.98 141.42 -1.480192
630 554.54 94.91 22.38 54.58 -1.487535
630 486.83 210.55 22.38 54.58 -1.868075
630 53.75 167.00 20.50 50.00 -1.965205
630 177.75 161.00 20.50 50.00 -1.979402
630 615.91 162.77 24.37 59.45 -2.260239
660 396.11 177.73 26.57 64.81 1.544569
660 526.14 186.55 22.38 54.58 0.753886
660 163.75 159.00 20.50 50.00 0.074312
660 382.75 177.03 24.37 59.45 0.028899
660 367.75 175.00 20.50 50.00 0.012631
660 619.75 155.00 20.50 50.00 -0.703846
660 559.50 214.00 41.00 100.00 -1.116736
660 495.78 115.64 44.67 108.95 -1.294242
660 403.89 169.95 26.57 64.81 -1.653819
660 3.75 67.00 20.50 50.00 -2.160837
660 595.75 93.00 20.50 50.00 -2.373089
660 47.29 46.34 24.37 59.45 -2.533424
690 373.23 165.15 24.37 59.45 2.332933
690 421.78 172.87 34.37 83.83 0.102886
690 402.69 167.69 31.54 76.92 -0.035794
690 387.31 152.31 31.54 76.92 -0.353470
690 599.75 159.00 20.50 50.00 -1.403142
690 608.85 26.15 31.54 76.92 -4.070104
720 473.16 188.91 24.37 59.45 0.902484
720 592.00 230.50 48.64 118.64 0.475639
720 428.48 172.87 34.37 83.83 0.190400
720 384.16 169.09 22.38 54.58 -0.628704
720 617.88 121.09 22.38 54.58 -0.818954
720 501.15 164.62 31.54 76.92 -0.832739
720 536.03 250.38 26.57 64.81 -1.239889
720 454.06 190.91 22.38 54.58 -1.388811
720 397.03 167.52 24.37 59.45 -1.405434
720 495.86 218.82 28.92 70.53 -2.098206
750 403.82 186.55 22.38 54.58 0.491426
750 582.65 87.53 57.98 141.42 0.267333
750 602.97 170.38 37.52 91.50 -0.538180
750 555.81 246.71 34.37 83.83 -1.236464
750 413.75 191.00 20.50 50.00 -1.294838
750 168.10 149.19 26.57 64.81 -1.303539
750 537.40 86.73 24.37 59.45 -1.405089
750 529.75 167.00 20.50 50.00 -1.484804
750 582.67 263.35 26.57 64.81 -1.547400
750 530.51 118.91 22.38 54.58 -1.729867
750 202.87 156.00 22.38 54.58 -1.756380
750 463.75 127.00 20.50 50.00 -1.918163
750 619.75 25.00 20.50 50.00 -3.257181
750 539.06 35.24 34.37 83.83 -3.911955
750 543.75 17.00 20.50 50.00 -4.470276
780 613.77 162.16 26.57 64.81 1.102607
780 423.20 184.16 24.37 59.45 0.163171
780 438.53 176.22 34.37 83.83 -0.628866
780 83.75 155.00 20.50 50.00 -0.704346
780 507.75 153.00 20.50 50.00 -1.400410
780 155.14 146.59 26.57 64.81 -1.409774
780 511.23 131.88 24.37 59.45 -1.548551
780 409.75 187.00 20.50 50.00 -1.690109
780 75.75 163.00 20.50 50.00 -1.818389
780 611.45 114.35 28.92 70.53 -2.165586
780 463.48 203.68 26.57 64.81 -2.245333
780 487.43 224.55 24.37 59.45 -2.950853
780 469.35 7.64 22.38 54.58 -3.629326
810 497.70 155.29 57.98 141.42 0.450054
810 404.16 174.65 24.37 59.45 0.137126
810 565.77 256.92 31.54 76.92 0.040412
810 -0.46 152.06 37.52 91.50 -0.102414
810 -1.19 225.60 98.11 239.31 -0.137723
810 384.16 166.91 22.38 54.58 -1.339342
810 447.51 204.00 22.38 54.58 -1.363767
810 457.75 205.00 20.50 50.00 -1.516505
810 131.82 154.38 26.57 64.81 -1.520759
810 619.75 205.00 20.50 50.00 -1.738700
810 608.85 226.15 31.54 76.92 -1.760389
810 541.75 35.00 20.50 50.00 -3.343212
810 153.46 29.23 31.54 76.92 -3.616367
810 593.86 9.82 22.38 54.58 -4.220116
840 613.77 245.19 26.57 64.81 1.311631
840 526.17 214.35 37.52 91.50 -0.043388
840 613.77 273.73 26.57 64.81 -0.638810
840 423.20 188.91 24.37 59.45 -0.874600
840 -0.35 168.00 28.92 70.53 -1.052935
840 54.33 149.45 22.38 54.58 -1.053925
840 429.75 215.00 20.50 50.00 -1.261737
840 619.75 213.00 20.50 50.00 -1.279659
840 -1.31 203.48 107.29 261.69 -1.325611
840 587.50 222.00 41.00 100.00 -1.451749
840 415.75 193.00 20.50 50.00 -1.730766
840 559.09 236.34 37.52 91.50 -1.922210
840 403.75 187.00 20.50 50.00 -2.086241
840 104.57 38.18 22.38 54.58 -2.656058
840 608.58 286.70 26.57 64.81 -4.032372
870 450.75 204.71 28.92 70.53 -0.252348
870 415.08 172.87 34.37 83.83 -0.710994
870 -1.67 126.67 136.67 333.33 -0.919158
870 475.54 226.93 24.37 59.45 -1.111788
870 121.46 156.97 26.57 64.81 -1.275304
870 502.12 99.27 22.38 54.58 -2.045057
870 615.91 172.28 24.37 59.45 -2.088273
870 596.04 308.73 22.38 54.58 -3.543131
870 580.22 279.21 24.37 59.45 -3.604953
870 619.75 31.00 20.50 50.00 -3.691150
900 373.75 181.00 20.50 50.00 0.333109
900 11.50 170.00 41.00 100.00 -1.123964
900 606.07 159.44 34.37 83.83 -1.429122
900 475.90 81.82 22.38 54.58 -1.484299
900 -0.38 140.00 31.54 76.92 -1.584063
900 387.75 189.00 20.50 50.00 -1.686874
900 -1.19 225.60 98.11 239.31 -1.894353
900 582.65 53.65 57.98 141.42 -2.025172
900 561.94 289.30 26.57 64.81 -3.090642
900 613.52 18.55 22.38 54.58 -3.846811
900 619.75 283.00 20.50 50.00 -4.335467
900 617.88 5.45 22.38 54.58 -4.595467
930 389.89 181.78 24.37 59.45 1.987547
930 405.75 197.00 20.50 50.00 0.054130
930 523.96 182.18 22.38 54.58 -0.061642
930 414.25 182.92 26.57 64.81 -1.733790
930 349.44 62.97 24.37 59.45 -1.861867
930 264.67 165.18 28.92 70.53 -1.974006
930 595.92 111.27 44.67 108.95 -2.203947
930 501.75 53.00 20.50 50.00 -2.872034
930 595.63 304.86 26.57 64.81 -3.784343
930 589.75 281.00 20.50 50.00 -4.506940
960 411.92 176.92 31.54 76.92 1.473470
960 603.40 188.11 26.57 64.81 0.058334
960 403.82 195.27 22.38 54.58 -0.120487
960 438.53 176.22 34.37 83.83 -0.588052
960 608.58 94.70 26.57 64.81 -0.659344
960 602.97 214.35 37.52 91.50 -1.088456
960 51.50 125.84 26.57 64.81 -1.243040
960 496.95 127.13 24.37 59.45 -1.439363
960 497.75 91.00 20.50 50.00 -1.445907
960 508.85 120.00 24.37 59.45 -1.479477
960 344.29 167.35 26.57 64.81 -1.727068
960 431.75 217.00 20.50 50.00 -1.898938
960 615.91 77.23 24.37 59.45 -2.034499
960 116.15 89.23 63.08 153.85 -2.547833
960 549.33 26.14 48.64 118.64 -3.103209
960 545.75 7.00 20.50 50.00 -4.546053
990 502.35 188.11 26.57 64.81 0.961939
990 229.75 173.00 20.50 50.00 0.418747
990 482.29 210.69 37.52 91.50 -0.437618
990 240.00 175.64 22.38 54.58 -0.819383
990 458.30 203.68 26.57 64.81 -0.896498
990 367.75 171.00 20.50 50.00 -1.059358
990 -0.30 153.27 24.37 59.45 -1.750981
990 537.75 97.00 20.50 50.00 -1.853338
990 511.54 221.68 37.52 91.50 -2.056189
990 135.00 84.00 82.00 200.00 -2.399999
990 554.17 263.35 26.57 64.81 -3.059137
990 619.75 43.00 20.50 50.00 -3.304455
990 582.52 16.63 48.64 118.64 -3.724423
1020 375.75 169.00 20.50 50.00 -0.521793
1020 535.75 145.00 20.50 50.00 -0.531531
1020 4.52 116.13 52.90 129.03 -0.692993
1020 454.06 169.09 22.38 54.58 -0.860630
1020 246.55 177.82 22.38 54.58 -1.263096
1020 608.85 201.54 31.54 76.92 -1.363852
1020 215.00 176.92 31.54 76.92 -1.580951
1020 83.66 133.74 37.52 91.50 -1.756627
1020 617.88 105.82 22.38 54.58 -1.821551
1020 177.17 179.58 34.37 83.83 -1.885782
1020 572.57 256.78 34.37 83.83 -3.430982
1020 615.91 13.07 24.37 59.45 -3.837136
1020 517.75 5.00 20.50 50.00 -4.471066
1050 471.75 187.00 20.50 50.00 1.670340
1050 363.75 175.00 20.50 50.00 0.073447
1050 205.46 176.47 28.92 70.53 -0.721233
1050 539.32 146.18 44.67 108.95 -0.780803
1050 343.61 187.76 28.92 70.53 -1.653500
1050 12.98 146.01 34.37 83.83 -1.861606
1050 617.88 138.55 22.38 54.58 -1.937539
1050 567.75 111.00 20.50 50.00 -2.023258
1050 574.90 286.70 26.57 64.81 -4.194506
1050 21.11 412.28 24.37 59.45 -11.373447
1050 32.49 413.45 22.38 54.58 -12.151985
1080 481.62 175.14 26.57 64.81 0.377043
1080 225.75 199.00 20.50 50.00 -0.480494
1080 57.75 189.00 20.50 50.00 -0.808505
1080 81.41 162.35 28.92 70.53 -1.539009
1080 335.75 179.00 20.50 50.00 -1.540107
1080 517.75 175.00 20.50 50.00 -1.624841
1080 355.75 167.00 20.50 50.00 -1.759127
1080 311.38 193.66 24.37 59.45 -2.159164
1080 619.75 9.00 20.50 50.00 -3.437930
1080 608.63 278.12 28.92 70.53 -3.455908
1080 617.75 315.00 20.50 50.00 -4.185251
1110 113.75 157.00 20.50 50.00 1.141025
1110 526.87 168.00 28.92 70.53 -0.112695
1110 606.07 139.30 34.37 83.83 -0.936147
1110 556.72 173.45 22.38 54.58 -0.937887
1110 259.75 193.00 20.50 50.00 -1.155355
1110 512.78 179.29 28.92 70.53 -1.205603
1110 351.40 169.09 22.38 54.58 -1.248173
1110 524.05 187.76 28.92 70.53 -1.519135
1110 417.75 173.00 20.50 50.00 -1.720600
1110 15.00 170.77 31.54 76.92 -2.226363
1140 351.75 171.00 20.50 50.00 0.046488
1140 571.79 104.79 69.16 168.67 -0.357351
1140 89.28 151.64 22.38 54.58 -0.799361
1140 312.08 180.00 22.38 54.58 -0.961067
1140 208.28 179.29 28.92 70.53 -1.085751
1140 -0.35 196.24 28.92 70.53 -1.086102
1140 558.91 173.45 22.38 54.58 -1.196527
1140 328.03 174.65 24.37 59.45 -1.203688
1140 74.82 164.76 26.57 64.81 -1.389080
1140 535.75 171.00 20.50 50.00 -1.756595
1140 619.75 31.00 20.50 50.00 -1.804758
1170 319.75 179.00 20.50 50.00 0.344232
1170 211.75 173.00 20.50 50.00 -0.035314
1170 365.75 175.00 20.50 50.00 -0.301361
1170 337.75 171.00 20.50 50.00 -1.002881
1170 615.91 158.02 24.37 59.45 -1.158277
1170 359.75 169.00 20.50 50.00 -1.171739
1170 593.86 88.36 22.38 54.58 -2.226591
1200 617.88 166.91 22.38 54.58 0.755735
1200 326.15 169.95 26.57 64.81 -0.202191
1200 339.75 177.00 20.50 50.00 -0.448567
1200 257.47 175.64 22.38 54.58 -0.678431
1200 371.75 177.00 20.50 50.00 -0.868519
1200 56.80 146.14 24.37 59.45 -1.154541
1200 207.75 179.00 20.50 50.00 -1.276373
1200 61.86 164.76 26.57 64.81 -1.668727
1200 513.75 163.00 20.50 50.00 -1.689630
1200 437.75 169.00 20.50 50.00 -1.870973
1200 547.75 139.00 20.50 50.00 -1.909096
1200 39.75 187.00 20.50 50.00 -2.095672
1200 21.15 161.54 31.54 76.92 -2.304222
1200 -0.32 273.73 26.57 64.81 -3.767962
1230 528.26 162.16 26.57 64.81 1.493830
1230 342.30 167.52 24.37 59.45 0.099073
1230 387.75 177.00 20.50 50.00 -0.599821
1230 608.85 136.92 31.54 76.92 -0.623471
1230 71.75 97.00 20.50 50.00 -1.065347
1230 21.75 115.00 20.50 50.00 -1.114782
1230 451.88 175.64 22.38 54.58 -1.367739
1230 582.62 129.23 34.37 83.83 -1.528047
1230 363.75 159.00 20.50 50.00 -1.905598
1230 65.75 175.00 20.50 50.00 -2.030000
1230 67.05 268.54 26.57 64.81 -3.078181
1260 399.41 174.65 24.37 59.45 -0.282613
1260 554.54 110.18 22.38 54.58 -0.371416
1260 143.75 165.00 20.50 50.00 -0.378480
1260 589.75 189.00 20.50 50.00 -0.549150
1260 491.19 177.82 22.38 54.58 -1.022158
1260 151.75 165.00 20.50 50.00 -1.252551
1260 -0.42 159.44 34.37 83.83 -1.332163
1260 608.85 140.00 31.54 76.92 -1.397904
1260 266.21 175.64 22.38 54.58 -1.475579
1260 597.75 189.00 20.50 50.00 -1.743653
1260 388.34 169.95 26.57 64.81 -1.750309
1290 411.66 188.11 26.57 64.81 0.513903
1290 403.82 193.09 22.38 54.58 0.262849
1290 619.75 159.00 20.50 50.00 -0.542128
1290 371.06 171.27 22.38 54.58 -0.585107
1290 39.79 162.80 34.37 83.83 -1.032151
1290 295.68 170.82 28.92 70.53 -1.185193
1290 553.46 186.15 31.54 76.92 -1.286977
1290 235.47 188.11 26.57 64.81 -1.473547
1290 69.75 183.00 20.50 50.00 -1.692137
1290 127.75 183.00 20.50 50.00 -1.946327
1290 428.19 187.76 28.92 70.53 -2.003888
1290 570.71 203.17 24.37 59.45 -2.176596
1290 -0.32 37.62 26.57 64.81 -3.257511
1320 159.18 182.18 22.38 54.58 0.289600
1320 491.43 198.55 44.67 108.95 -0.796689
1320 4.10 188.73 22.38 54.58 -0.813287
1320 441.88 196.36 34.37 83.83 -1.225104
1320 370.20 169.95 26.57 64.81 -1.269456
1320 -0.25 163.00 20.50 50.00 -1.344442
1320 527.75 251.00 20.50 50.00 -1.373042
1320 130.78 184.36 22.38 54.58 -1.499821
1320 168.62 177.03 24.37 59.45 -1.528977
1320 513.75 141.00 20.50 50.00 -1.711571
1320 432.39 208.86 26.57 64.81 -2.020538
1320 473.16 231.68 24.37 59.45 -2.602670
1350 79.75 187.00 20.50 50.00 0.445347
1350 356.54 158.46 31.54 76.92 -0.450490
1350 84.92 173.45 22.38 54.58 -1.294849
1350 437.75 227.00 20.50 50.00 -1.450352
1350 525.75 253.00 20.50 50.00 -1.749039
1350 553.75 185.00 20.50 50.00 -1.764510
1350 471.50 210.00 41.00 100.00 -2.336078
1350 619.75 61.00 20.50 50.00 -3.103637
1350 523.96 276.00 22.38 54.58 -3.718550
1350 590.45 291.89 26.57 64.81 -3.826572
1350 545.75 279.00 20.50 50.00 -4.099230
1380 11.60 188.91 24.37 59.45 -0.392012
1380 458.30 219.24 26.57 64.81 -1.072198
1380 432.71 210.30 24.37 59.45 -1.222273
1380 341.70 159.57 26.57 64.81 -1.235767
1380 475.39 223.22 34.37 83.83 -1.374313
1380 515.38 55.38 126.15 307.69 -1.683255
1380 -0.25 59.00 20.50 50.00 -3.057199
1380 613.77 19.46 26.57 64.81 -3.792755
1380 499.93 278.18 22.38 54.58 -4.045874
1410 577.69 218.46 63.08 153.85 -0.138361
1410 111.52 165.15 24.37 59.45 -0.962510
1410 104.57 177.82 22.38 54.58 -1.555850
1410 619.75 51.00 20.50 50.00 -1.838385
1410 -0.30 93.86 24.37 59.45 -1.903220
1410 431.75 165.00 20.50 50.00 -1.921479
1410 615.91 188.91 24.37 59.45 -2.424355
1410 619.75 23.00 20.50 50.00 -3.668612
1440 144.83 167.52 24.37 59.45 0.754228
1440 527.75 171.00 20.50 50.00 -0.202830
1440 77.41 162.16 26.57 64.81 -0.268755
1440 43.50 142.00 41.00 100.00 -0.873313
1440 574.20 136.36 22.38 54.58 -1.045586
1440 569.21 179.58 34.37 83.83 -1.226807
1440 338.01 142.66 34.37 83.83 -1.336447
1440 28.12 129.82 22.38 54.58 -1.407528
1440 325.75 135.00 20.50 50.00 -1.455789
1440 135.32 169.90 24.37 59.45 -1.664564
1440 439.75 91.00 20.50 50.00 -1.699830
1440 -0.30 93.86 24.37 59.45 -1.892883
1440 163.55 169.09 22.38 54.58 -1.928180
1440 7.75 51.00 20.50 50.00 -2.262567
1440 615.91 39.21 24.37 59.45 -3.541907
1470 324.61 146.01 34.37 83.83 -0.500912
1470 439.75 181.00 20.50 50.00 -0.679777
1470 117.68 173.45 22.38 54.58 -0.720297
1470 -0.59 130.69 48.64 118.64 -1.143812
1470 32.46 137.40 37.52 91.50 -1.278426
1470 284.70 164.76 26.57 64.81 -1.465470
1470 480.27 182.18 22.38 54.58 -1.590595
1470 427.75 177.00 20.50 50.00 -1.696592
1470 431.75 85.00 20.50 50.00 -1.954868
1470 571.75 29.00 20.50 50.00 -2.756555
1470 477.92 58.22 24.37 59.45 -2.811526
1470 546.92 58.46 63.08 153.85 -3.175763
1470 509.96 38.12 28.92 70.53 -3.644612
1500 471.75 183.00 20.50 50.00 0.599536
1500 416.93 162.55 22.38 54.58 -0.916784
1500 108.94 177.82 22.38 54.58 -1.362855
1500 43.75 175.00 20.50 50.00 -1.407165
1500 -0.54 133.09 44.67 108.95 -1.604688
1500 476.54 118.46 31.54 76.92 -1.629307
1500 393.75 169.00 20.50 50.00 -1.905916
1500 559.00 36.00 82.00 200.00 -1.924587
1500 537.75 25.00 20.50 50.00 -2.425692
1500 512.71 27.24 26.57 64.81 -2.633400
1500 499.33 46.34 24.37 59.45 -3.281590
1500 454.06 29.45 22.38 54.58 -3.498680
1500 -0.30 46.34 24.37 59.45 -3.504434
1500 505.75 21.00 20.50 50.00 -3.684788
1530 528.26 167.35 26.57 64.81 -0.208704
1530 266.17 160.40 24.37 59.45 -0.328770
1530 256.65 160.40 24.37 59.45 -0.505623
1530 467.75 171.00 20.50 50.00 -0.555457
1530 453.75 169.00 20.50 50.00 -0.989694
1530 285.77 158.46 31.54 76.92 -1.367399
1530 353.75 175.00 20.50 50.00 -1.420451
1530 247.75 157.00 20.50 50.00 -1.494498
1530 447.51 153.82 22.38 54.58 -1.661992
1530 325.75 125.00 20.50 50.00 -1.664064
1530 328.69 141.07 37.52 91.50 -1.670145
1530 95.75 173.00 20.50 50.00 -1.932972
1530 523.12 91.48 24.37 59.45 -2.025224
1530 559.00 20.00 82.00 200.00 -3.208475
1530 489.39 -1.30 26.57 64.81 -4.292664
1530 537.06 5.45 22.38 54.58 -4.731945
1560 602.72 176.22 34.37 83.83 2.241666
1560 485.75 169.00 20.50 50.00 0.014192
1560 231.75 161.00 20.50 50.00 -0.809601
1560 321.75 127.00 20.50 50.00 -0.991608
1560 551.50 150.00 41.00 100.00 -1.031882
1560 131.75 193.00 20.50 50.00 -1.091686
1560 255.75 159.00 20.50 50.00 -1.189659
1560 281.05 152.73 34.37 83.83 -1.398364
1560 584.69 144.73 37.52 91.50 -1.522092
1560 473.72 169.09 22.38 54.58 -1.638974
1560 507.75 185.00 20.50 50.00 -1.854497
1560 606.07 48.67 34.37 83.83 -3.032786
1590 475.54 153.27 24.37 59.45 0.395563
1590 491.75 169.00 20.50 50.00 -0.209004
1590 502.12 164.73 22.38 54.58 -0.311536
1590 353.75 173.00 20.50 50.00 -0.604502
1590 61.75 207.00 20.50 50.00 -0.762793
1590 -0.27 147.27 22.38 54.58 -0.788013
1590 215.75 163.00 20.50 50.00 -0.995540
1590 511.75 169.00 20.50 50.00 -1.210257
1590 346.97 203.36 37.52 91.50 -1.977369
1620 527.88 162.77 24.37 59.45 0.804039
1620 295.00 103.08 31.54 76.92 0.015054
1620 613.77 172.54 26.57 64.81 -0.390849
1620 497.75 165.00 20.50 50.00 -0.409032
1620 563.52 159.53 28.92 70.53 -0.682082
1620 577.49 156.97 26.57 64.81 -0.684905
1620 204.37 162.16 26.57 64.81 -0.889784
1620 617.75 133.00 20.50 50.00 -0.913030
1620 303.09 133.74 37.52 91.50 -1.014926
1620 117.68 114.55 22.38 54.58 -1.055303
1620 92.69 100.24 28.92 70.53 -1.365051
1620 3.50 178.00 41.00 100.00 -1.425270
1620 335.75 167.00 20.50 50.00 -1.461057
1620 619.75 151.00 20.50 50.00 -1.688165
1620 523.12 196.04 24.37 59.45 -1.919308
1620 217.75 165.00 20.50 50.00 -2.026820
1620 6.28 58.74 34.37 83.83 -2.138886
1620 619.75 101.00 20.50 50.00 -2.296955
1620 613.77 45.41 26.57 64.81 -3.318512
1650 295.00 100.00 31.54 76.92 0.505383
1650 230.48 150.89 24.37 59.45 -0.110690
1650 431.75 175.00 20.50 50.00 -0.154401
1650 598.23 208.36 22.38 54.58 -0.510121
1650 599.31 148.40 37.52 91.50 -0.524122
1650 299.86 120.00 44.67 108.95 -0.550382
1650 401.75 105.00 20.50 50.00 -0.965935
1650 175.75 167.00 20.50 50.00 -1.120755
1650 521.90 115.64 44.67 108.95 -1.359509
1650 197.17 160.40 24.37 59.45 -1.461635
1650 206.96 146.59 26.57 64.81 -1.545897
1650 80.59 96.24 24.37 59.45 -1.713449
1650 493.38 75.27 22.38 54.58 -2.420732
1650 19.37 57.47 69.16 168.67 -2.814267
1650 617.88 42.55 22.38 54.58 -2.903014
1680 199.75 181.00 20.50 50.00 0.425413
1680 304.50 99.02 34.37 83.83 -0.050536
1680 205.46 142.59 28.92 70.53 -0.563787
1680 312.93 124.36 44.67 108.95 -0.704264
1680 425.58 72.47 24.37 59.45 -1.035202
1680 5.29 173.65 28.92 70.53 -1.050505
1680 571.79 70.99 69.16 168.67 -1.089484
1680 461.75 195.00 20.50 50.00 -1.523570
1680 255.50 142.00 41.00 100.00 -1.531117
1680 232.87 146.59 26.57 64.81 -1.784506
1680 599.31 23.82 37.52 91.50 -1.924454
1680 437.75 85.00 20.50 50.00 -2.395941
1680 365.75 53.00 20.50 50.00 -2.419515
1680 587.31 26.15 31.54 76.92 -3.376218
1710 267.64 135.94 34.37 83.83 -0.292533
1710 42.31 76.92 63.08 153.85 -1.686396
1710 294.62 95.39 63.08 153.85 -1.814527
1710 533.77 26.09 107.29 261.69 -2.445686
1710 3.75 237.00 20.50 50.00 -2.759162
1710 466.87 24.00 98.11 239.31 -3.258343
1710 454.52 2.38 48.64 118.64 -3.575432
1740 567.75 165.00 20.50 50.00 1.286496
1740 535.71 159.44 34.37 83.83 0.973572
1740 41.75 77.00 20.50 50.00 -0.089258
1740 507.75 159.00 20.50 50.00 -0.587091
1740 316.45 158.18 22.38 54.58 -0.606244
1740 554.05 146.14 24.37 59.45 -0.689415
1740 190.58 135.94 34.37 83.83 -0.770365
1740 342.30 169.90 24.37 59.45 -1.243299
1740 587.21 72.00 44.67 108.95 -1.295555
1740 525.77 152.31 31.54 76.92 -1.501525
1740 611.45 162.35 28.92 70.53 -1.540218
1740 244.57 126.41 37.52 91.50 -1.713266
1740 5.29 72.00 28.92 70.53 -1.895912
1740 130.26 152.73 34.37 83.83 -2.055248
1740 602.97 111.76 37.52 91.50 -2.158206
1740 602.97 23.82 37.52 91.50 -3.188448
1740 491.75 13.00 20.50 50.00 -4.101718
1740 511.75 5.00 20.50 50.00 -4.286741
1740 542.16 10.69 24.37 59.45 -4.366123
1740 575.75 9.00 20.50 50.00 -4.540619
1770 593.75 173.00 20.50 50.00 0.094285
1770 561.75 161.00 20.50 50.00 0.076574
1770 217.38 139.30 34.37 83.83 -0.587464
1770 411.73 142.66 34.37 83.83 -0.979949
1770 555.75 171.00 20.50 50.00 -1.222830
1770 1.75 205.00 20.50 50.00 -1.450012
1770 599.50 110.00 41.00 100.00 -1.490688
1770 59.90 146.01 34.37 83.83 -1.573976
1770 606.07 162.80 34.37 83.83 -2.101515
1770 255.75 89.00 20.50 50.00 -2.177964
1770 615.70 90.55 22.38 54.58 -2.232308
1770 617.88 217.09 22.38 54.58 -2.641057
1770 619.75 49.00 20.50 50.00 -2.779533
1800 551.75 169.00 20.50 50.00 3.073223
1800 543.75 165.00 20.50 50.00 0.832608
1800 611.45 162.35 28.92 70.53 0.428438
1800 535.75 173.00 20.50 50.00 -0.687391
1800 12.83 134.18 22.38 54.58 -0.763920
1800 157.53 142.59 28.92 70.53 -0.807560
1800 469.75 165.00 20.50 50.00 -0.909133
1800 615.91 108.12 24.37 59.45 -0.949746
1800 203.50 82.00 41.00 100.00 -1.246199
1800 571.92 176.92 31.54 76.92 -1.306292
1800 479.75 167.00 20.50 50.00 -1.555813
1800 19.75 165.00 20.50 50.00 -1.960692
1800 311.75 113.00 20.50 50.00 -2.043205
1830 557.75 171.00 20.50 50.00 3.331532
1830 539.75 173.00 20.50 50.00 1.304597
1830 617.88 160.36 22.38 54.58 1.122172
1830 549.75 175.00 20.50 50.00 0.959923
1830 529.75 169.00 20.50 50.00 -0.312749
1830 329.56 182.18 22.38 54.58 -0.400832
1830 408.19 177.82 22.38 54.58 -1.220844
1830 175.75 179.00 20.50 50.00 -1.326185
1830 149.75 75.00 20.50 50.00 -1.505858
1830 -0.35 179.29 28.92 70.53 -1.549865
1830 42.69 78.46 31.54 76.92 -2.352868
