30 61.56 155.64 24.37 59.45 -0.658776
30 430.03 156.00 22.38 54.58 -0.722058
30 543.28 110.40 98.11 239.31 -0.922026
30 411.66 175.14 26.57 64.81 -1.204932
30 485.45 152.73 34.37 83.83 -1.408221
30 162.69 146.15 31.54 76.92 -1.783994
60 -0.35 139.76 28.92 70.53 1.588245
60 526.17 144.73 37.52 91.50 -0.391719
60 481.75 157.00 20.50 50.00 -0.541455
60 509.75 219.00 20.50 50.00 -1.117281
90 515.99 148.51 24.37 59.45 -0.453056
90 413.68 72.47 24.37 59.45 -0.834468
90 530.51 149.45 22.38 54.58 -1.151397
90 237.82 153.82 22.38 54.58 -1.514867
90 69.12 106.91 44.67 108.95 -1.726562
90 2.27 29.84 26.57 64.81 -3.158276
120 581.75 163.00 20.50 50.00 -0.387052
120 602.97 104.43 37.52 91.50 -0.716407
120 577.75 151.00 20.50 50.00 -0.975698
120 143.75 161.00 20.50 50.00 -1.545099
120 -0.27 175.64 22.38 54.58 -1.849940
120 459.75 69.00 20.50 50.00 -2.166770
120 40.15 58.22 24.37 59.45 -3.125604
150 119.75 157.00 20.50 50.00 -0.035241
150 439.75 147.00 20.50 50.00 -0.723711
150 159.11 148.51 24.37 59.45 -0.994017
150 3.75 175.00 20.50 50.00 -1.515002
150 447.75 49.00 20.50 50.00 -1.864441
150 421.30 171.27 22.38 54.58 -1.888492
150 520.74 124.75 24.37 59.45 -1.890119
150 581.75 165.00 20.50 50.00 -1.974239
150 480.30 41.58 24.37 59.45 -3.140605
150 -0.25 25.00 20.50 50.00 -3.834645
180 467.17 147.27 22.38 54.58 0.199803
180 240.00 160.36 22.38 54.58 -0.580318
180 407.75 171.00 20.50 50.00 -0.821139
180 93.75 155.00 20.50 50.00 -0.836232
180 439.75 111.00 20.50 50.00 -1.037991
180 285.75 165.00 20.50 50.00 -1.476561
180 591.56 120.00 44.67 108.95 -1.602957
180 438.53 196.36 34.37 83.83 -1.668790
180 463.75 61.00 20.50 50.00 -2.854460
210 69.75 161.00 20.50 50.00 2.052365
210 73.75 171.00 20.50 50.00 0.197332
210 491.75 199.00 20.50 50.00 -0.087535
210 414.74 188.73 22.38 54.58 -0.354097
210 441.75 191.00 20.50 50.00 -1.138963
210 195.75 157.00 20.50 50.00 -1.609825
210 277.75 177.00 20.50 50.00 -1.850392
210 479.75 21.00 20.50 50.00 -3.421427
210 499.75 3.00 20.50 50.00 -4.831746
210 568.85 309.23 31.54 76.92 -5.003805
240 41.75 173.00 20.50 50.00 0.121901
240 445.75 211.00 20.50 50.00 -0.408389
240 462.80 94.91 22.38 54.58 -0.999669
240 261.75 175.00 20.50 50.00 -1.027561
240 565.46 210.55 22.38 54.58 -1.212977
240 469.75 175.00 20.50 50.00 -1.377363
240 587.26 116.44 48.64 118.64 -1.699957
240 443.75 33.00 20.50 50.00 -3.696146
270 251.75 183.00 20.50 50.00 0.632212
270 536.13 162.58 52.90 129.03 -0.064332
270 451.75 150.89 24.37 59.45 -0.155639
270 193.75 159.00 20.50 50.00 -0.409348
270 259.03 174.65 24.37 59.45 -0.718936
270 406.01 151.64 22.38 54.58 -1.085222
270 292.42 199.64 22.38 54.58 -1.695223
270 36.54 183.08 31.54 76.92 -2.219869
270 495.75 23.00 20.50 50.00 -3.730159
270 559.75 277.00 20.50 50.00 -4.255167
300 468.40 160.40 24.37 59.45 0.963818
300 589.49 151.64 22.38 54.58 0.334016
300 457.75 153.00 20.50 50.00 -0.257744
300 249.75 195.00 20.50 50.00 -0.611919
300 495.75 93.00 20.50 50.00 -0.777827
300 43.73 177.73 26.57 64.81 -0.820636
300 -0.32 198.49 26.57 64.81 -1.030981
300 466.02 143.76 24.37 59.45 -1.372338
300 229.75 187.00 20.50 50.00 -1.382363
300 530.26 155.64 24.37 59.45 -1.566903
300 273.75 191.00 20.50 50.00 -1.738065
300 33.36 169.95 26.57 64.81 -1.956890
300 473.72 5.45 22.38 54.58 -3.270795
300 485.75 5.00 20.50 50.00 -4.079665
300 519.59 9.82 22.38 54.58 -4.251940
300 600.41 310.91 22.38 54.58 -4.703495
330 8.11 173.65 28.92 70.53 0.484106
330 543.75 155.00 20.50 50.00 -0.149683
330 157.73 144.00 26.57 64.81 -0.228930
330 587.74 131.61 52.90 129.03 -0.654900
330 189.75 165.00 20.50 50.00 -0.768868
330 537.75 149.00 20.50 50.00 -0.965564
330 557.75 155.00 20.50 50.00 -1.071451
330 274.95 204.00 22.38 54.58 -1.231642
330 567.65 149.45 22.38 54.58 -1.516667
330 239.50 166.00 41.00 100.00 -1.742791
330 466.92 64.61 63.08 153.85 -2.176202
330 545.75 5.00 20.50 50.00 -3.619355
330 489.01 -1.09 22.38 54.58 -4.389755
360 233.60 170.38 37.52 91.50 -0.116285
360 476.54 143.08 31.54 76.92 -0.296355
360 185.39 164.73 22.38 54.58 -0.636395
360 484.58 182.12 28.92 70.53 -0.706325
360 -0.38 170.77 31.54 76.92 -0.822201
360 66.32 158.02 24.37 59.45 -1.174716
360 595.63 141.41 26.57 64.81 -1.200637
360 222.53 186.55 22.38 54.58 -1.292695
360 606.07 152.73 34.37 83.83 -1.351830
360 504.42 57.47 69.16 168.67 -1.726536
360 485.94 67.79 37.52 91.50 -2.202379
390 617.88 162.55 22.38 54.58 0.199810
390 233.46 180.00 31.54 76.92 -0.272550
390 511.75 179.00 20.50 50.00 -1.063755
390 240.00 158.18 22.38 54.58 -1.141729
390 -0.30 167.52 24.37 59.45 -1.193086
390 218.16 193.09 22.38 54.58 -1.384354
390 600.18 136.94 28.92 70.53 -1.702566
390 69.95 162.80 34.37 83.83 -1.931786
420 617.88 162.55 22.38 54.58 0.550282
420 603.75 167.00 20.50 50.00 -0.524765
420 63.94 165.15 24.37 59.45 -0.833527
420 558.81 162.77 24.37 59.45 -1.221155
420 181.02 169.09 22.38 54.58 -1.250114
420 513.04 182.18 22.38 54.58 -1.273728
420 235.63 164.73 22.38 54.58 -1.414547
420 6.84 177.03 24.37 59.45 -1.676484
420 25.75 141.00 20.50 50.00 -1.814788
420 226.89 217.09 22.38 54.58 -2.574392
420 509.75 1.00 20.50 50.00 -4.332450
450 515.22 166.91 22.38 54.58 -0.322611
450 -0.32 177.73 26.57 64.81 -0.514599
450 608.85 143.08 31.54 76.92 -0.603769
450 60.89 169.09 22.38 54.58 -0.617950
450 557.75 173.00 20.50 50.00 -0.762986
450 601.75 171.00 20.50 50.00 -1.241496
450 218.59 196.04 24.37 59.45 -1.334866
450 227.50 182.00 41.00 100.00 -1.548505
450 565.75 171.00 20.50 50.00 -1.870743
450 569.75 7.00 20.50 50.00 -4.800980
450 561.75 -1.00 20.50 50.00 -4.822953
480 512.78 168.00 28.92 70.53 -0.024229
480 608.85 149.23 31.54 76.92 -0.265338
480 149.75 175.00 20.50 50.00 -0.452309
480 222.53 199.64 22.38 54.58 -1.115596
480 2.47 184.94 28.92 70.53 -1.166722
480 233.66 199.06 28.92 70.53 -1.661676
480 -1.00 276.00 82.00 200.00 -2.773351
480 561.09 -1.09 22.38 54.58 -4.409891
510 515.75 179.00 20.50 50.00 0.078795
510 233.60 188.70 37.52 91.50 0.062500
510 117.68 160.36 22.38 54.58 -0.242125
510 511.75 189.00 20.50 50.00 -0.371840
510 615.91 162.77 24.37 59.45 -0.413731
510 149.75 163.00 20.50 50.00 -0.480794
510 -1.43 200.00 117.14 285.71 -0.740078
510 128.18 158.02 24.37 59.45 -0.990859
510 27.75 139.00 20.50 50.00 -1.201026
510 603.75 175.00 20.50 50.00 -1.496932
510 -0.32 167.35 26.57 64.81 -2.072401
510 569.75 7.00 20.50 50.00 -3.444103
510 505.75 5.00 20.50 50.00 -4.053817
540 507.53 169.95 26.57 64.81 1.269632
540 619.75 173.00 20.50 50.00 0.132589
540 -1.67 140.00 136.67 333.33 -0.216787
540 229.94 196.03 37.52 91.50 -0.259721
540 603.75 175.00 20.50 50.00 -0.825945
540 482.69 161.54 31.54 76.92 -0.982421
540 109.14 112.87 24.37 59.45 -0.996648
540 184.23 149.23 31.54 76.92 -1.188039
540 144.83 160.40 24.37 59.45 -1.220529
540 261.75 211.00 20.50 50.00 -1.248902
540 497.75 213.00 20.50 50.00 -1.961827
540 221.75 209.00 20.50 50.00 -1.988943
540 202.87 204.00 22.38 54.58 -2.190202
540 517.89 70.99 69.16 168.67 -2.455215
540 507.75 5.00 20.50 50.00 -3.386220
540 571.75 9.00 20.50 50.00 -3.677327
540 519.75 9.00 20.50 50.00 -4.439421
570 611.45 156.71 28.92 70.53 0.571248
570 -1.67 153.33 136.67 333.33 0.205708
570 485.77 158.46 31.54 76.92 -0.174672
570 489.75 213.00 20.50 50.00 -0.577856
570 602.59 173.45 22.38 54.58 -0.688107
570 270.38 207.69 31.54 76.92 -1.249727
570 230.79 206.43 34.37 83.83 -1.262848
570 504.42 70.99 69.16 168.67 -1.526352
570 558.81 172.28 24.37 59.45 -1.801221
570 489.60 78.78 37.52 91.50 -2.355116
570 505.75 5.00 20.50 50.00 -3.058876
570 563.75 9.00 20.50 50.00 -3.378958
570 513.75 5.00 20.50 50.00 -4.352161
570 591.67 5.45 22.38 54.58 -4.599523
570 581.75 9.00 20.50 50.00 -4.767849
600 507.14 168.00 28.92 70.53 0.805416
600 613.77 162.16 26.57 64.81 0.267645
600 603.75 177.00 20.50 50.00 0.158914
600 489.81 174.65 24.37 59.45 0.132732
600 233.66 193.41 28.92 70.53 0.092111
600 -1.67 140.00 136.67 333.33 0.007561
600 492.19 191.29 24.37 59.45 -0.235497
600 181.02 175.64 22.38 54.58 -1.178336
600 520.74 174.65 24.37 59.45 -1.297820
600 563.57 169.90 24.37 59.45 -1.456053
600 521.77 97.09 22.38 54.58 -1.632812
600 485.06 160.40 24.37 59.45 -1.841448
600 153.75 177.00 20.50 50.00 -2.063279
600 543.79 165.18 28.92 70.53 -2.130829
600 505.75 5.00 20.50 50.00 -3.302128
600 569.75 7.00 20.50 50.00 -3.324570
600 581.75 5.00 20.50 50.00 -3.363585
600 589.75 7.00 20.50 50.00 -4.365915
630 507.14 165.18 28.92 70.53 0.884667
630 619.75 171.00 20.50 50.00 0.275508
630 603.75 173.00 20.50 50.00 0.029479
630 487.43 177.03 24.37 59.45 0.005492
630 492.19 188.91 24.37 59.45 -0.441768
630 543.81 162.16 26.57 64.81 -1.089472
630 147.75 165.00 20.50 50.00 -1.137065
630 25.94 134.18 22.38 54.58 -1.141349
630 -1.54 166.15 126.15 307.69 -1.154651
630 485.06 158.02 24.37 59.45 -1.334939
630 565.95 169.90 24.37 59.45 -1.453312
630 203.75 207.00 20.50 50.00 -1.595367
630 525.75 183.00 20.50 50.00 -1.644555
630 153.75 183.00 20.50 50.00 -1.753917
630 182.90 177.03 24.37 59.45 -1.827621
630 556.43 169.90 24.37 59.45 -1.992200
630 485.06 198.42 24.37 59.45 -2.069438
630 569.83 7.64 22.38 54.58 -3.630247
630 583.75 7.00 20.50 50.00 -3.878794
630 499.93 5.45 22.38 54.58 -4.154756
630 593.75 5.00 20.50 50.00 -4.406449
660 543.81 159.57 26.57 64.81 1.049427
660 619.75 171.00 20.50 50.00 -0.227287
660 603.75 173.00 20.50 50.00 -0.324432
660 556.72 173.45 22.38 54.58 -0.401820
660 25.94 134.18 22.38 54.58 -0.781446
660 487.75 139.00 20.50 50.00 -0.911658
660 154.81 177.82 22.38 54.58 -1.325107
660 233.46 189.23 31.54 76.92 -1.370517
660 56.80 177.03 24.37 59.45 -1.575373
660 497.75 207.00 20.50 50.00 -1.646097
660 108.94 114.55 22.38 54.58 -1.647970
660 497.69 83.08 63.08 153.85 -2.100129
660 482.68 210.30 24.37 59.45 -2.288942
660 505.75 5.00 20.50 50.00 -4.025925
660 -0.32 416.43 26.57 64.81 -11.931897
690 513.75 183.00 20.50 50.00 0.814046
690 617.88 166.91 22.38 54.58 0.658048
690 489.39 188.11 26.57 64.81 0.191821
690 491.19 151.64 22.38 54.58 -0.321410
690 519.59 173.45 22.38 54.58 -0.391204
690 603.75 173.00 20.50 50.00 -0.598202
690 558.91 169.09 22.38 54.58 -0.718488
690 152.63 180.00 22.38 54.58 -0.720054
690 201.75 205.00 20.50 50.00 -0.858648
690 50.74 181.37 37.52 91.50 -0.897209
690 181.75 183.00 20.50 50.00 -0.978010
690 543.81 159.57 26.57 64.81 -1.198563
690 25.94 138.55 22.38 54.58 -1.316904
690 505.75 179.00 20.50 50.00 -1.318938
690 146.08 160.36 22.38 54.58 -1.403713
690 227.43 199.72 34.37 83.83 -1.565180
690 499.75 173.00 20.50 50.00 -1.697396
690 269.15 206.27 26.57 64.81 -1.880139
690 523.12 93.86 24.37 59.45 -1.969029
690 171.63 91.77 28.92 70.53 -2.194256
690 571.75 7.00 20.50 50.00 -3.646017
690 507.75 7.00 20.50 50.00 -4.072841
690 582.94 -1.09 22.38 54.58 -4.680132
690 593.75 5.00 20.50 50.00 -4.745926
720 611.45 153.88 28.92 70.53 0.175576
720 603.75 175.00 20.50 50.00 -0.182519
720 482.69 155.38 31.54 76.92 -0.927815
720 227.43 196.36 34.37 83.83 -0.975750
720 484.64 208.36 22.38 54.58 -1.068045
720 147.37 162.16 26.57 64.81 -1.177885
720 50.74 181.37 37.52 91.50 -1.437502
720 558.81 169.90 24.37 59.45 -1.562960
720 504.42 70.99 69.16 168.67 -1.808048
720 269.15 206.27 26.57 64.81 -2.060830
720 203.75 205.00 20.50 50.00 -2.150659
720 495.50 8.39 34.37 83.83 -4.295120
720 -0.77 316.92 63.08 153.85 -5.916877
750 489.81 177.03 24.37 59.45 0.575602
750 515.75 179.00 20.50 50.00 0.376064
750 492.19 155.64 24.37 59.45 -0.565215
750 601.75 175.00 20.50 50.00 -0.680492
750 543.79 159.53 28.92 70.53 -0.707048
750 502.35 169.95 26.57 64.81 -0.925396
750 565.46 171.27 22.38 54.58 -1.181315
750 51.50 174.00 41.00 100.00 -1.229678
750 177.17 149.37 34.37 83.83 -1.251262
750 233.66 204.71 28.92 70.53 -1.543457
750 147.75 163.00 20.50 50.00 -1.554695
750 29.75 139.00 20.50 50.00 -1.569064
750 523.75 181.00 20.50 50.00 -1.684063
750 174.47 112.36 22.38 54.58 -2.139570
750 571.75 7.00 20.50 50.00 -3.395238
750 507.75 5.00 20.50 50.00 -3.860175
750 563.75 1.00 20.50 50.00 -4.488091
750 597.75 7.00 20.50 50.00 -4.745805
750 12.63 314.37 69.16 168.67 -5.178146
780 222.63 192.37 37.52 91.50 -0.258508
780 482.09 182.94 34.37 83.83 -0.336211
780 147.75 163.00 20.50 50.00 -0.392748
780 54.40 181.37 37.52 91.50 -0.481068
780 601.75 173.00 20.50 50.00 -0.644279
780 -0.35 156.71 28.92 70.53 -1.029426
780 491.19 151.64 22.38 54.58 -1.035456
780 558.81 169.90 24.37 59.45 -1.161903
780 504.42 70.99 69.16 168.67 -1.517180
780 -0.30 217.43 24.37 59.45 -1.965473
780 269.15 206.27 26.57 64.81 -2.222233
780 571.75 11.00 20.50 50.00 -3.964726
780 495.50 8.39 34.37 83.83 -4.199268
780 585.75 5.00 20.50 50.00 -4.476216
810 509.96 168.00 28.92 70.53 0.360344
810 604.78 171.27 22.38 54.58 0.287712
810 489.81 177.03 24.37 59.45 0.253200
810 617.88 171.27 22.38 54.58 -0.199416
810 153.75 177.00 20.50 50.00 -0.239390
810 233.46 189.23 31.54 76.92 -0.420492
810 47.09 181.37 37.52 91.50 -0.997708
810 484.58 142.59 28.92 70.53 -1.052682
810 556.43 169.90 24.37 59.45 -1.226528
810 147.75 163.00 20.50 50.00 -1.306956
810 203.75 203.00 20.50 50.00 -1.494552
810 23.49 131.88 24.37 59.45 -1.528118
810 550.17 162.55 22.38 54.58 -1.544386
810 108.94 114.55 22.38 54.58 -1.724504
810 269.15 206.27 26.57 64.81 -1.815843
810 211.75 205.00 20.50 50.00 -2.299202
810 -0.32 214.05 26.57 64.81 -2.314772
810 105.91 250.38 26.57 64.81 -3.263094
810 571.75 5.00 20.50 50.00 -3.810168
810 508.85 -1.19 24.37 59.45 -4.420259
810 561.75 7.00 20.50 50.00 -4.677337
810 593.86 5.45 22.38 54.58 -4.743678
840 617.88 166.91 22.38 54.58 0.745485
840 513.75 183.00 20.50 50.00 0.192224
840 605.75 175.00 20.50 50.00 -0.180189
840 484.58 168.00 28.92 70.53 -0.188167
840 563.57 167.52 24.37 59.45 -0.653395
840 154.81 180.00 22.38 54.58 -0.764742
840 543.79 162.35 28.92 70.53 -0.930434
840 27.75 137.00 20.50 50.00 -0.965138
840 523.75 183.00 20.50 50.00 -1.057146
840 178.14 177.03 24.37 59.45 -1.164866
840 481.76 142.59 28.92 70.53 -1.173823
840 125.77 155.38 31.54 76.92 -1.189845
840 228.02 190.59 28.92 70.53 -1.220608
840 50.74 181.37 37.52 91.50 -1.317759
840 148.26 160.36 22.38 54.58 -1.416234
840 75.84 172.28 24.37 59.45 -1.998734
840 589.75 9.00 20.50 50.00 -4.443774
870 507.14 168.00 28.92 70.53 0.158772
870 145.75 161.00 20.50 50.00 -0.034776
870 603.75 173.00 20.50 50.00 -0.201663
870 617.88 171.27 22.38 54.58 -0.484628
870 543.81 159.57 26.57 64.81 -0.607629
870 484.58 142.59 28.92 70.53 -0.769687
870 489.81 174.65 24.37 59.45 -0.904263
870 47.09 181.37 37.52 91.50 -0.970432
870 235.47 198.49 26.57 64.81 -1.094943
870 563.57 165.15 24.37 59.45 -1.292836
870 175.75 117.00 20.50 50.00 -1.785409
870 242.38 179.41 24.37 59.45 -1.895957
870 521.77 180.00 22.38 54.58 -2.063893
870 484.64 214.91 22.38 54.58 -2.318936
870 571.75 7.00 20.50 50.00 -3.706714
870 506.48 5.45 22.38 54.58 -4.172301
870 579.75 5.00 20.50 50.00 -4.490663
900 489.39 188.11 26.57 64.81 0.385653
900 507.14 168.00 28.92 70.53 -0.086194
900 613.53 167.52 24.37 59.45 -0.288020
900 602.59 171.27 22.38 54.58 -0.664844
900 492.19 155.64 24.37 59.45 -0.796013
900 233.46 189.23 31.54 76.92 -0.796269
900 49.84 182.94 34.37 83.83 -1.470947
900 217.75 209.00 20.50 50.00 -1.800715
900 180.52 169.90 24.37 59.45 -2.019264
900 108.94 114.55 22.38 54.58 -2.026634
900 521.77 180.00 22.38 54.58 -2.149775
900 199.82 190.59 28.92 70.53 -2.271041
900 571.75 5.00 20.50 50.00 -3.865150
900 506.47 -1.19 24.37 59.45 -4.092315
930 515.75 181.00 20.50 50.00 -0.172252
930 479.50 166.00 41.00 100.00 -0.355813
930 613.53 167.52 24.37 59.45 -0.606100
930 543.79 159.53 28.92 70.53 -0.657779
930 603.75 175.00 20.50 50.00 -0.742780
930 50.74 181.37 37.52 91.50 -0.745094
930 147.21 162.77 24.37 59.45 -1.349581
930 28.12 136.36 22.38 54.58 -1.366785
930 565.95 169.90 24.37 59.45 -1.622556
930 55.00 152.31 31.54 76.92 -1.965104
930 572.01 5.45 22.38 54.58 -3.627790
930 507.75 5.00 20.50 50.00 -4.123294
930 561.75 7.00 20.50 50.00 -4.486815
960 611.45 153.88 28.92 70.53 -0.188148
960 492.19 191.29 24.37 59.45 -0.436014
960 603.75 173.00 20.50 50.00 -0.505066
960 558.91 169.09 22.38 54.58 -0.599850
960 163.55 180.00 22.38 54.58 -0.748492
960 489.81 174.65 24.37 59.45 -0.800531
960 27.75 139.00 20.50 50.00 -0.817012
960 511.75 183.00 20.50 50.00 -1.023578
960 543.81 167.35 26.57 64.81 -1.351649
960 492.19 158.02 24.37 59.45 -1.775317
960 141.71 180.00 22.38 54.58 -1.868947
960 267.75 211.00 20.50 50.00 -2.318184
960 225.75 205.00 20.50 50.00 -2.434698
960 507.75 5.00 20.50 50.00 -3.402124
990 617.88 166.91 22.38 54.58 0.632739
990 513.75 183.00 20.50 50.00 0.083247
990 563.75 173.00 20.50 50.00 0.063133
990 607.75 173.00 20.50 50.00 -0.145618
990 497.17 185.51 26.57 64.81 -0.344797
990 244.37 217.09 22.38 54.58 -1.429278
990 267.75 215.00 20.50 50.00 -1.441193
990 543.81 162.16 26.57 64.81 -1.477466
990 168.62 165.15 24.37 59.45 -1.694929
990 489.60 82.44 37.52 91.50 -1.870508
990 587.31 149.23 31.54 76.92 -2.042486
990 509.75 5.00 20.50 50.00 -3.011557
990 488.80 8.39 34.37 83.83 -4.282661
990 587.75 5.00 20.50 50.00 -4.701653
1020 619.75 175.00 20.50 50.00 1.462870
1020 608.58 151.78 26.57 64.81 0.737917
1020 509.96 168.00 28.92 70.53 0.192330
1020 123.42 191.29 24.37 59.45 0.054295
1020 251.75 209.00 20.50 50.00 -0.470464
1020 495.56 166.91 22.38 54.58 -0.505230
1020 113.31 169.09 22.38 54.58 -0.934290
1020 489.81 141.39 24.37 59.45 -1.584829
1020 524.63 70.99 69.16 168.67 -2.133450
1020 510.85 1.09 22.38 54.58 -4.387225
1050 221.75 177.00 20.50 50.00 0.236662
1050 157.00 195.27 22.38 54.58 -0.328350
1050 290.24 221.45 22.38 54.58 -0.620889
1050 263.79 198.42 24.37 59.45 -0.736542
1050 77.75 189.00 20.50 50.00 -0.867590
1050 519.75 185.00 20.50 50.00 -0.958517
1050 497.75 171.00 20.50 50.00 -1.088187
1050 570.71 179.41 24.37 59.45 -1.340305
1050 207.75 175.00 20.50 50.00 -1.412147
1050 154.35 167.52 24.37 59.45 -1.459547
1050 373.10 70.59 57.98 141.42 -1.660518
1050 606.07 149.37 34.37 83.83 -1.693710
1050 168.62 174.65 24.37 59.45 -1.751468
1050 527.75 183.00 20.50 50.00 -1.983355
1050 -0.35 190.59 28.92 70.53 -2.163478
1050 593.75 5.00 20.50 50.00 -4.056466
1080 617.88 177.82 22.38 54.58 0.372225
1080 -1.54 178.46 126.15 307.69 0.109990
1080 593.46 155.38 31.54 76.92 -0.011881
1080 489.81 196.04 24.37 59.45 -0.715303
1080 521.75 179.00 20.50 50.00 -1.039215
1080 619.75 151.00 20.50 50.00 -1.051610
1080 -0.32 133.62 26.57 64.81 -1.076899
1080 316.45 214.91 22.38 54.58 -1.642185
1080 239.75 169.00 20.50 50.00 -1.719369
1080 482.46 204.00 22.38 54.58 -1.851317
1080 486.83 217.09 22.38 54.58 -2.163791
1080 437.75 87.00 20.50 50.00 -2.214113
1080 538.11 84.51 69.16 168.67 -2.335106
1110 242.18 180.00 22.38 54.58 0.281127
1110 21.15 144.00 75.52 184.20 -0.254482
1110 508.85 193.66 24.37 59.45 -0.531716
1110 335.75 221.00 20.50 50.00 -1.143737
1110 149.75 173.00 20.50 50.00 -1.265832
1110 559.00 60.00 82.00 200.00 -1.347940
1110 493.75 197.00 20.50 50.00 -1.456319
1110 293.75 203.00 20.50 50.00 -1.585076
1110 8.89 225.74 48.64 118.64 -1.861097
1110 82.59 159.57 26.57 64.81 -2.013015
1110 525.50 203.17 24.37 59.45 -2.092132
1140 527.75 191.00 20.50 50.00 1.610304
1140 131.50 202.00 41.00 100.00 0.007831
1140 83.50 202.00 41.00 100.00 -0.013711
1140 125.75 189.00 20.50 50.00 -0.194788
1140 75.50 154.00 41.00 100.00 -0.221364
1140 521.75 167.00 20.50 50.00 -0.913463
1140 617.88 230.18 22.38 54.58 -1.126727
1140 508.67 221.45 22.38 54.58 -2.523811
1140 559.00 36.00 82.00 200.00 -2.804495
1170 598.23 186.55 22.38 54.58 2.724019
1170 587.30 214.91 22.38 54.58 -0.035491
1170 139.50 194.00 41.00 100.00 -1.172605
1170 129.34 210.35 28.92 70.53 -1.549519
1170 577.49 193.30 26.57 64.81 -1.755903
1170 613.77 146.59 26.57 64.81 -2.104228
1170 177.75 245.00 20.50 50.00 -2.111721
1170 87.00 28.00 82.00 200.00 -3.372165
1170 599.50 294.00 41.00 100.00 -3.893068
1200 77.41 182.92 26.57 64.81 -0.410092
1200 -0.46 163.05 37.52 91.50 -0.868668
1200 507.75 171.00 20.50 50.00 -0.940811
1200 225.75 235.00 20.50 50.00 -1.057066
1200 231.26 223.64 22.38 54.58 -1.207305
1200 214.74 149.19 26.57 64.81 -1.336805
1200 483.75 193.00 20.50 50.00 -1.860533
1200 507.31 115.38 31.54 76.92 -1.978674
1200 611.45 52.23 28.92 70.53 -3.313546
1230 256.21 204.71 28.92 70.53 0.723980
1230 549.29 177.03 24.37 59.45 -0.185955
1230 240.00 205.54 24.37 59.45 -0.536062
1230 99.63 155.64 24.37 59.45 -0.616822
1230 543.75 145.00 20.50 50.00 -0.991498
1230 149.96 151.78 26.57 64.81 -1.082767
1230 587.74 100.65 52.90 129.03 -1.231045
1230 456.39 173.65 28.92 70.53 -1.623917
1230 580.75 180.00 22.38 54.58 -1.781697
1230 52.15 177.82 22.38 54.58 -2.015346
1230 -0.42 62.10 34.37 83.83 -2.726717
1260 611.45 162.35 28.92 70.53 -0.511453
1260 82.73 180.00 22.38 54.58 -0.855837
1260 261.84 204.00 22.38 54.58 -1.221563
1260 181.02 204.00 22.38 54.58 -1.863628
1260 15.50 138.00 41.00 100.00 -2.195143
1260 4.10 49.09 22.38 54.58 -2.824876
1290 577.75 219.00 20.50 50.00 -0.380498
1290 123.42 184.16 24.37 59.45 -0.901156
1290 48.91 146.59 26.57 64.81 -1.057965
1290 261.75 207.00 20.50 50.00 -1.901875
1290 23.75 108.00 22.38 54.58 -2.413598
1290 344.83 55.38 75.52 184.20 -2.576381
1290 605.77 220.00 31.54 76.92 -2.816869
1290 19.39 278.18 22.38 54.58 -2.905816
1290 23.75 265.00 20.50 50.00 -3.588688
1290 449.37 8.32 24.37 59.45 -4.380545
1290 -0.54 325.09 44.67 108.95 -5.978463
1320 111.75 189.00 20.50 50.00 -0.386747
1320 596.54 180.00 31.54 76.92 -0.487075
1320 -0.46 137.40 37.52 91.50 -0.567751
1320 181.02 186.55 22.38 54.58 -0.785052
1320 403.75 189.00 20.50 50.00 -0.862111
1320 59.18 179.41 24.37 59.45 -0.977316
1320 193.75 159.00 20.50 50.00 -1.367664
1320 256.65 200.79 24.37 59.45 -1.880340
1320 -1.19 244.80 98.11 239.31 -2.187278
1320 575.92 189.65 34.37 83.83 -2.201960
1350 619.75 135.00 20.50 50.00 -0.592031
1350 93.75 197.00 20.50 50.00 -0.875219
1350 109.75 199.00 20.50 50.00 -1.026055
1350 -0.50 170.00 41.00 100.00 -1.117960
1350 557.75 205.00 20.50 50.00 -1.120437
1350 362.69 167.69 31.54 76.92 -1.173115
1350 243.24 188.11 26.57 64.81 -1.403433
1350 35.95 164.76 26.57 64.81 -1.499161
1350 146.92 107.69 63.08 153.85 -1.758459
1350 -0.46 137.40 37.52 91.50 -1.810938
1350 383.75 27.00 20.50 50.00 -3.731228
1350 -0.84 307.61 69.16 168.67 -5.564378
1380 383.75 169.00 20.50 50.00 -0.303057
1380 219.75 205.00 20.50 50.00 -0.444854
1380 617.88 147.27 22.38 54.58 -0.985602
1380 -0.30 177.03 24.37 59.45 -1.076472
1380 163.55 147.27 22.38 54.58 -1.335075
1380 147.31 155.38 31.54 76.92 -1.742952
1380 -1.19 244.80 98.11 239.31 -1.788378
1380 235.75 207.00 20.50 50.00 -2.174207
1380 118.06 74.84 52.90 129.03 -2.357940
1410 398.70 156.97 26.57 64.81 0.386766
1410 234.14 179.58 34.37 83.83 -0.572495
1410 73.46 170.77 31.54 76.92 -0.588609
1410 435.75 213.00 20.50 50.00 -0.899151
1410 384.23 149.23 31.54 76.92 -1.580935
1410 139.75 203.00 20.50 50.00 -2.002129
1410 577.69 101.54 63.08 153.85 -2.216227
1410 611.45 55.06 28.92 70.53 -2.735146
1410 11.60 274.46 24.37 59.45 -3.530899
1440 559.16 166.15 34.37 83.83 -0.612365
1440 358.96 153.27 24.37 59.45 -0.877063
1440 236.54 201.54 31.54 76.92 -1.150092
1440 599.50 150.00 41.00 100.00 -1.310588
1440 83.66 144.73 37.52 91.50 -1.565370
1440 128.18 150.89 24.37 59.45 -1.962753
1440 223.35 205.54 24.37 59.45 -2.267176
1440 -1.00 284.00 82.00 200.00 -3.283468
1440 425.67 40.36 22.38 54.58 -3.398223
1440 81.75 37.00 20.50 50.00 -3.682244
1470 87.75 173.00 20.50 50.00 -0.260682
1470 76.18 175.64 22.38 54.58 -0.399380
1470 197.17 207.92 24.37 59.45 -0.893298
1470 416.84 154.38 26.57 64.81 -0.916499
1470 2.27 190.70 26.57 64.81 -1.014468
1470 217.33 214.05 26.57 64.81 -1.064841
1470 253.11 164.73 22.38 54.58 -1.214138
1470 611.45 86.12 28.92 70.53 -1.321660
1470 539.75 157.00 20.50 50.00 -1.472779
1470 63.75 191.00 20.50 50.00 -2.036478
1470 417.75 75.00 20.50 50.00 -2.082979
1470 619.75 61.00 20.50 50.00 -2.589448
1470 6.28 33.82 22.38 54.58 -3.953498
1470 615.91 22.57 24.37 59.45 -3.962178
1470 4.46 409.90 24.37 59.45 -9.969563
1500 33.01 165.15 24.37 59.45 -0.219601
1500 577.75 113.00 20.50 50.00 -0.665733
1500 601.75 183.00 20.50 50.00 -0.712978
1500 58.70 210.55 22.38 54.58 -0.998308
1500 80.55 147.27 22.38 54.58 -1.068824
1500 235.24 162.77 24.37 59.45 -1.253888
1500 46.49 139.30 34.37 83.83 -1.806023
1500 191.75 233.00 20.50 50.00 -2.229474
1500 163.55 208.36 22.38 54.58 -2.293200
1500 432.71 79.60 24.37 59.45 -2.455292
1530 17.75 161.00 20.50 50.00 1.382613
1530 52.05 203.17 24.37 59.45 -0.119225
1530 103.75 109.00 20.50 50.00 -0.889873
1530 235.75 161.00 20.50 50.00 -0.988229
1530 -0.38 161.54 31.54 76.92 -1.180704
1530 113.75 107.00 20.50 50.00 -1.434080
1530 129.75 109.00 20.50 50.00 -1.444667
1530 177.17 236.64 34.37 83.83 -2.234751
1530 67.75 83.00 20.50 50.00 -2.536058
1530 71.75 9.00 20.50 50.00 -4.063371
1530 -0.42 8.39 34.37 83.83 -4.872117
1560 197.75 231.00 20.50 50.00 -0.785711
1560 178.08 195.38 31.54 76.92 -0.892102
1560 101.75 109.00 20.50 50.00 -1.182064
1560 187.66 146.14 24.37 59.45 -1.424299
1560 439.62 183.08 31.54 76.92 -1.596705
1560 192.42 122.38 24.37 59.45 -1.999056
1560 149.03 100.65 52.90 129.03 -2.039251
1560 573.75 221.00 20.50 50.00 -2.142864
1560 491.98 27.24 26.57 64.81 -3.428462
1560 482.46 5.45 22.38 54.58 -3.711788
1590 613.77 175.14 26.57 64.81 -0.208102
1590 -0.27 182.18 22.38 54.58 -0.487147
1590 178.14 198.42 24.37 59.45 -0.932798
1590 66.32 200.79 24.37 59.45 -1.345271
1590 244.37 162.55 22.38 54.58 -1.362359
1590 187.75 155.00 20.50 50.00 -1.491916
1590 166.25 200.79 24.37 59.45 -1.575663
1590 191.37 196.24 28.92 70.53 -1.654216
1590 165.77 133.85 31.54 76.92 -1.715631
1590 463.75 175.00 20.50 50.00 -1.985452
1590 619.75 43.00 20.50 50.00 -2.704794
1590 443.14 46.91 22.38 54.58 -3.177401
1590 528.26 14.27 26.57 64.81 -3.649874
1620 160.46 115.42 37.52 91.50 -0.657976
1620 43.75 175.00 20.50 50.00 -0.748793
1620 386.35 164.73 22.38 54.58 -0.785756
1620 396.54 164.62 31.54 76.92 -1.186425
1620 25.75 175.00 20.50 50.00 -1.241517
1620 -0.32 149.19 26.57 64.81 -2.082085
1650 494.84 147.10 52.90 129.03 0.894787
1650 147.75 109.00 20.50 50.00 0.288003
1650 442.75 190.70 26.57 64.81 0.070182
1650 125.75 113.00 20.50 50.00 -0.246194
1650 139.75 109.00 20.50 50.00 -0.435544
1650 91.75 199.00 20.50 50.00 -0.609574
1650 473.48 173.47 48.64 118.64 -1.095877
1650 190.58 179.58 34.37 83.83 -1.330741
1650 -0.42 122.52 34.37 83.83 -1.420552
1650 101.15 115.38 31.54 76.92 -1.517440
1650 56.52 81.82 22.38 54.58 -1.824000
1650 523.96 77.45 22.38 54.58 -1.827425
1650 595.50 250.00 41.00 100.00 -2.159000
1680 67.05 149.19 26.57 64.81 -0.019193
1680 608.85 170.77 31.54 76.92 -0.210326
1680 576.99 194.82 57.98 141.42 -0.822495
1680 36.86 158.18 22.38 54.58 -0.829583
1680 197.00 193.41 28.92 70.53 -0.944851
1680 154.81 112.36 22.38 54.58 -1.101167
1680 80.55 162.55 22.38 54.58 -1.444285
1680 -0.54 89.45 44.67 108.95 -1.511242
1680 53.75 67.00 20.50 50.00 -1.761415
1680 537.40 181.78 24.37 59.45 -1.984049
1680 402.82 74.82 28.92 70.53 -2.017339
1680 35.75 63.00 20.50 50.00 -2.657228
1680 559.75 51.00 20.50 50.00 -2.890175
1680 25.59 35.03 26.57 64.81 -3.613880
1680 615.91 317.23 24.37 59.45 -5.386208
1710 611.45 165.18 28.92 70.53 0.884178
1710 211.45 215.05 24.37 59.45 -0.644636
1710 117.75 207.00 20.50 50.00 -1.119734
1710 32.49 77.45 22.38 54.58 -1.168465
1710 244.93 153.88 28.92 70.53 -1.191786
1710 39.04 70.91 22.38 54.58 -1.239371
1710 13.75 131.00 20.50 50.00 -1.471594
1710 408.92 174.65 24.37 59.45 -1.519163
1710 619.75 117.00 20.50 50.00 -1.841566
1710 178.14 108.12 24.37 59.45 -2.021916
1710 445.11 46.59 28.92 70.53 -2.462228
1710 29.75 43.00 20.50 50.00 -2.989016
1710 39.62 20.00 31.54 76.92 -4.399592
1740 491.19 171.27 22.38 54.58 -0.913043
1740 611.45 156.71 28.92 70.53 -1.061777
1740 235.75 205.00 20.50 50.00 -1.249019
1740 163.87 115.25 24.37 59.45 -1.437263
1740 229.75 211.00 20.50 50.00 -2.104101
1770 99.75 157.00 20.50 50.00 0.537711
1770 255.29 171.27 22.38 54.58 0.329546
1770 466.02 150.89 24.37 59.45 -1.110404
1770 540.97 159.53 28.92 70.53 -1.242355
1770 107.75 159.00 20.50 50.00 -1.562086
1770 -0.38 136.92 31.54 76.92 -1.860669
1770 117.93 59.41 48.64 118.64 -2.797544
1770 521.75 11.00 20.50 50.00 -3.187882
1770 37.77 22.57 24.37 59.45 -3.898296
1770 529.75 9.00 20.50 50.00 -3.971779
1770 -0.35 7.06 28.92 70.53 -4.908692
1800 -0.50 134.00 41.00 100.00 -1.461750
1800 53.75 259.00 20.50 50.00 -2.435192
1800 524.18 24.00 98.11 239.31 -2.765224
1800 43.43 276.64 37.52 91.50 -3.099518
1800 80.00 33.23 75.52 184.20 -3.235429
1800 9.68 322.58 52.90 129.03 -5.461711
1830 47.09 144.73 37.52 91.50 -0.355974
1830 17.75 205.00 20.50 50.00 -0.791658
1830 207.75 171.00 20.50 50.00 -0.872162
1830 -0.54 124.36 44.67 108.95 -1.208373
1830 203.75 143.00 20.50 50.00 -1.784167
1830 143.44 156.71 28.92 70.53 -1.988885
1830 27.50 294.00 41.00 100.00 -2.063325
1830 71.00 268.00 82.00 200.00 -2.100195
1830 69.75 39.00 20.50 50.00 -2.961081
1830 75.84 22.57 24.37 59.45 -3.225418
1830 45.77 16.92 31.54 76.92 -3.668675
1830 85.35 15.45 24.37 59.45 -4.096978
1830 -0.38 346.15 31.54 76.92 -6.073951
