30 116.28 167.35 26.57 64.81 -0.542724
30 244.93 165.18 28.92 70.53 -0.703260
30 141.15 167.69 31.54 76.92 -0.986147
30 123.42 184.16 24.37 59.45 -1.555517
30 411.75 201.00 20.50 50.00 -1.807041
30 163.75 195.00 20.50 50.00 -1.904404
30 555.75 259.00 20.50 50.00 -2.502614
30 -0.27 221.45 22.38 54.58 -2.679369
30 134.42 24.00 44.67 108.95 -3.143543
30 109.60 12.71 28.92 70.53 -4.019848
60 239.62 155.38 31.54 76.92 -1.200666
60 41.75 203.00 20.50 50.00 -1.256341
60 411.66 180.32 26.57 64.81 -1.456698
60 511.75 169.00 20.50 50.00 -1.515227
60 445.75 215.00 20.50 50.00 -1.820044
60 431.75 195.00 20.50 50.00 -1.953870
60 104.11 30.55 89.69 218.76 -3.077919
90 237.62 148.51 24.37 59.45 -0.476133
90 106.76 186.55 22.38 54.58 -0.488047
90 434.98 172.54 26.57 64.81 -0.585466
90 67.05 180.32 26.57 64.81 -0.835353
90 560.70 156.71 28.92 70.53 -0.861275
90 298.71 126.45 52.90 129.03 -0.945728
90 283.69 142.91 22.38 54.58 -1.106064
90 539.85 182.97 48.64 118.64 -1.340791
90 373.75 175.00 20.50 50.00 -1.377390
90 171.54 70.77 63.08 153.85 -1.623912
90 93.65 190.91 22.38 54.58 -1.706219
90 361.34 167.52 24.37 59.45 -1.839774
90 214.03 149.37 34.37 83.83 -1.922765
90 142.45 24.95 24.37 59.45 -3.644836
120 458.08 161.54 31.54 76.92 -0.396023
120 599.50 134.00 41.00 100.00 -0.423886
120 90.36 156.97 26.57 64.81 -0.705319
120 475.90 182.18 22.38 54.58 -0.938939
120 2.69 176.92 31.54 76.92 -1.199131
120 183.85 83.08 63.08 153.85 -1.821620
120 589.75 159.00 20.50 50.00 -2.104006
120 109.75 5.00 20.50 50.00 -3.819256
150 603.40 162.16 26.57 64.81 -0.094027
150 12.63 120.65 26.57 64.81 -0.230363
150 224.71 134.18 22.38 54.58 -0.668612
150 349.47 156.97 26.57 64.81 -1.053954
150 619.75 159.00 20.50 50.00 -1.074070
150 513.46 183.08 31.54 76.92 -1.088349
150 93.65 158.18 22.38 54.58 -1.270643
150 526.17 170.38 37.52 91.50 -1.335933
150 208.28 125.65 28.92 70.53 -1.481118
150 255.00 76.00 82.00 200.00 -1.512520
150 4.15 144.95 48.64 118.64 -1.712689
150 574.15 159.27 44.67 108.95 -1.859614
150 121.64 39.27 89.69 218.76 -3.199584
180 219.75 127.00 20.50 50.00 -0.577273
180 347.31 146.15 31.54 76.92 -0.660416
180 600.81 190.70 26.57 64.81 -0.850926
180 195.75 139.00 20.50 50.00 -1.371580
180 602.97 104.43 37.52 91.50 -1.385014
180 32.46 130.08 37.52 91.50 -1.513968
180 10.04 159.57 26.57 64.81 -1.548572
180 205.75 127.00 20.50 50.00 -1.773536
180 443.75 163.00 20.50 50.00 -1.851043
180 112.57 64.94 57.98 141.42 -1.920666
180 18.08 167.69 31.54 76.92 -2.003726
180 -0.30 203.17 24.37 59.45 -2.163009
210 592.00 116.44 48.64 118.64 0.366883
210 346.43 142.59 28.92 70.53 -0.333423
210 126.42 121.09 22.38 54.58 -0.396406
210 73.08 40.00 63.08 153.85 -1.087728
210 21.57 156.00 22.38 54.58 -1.257107
210 397.27 147.27 22.38 54.58 -1.309906
210 222.22 83.17 48.64 118.64 -1.598170
210 55.75 141.00 20.50 50.00 -1.876949
210 146.92 52.31 63.08 153.85 -2.043532
240 325.38 76.92 63.08 153.85 -1.245680
240 490.22 131.29 28.92 70.53 -1.287324
240 131.92 124.62 31.54 76.92 -1.441920
240 619.75 113.00 20.50 50.00 -2.180042
240 146.92 40.00 63.08 153.85 -2.419045
240 99.75 43.00 20.50 50.00 -2.951192
240 611.45 12.71 28.92 70.53 -4.004751
240 575.75 13.00 20.50 50.00 -4.104376
270 363.75 109.00 20.50 50.00 -0.299211
270 -0.38 161.54 31.54 76.92 -0.623201
270 199.75 95.00 20.50 50.00 -0.947693
270 170.47 78.88 34.37 83.83 -1.119722
270 445.75 125.00 20.50 50.00 -1.377746
270 257.69 58.46 63.08 153.85 -1.433986
270 499.33 108.12 24.37 59.45 -1.783498
270 321.63 80.73 44.67 108.95 -2.311575
270 109.43 11.08 75.52 184.20 -3.326468
270 13.98 -1.19 24.37 59.45 -5.004867
300 491.92 109.23 31.54 76.92 -0.036298
300 365.75 109.00 20.50 50.00 -0.676533
300 70.13 100.24 28.92 70.53 -1.395619
300 259.82 59.29 57.98 141.42 -2.018603
300 151.50 54.00 41.00 100.00 -2.449199
300 110.00 15.38 63.08 153.85 -4.474255
330 445.75 133.00 20.50 50.00 -0.565013
330 393.75 137.00 20.50 50.00 -0.666867
330 -0.32 118.05 26.57 64.81 -1.099584
330 379.75 131.00 20.50 50.00 -1.495941
330 599.50 130.00 41.00 100.00 -1.520335
330 264.03 121.09 22.38 54.58 -1.902526
330 95.58 36.71 57.98 141.42 -3.105413
330 54.33 33.82 22.38 54.58 -3.527300
330 565.52 -3.69 75.52 184.20 -5.097407
360 397.27 149.45 22.38 54.58 -0.724858
360 619.75 211.00 20.50 50.00 -0.876597
360 475.54 143.76 24.37 59.45 -1.140011
360 496.95 148.51 24.37 59.45 -1.265455
360 119.75 159.00 20.50 50.00 -1.779055
360 43.41 53.45 22.38 54.58 -1.919855
360 615.91 81.98 24.37 59.45 -2.443560
360 -0.71 59.29 57.98 141.42 -2.892440
390 597.36 173.65 28.92 70.53 2.078775
390 67.75 157.00 20.50 50.00 -1.221591
390 617.88 208.36 22.38 54.58 -1.493503
390 474.01 150.55 44.67 108.95 -1.868138
420 558.32 158.87 69.16 168.67 0.276864
420 492.44 163.96 48.64 118.64 -0.928104
420 59.18 146.14 24.37 59.45 -1.060891
420 406.48 159.57 26.57 64.81 -1.211040
420 25.75 151.00 20.50 50.00 -1.225916
420 273.83 122.75 37.52 91.50 -1.387345
420 537.35 166.59 57.98 141.42 -1.773785
420 -0.32 177.73 26.57 64.81 -1.947640
420 -0.27 55.64 22.38 54.58 -2.085485
420 55.75 185.00 20.50 50.00 -2.101560
420 611.17 32.43 26.57 64.81 -3.447628
450 445.34 177.73 26.57 64.81 -1.102390
450 33.01 148.51 24.37 59.45 -1.154652
450 401.68 132.59 34.37 83.83 -1.662054
450 385.13 141.39 24.37 59.45 -1.848383
450 173.28 156.97 26.57 64.81 -1.857825
450 599.50 86.00 41.00 100.00 -2.081264
450 -0.27 51.27 22.38 54.58 -2.450416
480 475.90 177.82 22.38 54.58 -0.417289
480 539.75 161.00 20.50 50.00 -0.822218
480 480.27 164.73 22.38 54.58 -1.448059
480 302.32 125.07 69.16 168.67 -1.635847
480 65.75 189.00 20.50 50.00 -1.718775
480 -0.27 44.73 22.38 54.58 -3.356081
510 537.14 152.06 37.52 91.50 0.480384
510 411.75 167.00 20.50 50.00 -0.184240
510 31.75 157.00 20.50 50.00 -0.382063
510 492.04 149.65 57.98 141.42 -0.687742
510 3.75 199.00 20.50 50.00 -1.181105
510 497.70 98.82 57.98 141.42 -1.281334
510 619.75 133.00 20.50 50.00 -1.600028
510 56.52 193.09 22.38 54.58 -1.884157
510 550.17 247.64 22.38 54.58 -1.952767
510 555.50 190.00 41.00 100.00 -1.970953
510 77.75 189.00 20.50 50.00 -2.176117
510 619.75 33.00 20.50 50.00 -2.649099
510 69.75 39.00 20.50 50.00 -2.688742
510 77.75 43.00 20.50 50.00 -3.360876
510 -0.25 33.00 20.50 50.00 -3.450473
510 17.75 41.00 20.50 50.00 -3.519999
540 115.75 191.00 20.50 50.00 -0.536248
540 549.29 160.40 24.37 59.45 -0.955585
540 387.20 137.40 37.52 91.50 -1.199214
540 373.23 158.02 24.37 59.45 -1.654501
540 611.45 207.53 28.92 70.53 -1.711960
540 15.75 201.00 20.50 50.00 -1.839444
540 569.72 149.19 26.57 64.81 -2.051160
540 619.75 77.00 20.50 50.00 -2.312468
540 563.75 197.00 20.50 50.00 -2.496009
540 53.75 25.00 20.50 50.00 -2.530785
540 61.86 11.68 26.57 64.81 -4.246075
570 619.75 203.00 20.50 50.00 -0.490948
570 609.75 201.00 20.50 50.00 -1.174377
570 354.29 141.07 37.52 91.50 -1.370855
570 619.75 133.00 20.50 50.00 -1.534654
570 303.75 169.00 20.50 50.00 -1.857184
570 25.94 12.00 22.38 54.58 -4.718247
600 615.91 162.77 24.37 59.45 -0.918422
600 401.78 148.51 24.37 59.45 -1.263400
600 288.05 166.91 22.38 54.58 -1.372152
630 267.49 151.06 28.92 70.53 -1.529555
630 599.50 150.00 41.00 100.00 -2.131492
660 379.75 193.00 20.50 50.00 -0.991448
660 443.14 184.36 22.38 54.58 -1.086730
660 413.75 161.00 20.50 50.00 -1.215649
660 399.45 158.18 22.38 54.58 -1.561545
660 608.85 201.54 31.54 76.92 -2.044497
690 605.99 182.92 26.57 64.81 0.708335
690 599.50 206.00 41.00 100.00 -1.182170
690 527.75 241.00 20.50 50.00 -1.335763
690 406.48 154.38 26.57 64.81 -1.773346
690 515.20 170.38 37.52 91.50 -1.923400
690 569.16 218.82 28.92 70.53 -1.926489
690 380.37 193.66 24.37 59.45 -2.058445
690 613.77 9.08 26.57 64.81 -4.787701
720 208.28 151.06 28.92 70.53 0.185148
720 271.74 177.73 26.57 64.81 0.019710
720 592.00 178.22 48.64 118.64 -0.833752
720 561.75 173.00 20.50 50.00 -0.926100
720 498.85 189.65 34.37 83.83 -1.159552
720 197.00 151.06 28.92 70.53 -1.403143
720 388.27 182.94 34.37 83.83 -1.627628
750 239.30 187.76 28.92 70.53 0.551323
750 248.85 176.92 31.54 76.92 -0.245800
750 420.82 191.29 24.37 59.45 -0.902259
750 521.77 151.64 22.38 54.58 -1.075559
750 209.75 147.00 20.50 50.00 -1.505075
750 -0.35 159.53 28.92 70.53 -1.823900
750 573.09 222.18 24.37 59.45 -1.895336
780 213.92 193.41 28.92 70.53 0.680423
780 147.02 135.94 34.37 83.83 0.445448
780 520.49 136.22 26.57 64.81 0.219783
780 216.74 151.06 28.92 70.53 -1.150003
780 592.00 178.22 48.64 118.64 -1.464179
780 543.79 120.00 28.92 70.53 -1.840751
780 556.77 54.19 52.90 129.03 -2.213414
780 -0.25 53.00 20.50 50.00 -3.323782
810 180.52 196.36 34.37 83.83 -0.164582
810 583.26 80.47 28.92 70.53 -0.746007
810 584.23 112.31 31.54 76.92 -0.889302
810 519.75 153.00 20.50 50.00 -1.020166
810 557.89 114.35 28.92 70.53 -1.152248
810 546.40 123.24 26.57 64.81 -1.324291
810 473.75 175.00 20.50 50.00 -1.567948
810 235.24 93.86 24.37 59.45 -1.696878
810 606.07 62.10 34.37 83.83 -1.827392
810 606.07 102.38 34.37 83.83 -2.074265
840 221.75 109.00 20.50 50.00 -0.060161
840 475.75 163.00 20.50 50.00 -0.977802
840 170.07 187.72 48.64 118.64 -1.064665
840 423.48 103.64 22.38 54.58 -1.237625
840 559.75 141.00 20.50 50.00 -1.557164
840 139.50 134.00 41.00 100.00 -1.695496
840 546.40 128.43 26.57 64.81 -1.874455
840 577.69 46.15 63.08 153.85 -2.028849
840 231.26 103.64 22.38 54.58 -2.134964
840 383.50 258.00 41.00 100.00 -2.951563
870 169.25 202.91 44.67 108.95 -0.016123
870 182.40 174.05 37.52 91.50 -1.528322
870 229.75 205.00 20.50 50.00 -1.625572
870 565.52 25.85 75.52 184.20 -2.747059
870 383.50 266.00 41.00 100.00 -2.832636
870 421.77 351.27 44.67 108.95 -5.667142
900 231.75 121.00 20.50 50.00 -1.044670
900 196.31 208.36 22.38 54.58 -1.053309
900 427.85 114.55 22.38 54.58 -1.202897
900 479.75 173.00 20.50 50.00 -1.210681
900 136.96 152.73 34.37 83.83 -1.253878
900 577.69 58.46 63.08 153.85 -1.444455
900 171.43 214.35 37.52 91.50 -2.331717
900 430.03 398.18 22.38 54.58 -10.862159
930 233.75 123.00 20.50 50.00 -0.704225
930 220.34 118.91 22.38 54.58 -0.742443
930 178.74 166.72 37.52 91.50 -0.862968
930 423.48 118.91 22.38 54.58 -0.869941
930 546.61 136.94 28.92 70.53 -1.266355
930 170.47 219.86 34.37 83.83 -1.331110
930 143.66 156.08 34.37 83.83 -1.750462
930 491.75 191.00 20.50 50.00 -2.168113
930 565.52 40.62 75.52 184.20 -2.209250
930 383.50 274.00 41.00 100.00 -3.473193
960 574.80 136.94 28.92 70.53 0.221669
960 592.12 143.76 24.37 59.45 -0.512494
960 427.85 118.91 22.38 54.58 -0.546757
960 484.21 188.11 26.57 64.81 -0.802689
960 544.23 133.85 31.54 76.92 -0.836740
960 159.23 175.38 63.08 153.85 -0.984088
960 228.10 115.25 24.37 59.45 -1.116836
960 619.75 153.00 20.50 50.00 -1.301423
990 173.61 211.64 44.67 108.95 -0.731191
990 228.10 115.25 24.37 59.45 -0.790810
990 475.90 175.64 22.38 54.58 -0.931200
990 219.75 125.00 20.50 50.00 -1.090750
990 555.07 136.94 28.92 70.53 -1.218141
990 543.79 136.94 28.92 70.53 -1.357686
990 429.75 125.00 20.50 50.00 -1.655304
990 565.52 40.62 75.52 184.20 -1.954767
990 255.00 284.00 82.00 200.00 -3.428981
1020 574.80 139.76 28.92 70.53 0.478423
1020 590.45 144.00 26.57 64.81 -0.246619
1020 559.35 146.59 26.57 64.81 -0.310857
1020 175.50 222.00 41.00 100.00 -0.496300
1020 546.40 146.59 26.57 64.81 -1.315499
1020 130.26 159.44 34.37 83.83 -1.329510
1020 463.48 198.49 26.57 64.81 -1.529462
1020 221.75 127.00 20.50 50.00 -1.618653
1020 230.48 120.00 24.37 59.45 -1.929623
1020 606.07 132.59 34.37 83.83 -1.981063
1020 572.57 99.02 34.37 83.83 -2.118208
1020 613.77 71.35 26.57 64.81 -2.855238
1050 180.53 206.12 57.98 141.42 -0.431174
1050 240.00 132.00 22.38 54.58 -1.144969
1050 194.13 156.00 22.38 54.58 -1.176680
1050 521.77 171.27 22.38 54.58 -1.414693
1050 225.75 135.00 20.50 50.00 -1.560592
1050 559.00 36.00 82.00 200.00 -2.823977
1050 -0.25 215.00 20.50 50.00 -2.902507
1050 263.00 284.00 82.00 200.00 -3.922930
1080 590.45 159.57 26.57 64.81 0.832966
1080 608.85 149.23 31.54 76.92 -0.021743
1080 219.92 206.27 26.57 64.81 -0.244206
1080 556.43 162.77 24.37 59.45 -0.367765
1080 394.65 141.39 24.37 59.45 -0.385427
1080 565.77 152.31 31.54 76.92 -0.512822
1080 -0.38 161.54 31.54 76.92 -0.751523
1080 431.75 175.00 20.50 50.00 -0.856083
1080 211.92 226.15 31.54 76.92 -1.267650
1080 619.75 131.00 20.50 50.00 -1.282041
1080 -0.32 206.27 26.57 64.81 -1.884873
1080 417.42 209.03 52.90 129.03 -2.005619
1080 219.50 282.00 41.00 100.00 -3.760307
1110 611.45 162.35 28.92 70.53 0.596200
1110 242.38 229.31 24.37 59.45 -0.299315
1110 87.75 215.00 20.50 50.00 -1.211398
1110 249.75 211.00 20.50 50.00 -1.418498
1110 567.50 150.00 41.00 100.00 -1.708183
1110 254.28 219.80 24.37 59.45 -1.747027
1110 587.75 89.00 20.50 50.00 -2.097299
1110 559.75 189.00 20.50 50.00 -2.245837
1140 608.85 152.31 31.54 76.92 0.869664
1140 261.75 227.00 20.50 50.00 0.561061
1140 265.75 207.00 20.50 50.00 0.051047
1140 513.61 193.66 24.37 59.45 -0.677391
1140 582.86 141.82 44.67 108.95 -1.015347
1140 131.20 170.38 37.52 91.50 -1.181486
1140 419.74 207.53 28.92 70.53 -1.756257
1170 256.21 213.18 28.92 70.53 0.562994
1170 606.07 146.01 34.37 83.83 -0.058559
1170 213.79 186.55 22.38 54.58 -0.812428
1170 581.75 127.00 20.50 50.00 -1.283594
1170 541.75 195.00 20.50 50.00 -1.765097
1170 263.97 198.49 26.57 64.81 -2.255720
1170 599.50 82.00 41.00 100.00 -2.661893
1200 251.90 196.04 24.37 59.45 -0.462671
1200 174.47 186.55 22.38 54.58 -0.768910
1200 242.38 160.40 24.37 59.45 -1.014002
1200 78.36 214.91 22.38 54.58 -1.244048
1200 149.75 221.00 20.50 50.00 -1.358037
1200 532.51 182.12 28.92 70.53 -1.361507
1200 619.75 127.00 20.50 50.00 -1.371948
1200 225.75 141.00 20.50 50.00 -1.845750
1200 379.80 217.09 22.38 54.58 -2.513638
1230 247.75 197.00 20.50 50.00 0.380607
1230 -0.38 186.15 31.54 76.92 -0.839140
1230 611.45 190.59 28.92 70.53 -1.040103
1230 236.48 156.71 28.92 70.53 -1.306125
1230 39.04 214.91 22.38 54.58 -1.338436
1230 617.88 125.45 22.38 54.58 -1.455546
1230 453.57 159.53 28.92 70.53 -1.702372
1230 599.75 121.00 20.50 50.00 -2.093960
1230 586.08 193.41 28.92 70.53 -2.154942
1260 619.75 99.00 20.50 50.00 0.308954
1260 230.48 203.17 24.37 59.45 0.128673
1260 342.66 197.45 22.38 54.58 -0.418186
1260 599.50 130.00 41.00 100.00 -0.442920
1260 220.73 142.66 34.37 83.83 -0.514847
1260 139.75 163.00 20.50 50.00 -1.321226
1260 155.75 175.00 20.50 50.00 -1.343792
1260 503.75 137.00 20.50 50.00 -1.432656
1260 447.75 185.00 20.50 50.00 -1.555494
1260 189.75 169.00 20.50 50.00 -1.936618
1260 -0.25 213.00 20.50 50.00 -2.843042
1290 211.75 193.00 20.50 50.00 1.922359
1290 165.75 169.00 20.50 50.00 0.520937
1290 367.75 181.00 20.50 50.00 -0.163951
1290 565.46 197.45 22.38 54.58 -0.325761
1290 456.69 141.07 37.52 91.50 -0.800466
1290 395.75 181.00 20.50 50.00 -1.179642
1290 199.62 149.23 31.54 76.92 -1.447085
1290 116.28 160.40 24.37 59.45 -1.491534
1290 132.16 151.06 28.92 70.53 -1.536670
1320 159.75 191.00 20.50 50.00 0.592372
1320 355.75 177.00 20.50 50.00 -0.225894
1320 266.17 200.79 24.37 59.45 -0.366675
1320 544.54 198.42 24.37 59.45 -0.514257
1320 539.75 131.00 20.50 50.00 -0.940250
1320 451.75 191.00 20.50 50.00 -1.180830
1320 379.75 177.00 20.50 50.00 -1.253133
1320 463.48 120.65 26.57 64.81 -1.495826
1320 587.26 140.20 48.64 118.64 -1.576369
1320 90.11 160.40 24.37 59.45 -1.648987
1320 135.15 160.36 22.38 54.58 -1.660351
1320 111.52 155.64 24.37 59.45 -1.858528
1350 105.75 191.00 20.50 50.00 1.162612
1350 595.92 159.27 44.67 108.95 -0.177621
1350 492.19 184.16 24.37 59.45 -0.352755
1350 351.40 173.45 22.38 54.58 -0.523338
1350 217.33 195.89 26.57 64.81 -0.793962
1350 515.30 112.86 26.57 64.81 -1.088798
1350 446.99 184.16 24.37 59.45 -1.315621
1350 100.73 156.97 26.57 64.81 -1.648767
1350 608.85 100.00 31.54 76.92 -1.916751
1350 465.75 195.00 20.50 50.00 -2.041183
1350 56.80 148.51 24.37 59.45 -2.162562
1380 170.69 201.08 26.57 64.81 -0.204065
1380 61.75 191.00 20.50 50.00 -0.532595
1380 -0.35 145.41 28.92 70.53 -0.697755
1380 362.32 169.09 22.38 54.58 -0.771239
1380 497.75 116.73 22.38 54.58 -0.838288
1380 518.41 187.76 28.92 70.53 -0.940213
1380 195.75 173.00 20.50 50.00 -1.085246
1380 493.75 203.00 20.50 50.00 -1.096353
1380 196.31 147.27 22.38 54.58 -1.354707
1380 83.75 229.00 20.50 50.00 -1.488328
1380 89.75 139.00 20.50 50.00 -1.547117
1380 377.75 179.00 20.50 50.00 -1.723955
1380 193.75 233.00 20.50 50.00 -1.875686
1380 502.12 193.09 22.38 54.58 -1.992652
1380 49.66 184.16 24.37 59.45 -2.363283
1410 173.75 137.00 20.50 50.00 0.126060
1410 157.07 186.29 34.37 83.83 -0.453924
1410 431.75 181.00 20.50 50.00 -0.476626
1410 183.87 115.80 34.37 83.83 -0.524654
1410 419.75 183.00 20.50 50.00 -0.610160
1410 80.55 125.45 22.38 54.58 -0.771815
1410 -0.25 127.00 20.50 50.00 -0.899931
1410 182.90 210.30 24.37 59.45 -1.455759
1410 181.15 149.23 31.54 76.92 -1.525463
1410 32.49 184.36 22.38 54.58 -1.859945
1410 587.36 229.31 24.37 59.45 -1.945712
1410 4.10 169.09 22.38 54.58 -2.161265
1410 591.56 58.91 44.67 108.95 -2.863975
1440 140.31 186.29 34.37 83.83 0.291985
1440 159.50 182.00 41.00 100.00 -0.191400
1440 180.09 122.82 28.92 70.53 -0.306616
1440 477.75 179.00 20.50 50.00 -0.312815
1440 71.08 115.25 24.37 59.45 -0.430623
1440 197.28 112.45 34.37 83.83 -1.084623
1440 590.45 99.89 26.57 64.81 -1.116700
1440 266.21 151.64 22.38 54.58 -1.194516
1440 240.00 158.18 22.38 54.58 -1.197633
1440 175.50 186.00 41.00 100.00 -1.318547
1440 499.75 193.00 20.50 50.00 -1.390380
1440 48.91 221.84 26.57 64.81 -1.528754
1440 162.69 112.31 31.54 76.92 -1.532055
1440 229.75 165.00 20.50 50.00 -1.586223
1440 63.07 186.55 22.38 54.58 -1.587469
1440 619.75 65.00 20.50 50.00 -1.685982
1440 619.75 93.00 20.50 50.00 -1.713469
1440 15.02 182.18 22.38 54.58 -1.718209
1440 456.25 195.27 22.38 54.58 -1.889834
1440 617.88 199.64 22.38 54.58 -2.456386
1470 193.75 141.00 20.50 50.00 0.302142
1470 151.84 185.45 44.67 108.95 0.056430
1470 249.75 135.00 20.50 50.00 0.050755
1470 584.98 224.55 24.37 59.45 0.020049
1470 142.19 190.70 26.57 64.81 0.019557
1470 23.00 229.62 26.57 64.81 -0.314898
1470 373.24 169.09 22.38 54.58 -0.409195
1470 170.47 105.73 34.37 83.83 -0.710774
1470 202.87 134.18 22.38 54.58 -0.788204
1470 596.04 238.91 22.38 54.58 -0.958211
1470 436.59 156.00 22.38 54.58 -1.015056
1470 52.15 114.55 22.38 54.58 -1.160004
1470 619.75 137.00 20.50 50.00 -1.491894
1470 270.93 153.27 24.37 59.45 -1.772857
1470 -0.30 165.15 24.37 59.45 -2.145442
1470 478.94 210.35 28.92 70.53 -2.573708
1470 617.88 62.18 22.38 54.58 -2.578925
1470 613.77 29.84 26.57 64.81 -2.614302
1470 584.98 27.33 24.37 59.45 -3.938217
1470 611.75 9.00 20.50 50.00 -4.717090
1500 441.75 159.00 20.50 50.00 2.176496
1500 154.71 128.47 28.92 70.53 0.766269
1500 615.91 181.78 24.37 59.45 0.670153
1500 238.06 131.03 26.57 64.81 0.427729
1500 108.44 197.23 48.64 118.64 -0.079103
1500 187.23 122.52 34.37 83.83 -0.731908
1500 380.57 172.54 26.57 64.81 -0.751960
1500 551.77 166.72 37.52 91.50 -0.812363
1500 515.60 169.51 34.37 83.83 -0.888915
1500 159.75 109.00 20.50 50.00 -0.902663
1500 367.61 164.76 26.57 64.81 -0.903883
1500 170.47 112.45 34.37 83.83 -0.997315
1500 248.42 128.43 26.57 64.81 -1.356547
1500 113.68 112.86 26.57 64.81 -1.836705
1500 82.69 198.46 31.54 76.92 -1.849148
1500 180.52 174.65 24.37 59.45 -1.979279
1500 617.88 29.45 22.38 54.58 -2.940678
1500 619.75 5.00 20.50 50.00 -3.985049
1530 411.75 157.00 20.50 50.00 1.829074
1530 78.22 139.01 24.37 59.45 0.154848
1530 602.97 177.71 37.52 91.50 -0.324383
1530 333.75 165.00 20.50 50.00 -0.959367
1530 613.77 138.81 26.57 64.81 -0.980998
1530 184.23 127.69 31.54 76.92 -1.154292
1530 538.08 173.85 31.54 76.92 -1.252237
1530 346.97 163.05 37.52 91.50 -1.423466
1530 90.88 89.45 44.67 108.95 -1.713413
1530 131.20 86.11 37.52 91.50 -1.923886
1530 55.00 115.38 31.54 76.92 -1.968257
1530 167.75 193.00 20.50 50.00 -2.322505
1530 561.19 215.05 24.37 59.45 -2.387837
1560 403.75 159.00 20.50 50.00 3.438482
1560 595.92 159.27 44.67 108.95 1.092966
1560 6.28 140.73 22.38 54.58 1.029731
1560 107.75 125.00 20.50 50.00 -0.115744
1560 15.75 145.00 20.50 50.00 -0.344896
1560 84.92 197.45 22.38 54.58 -0.553350
1560 374.63 134.12 28.92 70.53 -0.604634
1560 93.65 197.45 22.38 54.58 -0.695259
1560 67.31 87.69 31.54 76.92 -0.905911
1560 137.80 120.00 28.92 70.53 -1.207269
1560 33.01 129.50 24.37 59.45 -1.295072
1560 617.88 84.00 22.38 54.58 -1.609351
1560 21.11 129.50 24.37 59.45 -1.795000
1560 -0.25 149.00 20.50 50.00 -1.901912
1560 113.68 190.70 26.57 64.81 -2.009957
1590 439.75 155.00 20.50 50.00 1.539194
1590 589.75 161.00 20.50 50.00 0.016631
1590 121.46 120.65 26.57 64.81 -0.084698
1590 80.59 100.99 24.37 59.45 -0.239408
1590 33.48 117.18 28.92 70.53 -0.342705
1590 131.82 118.05 26.57 64.81 -0.624090
1590 9.63 203.08 34.37 83.83 -0.824825
1590 591.75 147.00 20.50 50.00 -0.967028
1590 519.75 135.00 20.50 50.00 -1.054163
1590 109.60 117.18 28.92 70.53 -1.611707
1590 -0.38 195.38 31.54 76.92 -1.675577
1590 609.75 79.00 20.50 50.00 -1.680883
1590 191.42 115.46 26.57 64.81 -1.857786
1590 154.71 108.71 28.92 70.53 -2.216556
1590 90.05 72.17 34.37 83.83 -2.232244
1620 -0.71 172.24 57.98 141.42 0.697217
1620 606.07 112.45 34.37 83.83 -0.578515
1620 41.75 107.00 20.50 50.00 -0.648918
1620 10.04 128.43 26.57 64.81 -0.797024
1620 76.77 59.35 52.90 129.03 -0.991240
1620 377.75 161.00 20.50 50.00 -1.025549
1620 366.10 150.89 24.37 59.45 -1.207780
1620 2.27 120.65 26.57 64.81 -1.303618
1620 557.75 135.00 20.50 50.00 -1.317935
1620 456.69 111.76 37.52 91.50 -1.385282
1620 199.50 114.00 41.00 100.00 -1.386347
1620 79.50 138.00 41.00 100.00 -1.534000
1620 118.06 54.19 52.90 129.03 -2.124179
1620 -0.42 78.88 34.37 83.83 -2.472537
1620 315.75 401.00 20.50 50.00 -11.190380
1650 17.20 142.91 22.38 54.58 0.889979
1650 142.19 128.43 26.57 64.81 0.065614
1650 3.20 218.02 37.52 91.50 0.024120
1650 6.28 142.91 22.38 54.58 -0.067460
1650 481.76 159.53 28.92 70.53 -0.176850
1650 85.39 113.85 63.08 153.85 -0.267037
1650 365.02 162.16 26.57 64.81 -0.351657
1650 393.75 153.00 20.50 50.00 -0.743331
1650 550.17 160.36 22.38 54.58 -0.788151
1650 617.88 153.82 22.38 54.58 -0.806269
1650 80.00 78.42 48.64 118.64 -0.827257
1650 537.06 166.91 22.38 54.58 -0.945859
1650 43.75 123.00 20.50 50.00 -1.066199
1650 132.94 129.50 24.37 59.45 -1.349404
1650 473.75 179.00 20.50 50.00 -1.536956
1650 423.20 150.89 24.37 59.45 -1.598227
1650 223.35 165.15 24.37 59.45 -1.656876
1650 25.87 141.39 24.37 59.45 -1.817933
1650 -0.30 103.37 24.37 59.45 -1.993560
1650 455.75 41.00 20.50 50.00 -3.501126
1650 -0.27 286.91 22.38 54.58 -4.714026
1680 504.94 185.51 26.57 64.81 0.680167
1680 491.19 190.91 22.38 54.58 -0.039936
1680 107.74 141.94 52.90 129.03 -0.134464
1680 123.23 100.65 52.90 129.03 -0.471347
1680 574.80 176.47 28.92 70.53 -0.816864
1680 83.35 102.38 34.37 83.83 -0.920876
1680 30.66 148.24 28.92 70.53 -1.052265
1680 347.03 186.55 22.38 54.58 -1.093526
1680 -0.30 165.15 24.37 59.45 -1.272632
1680 228.10 184.16 24.37 59.45 -1.554768
1680 4.52 224.52 52.90 129.03 -2.059664
1710 122.67 149.70 48.64 118.64 0.665195
1710 39.75 183.00 20.50 50.00 0.478765
1710 353.58 188.73 22.38 54.58 0.269798
1710 608.85 176.92 31.54 76.92 0.230136
1710 412.56 184.36 22.38 54.58 -0.125315
1710 17.20 153.82 22.38 54.58 -0.364213
1710 215.97 169.09 22.38 54.58 -0.414779
1710 537.40 196.04 24.37 59.45 -0.609457
1710 75.26 87.92 48.64 118.64 -0.757918
1710 3.75 153.00 20.50 50.00 -0.992024
1710 117.93 111.68 48.64 118.64 -1.007768
1710 575.46 207.92 24.37 59.45 -1.245557
1710 21.75 187.00 20.50 50.00 -1.392643
1710 619.75 93.00 20.50 50.00 -1.599234
1710 517.41 212.73 22.38 54.58 -1.768520
1710 -0.84 206.20 69.16 168.67 -1.865158
1740 571.33 127.06 57.98 141.42 0.881511
1740 119.75 155.00 20.50 50.00 0.869551
1740 419.11 184.36 22.38 54.58 -0.410952
1740 127.41 159.21 48.64 118.64 -0.494926
1740 56.30 92.67 48.64 118.64 -0.629308
1740 611.45 204.71 28.92 70.53 -0.887272
1740 214.51 149.65 57.98 141.42 -0.999327
1740 513.75 207.00 20.50 50.00 -1.112665
1740 109.14 143.76 24.37 59.45 -1.118653
1740 -0.38 167.69 31.54 76.92 -1.146120
1740 46.32 162.16 26.57 64.81 -1.380515
1740 430.03 186.55 22.38 54.58 -1.766475
1740 -0.71 217.41 57.98 141.42 -1.815004
1740 -0.42 82.24 34.37 83.83 -2.546634
1740 525.67 48.00 26.57 64.81 -2.622826
1740 461.75 37.00 20.50 50.00 -3.076282
1770 439.75 193.00 20.50 50.00 1.272479
1770 449.75 193.00 20.50 50.00 0.462334
1770 121.04 141.39 24.37 59.45 0.042817
1770 23.04 199.72 34.37 83.83 -0.049847
1770 -0.54 216.00 44.67 108.95 -0.076115
1770 106.77 143.76 24.37 59.45 -0.159305
1770 529.75 205.00 20.50 50.00 -0.718303
1770 489.75 203.00 20.50 50.00 -0.995400
1770 229.75 181.00 20.50 50.00 -1.061145
1770 3.75 185.00 20.50 50.00 -1.403564
1770 40.65 85.16 52.90 129.03 -1.498965
1770 205.77 155.38 31.54 76.92 -1.526373
1770 27.85 116.44 48.64 118.64 -1.578137
1770 431.75 191.00 20.50 50.00 -1.593728
1770 84.92 151.64 22.38 54.58 -1.743314
1770 -0.27 64.36 22.38 54.58 -1.761013
1770 338.01 199.72 34.37 83.83 -1.860687
1770 551.23 30.55 89.69 218.76 -3.157652
1770 -0.25 41.00 20.50 50.00 -3.243009
1770 2.47 295.06 28.92 70.53 -4.821423
1800 483.75 197.00 20.50 50.00 1.918265
1800 615.91 196.04 24.37 59.45 0.835860
1800 491.75 193.00 20.50 50.00 0.402654
1800 617.75 223.00 20.50 50.00 -0.007241
1800 528.33 195.27 22.38 54.58 -0.052023
1800 217.75 175.00 20.50 50.00 -0.098758
1800 118.06 147.10 52.90 129.03 -0.277200
1800 67.05 146.59 26.57 64.81 -0.807404
1800 603.40 201.08 26.57 64.81 -0.901235
1800 3.75 201.00 20.50 50.00 -0.956265
1800 619.75 109.00 20.50 50.00 -0.993223
1800 95.55 136.22 26.57 64.81 -1.021870
1800 12.63 64.22 69.16 168.67 -1.110694
1800 436.59 166.91 22.38 54.58 -1.273858
1800 551.75 117.00 20.50 50.00 -1.590024
1800 407.75 173.00 20.50 50.00 -1.777540
1800 3.75 261.00 20.50 50.00 -2.004054
1800 535.33 91.77 28.92 70.53 -2.492129
1830 546.40 185.51 26.57 64.81 2.113897
1830 559.35 180.32 26.57 64.81 0.854103
1830 145.75 141.00 20.50 50.00 0.068708
1830 538.62 177.73 26.57 64.81 -0.383605
1830 397.75 181.00 20.50 50.00 -1.214305
1830 381.75 177.00 20.50 50.00 -1.339311
1830 403.75 187.00 20.50 50.00 -1.804087
1830 46.57 33.60 98.11 239.31 -2.226567
1830 -1.10 30.55 89.69 218.76 -2.722649
