30 425.98 139.02 40.00 97.56 116.56
30 614.04 62.74 22.47 54.79 46.88
30 185.99 39.10 31.71 77.35 35.89
30 123.75 185.43 17.83 43.48 19.89
30 447.29 111.96 50.80 123.90 3.08
60 470.54 166.46 25.23 61.54 128.84
60 594.32 56.16 22.47 54.79 35.21
60 449.24 137.83 35.65 86.96 27.91
60 281.00 18.77 25.23 61.54 22.43
60 107.74 185.48 22.47 54.79 11.89
60 482.53 174.52 22.47 54.79 10.82
90 355.33 162.17 35.65 86.96 174.35
90 522.28 19.57 35.65 86.96 71.68
90 510.63 14.32 31.71 77.35 41.15
90 42.28 16.09 35.65 86.96 37.28
90 515.33 36.96 35.65 86.96 27.97
90 525.93 130.46 45.20 110.24 20.07
90 500.08 161.54 25.23 61.54 13.00
90 340.55 104.04 45.20 110.24 6.70
90 557.67 139.66 28.28 68.97 5.85
90 148.90 123.41 40.00 97.56 4.59
120 87.50 9.13 35.65 86.96 71.20
120 5.95 170.00 28.28 68.97 59.66
120 77.07 26.52 35.65 86.96 43.31
120 128.38 127.08 25.23 61.54 25.37
120 261.94 141.04 63.78 155.55 20.30
120 88.97 130.46 45.20 110.24 18.26
150 443.70 138.69 80.85 197.19 158.68
150 40.92 74.69 100.71 245.62 36.88
150 541.55 66.23 63.78 155.55 33.17
150 564.57 73.91 71.30 173.91 32.40
150 412.10 138.69 80.85 197.19 8.02
180 158.53 115.87 17.83 43.48 50.52
180 112.12 97.81 22.47 54.79 45.51
180 96.38 92.62 25.23 61.54 42.27
180 546.10 192.05 22.47 54.79 41.90
180 532.72 9.13 35.65 86.96 24.74
180 243.63 161.37 22.47 54.79 21.34
180 467.34 162.97 31.71 77.35 14.58
180 484.73 181.10 22.47 54.79 8.77
210 539.40 178.48 17.83 43.48 31.11
210 17.93 75.22 35.65 86.96 25.48
210 579.82 139.76 20.00 48.78 19.87
210 519.79 194.25 22.47 54.79 9.97
210 508.84 5.75 22.47 54.79 9.10
210 74.86 185.48 22.47 54.79 4.31
240 484.02 12.61 35.65 86.96 39.37
240 522.23 198.46 25.23 61.54 29.95
240 7.50 207.39 35.65 86.96 25.60
240 95.91 194.39 20.00 48.78 24.64
240 468.10 44.57 17.83 43.48 21.93
240 410.21 176.71 22.47 54.79 14.98
240 452.99 188.54 20.00 48.78 9.24
240 109.57 196.34 20.00 48.78 8.15
240 74.86 185.48 22.47 54.79 5.66
270 508.10 190.65 17.83 43.48 97.88
270 490.71 190.65 17.83 43.48 85.78
270 557.61 87.83 71.30 173.91 52.16
270 435.33 151.74 35.65 86.96 40.69
270 121.59 123.41 40.00 97.56 29.79
270 497.66 194.13 17.83 43.48 29.34
270 141.93 77.61 45.20 110.24 22.24
300 574.59 178.90 22.47 54.79 134.14
300 549.40 175.52 28.28 68.97 78.10
300 11.30 189.86 22.47 54.79 75.58
300 29.57 198.29 20.00 48.78 69.70
300 541.12 183.79 28.28 68.97 46.83
300 454.94 186.59 20.00 48.78 42.40
300 40.74 67.87 80.85 197.19 34.74
300 5.49 202.83 17.83 43.48 34.36
300 139.67 89.13 35.65 86.96 30.10
300 362.95 92.16 50.80 123.90 25.11
330 18.90 40.36 89.69 218.76 64.90
330 487.23 187.17 17.83 43.48 45.40
330 497.88 178.90 22.47 54.79 38.57
330 197.60 189.86 22.47 54.79 33.14
330 588.37 99.57 35.65 86.96 28.10
330 303.88 164.48 28.28 68.97 23.93
330 536.89 188.54 20.00 48.78 15.91
330 124.81 67.42 50.80 123.90 14.27
330 511.58 114.13 17.83 43.48 9.05
330 407.50 158.70 35.65 86.96 7.04
360 529.62 178.77 25.23 61.54 100.08
360 541.55 169.16 31.71 77.35 59.62
360 173.96 180.73 20.00 48.78 43.72
360 552.59 80.69 56.55 137.93 42.12
360 29.84 206.30 17.83 43.48 36.36
360 504.02 170.24 40.00 97.56 36.02
360 116.29 186.55 28.28 68.97 31.23
360 290.09 153.45 28.28 68.97 29.43
360 601.59 88.29 40.00 97.56 26.25
360 77.07 99.57 35.65 86.96 23.58
360 5.49 187.17 17.83 43.48 18.96
360 410.37 146.83 40.00 97.56 6.51
360 22.93 75.17 56.55 137.93 4.46
390 162.53 167.95 22.47 54.79 49.17
390 9.11 200.82 22.47 54.79 47.60
390 71.51 40.36 89.69 218.76 46.40
390 531.04 83.17 20.00 48.78 37.48
390 180.08 156.62 25.23 61.54 32.06
390 37.38 200.24 20.00 48.78 27.28
390 61.12 181.03 28.28 68.97 26.34
390 441.81 178.28 28.28 68.97 23.06
390 459.72 196.51 45.20 110.24 16.87
390 8.41 49.27 40.00 97.56 10.15
390 361.81 142.41 28.28 68.97 7.33
390 172.69 149.23 25.23 61.54 6.04
390 50.09 172.76 28.28 68.97 3.45
420 94.18 197.61 17.83 43.48 66.54
420 74.91 161.72 28.28 68.97 37.52
420 19.61 22.60 63.78 155.55 34.99
420 421.31 146.77 25.23 61.54 33.63
420 433.62 146.77 25.23 61.54 26.70
420 450.85 154.15 25.23 61.54 23.79
420 499.40 96.74 17.83 43.48 20.68
420 356.79 171.52 17.83 43.48 19.47
420 27.46 200.92 25.23 61.54 13.05
420 477.07 158.70 35.65 86.96 12.67
420 5.31 109.85 25.23 61.54 12.19
420 271.85 137.83 35.65 86.96 8.44
420 54.94 192.44 20.00 48.78 4.59
420 488.41 170.24 40.00 97.56 4.01
420 111.58 195.87 17.83 43.48 3.64
450 596.08 173.85 25.23 61.54 137.35
450 447.23 175.00 17.83 43.48 53.24
450 420.97 150.58 31.71 77.35 52.35
450 477.92 171.38 25.23 61.54 51.94
450 509.57 174.88 20.00 48.78 51.07
450 6.67 147.48 31.71 77.35 40.55
450 330.29 84.94 63.78 155.55 34.14
450 519.33 170.98 20.00 48.78 28.92
450 540.79 172.93 20.00 48.78 14.27
450 17.88 205.21 22.47 54.79 13.50
450 43.23 200.24 20.00 48.78 6.63
450 389.40 150.69 28.28 68.97 2.72
480 469.38 176.71 22.47 54.79 104.02
480 355.43 190.49 20.00 48.78 53.71
480 523.00 172.26 31.71 77.35 51.61
480 508.84 172.33 22.47 54.79 47.49
480 60.79 194.39 20.00 48.78 38.05
480 432.12 163.56 22.47 54.79 34.24
480 80.27 194.13 17.83 43.48 21.23
480 210.75 156.99 22.47 54.79 20.79
480 13.49 203.01 22.47 54.79 17.47
480 480.27 178.48 17.83 43.48 17.39
480 451.04 186.59 20.00 48.78 12.86
480 232.37 135.10 31.71 77.35 8.15
480 41.28 202.20 20.00 48.78 6.63
510 517.31 171.38 25.23 61.54 91.84
510 571.47 167.24 28.28 68.97 64.37
510 507.46 171.38 25.23 61.54 49.80
510 189.57 161.22 20.00 48.78 38.37
510 365.18 190.49 20.00 48.78 36.86
510 371.34 135.12 40.00 97.56 35.25
510 10.70 141.65 50.80 123.90 11.76
540 553.59 162.17 35.65 86.96 155.30
540 538.45 169.16 31.71 77.35 106.65
540 482.01 173.26 17.83 43.48 39.20
570 535.24 158.54 40.00 97.56 205.26
570 515.73 162.44 40.00 97.56 191.08
570 554.91 7.24 28.28 68.97 61.80
570 507.46 144.31 25.23 61.54 42.19
570 497.66 84.57 17.83 43.48 25.34
570 541.55 11.23 31.71 77.35 15.15
570 461.16 135.10 31.71 77.35 11.82
600 491.94 151.55 50.80 123.90 209.02
600 464.14 161.28 45.20 110.24 152.92
600 502.93 20.00 56.55 137.93 65.66
600 574.59 7.95 22.47 54.79 50.81
600 61.55 14.48 56.55 137.93 38.00
600 367.13 153.41 20.00 48.78 29.45
600 480.61 189.76 40.00 97.56 19.32
630 414.27 154.63 40.00 97.56 93.77
630 516.70 16.36 63.78 155.55 74.04
630 495.92 168.04 17.83 43.48 51.76
630 375.24 115.61 40.00 97.56 46.56
630 530.62 44.26 80.85 197.19 35.30
630 55.35 22.89 50.80 123.90 28.67
630 601.28 7.07 20.00 48.78 26.84
630 400.54 151.74 35.65 86.96 21.73
630 480.38 154.15 25.23 61.54 10.70
660 510.49 16.36 63.78 155.55 61.11
660 497.87 169.02 20.00 48.78 52.40
660 414.27 158.54 40.00 97.56 41.30
660 165.49 180.22 17.83 43.48 35.20
660 375.24 119.51 40.00 97.56 34.17
660 605.27 5.75 22.47 54.79 29.88
660 538.52 20.66 80.85 197.19 17.58
690 160.86 163.45 56.55 137.93 148.63
690 377.00 151.69 25.23 61.54 74.01
690 510.49 16.36 63.78 155.55 72.00
690 139.69 171.34 50.80 123.90 70.01
690 50.52 20.00 56.55 137.93 52.45
690 392.16 142.41 28.28 68.97 46.23
690 495.91 170.98 20.00 48.78 41.29
690 603.08 5.75 22.47 54.79 35.04
690 149.61 201.03 50.80 123.90 31.25
690 415.59 156.88 45.20 110.24 28.64
690 480.43 153.45 28.28 68.97 27.31
720 44.47 159.74 63.78 155.55 212.55
720 526.67 22.89 50.80 123.90 58.51
720 25.83 141.04 63.78 155.55 54.66
720 375.14 161.37 22.47 54.79 44.32
720 516.29 90.00 28.28 68.97 37.78
720 599.05 7.24 28.28 68.97 36.49
720 469.84 176.74 17.83 43.48 25.60
720 415.59 161.28 45.20 110.24 25.37
720 403.63 207.40 22.47 54.79 23.62
720 494.18 181.96 17.83 43.48 23.42
720 581.16 5.75 22.47 54.79 11.68
720 392.16 145.17 28.28 68.97 6.49
750 515.87 18.26 71.30 173.91 68.37
750 497.87 176.83 20.00 48.78 60.80
750 599.05 10.00 28.28 68.97 47.18
750 206.37 163.56 22.47 54.79 41.26
750 145.00 183.29 22.47 54.79 24.44
750 480.43 158.97 28.28 68.97 21.87
750 398.64 122.34 63.78 155.55 19.59
750 543.70 46.09 71.30 173.91 17.31
750 377.00 156.62 25.23 61.54 12.32
750 579.82 5.12 20.00 48.78 10.76
750 468.10 176.74 17.83 43.48 3.36
780 516.70 22.60 63.78 155.55 70.32
780 495.91 178.78 20.00 48.78 51.94
780 374.54 159.08 25.23 61.54 29.07
780 599.05 12.76 28.28 68.97 24.40
780 480.43 161.72 28.28 68.97 8.26
810 375.24 131.22 40.00 97.56 66.78
810 515.87 18.26 71.30 173.91 62.72
810 494.18 185.43 17.83 43.48 44.82
810 594.11 8.13 31.71 77.35 42.43
810 538.52 52.13 80.85 197.19 14.41
810 425.55 185.48 22.47 54.79 10.83
810 513.72 162.97 31.71 77.35 2.70
840 516.70 22.60 63.78 155.55 59.41
840 495.68 174.52 22.47 54.79 47.05
840 375.24 131.22 40.00 97.56 46.88
840 603.46 6.46 25.23 61.54 41.58
840 439.33 202.20 20.00 48.78 21.14
840 480.43 161.72 28.28 68.97 9.11
870 441.28 204.15 20.00 48.78 90.89
870 497.87 178.78 20.00 48.78 57.79
870 510.49 16.36 63.78 155.55 56.99
870 599.05 10.00 28.28 68.97 37.12
870 379.15 131.22 40.00 97.56 35.59
870 469.84 178.48 17.83 43.48 21.46
870 480.43 161.72 28.28 68.97 17.15
870 145.62 186.15 25.23 61.54 14.99
870 530.62 28.52 80.85 197.19 12.18
900 515.87 18.26 71.30 173.91 65.56
900 603.46 6.46 25.23 61.54 56.63
900 374.54 159.08 25.23 61.54 47.40
900 442.61 178.45 31.71 77.35 44.49
900 495.68 174.52 22.47 54.79 29.77
900 20.08 198.46 25.23 61.54 15.71
900 476.62 153.68 31.71 77.35 10.22
900 468.10 178.48 17.83 43.48 8.85
900 538.52 52.13 80.85 197.19 4.97
900 396.69 149.23 25.23 61.54 4.72
930 510.49 22.60 63.78 155.55 58.53
930 374.54 159.08 25.23 61.54 53.71
930 596.29 7.24 28.28 68.97 47.70
930 493.96 182.68 20.00 48.78 42.79
930 392.16 150.69 28.28 68.97 37.66
930 438.80 165.65 35.65 86.96 20.37
930 406.76 161.28 45.20 110.24 9.94
930 62.88 204.57 17.83 43.48 4.80
930 469.84 180.22 17.83 43.48 2.88
960 133.28 168.97 56.55 137.93 173.64
960 149.83 185.52 56.55 137.93 103.53
960 508.91 18.26 71.30 173.91 57.28
960 374.54 159.08 25.23 61.54 49.35
960 494.18 185.43 17.83 43.48 48.58
960 597.20 11.23 31.71 77.35 47.60
960 117.97 221.81 31.71 77.35 42.69
960 406.76 165.69 45.20 110.24 21.25
960 154.13 226.96 71.30 173.91 16.82
960 391.77 149.23 25.23 61.54 10.14
960 536.16 40.36 89.69 218.76 7.73
990 420.17 174.48 56.55 137.93 72.16
990 508.91 18.26 71.30 173.91 57.92
990 375.24 131.22 40.00 97.56 53.77
990 495.92 185.43 17.83 43.48 44.11
990 599.05 12.76 28.28 68.97 37.86
990 140.62 183.29 22.47 54.79 30.34
990 538.52 52.13 80.85 197.19 27.88
990 406.76 161.28 45.20 110.24 22.84
990 437.66 143.67 45.20 110.24 19.88
990 111.15 183.69 25.23 61.54 7.15
1020 539.17 183.30 45.20 110.24 198.26
1020 508.91 18.26 71.30 173.91 71.91
1020 374.54 159.08 25.23 61.54 53.96
1020 497.87 180.73 20.00 48.78 50.88
1020 597.20 8.13 31.71 77.35 43.52
1020 440.89 189.86 22.47 54.79 42.64
1020 138.23 183.69 25.23 61.54 39.52
1020 519.63 158.54 40.00 97.56 16.43
1020 538.52 44.26 80.85 197.19 15.28
1050 510.49 22.60 63.78 155.55 65.87
1050 494.18 185.43 17.83 43.48 47.16
1050 411.17 165.69 45.20 110.24 44.34
1050 597.20 8.13 31.71 77.35 41.32
1050 375.24 131.22 40.00 97.56 40.25
1050 199.79 165.75 22.47 54.79 21.92
1050 536.16 40.36 89.69 218.76 18.51
1050 518.80 158.70 35.65 86.96 16.78
1080 508.91 18.26 71.30 173.91 65.13
1080 70.48 176.71 22.47 54.79 55.00
1080 495.91 178.78 20.00 48.78 47.85
1080 597.20 8.13 31.71 77.35 35.34
1080 375.24 131.22 40.00 97.56 24.06
1080 138.42 183.29 22.47 54.79 21.47
1080 511.85 155.22 35.65 86.96 18.62
1080 480.43 161.72 28.28 68.97 18.36
1080 179.81 187.74 31.71 77.35 15.67
1080 444.57 153.45 28.28 68.97 13.29
1080 409.00 205.85 25.23 61.54 7.13
1080 538.52 52.13 80.85 197.19 4.62
1110 516.70 22.60 63.78 155.55 66.09
1110 497.87 178.78 20.00 48.78 36.69
1110 488.11 178.78 20.00 48.78 27.93
1110 597.20 8.13 31.71 77.35 27.80
1110 431.21 108.28 56.55 137.93 27.80
1110 536.74 46.09 71.30 173.91 16.61
1110 189.57 217.80 20.00 48.78 0.29
1140 510.49 16.36 63.78 155.55 71.17
1140 466.36 178.48 17.83 43.48 39.94
1140 443.75 192.39 17.83 43.48 35.81
1140 597.20 8.13 31.71 77.35 30.77
1140 375.24 127.32 40.00 97.56 24.21
1140 494.18 183.70 17.83 43.48 16.79
1140 515.33 158.70 35.65 86.96 10.39
1140 536.16 40.36 89.69 218.76 9.66
1170 516.70 22.60 63.78 155.55 70.97
1170 135.77 176.31 25.23 61.54 64.60
1170 443.75 192.39 17.83 43.48 58.85
1170 599.05 10.00 28.28 68.97 52.02
1170 469.84 178.48 17.83 43.48 41.90
1170 377.00 156.62 25.23 61.54 40.42
1170 495.68 174.52 22.47 54.79 40.33
1170 392.16 150.69 28.28 68.97 18.90
1170 406.76 165.69 45.20 110.24 17.94
1170 190.78 186.55 28.28 68.97 16.17
1170 538.52 52.13 80.85 197.19 9.94
1200 510.49 16.36 63.78 155.55 62.12
1200 495.91 178.78 20.00 48.78 49.99
1200 597.20 11.23 31.71 77.35 47.78
1200 111.15 183.69 25.23 61.54 41.77
1200 375.24 127.32 40.00 97.56 35.80
1200 443.75 192.39 17.83 43.48 2.29
1230 516.70 22.60 63.78 155.55 64.51
1230 442.01 194.13 17.83 43.48 45.64
1230 136.23 185.48 22.47 54.79 40.30
1230 497.66 185.43 17.83 43.48 37.89
1230 597.20 8.13 31.71 77.35 34.31
1230 375.24 131.22 40.00 97.56 25.15
1230 543.70 53.04 71.30 173.91 6.43
1230 581.31 6.46 25.23 61.54 1.72
1230 617.66 164.57 17.83 43.48 1.05
1260 597.20 175.35 31.71 77.35 168.85
1260 510.49 28.83 63.78 155.55 65.07
1260 499.82 178.78 20.00 48.78 37.45
1260 375.60 158.97 28.28 68.97 34.29
1260 483.19 161.72 28.28 68.97 33.05
1260 443.23 190.49 20.00 48.78 31.82
1260 603.46 6.46 25.23 61.54 28.06
1260 439.33 170.98 20.00 48.78 13.21
1290 581.74 172.26 31.71 77.35 225.45
1290 516.70 16.36 63.78 155.55 64.56
1290 595.33 162.17 35.65 86.96 58.76
1290 379.15 127.32 40.00 97.56 55.21
1290 497.88 174.52 22.47 54.79 54.24
1290 134.04 183.29 22.47 54.79 52.15
1290 469.84 176.74 17.83 43.48 32.94
1290 597.20 8.13 31.71 77.35 21.59
1290 483.19 158.97 28.28 68.97 19.99
1290 439.33 169.02 20.00 48.78 17.68
1290 536.74 46.09 71.30 173.91 10.26
1320 571.47 178.28 28.28 68.97 266.97
1320 599.05 10.00 28.28 68.97 61.06
1320 497.87 180.73 20.00 48.78 59.52
1320 582.50 175.52 28.28 68.97 51.02
1320 521.71 17.94 50.80 123.90 50.79
1320 135.77 176.31 25.23 61.54 47.40
1320 374.54 159.08 25.23 61.54 36.79
1320 602.28 169.13 35.65 86.96 34.92
1320 441.28 172.93 20.00 48.78 28.53
1320 469.84 180.22 17.83 43.48 23.00
1320 519.90 91.74 31.71 77.35 18.58
1320 543.70 46.09 71.30 173.91 16.07
1320 106.23 178.77 25.23 61.54 6.38
1320 476.62 153.68 31.71 77.35 2.07
1350 560.43 175.52 28.28 68.97 273.11
1350 593.62 178.77 25.23 61.54 161.35
1350 571.47 175.52 28.28 68.97 63.62
1350 510.49 16.36 63.78 155.55 61.58
1350 599.05 10.00 28.28 68.97 42.80
1350 495.91 180.73 20.00 48.78 39.00
1350 372.84 156.21 28.28 68.97 22.57
1350 583.77 176.31 25.23 61.54 18.13
1350 480.43 161.72 28.28 68.97 14.61
1350 132.99 208.05 20.00 48.78 13.51
1380 552.16 178.28 28.28 68.97 269.03
1380 579.74 178.28 28.28 68.97 182.91
1380 510.49 22.60 63.78 155.55 67.26
1380 493.96 178.78 20.00 48.78 54.21
1380 541.12 175.52 28.28 68.97 47.30
1380 603.08 14.52 22.47 54.79 45.85
1380 371.34 131.22 40.00 97.56 22.55
1380 441.28 172.93 20.00 48.78 12.18
1410 546.85 178.77 25.23 61.54 284.16
1410 569.00 181.23 25.23 61.54 167.85
1410 497.87 178.78 20.00 48.78 109.66
1410 556.69 181.23 25.23 61.54 80.62
1410 516.70 22.60 63.78 155.55 50.34
1410 135.77 178.77 25.23 61.54 44.37
1410 597.20 11.23 31.71 77.35 39.13
1410 375.24 131.22 40.00 97.56 34.09
1410 519.63 146.83 40.00 97.56 23.40
1410 485.31 168.92 25.23 61.54 4.82
1440 537.00 178.77 25.23 61.54 271.07
1440 561.62 178.77 25.23 61.54 199.35
1440 497.87 182.68 20.00 48.78 87.22
1440 549.40 170.00 28.28 68.97 56.48
1440 522.91 22.60 63.78 155.55 49.01
1440 528.56 185.48 22.47 54.79 41.50
1440 130.85 181.23 25.23 61.54 34.20
1440 597.20 8.13 31.71 77.35 29.30
1440 437.66 134.86 45.20 110.24 18.26
1440 574.46 308.26 35.65 86.96 4.95
1470 532.08 178.77 25.23 61.54 163.58
1470 121.00 181.23 25.23 61.54 69.75
1470 504.45 174.52 22.47 54.79 69.69
1470 546.10 181.10 22.47 54.79 56.85
1470 516.70 16.36 63.78 155.55 50.11
1470 607.33 7.24 28.28 68.97 22.81
1470 587.74 187.67 22.47 54.79 18.84
1470 379.15 127.32 40.00 97.56 17.96
1470 523.75 192.39 17.83 43.48 16.67
1470 583.36 5.75 22.47 54.79 13.80
1470 428.83 121.65 45.20 110.24 3.54
1470 469.84 178.48 17.83 43.48 3.12
1470 223.90 341.10 22.47 54.79 2.54
1470 495.68 174.52 22.47 54.79 2.22
1500 529.13 16.36 63.78 155.55 69.73
1500 88.71 178.28 28.28 68.97 63.60
1500 376.03 124.83 56.55 137.93 61.99
1500 5.31 193.54 25.23 61.54 48.36
1500 405.95 288.62 28.28 68.97 15.95
1500 511.52 180.73 20.00 48.78 15.86
1530 20.08 208.31 25.23 61.54 60.89
1530 455.60 194.83 28.28 68.97 41.65
1530 468.90 197.56 40.00 97.56 33.89
1530 338.60 118.60 114.81 280.01 25.00
1530 549.31 100.00 25.23 61.54 12.88
1530 563.62 14.48 56.55 137.93 12.75
1530 216.74 129.57 71.30 173.91 2.93
1560 428.37 176.09 35.65 86.96 39.05
1560 127.23 201.09 17.83 43.48 20.68
1560 39.48 31.03 56.55 137.93 16.24
1560 581.24 191.13 50.80 123.90 12.71
1560 586.23 100.00 25.23 61.54 8.86
1560 96.98 192.07 28.28 68.97 7.43
1560 480.61 185.85 40.00 97.56 4.53
1590 452.84 189.31 28.28 68.97 37.36
1590 602.28 50.87 35.65 86.96 29.08
1590 82.26 200.24 20.00 48.78 29.07
1590 499.45 183.30 45.20 110.24 22.61
1590 206.67 122.95 80.85 197.19 12.99
1620 136.52 11.23 31.71 77.35 38.58
1620 143.88 172.76 28.28 68.97 36.23
1620 541.55 190.84 31.71 77.35 32.07
1620 369.59 22.91 89.69 218.76 10.38
1650 530.52 168.97 56.55 137.93 40.83
1650 226.65 161.22 20.00 48.78 27.98
1650 10.06 213.90 20.00 48.78 27.63
1650 130.85 154.15 25.23 61.54 24.05
1650 140.79 174.88 20.00 48.78 21.01
1680 117.68 131.22 40.00 97.56 77.74
1680 546.51 186.19 50.80 123.90 41.20
1680 570.37 178.05 40.00 97.56 24.79
1680 393.89 64.44 182.22 444.44 12.71
1710 117.68 131.22 40.00 97.56 35.64
1710 570.07 139.27 45.20 110.24 34.46
1710 600.89 185.48 22.47 54.79 29.41
1710 151.58 190.65 17.83 43.48 27.16
1710 351.85 141.30 35.65 86.96 26.16
1710 542.74 28.54 20.00 48.78 21.30
1740 148.10 195.87 17.83 43.48 43.13
1740 120.27 197.61 17.83 43.48 38.76
1740 360.82 145.09 89.69 218.76 35.60
1740 556.79 213.26 17.83 43.48 25.65
1770 98.17 142.93 40.00 97.56 48.38
1770 124.15 162.97 31.71 77.35 46.46
1770 3.75 112.39 17.83 43.48 45.18
1770 361.36 153.51 63.78 155.55 33.73
1770 582.50 211.38 28.28 68.97 28.83
1770 446.30 199.13 71.30 173.91 9.35
1800 111.58 201.09 17.83 43.48 64.36
1800 123.75 204.57 17.83 43.48 63.69
1800 101.14 204.57 17.83 43.48 56.38
1800 448.35 209.61 63.78 155.55 29.29
1800 130.71 202.83 17.83 43.48 25.47
1800 94.18 201.09 17.83 43.48 21.85
1800 80.16 12.99 50.80 123.90 18.38
1800 484.56 185.58 114.81 280.01 10.72
1800 380.79 9.02 20.00 48.78 9.85
1830 70.55 204.15 20.00 48.78 120.08
1830 108.10 202.83 17.83 43.48 117.01
1830 101.14 202.83 17.83 43.48 78.51
1830 84.21 198.29 20.00 48.78 77.06
1830 408.01 181.10 22.47 54.79 60.29
1830 588.02 194.83 28.28 68.97 45.60
1830 141.12 10.00 28.28 68.97 41.42
1830 76.40 198.29 20.00 48.78 38.22
1830 84.55 15.96 45.20 110.24 33.82
1830 423.36 84.66 22.47 54.79 33.72
1830 14.18 136.74 17.83 43.48 30.37
1830 457.26 22.91 89.69 218.76 29.94
1830 425.67 180.73 20.00 48.78 22.50
1830 593.32 4.57 17.83 43.48 17.38
1830 188.84 178.90 22.47 54.79 16.53
1830 400.30 178.78 20.00 48.78 6.82
1830 11.30 196.44 22.47 54.79 3.20
