30 436.43 187.74 31.71 77.35 120.09
30 571.52 115.65 71.30 173.91 83.61
30 60.31 126.80 50.80 123.90 66.54
30 160.43 200.34 28.28 68.97 63.42
30 10.98 12.61 35.65 86.96 52.15
30 425.26 192.07 28.28 68.97 49.39
30 90.06 7.07 20.00 48.78 41.17
30 185.26 153.45 28.28 68.97 37.05
30 416.98 200.34 28.28 68.97 33.17
30 305.24 152.48 45.20 110.24 29.78
30 474.79 66.55 89.69 218.76 28.76
30 427.15 97.94 31.71 77.35 28.38
30 143.88 45.86 28.28 68.97 27.70
30 84.55 143.67 45.20 110.24 21.19
30 453.31 208.31 25.23 61.54 20.08
30 398.53 206.30 17.83 43.48 13.93
30 210.75 110.96 22.47 54.79 7.40
30 363.23 198.29 20.00 48.78 0.72
60 396.30 154.43 80.85 197.19 133.54
60 348.37 196.96 35.65 86.96 123.63
60 428.83 280.18 45.20 110.24 108.15
60 359.63 181.95 40.00 97.56 62.81
60 99.42 156.77 31.71 77.35 57.38
60 337.49 209.42 31.71 77.35 36.02
60 123.75 129.78 17.83 43.48 35.26
60 22.50 147.93 28.28 68.97 34.69
60 50.39 47.63 50.80 123.90 33.80
60 96.78 205.21 22.47 54.79 31.09
60 134.18 187.17 17.83 43.48 27.50
60 397.93 280.18 45.20 110.24 25.39
60 343.67 94.84 31.71 77.35 23.89
60 5.31 156.62 25.23 61.54 14.49
60 41.28 188.54 20.00 48.78 3.00
90 127.65 178.03 80.85 197.19 198.57
90 595.33 196.96 35.65 86.96 135.77
90 181.66 183.30 45.20 110.24 86.84
90 160.61 88.29 40.00 97.56 61.28
90 570.37 10.24 40.00 97.56 58.88
90 70.46 104.08 100.71 245.62 50.04
90 7.23 181.96 17.83 43.48 34.98
90 215.09 29.30 114.81 280.01 21.61
90 348.89 115.08 80.85 197.19 0.44
120 273.15 188.73 89.69 218.76 287.00
120 333.18 201.03 50.80 123.90 130.51
120 249.14 213.10 56.55 137.93 96.27
120 481.09 115.65 71.30 173.91 78.88
120 15.68 102.19 22.47 54.79 40.78
120 450.90 134.86 45.20 110.24 17.32
120 365.00 108.28 56.55 137.93 10.40
150 27.67 84.00 89.69 218.76 33.68
150 501.35 218.71 31.71 77.35 27.00
150 369.59 110.18 89.69 218.76 17.68
150 63.46 69.23 126.15 307.69 16.09
150 11.30 161.37 22.47 54.79 12.10
150 198.46 35.51 100.71 245.62 4.15
180 320.34 75.89 22.47 54.79 43.50
180 12.85 11.23 31.71 77.35 35.17
180 306.65 77.32 20.00 48.78 32.55
180 164.35 82.45 31.71 77.35 32.46
180 361.36 109.87 63.78 155.55 28.00
180 287.47 71.51 22.47 54.79 21.11
180 29.84 268.91 17.83 43.48 20.83
180 504.45 172.33 22.47 54.79 14.81
180 428.37 123.91 35.65 86.96 13.63
180 38.53 272.39 17.83 43.48 9.10
210 482.53 45.21 22.47 54.79 42.94
210 287.47 176.71 22.47 54.79 41.08
210 527.33 186.55 28.28 68.97 38.28
210 305.00 178.90 22.47 54.79 36.80
210 66.85 63.08 25.23 61.54 23.05
210 189.30 126.80 50.80 123.90 20.56
210 84.08 70.46 25.23 61.54 19.92
210 28.10 208.04 17.83 43.48 19.84
210 8.71 175.52 28.28 68.97 14.87
210 575.92 8.04 17.83 43.48 14.09
210 504.45 196.44 22.47 54.79 10.96
210 581.24 17.94 50.80 123.90 9.22
210 491.47 15.52 28.28 68.97 4.61
240 128.38 176.31 25.23 61.54 62.16
240 430.78 7.24 28.28 68.97 57.50
240 138.23 176.31 25.23 61.54 54.02
240 475.46 208.31 25.23 61.54 53.40
240 25.83 103.64 63.78 155.55 49.30
240 535.24 14.15 40.00 97.56 42.89
240 153.00 178.77 25.23 61.54 40.98
240 212.08 173.85 25.23 61.54 36.07
240 550.85 14.15 40.00 97.56 35.59
240 90.06 184.63 20.00 48.78 22.13
240 532.72 203.91 35.65 86.96 19.30
240 564.02 200.43 35.65 86.96 12.94
240 454.18 204.57 17.83 43.48 9.47
240 422.50 18.28 28.28 68.97 7.80
270 472.97 156.88 45.20 110.24 67.05
270 611.85 196.44 22.47 54.79 61.24
270 461.16 184.65 31.71 77.35 49.43
270 614.94 26.59 20.00 48.78 46.62
270 199.77 173.85 25.23 61.54 41.26
270 494.46 200.43 35.65 86.96 40.95
270 563.75 53.26 17.83 43.48 37.40
270 33.97 130.34 56.55 137.93 36.12
270 535.14 5.75 22.47 54.79 32.99
270 591.15 8.92 25.23 61.54 22.03
270 187.46 173.85 25.23 61.54 20.55
270 45.18 108.54 20.00 48.78 15.61
270 353.53 153.45 28.28 68.97 8.43
300 527.44 185.85 40.00 97.56 88.47
300 168.71 164.48 28.28 68.97 68.37
300 607.33 7.24 28.28 68.97 59.89
300 4.73 189.86 22.47 54.79 46.82
300 435.43 5.12 20.00 48.78 42.75
300 496.90 166.39 50.80 123.90 40.18
300 547.77 128.57 63.78 155.55 29.81
300 470.54 68.00 25.23 61.54 11.43
300 559.15 50.77 25.23 61.54 9.75
330 9.52 152.48 45.20 110.24 65.76
330 422.88 169.78 17.83 43.48 28.19
330 140.79 153.41 20.00 48.78 22.44
330 611.04 147.56 20.00 48.78 12.45
330 522.01 260.22 17.83 43.48 10.93
360 610.09 250.00 28.28 68.97 31.61
360 494.46 148.26 35.65 86.96 18.46
360 603.46 213.23 25.23 61.54 16.86
360 607.33 18.28 28.28 68.97 16.81
360 370.09 145.17 28.28 68.97 11.56
360 132.84 158.97 28.28 68.97 4.21
360 102.50 150.69 28.28 68.97 2.42
390 7.23 192.39 17.83 43.48 41.67
390 59.67 106.52 35.65 86.96 39.44
390 223.05 123.41 40.00 97.56 20.29
390 132.99 190.49 20.00 48.78 15.04
420 8.11 213.90 20.00 48.78 76.65
420 14.46 144.78 35.65 86.96 58.52
420 42.28 144.78 35.65 86.96 17.01
420 610.71 175.00 17.83 43.48 13.04
450 386.65 141.71 20.00 48.78 61.33
450 199.05 139.66 28.28 68.97 28.36
450 4.21 176.83 20.00 48.78 26.48
450 176.71 91.74 31.71 77.35 14.62
450 442.07 95.23 45.20 110.24 6.28
480 520.27 155.87 17.83 43.48 65.52
480 280.89 128.49 22.47 54.79 28.18
480 179.74 131.38 28.28 68.97 19.97
480 591.16 77.32 50.80 123.90 17.75
480 394.23 127.08 25.23 61.54 17.55
480 571.32 77.32 50.80 123.90 6.01
510 587.62 153.41 20.00 48.78 85.64
510 170.71 152.39 17.83 43.48 66.05
510 397.05 121.92 22.47 54.79 37.48
510 532.45 169.78 17.83 43.48 29.30
510 331.47 112.07 28.28 68.97 29.21
510 589.57 172.93 20.00 48.78 27.41
510 13.49 69.32 22.47 54.79 24.34
510 508.45 47.59 56.55 137.93 13.21
510 32.38 161.54 25.23 61.54 9.05
510 75.05 81.09 17.83 43.48 2.17
540 53.04 162.97 31.71 77.35 143.21
540 40.68 162.97 31.71 77.35 81.00
540 125.76 137.83 35.65 86.96 74.88
540 111.85 134.35 35.65 86.96 41.64
540 499.01 60.00 80.85 197.19 37.55
540 435.43 161.22 20.00 48.78 34.78
540 574.18 169.78 17.83 43.48 30.16
540 375.14 143.84 22.47 54.79 23.84
540 94.46 130.87 35.65 86.96 20.50
540 455.92 166.30 17.83 43.48 19.75
540 408.60 132.00 31.71 77.35 19.05
540 270.78 128.62 28.28 68.97 17.01
540 611.85 170.14 22.47 54.79 16.32
540 615.77 191.08 25.23 61.54 10.95
540 209.62 139.38 25.23 61.54 -0.03
570 428.10 168.04 17.83 43.48 64.22
570 417.66 166.30 17.83 43.48 52.62
570 140.69 154.15 25.23 61.54 39.39
570 174.22 150.69 28.28 68.97 35.24
570 71.58 176.74 17.83 43.48 28.76
570 199.77 154.15 25.23 61.54 28.09
570 495.68 34.25 22.47 54.79 22.77
570 384.38 149.23 25.23 61.54 17.43
570 334.40 128.90 31.71 77.35 4.59
570 10.23 65.54 25.23 61.54 2.39
600 6.16 186.59 20.00 48.78 92.59
600 419.82 170.98 20.00 48.78 73.95
600 456.89 176.83 20.00 48.78 73.68
600 431.52 170.98 20.00 48.78 65.16
600 513.53 12.76 28.28 68.97 55.92
600 589.57 186.59 20.00 48.78 30.66
600 11.90 75.17 56.55 137.93 28.24
600 247.50 127.39 35.65 86.96 25.34
600 109.84 185.43 17.83 43.48 23.34
600 476.79 181.96 17.83 43.48 19.13
600 5.49 114.13 17.83 43.48 17.41
600 394.23 159.08 25.23 61.54 16.26
600 575.92 181.96 17.83 43.48 14.29
630 31.03 124.11 22.47 54.79 57.50
630 427.74 170.14 22.47 54.79 52.73
630 43.23 190.49 20.00 48.78 49.49
630 607.13 190.49 20.00 48.78 48.06
630 532.08 178.77 25.23 61.54 37.58
630 243.75 175.00 17.83 43.48 27.50
630 35.43 190.49 20.00 48.78 9.37
630 57.00 181.23 25.23 61.54 9.16
660 25.26 78.97 28.28 68.97 75.51
660 88.11 192.44 20.00 48.78 68.62
660 491.30 165.75 22.47 54.79 44.38
660 530.09 164.48 28.28 68.97 42.99
660 445.92 166.46 25.23 61.54 37.30
660 7.77 139.38 25.23 61.54 31.09
660 157.67 158.97 28.28 68.97 29.38
660 581.74 169.16 31.71 77.35 19.87
690 467.34 162.97 31.71 77.35 85.24
690 27.62 196.34 20.00 48.78 53.25
690 512.38 161.54 25.23 61.54 37.15
690 90.21 113.15 22.47 54.79 30.30
690 7.77 77.85 25.23 61.54 25.30
690 574.46 155.22 35.65 86.96 21.30
690 396.40 178.78 20.00 48.78 20.70
690 139.67 144.78 35.65 86.96 11.55
690 74.23 75.38 25.23 61.54 5.37
720 508.37 158.70 35.65 86.96 56.68
720 53.04 54.58 31.71 77.35 42.75
720 6.16 79.27 20.00 48.78 42.35
720 66.10 104.38 22.47 54.79 35.50
720 415.92 171.52 17.83 43.48 31.62
720 49.62 97.54 25.23 61.54 23.01
720 250.06 165.12 20.00 48.78 15.35
720 165.95 158.97 28.28 68.97 14.53
720 109.84 192.39 17.83 43.48 10.25
720 482.01 183.70 17.83 43.48 8.33
720 264.62 166.30 17.83 43.48 8.02
720 188.02 167.24 28.28 68.97 1.14
750 574.48 148.07 45.20 110.24 89.01
750 35.73 139.02 40.00 97.56 34.75
750 422.88 171.52 17.83 43.48 34.35
750 25.00 90.15 25.23 61.54 33.19
750 88.97 195.87 17.83 43.48 18.66
750 445.49 188.91 17.83 43.48 14.10
750 214.94 157.32 20.00 48.78 8.09
750 63.15 141.30 35.65 86.96 7.50
750 152.16 158.97 28.28 68.97 5.31
750 539.52 178.90 22.47 54.79 3.70
780 429.57 165.12 20.00 48.78 90.96
780 415.91 163.17 20.00 48.78 34.62
780 157.67 194.83 28.28 68.97 30.56
780 212.95 161.37 22.47 54.79 29.18
780 504.62 185.43 17.83 43.48 28.21
780 459.40 183.70 17.83 43.48 26.45
780 244.08 151.69 25.23 61.54 24.91
780 436.51 165.75 22.47 54.79 15.19
780 151.58 220.55 22.47 54.79 12.84
780 359.13 159.87 31.71 77.35 12.47
780 4.73 128.49 22.47 54.79 7.02
780 72.59 135.86 56.55 137.93 5.47
780 605.49 188.91 17.83 43.48 4.94
810 437.38 159.27 20.00 48.78 87.61
810 520.27 181.96 17.83 43.48 44.77
810 68.29 174.52 22.47 54.79 41.09
810 427.74 156.99 22.47 54.79 36.96
810 355.33 151.74 35.65 86.96 33.47
810 511.58 183.70 17.83 43.48 29.27
810 5.49 185.43 17.83 43.48 24.26
810 33.22 174.52 22.47 54.79 16.68
810 202.23 151.69 25.23 61.54 4.00
840 540.79 174.88 20.00 48.78 90.96
840 443.08 152.60 22.47 54.79 53.97
840 526.37 178.90 22.47 54.79 49.12
840 62.74 180.73 20.00 48.78 49.01
840 49.62 168.92 25.23 61.54 48.57
840 434.32 150.41 22.47 54.79 32.85
840 201.99 152.60 22.47 54.79 24.20
840 423.77 154.15 25.23 61.54 23.51
840 355.73 142.93 40.00 97.56 19.27
840 561.62 168.92 25.23 61.54 16.13
840 490.06 178.78 20.00 48.78 6.16
870 34.85 168.92 25.23 61.54 60.27
870 560.30 174.88 20.00 48.78 59.54
870 449.66 150.41 22.47 54.79 58.10
870 245.82 141.64 22.47 54.79 52.94
870 440.89 150.41 22.47 54.79 43.47
870 201.99 148.22 22.47 54.79 38.06
870 6.16 174.88 20.00 48.78 28.55
870 517.31 168.92 25.23 61.54 20.75
870 432.12 159.18 22.47 54.79 16.95
870 82.26 182.68 20.00 48.78 11.37
900 565.82 178.90 22.47 54.79 82.70
900 245.82 148.22 22.47 54.79 61.77
900 528.56 172.33 22.47 54.79 49.98
900 451.85 156.99 22.47 54.79 49.31
900 508.10 183.70 17.83 43.48 40.19
900 25.26 170.00 28.28 68.97 38.79
900 436.51 152.60 22.47 54.79 30.52
900 70.48 185.48 22.47 54.79 17.62
900 557.07 78.70 35.65 86.96 16.96
900 546.10 178.90 22.47 54.79 15.70
900 240.27 173.26 17.83 43.48 9.87
900 44.18 183.29 22.47 54.79 6.38
930 544.64 178.45 31.71 77.35 113.30
930 19.74 172.76 28.28 68.97 69.22
930 576.78 187.67 22.47 54.79 59.99
930 434.32 159.18 22.47 54.79 42.21
930 536.89 182.68 20.00 48.78 41.79
930 9.11 181.10 22.47 54.79 35.62
930 511.58 187.17 17.83 43.48 29.67
930 454.04 159.18 22.47 54.79 19.50
930 232.16 147.93 28.28 68.97 15.98
930 111.03 134.86 45.20 110.24 13.27
930 66.10 189.86 22.47 54.79 7.92
930 355.41 148.22 22.47 54.79 4.74
960 570.37 178.05 40.00 97.56 125.58
960 3.75 107.17 17.83 43.48 63.48
960 7.77 176.31 25.23 61.54 47.56
960 439.05 164.48 28.28 68.97 44.48
960 560.27 188.91 17.83 43.48 41.81
960 455.60 167.24 28.28 68.97 30.85
960 598.54 191.08 25.23 61.54 30.04
960 480.27 185.43 17.83 43.48 24.98
960 194.85 159.08 25.23 61.54 23.81
960 525.18 198.29 20.00 48.78 22.02
960 593.78 76.59 40.00 97.56 12.14
990 450.85 168.92 25.23 61.54 49.87
990 460.69 166.46 25.23 61.54 34.08
990 10.23 208.31 25.23 61.54 33.97
990 607.13 204.15 20.00 48.78 33.43
990 11.47 106.55 28.28 68.97 30.87
990 549.84 194.13 17.83 43.48 29.69
990 411.47 7.24 28.28 68.97 21.65
990 492.01 180.73 20.00 48.78 21.47
990 130.09 153.45 28.28 68.97 18.29
990 591.15 203.38 25.23 61.54 12.07
990 229.28 150.58 31.71 77.35 3.76
1020 464.25 156.77 31.71 77.35 73.51
1020 518.63 31.64 89.69 218.76 43.89
1020 428.69 151.69 25.23 61.54 41.58
1020 477.67 158.97 28.28 68.97 37.03
1020 508.84 172.33 22.47 54.79 32.79
1020 153.77 163.56 22.47 54.79 17.56
1050 598.70 189.86 22.47 54.79 97.05
1050 570.06 194.39 20.00 48.78 58.84
1050 494.46 148.26 35.65 86.96 37.85
1050 480.54 148.26 35.65 86.96 28.25
1050 219.52 143.84 22.47 54.79 21.48
1050 13.96 10.98 20.00 48.78 16.42
1050 535.14 174.52 22.47 54.79 12.35
1050 133.29 127.32 40.00 97.56 6.83
1080 456.20 148.26 35.65 86.96 68.94
1080 588.10 194.13 17.83 43.48 66.44
1080 151.58 180.22 17.83 43.48 64.74
1080 463.15 169.13 35.65 86.96 26.44
1080 597.68 150.73 40.00 97.56 25.73
1080 82.56 119.51 40.00 97.56 10.78
1110 497.93 144.78 35.65 86.96 58.93
1110 543.70 115.65 71.30 173.91 36.17
1110 114.32 135.07 22.47 54.79 16.14
1110 379.46 6.46 25.23 61.54 12.24
1140 501.41 127.39 35.65 86.96 59.25
1140 499.45 161.28 45.20 110.24 28.39
1140 15.15 100.00 25.23 61.54 16.40
1140 355.41 156.99 22.47 54.79 14.20
1140 128.38 112.31 25.23 61.54 2.44
1170 567.50 113.48 35.65 86.96 71.12
1170 102.88 188.91 17.83 43.48 68.74
1170 7.77 215.69 25.23 61.54 58.57
1170 585.26 164.48 28.28 68.97 37.92
1170 597.20 181.55 31.71 77.35 24.76
1170 529.13 122.34 63.78 155.55 19.77
1170 357.31 156.62 25.23 61.54 15.43
1200 49.09 186.59 20.00 48.78 133.91
1200 28.84 58.36 22.47 54.79 43.22
1200 598.80 155.22 35.65 86.96 33.05
1200 346.36 25.43 17.83 43.48 31.24
1200 116.51 165.75 22.47 54.79 28.74
1200 234.23 168.92 25.23 61.54 26.28
1200 421.31 166.46 25.23 61.54 14.56
1200 482.80 8.13 31.71 77.35 11.91
1200 458.23 40.92 25.23 61.54 9.05
1230 433.78 139.02 40.00 97.56 65.94
1230 97.66 185.43 17.83 43.48 51.12
1230 565.49 190.65 17.83 43.48 48.81
1230 133.43 156.77 31.71 77.35 28.09
1230 44.47 91.17 63.78 155.55 27.82
1230 115.43 151.46 20.00 48.78 21.67
1230 6.16 7.07 20.00 48.78 18.20
1230 367.44 166.34 40.00 97.56 14.85
1260 46.37 181.10 22.47 54.79 51.40
1260 447.29 116.91 50.80 123.90 48.68
1260 562.26 188.54 20.00 48.78 11.42
1260 368.41 132.00 31.71 77.35 10.76
1260 482.85 168.92 25.23 61.54 8.49
1260 228.60 163.17 20.00 48.78 5.09
1290 217.33 146.03 22.47 54.79 46.08
1290 522.01 161.09 17.83 43.48 43.83
1290 529.18 153.68 31.71 77.35 37.37
1290 499.82 169.02 20.00 48.78 29.13
1290 445.27 67.12 22.47 54.79 18.93
1290 27.93 115.61 40.00 97.56 9.20
1320 565.95 145.17 28.28 68.97 28.61
1320 491.47 170.00 28.28 68.97 11.93
1320 472.09 62.47 50.80 123.90 11.20
1320 204.18 143.84 22.47 54.79 5.74
1320 597.20 29.81 31.71 77.35 5.24
1350 5.31 168.92 25.23 61.54 37.02
1350 187.46 141.85 25.23 61.54 36.91
1350 587.72 165.69 45.20 110.24 29.17
1350 511.85 165.65 35.65 86.96 16.98
1380 139.67 137.83 35.65 86.96 41.24
1380 7.50 61.30 35.65 86.96 36.21
1380 169.11 152.60 22.47 54.79 31.35
1380 502.88 129.78 17.83 43.48 20.30
1380 176.98 142.41 28.28 68.97 2.70
1410 508.28 183.30 45.20 110.24 44.00
1410 171.30 161.37 22.47 54.79 39.17
1410 109.88 139.02 40.00 97.56 34.83
1410 342.54 154.15 25.23 61.54 24.06
1440 143.15 141.30 35.65 86.96 34.17
1440 71.58 192.39 17.83 43.48 29.57
1440 336.98 153.45 28.28 68.97 24.24
1440 409.00 191.08 25.23 61.54 14.09
1470 20.62 121.86 50.80 123.90 57.86
1470 133.29 135.12 40.00 97.56 45.99
1470 459.51 75.74 80.85 197.19 44.85
1470 102.88 192.39 17.83 43.48 36.30
1470 7.50 169.13 35.65 86.96 20.89
1470 349.86 150.58 31.71 77.35 16.19
1470 109.84 190.65 17.83 43.48 14.65
1470 119.05 158.97 28.28 68.97 14.39
1500 559.25 192.05 22.47 54.79 80.42
1500 119.86 121.65 45.20 110.24 62.85
1500 102.21 121.65 45.20 110.24 47.26
1500 87.23 192.39 17.83 43.48 40.33
1500 45.18 192.44 20.00 48.78 25.80
1530 4.21 192.44 20.00 48.78 112.28
1530 80.14 130.46 45.20 110.24 37.41
1530 578.90 11.56 45.20 110.24 15.43
1530 43.54 142.93 40.00 97.56 14.24
1530 480.34 165.75 22.47 54.79 14.21
1560 11.90 108.28 56.55 137.93 50.85
1560 80.54 110.00 35.65 86.96 33.76
1560 419.82 180.73 20.00 48.78 18.70
1560 491.30 170.14 22.47 54.79 12.58
1590 156.79 159.35 17.83 43.48 43.33
1590 526.37 161.37 22.47 54.79 21.08
1590 28.45 102.76 56.55 137.93 20.91
1590 580.17 80.69 56.55 137.93 18.01
1590 506.36 168.04 17.83 43.48 11.07
1590 454.04 165.75 22.47 54.79 8.79
1620 581.74 147.48 31.71 77.35 83.44
1620 596.79 46.30 17.83 43.48 35.04
1620 20.08 173.85 25.23 61.54 24.19
1620 435.43 63.66 20.00 48.78 23.36
1620 488.11 194.39 20.00 48.78 17.34
1620 614.18 68.91 17.83 43.48 9.51
1620 175.91 139.76 20.00 48.78 8.34
1620 611.85 170.14 22.47 54.79 2.74
1650 565.49 176.74 17.83 43.48 42.02
1650 55.60 70.69 28.28 68.97 37.79
1650 374.94 137.80 20.00 48.78 31.35
1650 168.97 140.22 17.83 43.48 30.55
1650 3.75 56.74 17.83 43.48 14.10
1650 513.22 159.18 22.47 54.79 11.86
1650 312.50 151.46 20.00 48.78 8.48
1680 593.53 183.79 28.28 68.97 55.26
1680 155.05 157.61 17.83 43.48 18.08
1680 493.96 36.34 20.00 48.78 15.26
1680 4.73 80.27 22.47 54.79 9.72
1710 221.14 169.78 17.83 43.48 59.77
1710 309.84 171.52 17.83 43.48 16.22
1710 611.85 5.75 22.47 54.79 13.18
1740 125.18 167.07 20.00 48.78 46.06
1740 8.11 198.29 20.00 48.78 26.24
1740 322.03 150.58 31.71 77.35 23.57
1740 436.79 171.52 17.83 43.48 7.09
1770 300.62 172.33 22.47 54.79 28.27
1770 248.01 174.52 22.47 54.79 28.02
1770 402.26 176.83 20.00 48.78 27.61
1770 424.62 180.22 17.83 43.48 17.29
1770 448.97 176.74 17.83 43.48 13.83
1770 536.74 87.83 71.30 173.91 10.73
1800 436.79 192.39 17.83 43.48 57.69
1800 484.21 188.54 20.00 48.78 54.13
1800 581.74 153.68 31.71 77.35 52.45
1800 283.75 175.00 17.83 43.48 39.35
1800 519.90 159.87 31.71 77.35 27.14
1830 599.05 192.07 28.28 68.97 39.19
1830 546.10 203.01 22.47 54.79 39.17
1830 29.84 190.65 17.83 43.48 35.43
1830 501.35 181.55 31.71 77.35 14.10
1830 541.12 70.69 28.28 68.97 12.22
1830 391.77 161.54 25.23 61.54 4.67
1860 7.23 183.70 17.83 43.48 141.90
1860 479.71 162.97 31.71 77.35 48.66
1860 504.62 195.87 17.83 43.48 20.15
1860 600.89 78.08 22.47 54.79 14.87
1860 362.22 138.19 31.71 77.35 12.86
1860 454.04 154.79 22.47 54.79 2.90
1890 588.69 65.54 25.23 61.54 64.33
1890 529.78 73.91 71.30 173.91 51.04
1890 303.48 125.81 31.71 77.35 25.32
1890 16.22 127.32 40.00 97.56 1.39
1920 262.88 162.83 17.83 43.48 76.82
1920 221.14 162.83 17.83 43.48 50.57
1920 322.03 116.52 31.71 77.35 44.79
1920 249.00 141.85 25.23 61.54 38.83
1920 217.66 95.00 17.83 43.48 37.09
1920 241.44 150.41 22.47 54.79 33.39
1920 231.58 162.83 17.83 43.48 32.09
1920 133.43 132.00 31.71 77.35 18.41
1920 604.57 45.86 28.28 68.97 15.34
1950 346.64 152.60 22.47 54.79 63.36
1950 204.57 147.93 28.28 68.97 50.89
1950 191.52 172.93 20.00 48.78 44.62
1950 289.24 116.96 35.65 86.96 40.22
1950 12.32 64.88 40.00 97.56 30.68
1950 558.66 115.61 40.00 97.56 17.81
1950 162.26 85.12 20.00 48.78 13.28
1950 15.94 147.48 31.71 77.35 11.38
