30 45.18 188.54 20.00 48.78 97.93
30 36.79 194.13 17.83 43.48 66.23
30 511.85 141.30 35.65 86.96 47.52
30 5.49 194.13 17.83 43.48 34.89
30 151.58 181.10 22.47 54.79 31.87
30 160.38 176.31 25.23 61.54 5.10
60 491.30 161.37 22.47 54.79 76.90
60 70.65 150.43 71.30 173.91 32.80
60 556.83 112.84 45.20 110.24 22.62
60 32.04 103.64 63.78 155.55 14.83
90 532.27 153.68 31.71 77.35 85.93
90 554.45 174.88 20.00 48.78 40.01
90 4.21 94.88 20.00 48.78 38.26
90 614.18 44.57 17.83 43.48 12.88
90 54.54 173.85 25.23 61.54 1.55
120 606.47 153.68 31.71 77.35 125.12
120 605.49 74.13 17.83 43.48 36.87
120 429.57 67.56 20.00 48.78 25.82
120 468.10 157.61 17.83 43.48 23.70
120 610.85 38.46 25.23 61.54 18.94
120 586.23 55.69 25.23 61.54 9.54
120 52.08 119.69 25.23 61.54 4.67
150 514.85 168.92 25.23 61.54 52.01
150 48.97 110.65 17.83 43.48 37.71
150 463.88 59.66 28.28 68.97 26.16
150 121.81 186.55 28.28 68.97 23.95
150 567.23 194.13 17.83 43.48 12.44
150 546.65 178.78 20.00 48.78 11.14
150 469.84 175.00 17.83 43.48 10.49
180 5.31 87.69 25.23 61.54 75.33
180 578.65 175.35 31.71 77.35 69.80
180 131.46 97.40 63.78 155.55 50.39
180 55.14 183.29 22.47 54.79 42.77
180 7.77 200.92 25.23 61.54 30.24
180 502.88 187.17 17.83 43.48 22.30
180 570.06 194.39 20.00 48.78 15.20
180 602.01 201.09 17.83 43.48 15.01
210 540.79 192.44 20.00 48.78 81.53
210 4.73 170.14 22.47 54.79 34.00
210 311.58 180.22 17.83 43.48 23.16
210 78.35 190.49 20.00 48.78 21.33
210 148.60 169.02 20.00 48.78 14.97
210 473.59 144.78 35.65 86.96 11.46
240 600.29 184.65 31.71 77.35 197.10
240 4.21 200.24 20.00 48.78 87.44
240 440.89 176.71 22.47 54.79 66.83
240 80.27 188.91 17.83 43.48 40.85
240 463.15 176.31 25.23 61.54 37.12
240 295.77 166.46 25.23 61.54 25.85
270 474.91 164.48 28.28 68.97 88.06
270 498.26 169.16 31.71 77.35 57.60
270 374.18 180.22 17.83 43.48 51.28
270 42.01 192.39 17.83 43.48 40.89
270 384.62 180.22 17.83 43.48 35.22
270 96.33 156.77 31.71 77.35 18.08
270 236.79 176.74 17.83 43.48 12.99
270 404.21 180.73 20.00 48.78 3.25
300 539.15 158.54 40.00 97.56 131.43
300 577.93 162.17 35.65 86.96 102.48
300 384.70 176.83 20.00 48.78 86.26
300 396.79 181.96 17.83 43.48 86.14
300 403.75 181.96 17.83 43.48 56.29
300 524.57 147.93 28.28 68.97 38.45
300 571.52 39.13 71.30 173.91 35.27
300 442.01 183.70 17.83 43.48 32.37
300 569.00 186.15 25.23 61.54 20.24
300 431.58 180.22 17.83 43.48 13.82
300 412.40 167.95 22.47 54.79 10.21
330 440.89 181.10 22.47 54.79 101.59
330 564.08 168.92 25.23 61.54 42.74
330 392.16 167.24 28.28 68.97 41.55
330 538.36 164.48 28.28 68.97 29.34
330 454.18 188.91 17.83 43.48 27.91
330 499.74 170.00 28.28 68.97 27.30
330 510.63 159.87 31.71 77.35 18.67
330 324.02 148.26 35.65 86.96 15.15
330 552.16 170.00 28.28 68.97 6.07
360 6.16 190.49 20.00 48.78 134.41
360 526.09 178.45 31.71 77.35 40.25
360 477.92 171.38 25.23 61.54 15.92
390 35.05 180.22 17.83 43.48 104.39
390 5.49 178.48 17.83 43.48 92.70
390 21.77 180.73 20.00 48.78 74.57
390 55.60 150.69 28.28 68.97 25.59
390 236.79 168.04 17.83 43.48 24.61
420 526.67 116.91 50.80 123.90 63.67
420 502.93 102.76 56.55 137.93 35.20
420 578.65 175.35 31.71 77.35 11.11
420 256.78 130.68 22.47 54.79 10.81
420 297.29 135.10 31.71 77.35 3.53
450 597.38 46.10 20.00 48.78 56.58
450 292.72 116.96 35.65 86.96 54.95
450 8.41 236.59 40.00 97.56 50.92
450 224.62 107.17 17.83 43.48 35.34
450 589.57 50.00 20.00 48.78 27.24
450 591.15 68.00 25.23 61.54 20.50
450 522.72 60.00 80.85 197.19 20.29
450 5.95 123.10 28.28 68.97 17.00
450 76.69 136.92 25.23 61.54 16.95
450 608.38 161.54 25.23 61.54 7.66
450 476.40 155.37 20.00 48.78 2.06
480 292.72 116.96 35.65 86.96 43.91
480 226.10 146.03 22.47 54.79 42.63
480 569.37 156.77 31.71 77.35 35.95
480 541.55 64.14 56.55 137.93 31.83
480 229.40 106.55 28.28 68.97 20.11
480 591.01 8.13 31.71 77.35 9.10
480 609.66 43.01 22.47 54.79 9.00
480 195.43 163.17 20.00 48.78 8.57
510 243.19 156.21 28.28 68.97 32.78
510 257.87 104.63 20.00 48.78 30.39
510 332.69 154.15 25.23 61.54 27.11
540 585.98 127.32 40.00 97.56 38.46
540 289.39 131.22 40.00 97.56 36.14
540 220.00 159.87 31.71 77.35 21.73
540 239.15 97.54 25.23 61.54 19.24
540 581.41 203.91 35.65 86.96 4.30
570 151.98 159.87 31.71 77.35 57.58
570 377.33 161.37 22.47 54.79 52.00
570 98.97 84.66 22.47 54.79 37.96
570 536.20 176.09 35.65 86.96 37.55
570 241.62 173.85 25.23 61.54 36.00
570 258.17 127.32 40.00 97.56 30.00
570 168.97 88.04 17.83 43.48 15.04
570 596.55 77.61 45.20 110.24 14.46
600 556.83 218.53 45.20 110.24 64.43
600 55.24 154.63 40.00 97.56 58.58
600 83.96 73.16 31.71 77.35 44.71
600 135.77 50.77 25.23 61.54 28.17
600 611.04 42.20 20.00 48.78 21.04
600 525.93 170.09 45.20 110.24 20.65
600 550.85 181.95 40.00 97.56 16.68
600 5.31 75.38 25.23 61.54 15.36
600 327.50 127.39 35.65 86.96 14.57
600 386.96 132.00 31.71 77.35 13.30
600 595.43 44.15 20.00 48.78 0.77
630 605.92 196.00 25.23 61.54 61.38
630 4.73 25.48 22.47 54.79 43.65
630 359.63 127.32 40.00 97.56 37.26
630 4.21 221.71 20.00 48.78 31.67
630 584.83 119.61 31.71 77.35 30.64
630 581.16 189.86 22.47 54.79 28.33
630 96.33 26.71 31.71 77.35 27.43
630 595.33 12.61 35.65 86.96 26.86
630 285.49 123.41 40.00 97.56 26.44
630 191.83 166.34 40.00 97.56 15.39
630 88.01 51.78 22.47 54.79 12.83
630 535.24 166.34 40.00 97.56 11.45
630 31.58 201.09 17.83 43.48 10.30
630 77.07 179.57 35.65 86.96 7.32
630 61.92 36.00 25.23 61.54 3.38
660 534.54 240.31 25.23 61.54 68.49
660 559.25 5.75 22.47 54.79 34.49
660 158.35 153.41 20.00 48.78 33.00
660 267.62 170.98 20.00 48.78 24.27
660 108.70 240.39 31.71 77.35 12.21
660 337.41 119.31 56.55 137.93 12.17
690 543.05 181.95 40.00 97.56 54.76
690 460.78 116.10 63.78 155.55 41.72
690 504.44 138.19 31.71 77.35 36.88
690 337.41 108.28 56.55 137.93 26.43
690 149.84 192.39 17.83 43.48 24.30
690 7.77 193.54 25.23 61.54 18.09
690 66.64 125.86 28.28 68.97 6.70
690 505.26 40.34 28.28 68.97 4.94
720 517.38 65.61 20.00 48.78 51.87
720 132.72 148.26 35.65 86.96 46.64
720 119.33 186.59 20.00 48.78 45.98
720 564.57 108.70 71.30 173.91 45.44
720 546.51 161.44 50.80 123.90 25.80
720 256.78 165.75 22.47 54.79 23.76
720 59.67 116.96 35.65 86.96 22.50
720 236.69 159.08 25.23 61.54 7.16
750 497.87 182.68 20.00 48.78 151.72
750 44.69 183.69 25.23 61.54 100.43
750 54.54 183.69 25.23 61.54 62.57
750 516.74 67.42 50.80 123.90 40.96
750 96.38 144.31 25.23 61.54 31.39
750 250.21 156.99 22.47 54.79 28.74
750 214.94 147.56 20.00 48.78 27.33
780 546.10 165.75 22.47 54.79 225.46
780 22.88 180.22 17.83 43.48 45.50
780 193.53 128.62 28.28 68.97 41.19
780 509.57 157.32 20.00 48.78 15.45
780 316.14 73.95 114.81 280.01 13.42
810 10.23 48.31 25.23 61.54 49.92
810 320.61 100.00 40.00 97.56 37.74
810 541.55 60.00 63.78 155.55 21.81
810 150.76 104.04 45.20 110.24 20.53
810 474.91 120.34 28.28 68.97 14.48
840 160.30 174.88 20.00 48.78 57.54
840 74.86 126.30 22.47 54.79 49.19
840 519.90 181.55 31.71 77.35 41.98
840 422.07 111.71 40.00 97.56 33.88
840 216.91 138.19 31.71 77.35 24.05
840 86.16 116.34 20.00 48.78 22.35
840 370.75 135.07 22.47 54.79 14.21
870 585.55 174.52 22.47 54.79 121.65
870 13.49 185.48 22.47 54.79 94.06
870 6.16 192.44 20.00 48.78 91.83
870 93.96 176.83 20.00 48.78 60.45
870 57.33 100.00 22.47 54.79 50.84
870 184.45 176.71 22.47 54.79 46.90
870 444.57 175.52 28.28 68.97 44.82
870 594.11 147.48 31.71 77.35 37.13
870 320.43 134.14 28.28 68.97 34.31
870 63.90 106.58 22.47 54.79 24.71
870 436.29 164.48 28.28 68.97 17.84
870 164.73 137.26 22.47 54.79 10.64
870 611.85 181.10 22.47 54.79 8.62
900 66.10 178.90 22.47 54.79 69.60
900 4.73 100.00 22.47 54.79 49.61
900 527.44 166.34 40.00 97.56 41.26
900 12.32 209.27 40.00 97.56 36.84
900 21.41 183.04 35.65 86.96 32.49
900 81.75 91.17 63.78 155.55 30.81
900 215.60 139.66 28.28 68.97 23.71
900 496.98 186.55 28.28 68.97 20.39
900 447.47 183.29 22.47 54.79 16.95
900 5.31 16.31 25.23 61.54 15.64
900 325.12 132.00 31.71 77.35 15.07
900 12.69 102.46 25.23 61.54 12.87
900 511.83 162.44 40.00 97.56 5.39
930 14.18 197.61 17.83 43.48 68.57
930 327.50 130.87 35.65 86.96 49.68
930 403.19 153.45 28.28 68.97 42.61
930 72.59 102.76 56.55 137.93 23.20
930 4.73 67.12 22.47 54.79 18.96
930 118.70 172.33 22.47 54.79 10.04
930 612.99 7.07 20.00 48.78 5.52
930 482.01 72.39 17.83 43.48 3.55
960 611.85 183.29 22.47 54.79 65.90
960 502.26 80.27 22.47 54.79 38.68
960 402.01 171.52 17.83 43.48 24.90
960 324.51 127.32 40.00 97.56 24.08
960 144.70 182.68 20.00 48.78 23.14
960 175.91 170.98 20.00 48.78 18.87
960 197.60 161.37 22.47 54.79 16.35
960 556.40 198.29 20.00 48.78 14.22
960 511.03 71.51 22.47 54.79 1.22
990 610.71 4.57 17.83 43.48 49.26
990 527.44 10.24 40.00 97.56 44.71
990 328.41 135.12 40.00 97.56 36.91
990 40.68 169.16 31.71 77.35 30.72
990 4.21 200.24 20.00 48.78 29.30
990 87.05 169.16 31.71 77.35 27.11
990 420.97 150.58 31.71 77.35 25.81
990 480.43 15.52 28.28 68.97 23.37
990 565.49 28.91 17.83 43.48 18.80
990 101.14 84.57 17.83 43.48 14.68
990 572.40 10.14 22.47 54.79 4.39
990 361.99 154.79 22.47 54.79 4.16
1020 432.40 111.96 50.80 123.90 50.55
1020 332.32 135.12 40.00 97.56 43.13
1020 168.41 131.22 40.00 97.56 32.11
1020 201.99 170.14 22.47 54.79 31.51
1020 402.34 99.63 45.20 110.24 29.28
1020 28.84 64.93 22.47 54.79 21.17
1020 509.57 186.59 20.00 48.78 20.17
1020 6.16 202.20 20.00 48.78 12.24
1020 563.63 5.75 22.47 54.79 10.86
1050 482.01 183.70 17.83 43.48 133.09
1050 499.01 52.13 80.85 197.19 76.30
1050 336.14 126.06 45.20 110.24 59.18
1050 50.75 183.29 22.47 54.79 43.15
1050 594.11 162.97 31.71 77.35 34.00
1050 468.60 63.66 20.00 48.78 28.13
1050 477.38 20.37 45.20 110.24 17.76
1050 458.36 112.07 28.28 68.97 13.69
1050 508.91 150.43 71.30 173.91 -0.59
1080 591.16 116.91 50.80 123.90 110.59
1080 512.69 11.56 45.20 110.24 73.09
1080 10.23 173.85 25.23 61.54 53.43
1080 461.12 10.00 28.28 68.97 51.61
1080 470.55 174.88 20.00 48.78 47.97
1080 332.45 4.57 17.83 43.48 46.11
1080 591.16 12.99 50.80 123.90 43.11
1080 367.23 8.04 17.83 43.48 33.16
1080 535.24 18.05 40.00 97.56 32.21
1080 70.48 167.95 22.47 54.79 24.90
1080 497.66 8.04 17.83 43.48 23.65
1080 436.29 139.66 28.28 68.97 21.63
1080 379.40 4.57 17.83 43.48 15.41
1080 419.82 9.02 20.00 48.78 14.82
1080 512.38 171.38 25.23 61.54 13.41
1080 502.54 176.31 25.23 61.54 10.61
1080 570.06 5.12 20.00 48.78 8.96
1080 184.45 167.95 22.47 54.79 8.47
1080 51.04 180.73 20.00 48.78 6.91
1110 532.99 180.73 20.00 48.78 117.42
1110 175.15 161.54 25.23 61.54 49.57
1110 561.44 183.29 22.47 54.79 32.29
1110 114.88 107.01 50.80 123.90 27.05
1110 591.52 178.78 20.00 48.78 22.31
1110 541.92 183.69 25.23 61.54 11.95
1110 495.15 168.92 25.23 61.54 10.36
1140 561.62 176.31 25.23 61.54 207.02
1140 5.95 153.45 28.28 68.97 71.98
1140 332.45 126.30 17.83 43.48 48.99
1140 108.37 141.30 35.65 86.96 41.40
1140 453.31 139.38 25.23 61.54 38.79
1140 612.84 181.03 28.28 68.97 37.92
1140 527.33 161.72 28.28 68.97 19.42
1140 433.33 128.90 31.71 77.35 14.20
1140 571.47 170.00 28.28 68.97 9.47
1170 593.62 173.85 25.23 61.54 243.78
1170 109.88 139.02 40.00 97.56 50.80
1170 158.53 148.91 17.83 43.48 44.96
1170 59.46 141.85 25.23 61.54 44.47
1170 449.66 154.79 22.47 54.79 40.89
1170 554.45 81.22 20.00 48.78 36.93
1170 436.29 156.21 28.28 68.97 33.79
1170 136.23 137.26 22.47 54.79 32.54
1170 207.33 158.97 28.28 68.97 30.52
1170 458.36 134.14 28.28 68.97 17.92
1170 101.77 184.63 20.00 48.78 16.14
1200 124.28 126.06 45.20 110.24 66.43
1200 42.83 73.91 71.30 173.91 61.70
1200 456.20 113.48 35.65 86.96 38.53
1200 470.11 113.48 35.65 86.96 23.74
1200 586.23 60.62 25.23 61.54 20.87
1200 447.33 153.45 28.28 68.97 17.98
1200 22.76 126.06 45.20 110.24 16.92
1200 622.88 41.09 17.83 43.48 12.85
1200 228.10 176.74 17.83 43.48 7.81
1230 133.43 153.68 31.71 77.35 23.80
1230 116.29 134.14 28.28 68.97 6.51
1260 71.31 130.46 45.20 110.24 35.94
1260 461.10 103.90 40.00 97.56 35.37
1260 108.37 123.91 35.65 86.96 21.89
1260 15.00 60.00 71.30 173.91 7.84
1260 450.09 147.93 28.28 68.97 6.02
1290 70.85 135.12 40.00 97.56 72.34
1290 61.14 185.43 17.83 43.48 33.23
1290 108.69 132.00 25.23 61.54 31.01
1290 607.23 148.91 17.83 43.48 29.71
1290 135.77 141.85 25.23 61.54 27.12
1290 528.56 156.99 22.47 54.79 19.16
1320 21.96 73.91 71.30 173.91 46.87
1320 476.71 111.71 40.00 97.56 21.85
1320 125.76 158.70 35.65 86.96 13.32
1350 49.95 141.29 31.71 77.35 54.35
1350 71.77 141.85 25.23 61.54 41.62
1350 105.26 139.66 28.28 68.97 9.07
1380 97.79 134.86 45.20 110.24 58.83
1380 17.04 67.87 80.85 197.19 45.20
1380 135.92 155.87 17.83 43.48 38.19
1380 467.34 141.29 31.71 77.35 21.21
1410 127.33 161.72 28.28 68.97 25.19
1410 459.72 134.86 45.20 110.24 24.40
1410 21.96 73.91 71.30 173.91 22.38
1440 70.85 146.83 40.00 97.56 49.54
1440 55.92 194.13 17.83 43.48 45.83
1440 106.62 126.06 45.20 110.24 37.83
1440 464.14 134.86 45.20 110.24 20.95
1470 55.92 194.13 17.83 43.48 65.85
1470 66.63 144.78 35.65 86.96 43.28
1470 106.62 130.46 45.20 110.24 19.68
1470 74.45 202.20 20.00 48.78 14.41
1470 466.63 137.83 35.65 86.96 6.08
1470 357.60 84.66 22.47 54.79 5.90
1500 54.18 195.87 17.83 43.48 57.32
1500 532.95 167.95 22.47 54.79 41.97
1500 449.39 139.02 40.00 97.56 21.16
1500 72.50 200.24 20.00 48.78 15.40
1530 466.63 144.78 35.65 86.96 68.01
1530 48.97 201.09 17.83 43.48 55.37
1530 58.07 139.27 45.20 110.24 29.65
1530 340.12 60.98 40.00 97.56 26.41
1530 452.72 141.30 35.65 86.96 22.90
1530 102.21 130.46 45.20 110.24 22.05
1530 167.44 162.97 31.71 77.35 2.34
1560 470.43 150.58 31.71 77.35 58.64
1560 33.32 204.57 17.83 43.48 49.44
1560 49.24 148.07 45.20 110.24 45.19
1560 452.72 158.70 35.65 86.96 30.55
1560 541.71 178.90 22.47 54.79 26.08
1560 92.01 151.46 20.00 48.78 7.81
1590 50.75 218.36 22.47 54.79 69.19
1590 482.80 147.48 31.71 77.35 55.25
1590 8.71 211.38 28.28 68.97 45.42
1590 495.68 183.29 22.47 54.79 24.80
1590 458.36 161.72 28.28 68.97 21.40
1590 7.77 53.23 25.23 61.54 14.41
1590 101.41 169.13 35.65 86.96 13.81
1620 501.41 137.83 35.65 86.96 72.38
1620 467.13 131.75 50.80 123.90 45.39
1620 48.56 141.64 22.47 54.79 40.77
1620 148.60 153.41 20.00 48.78 16.59
1620 576.98 175.52 28.28 68.97 16.00
1620 97.79 152.48 45.20 110.24 15.89
1620 166.16 194.39 20.00 48.78 12.00
1650 529.24 130.87 35.65 86.96 51.49
1650 506.36 188.91 17.83 43.48 41.43
1650 485.49 183.70 17.83 43.48 37.99
1650 518.80 162.17 35.65 86.96 33.94
1650 524.57 73.45 28.28 68.97 24.59
1650 591.58 190.65 17.83 43.48 21.38
1650 68.29 141.64 22.47 54.79 20.26
1650 421.31 156.62 25.23 61.54 16.54
1650 364.57 23.79 28.28 68.97 7.57
1680 530.71 192.39 17.83 43.48 62.83
1680 568.71 186.55 28.28 68.97 39.09
1680 573.96 73.41 20.00 48.78 34.30
1680 437.38 170.98 20.00 48.78 29.05
1680 538.36 167.24 28.28 68.97 22.36
1680 491.47 158.97 28.28 68.97 22.20
1680 616.89 143.66 20.00 48.78 20.42
1710 463.15 164.00 25.23 61.54 54.96
1710 572.40 181.10 22.47 54.79 50.84
1710 17.88 108.77 22.47 54.79 46.70
1710 618.84 48.05 20.00 48.78 32.15
1710 143.15 134.35 35.65 86.96 23.71
1710 521.71 111.96 50.80 123.90 11.90
1710 476.79 183.70 17.83 43.48 8.49
1740 490.06 169.02 20.00 48.78 48.82
1740 116.29 186.55 28.28 68.97 48.72
1740 574.66 97.24 56.55 137.93 44.76
1740 560.54 144.78 35.65 86.96 38.42
1740 175.92 183.70 17.83 43.48 30.03
1740 429.57 155.37 20.00 48.78 28.99
1740 94.46 137.83 35.65 86.96 23.26
1740 61.71 257.81 22.47 54.79 13.17
1770 524.69 171.38 25.23 61.54 103.51
1770 542.74 184.63 20.00 48.78 57.01
1770 109.93 187.67 22.47 54.79 53.16
1770 489.11 178.90 22.47 54.79 12.38
1800 591.85 165.65 35.65 86.96 131.03
1800 495.15 144.31 25.23 61.54 32.86
1800 447.13 163.17 20.00 48.78 28.22
1800 564.02 158.70 35.65 86.96 26.06
1800 524.57 170.00 28.28 68.97 23.75
1800 157.07 148.26 35.65 86.96 22.78
1800 21.23 94.29 100.71 245.62 15.66
1800 105.26 164.48 28.28 68.97 13.54
1830 547.73 175.35 31.71 77.35 103.85
1830 592.14 156.88 45.20 110.24 46.53
1830 511.83 115.61 40.00 97.56 43.98
1830 564.08 178.77 25.23 61.54 26.63
1830 461.12 153.45 28.28 68.97 19.00
1830 31.40 156.77 31.71 77.35 10.58
1830 115.33 148.26 35.65 86.96 9.36
1830 538.84 178.78 20.00 48.78 9.07
1830 84.21 165.12 20.00 48.78 2.76
