30 318.48 60.00 45.20 110.24 25.55
30 4.21 239.27 20.00 48.78 7.76
60 404.21 133.90 20.00 48.78 60.86
60 305.44 60.00 63.78 155.55 34.35
60 158.15 64.93 22.47 54.79 22.86
60 349.38 121.65 45.20 110.24 18.91
90 318.48 68.81 45.20 110.24 46.11
90 77.78 156.77 31.71 77.35 36.02
90 59.52 192.05 22.47 54.79 22.49
90 402.34 143.67 45.20 110.24 20.36
120 396.23 128.90 31.71 77.35 26.77
120 332.32 80.49 40.00 97.56 14.60
120 77.67 153.45 28.28 68.97 7.60
150 179.40 190.65 17.83 43.48 19.80
150 400.54 120.43 35.65 86.96 15.58
150 332.32 76.59 40.00 97.56 12.85
150 59.52 194.25 22.47 54.79 11.45
180 163.75 190.65 17.83 43.48 53.59
180 402.34 143.67 45.20 110.24 27.43
180 315.34 75.17 56.55 137.93 26.37
180 168.97 183.70 17.83 43.48 26.01
180 59.52 194.25 22.47 54.79 23.95
180 80.43 158.97 28.28 68.97 20.75
210 166.16 178.78 20.00 48.78 22.21
210 317.86 66.23 63.78 155.55 15.63
210 59.52 194.25 22.47 54.79 12.47
210 393.59 123.91 35.65 86.96 6.51
240 31.08 153.06 100.71 245.62 249.11
240 142.88 188.91 17.83 43.48 79.60
240 45.21 258.55 89.69 218.76 30.37
240 332.32 80.49 40.00 97.56 24.29
240 6.92 137.26 22.47 54.79 20.62
240 376.74 87.83 71.30 173.91 10.36
240 13.40 265.71 63.78 155.55 9.76
270 237.54 140.93 114.81 280.01 199.02
270 132.45 190.65 17.83 43.48 61.51
270 318.48 73.21 45.20 110.24 34.75
270 379.15 80.49 40.00 97.56 19.33
270 138.84 188.54 20.00 48.78 12.67
270 308.60 83.17 20.00 48.78 8.13
300 18.90 162.55 89.69 218.76 253.47
300 424.92 143.27 100.71 245.62 224.07
300 122.01 188.91 17.83 43.48 76.36
300 165.49 180.22 17.83 43.48 55.00
300 5.31 304.31 25.23 61.54 52.58
300 376.74 87.83 71.30 173.91 33.87
300 385.54 143.27 100.71 245.62 32.48
300 324.51 68.78 40.00 97.56 11.29
330 533.23 133.47 100.71 245.62 241.23
330 167.16 170.16 80.85 197.19 239.44
330 131.46 203.38 63.78 155.55 94.21
330 515.73 248.29 40.00 97.56 86.23
330 155.05 187.17 17.83 43.48 22.27
330 7.23 143.70 17.83 43.48 12.74
330 318.48 82.02 45.20 110.24 8.75
330 15.92 152.39 17.83 43.48 8.67
360 301.48 162.30 80.85 197.19 265.69
360 550.82 252.77 31.71 77.35 97.70
360 272.39 185.22 71.30 173.91 69.60
360 342.72 203.38 63.78 155.55 63.95
360 307.17 87.83 71.30 173.91 59.51
360 562.22 146.56 80.85 197.19 45.81
360 541.12 266.55 28.28 68.97 35.20
360 70.85 154.63 40.00 97.56 28.27
360 191.58 4.57 17.83 43.48 12.59
360 148.10 185.43 17.83 43.48 11.56
390 439.73 153.82 89.69 218.76 293.82
390 395.38 133.47 100.71 245.62 80.02
390 607.33 252.76 28.28 68.97 55.85
390 132.99 178.78 20.00 48.78 41.29
390 5.49 145.43 17.83 43.48 24.51
390 367.57 203.38 63.78 155.55 23.86
390 386.96 63.87 31.71 77.35 19.69
390 300.22 66.96 71.30 173.91 13.51
390 451.60 248.85 80.85 197.19 3.97
420 564.57 199.13 71.30 173.91 76.29
420 390.11 57.83 35.65 86.96 34.52
420 310.55 81.22 20.00 48.78 25.87
420 120.27 192.39 17.83 43.48 22.54
420 558.10 295.86 56.55 137.93 21.88
420 121.00 6.46 25.23 61.54 13.31
450 10.98 325.65 35.65 86.96 47.10
450 331.72 73.21 45.20 110.24 46.28
450 109.57 192.44 20.00 48.78 22.04
450 17.93 304.78 35.65 86.96 19.56
450 47.13 153.41 20.00 48.78 17.58
450 422.48 52.58 50.80 123.90 10.77
480 516.79 95.00 17.83 43.48 65.04
480 207.23 188.91 17.83 43.48 62.14
480 503.72 7.07 20.00 48.78 51.14
480 462.17 27.84 50.80 123.90 47.60
480 344.45 71.51 22.47 54.79 31.98
480 6.16 96.83 20.00 48.78 27.63
480 238.55 150.58 31.71 77.35 13.68
480 502.26 84.66 22.47 54.79 13.61
480 75.05 235.87 17.83 43.48 6.89
510 340.08 55.69 25.23 61.54 27.96
510 9.52 73.21 45.20 110.24 25.92
540 254.01 147.48 31.71 77.35 53.99
540 340.08 48.31 25.23 61.54 47.84
540 195.73 193.66 40.00 97.56 29.33
540 377.68 153.68 31.71 77.35 18.69
540 465.00 196.44 22.47 54.79 12.69
570 334.22 32.07 28.28 68.97 34.31
570 24.94 83.61 80.85 197.19 20.60
570 379.15 29.76 40.00 97.56 17.13
600 387.75 37.73 50.80 123.90 28.17
600 558.35 210.00 20.00 48.78 23.12
630 411.17 11.56 45.20 110.24 68.10
630 61.71 209.59 22.47 54.79 58.02
630 182.88 192.39 17.83 43.48 52.18
630 431.58 185.43 17.83 43.48 47.03
630 54.18 208.04 17.83 43.48 40.63
630 362.22 8.13 31.71 77.35 22.31
630 348.10 9.78 17.83 43.48 13.28
660 462.74 186.59 20.00 48.78 77.31
660 470.55 188.54 20.00 48.78 43.07
660 3.75 317.61 17.83 43.48 32.18
660 4.73 143.84 22.47 54.79 26.97
660 402.64 12.99 50.80 123.90 22.35
660 435.43 178.78 20.00 48.78 10.56
690 530.09 181.03 28.28 68.97 51.81
690 456.89 202.20 20.00 48.78 38.61
690 28.02 164.48 28.28 68.97 10.07
720 124.57 189.31 28.28 68.97 69.97
720 535.14 216.16 22.47 54.79 21.94
750 514.85 176.31 25.23 61.54 21.18
750 68.50 181.55 31.71 77.35 14.06
780 562.01 215.00 17.83 43.48 25.76
780 4.73 233.70 22.47 54.79 13.36
780 125.49 131.22 40.00 97.56 9.48
780 305.00 156.99 22.47 54.79 8.62
810 10.71 208.04 17.83 43.48 26.21
810 17.04 60.00 80.85 197.19 25.00
840 162.52 91.17 63.78 155.55 31.20
840 21.96 87.83 71.30 173.91 29.34
870 254.46 127.39 35.65 86.96 49.32
870 33.97 91.72 56.55 137.93 15.96
900 574.22 87.24 28.28 68.97 45.02
900 254.27 123.41 40.00 97.56 37.65
900 525.18 89.02 20.00 48.78 36.05
900 170.23 191.08 25.23 61.54 22.10
900 5.95 167.24 28.28 68.97 19.86
900 570.98 113.48 35.65 86.96 14.72
930 581.77 28.54 20.00 48.78 32.58
930 239.03 112.84 45.20 110.24 13.05
930 589.84 82.83 17.83 43.48 11.52
930 603.08 69.32 22.47 54.79 4.91
960 143.15 11.38 25.23 61.54 57.37
960 611.85 12.33 22.47 54.79 29.90
960 389.84 180.22 17.83 43.48 21.91
960 13.49 224.93 22.47 54.79 18.36
960 16.22 21.95 40.00 97.56 13.46
960 8.71 181.03 28.28 68.97 12.64
990 397.05 124.11 22.47 54.79 41.60
990 27.67 40.36 89.69 218.76 35.96
990 105.26 7.24 28.28 68.97 21.66
990 432.40 136.70 50.80 123.90 21.37
990 539.40 136.74 17.83 43.48 14.46
1020 470.54 161.54 25.23 61.54 64.22
1020 411.17 130.46 45.20 110.24 42.91
1020 384.69 126.06 45.20 110.24 32.01
1020 92.40 196.44 22.47 54.79 31.30
1020 519.79 119.73 22.47 54.79 26.93
1020 439.52 162.97 31.71 77.35 15.09
1050 492.32 154.63 40.00 97.56 100.42
1050 451.88 175.35 31.71 77.35 66.86
1050 123.23 57.80 20.00 48.78 38.92
1050 468.55 143.67 45.20 110.24 27.73
1050 599.05 103.79 28.28 68.97 26.46
1050 565.95 106.55 28.28 68.97 21.00
1050 557.67 114.83 28.28 68.97 18.99
1050 388.40 107.21 80.85 197.19 16.81
1080 501.86 146.60 50.80 123.90 115.20
1080 557.05 207.40 22.47 54.79 81.71
1080 435.80 91.48 80.85 197.19 55.47
1080 76.69 168.92 25.23 61.54 43.54
1080 551.47 82.27 50.80 123.90 33.41
1080 8.71 164.48 28.28 68.97 26.90
1080 64.62 51.52 17.83 43.48 26.55
1080 404.66 127.64 89.69 218.76 21.05
1080 66.36 175.00 17.83 43.48 16.39
1080 205.49 171.52 17.83 43.48 12.80
1080 52.99 172.93 20.00 48.78 11.16
1080 593.53 76.21 28.28 68.97 4.49
1080 543.88 73.45 28.28 68.97 2.48
1110 435.92 147.27 63.78 155.55 155.58
1110 480.86 163.45 56.55 137.93 93.56
1110 411.07 147.27 63.78 155.55 88.75
1110 66.85 171.38 25.23 61.54 62.18
1110 448.35 178.44 63.78 155.55 44.30
1110 501.86 151.55 50.80 123.90 42.34
1110 380.00 141.04 63.78 155.55 42.08
1110 142.81 53.97 22.47 54.79 39.48
1110 54.94 172.93 20.00 48.78 35.76
1110 181.77 167.07 20.00 48.78 28.24
1110 362.95 176.29 50.80 123.90 21.34
1110 6.16 180.73 20.00 48.78 20.75
1110 42.23 159.08 25.23 61.54 19.06
1110 423.50 178.44 63.78 155.55 11.76
1110 119.05 62.41 28.28 68.97 11.55
1110 243.75 155.87 17.83 43.48 8.21
1140 314.13 143.48 71.30 173.91 117.16
1140 521.28 69.51 20.00 48.78 54.66
1140 277.78 138.69 80.85 197.19 48.00
1140 581.24 161.44 50.80 123.90 44.95
1140 321.09 192.17 71.30 173.91 30.73
1140 108.37 57.83 35.65 86.96 24.04
1140 55.60 175.52 28.28 68.97 23.23
1140 445.92 168.92 25.23 61.54 21.19
1140 515.73 139.02 40.00 97.56 19.58
1140 466.65 5.12 20.00 48.78 16.93
1140 502.26 75.89 22.47 54.79 16.89
1140 343.29 118.91 89.69 218.76 15.84
1140 219.67 228.26 35.65 86.96 15.65
1140 55.60 150.69 28.28 68.97 14.32
1140 28.02 161.72 28.28 68.97 11.75
1170 159.18 136.36 89.69 218.76 152.18
1170 83.62 207.59 56.55 137.93 99.93
1170 612.99 53.90 20.00 48.78 74.80
1170 45.76 245.65 35.65 86.96 60.42
1170 49.62 178.77 25.23 61.54 36.78
1170 541.55 12.99 50.80 123.90 30.78
1170 447.76 108.28 56.55 137.93 27.66
1170 530.71 72.39 17.83 43.48 23.03
1170 109.57 5.12 20.00 48.78 19.87
1170 104.89 61.30 35.65 86.96 18.93
1170 134.73 215.88 50.80 123.90 7.69
1170 39.77 11.38 25.23 61.54 5.46
1200 614.94 55.85 20.00 48.78 69.08
1200 102.21 15.96 45.20 110.24 57.65
1200 9.52 161.28 45.20 110.24 55.86
1200 455.92 194.13 17.83 43.48 28.16
1200 546.51 17.94 50.80 123.90 25.49
1200 32.84 60.00 80.85 197.19 20.32
1200 421.14 176.74 17.83 43.48 16.71
1200 622.88 53.26 17.83 43.48 11.94
1230 97.79 15.96 45.20 110.24 47.12
1230 162.53 181.10 22.47 54.79 46.19
1230 35.05 53.26 17.83 43.48 43.01
1230 49.62 183.69 25.23 61.54 42.81
1230 546.51 17.94 50.80 123.90 41.66
1230 619.40 61.96 17.83 43.48 40.78
1230 523.75 72.39 17.83 43.48 40.13
1230 534.94 75.37 20.00 48.78 24.45
1230 455.92 195.87 17.83 43.48 19.79
1230 102.07 68.78 40.00 97.56 17.33
1230 441.00 40.92 25.23 61.54 8.96
1230 504.89 165.65 35.65 86.96 5.58
1260 614.94 59.76 20.00 48.78 72.03
1260 102.21 20.37 45.20 110.24 62.53
1260 531.04 73.41 20.00 48.78 50.29
1260 162.53 183.29 22.47 54.79 50.15
1260 36.79 55.00 17.83 43.48 41.09
1260 97.93 71.74 35.65 86.96 30.67
1260 523.75 75.87 17.83 43.48 27.39
1260 20.62 136.70 50.80 123.90 17.91
1260 546.51 17.94 50.80 123.90 13.76
1260 556.43 181.24 50.80 123.90 7.95
1290 36.79 56.74 17.83 43.48 69.01
1290 614.94 61.71 20.00 48.78 64.27
1290 102.21 20.37 45.20 110.24 49.89
1290 50.09 189.31 28.28 68.97 41.94
1290 605.49 58.48 17.83 43.48 25.20
1290 102.07 68.78 40.00 97.56 24.19
1290 49.95 8.13 31.71 77.35 21.33
1290 162.53 183.29 22.47 54.79 19.33
1290 551.47 22.89 50.80 123.90 17.11
1290 504.89 169.13 35.65 86.96 15.48
1290 535.92 75.87 17.83 43.48 13.46
1290 276.79 161.09 17.83 43.48 -0.66
1320 47.33 189.31 28.28 68.97 79.78
1320 616.89 59.76 20.00 48.78 52.09
1320 102.21 20.37 45.20 110.24 47.35
1320 160.34 185.48 22.47 54.79 30.16
1320 504.89 169.13 35.65 86.96 30.10
1320 98.17 68.78 40.00 97.56 29.45
1320 535.92 77.61 17.83 43.48 28.38
1320 551.47 22.89 50.80 123.90 20.86
1320 448.35 97.40 63.78 155.55 12.37
1320 35.05 55.00 17.83 43.48 3.29
1350 101.41 71.74 35.65 86.96 59.19
1350 47.33 189.31 28.28 68.97 50.58
1350 611.85 49.59 22.47 54.79 41.22
1350 534.18 77.61 17.83 43.48 35.82
1350 455.92 201.09 17.83 43.48 33.34
1350 36.79 56.74 17.83 43.48 31.70
1350 511.58 91.52 17.83 43.48 29.56
1350 523.23 79.27 20.00 48.78 28.30
1350 296.89 161.22 20.00 48.78 24.93
1350 547.07 14.48 56.55 137.93 22.32
1350 441.00 45.85 25.23 61.54 13.29
1350 162.53 185.48 22.47 54.79 11.33
1350 518.53 70.65 17.83 43.48 8.18
1350 529.18 187.74 31.71 77.35 6.04
1380 97.79 24.77 45.20 110.24 58.15
1380 47.33 189.31 28.28 68.97 52.24
1380 455.92 201.09 17.83 43.48 36.33
1380 612.99 53.90 20.00 48.78 36.31
1380 37.38 57.80 20.00 48.78 35.46
1380 162.53 185.48 22.47 54.79 33.15
1380 6.92 207.40 22.47 54.79 25.53
1380 551.47 22.89 50.80 123.90 24.64
1380 534.18 79.35 17.83 43.48 20.04
1380 519.33 79.27 20.00 48.78 8.53
1380 52.95 29.86 22.47 54.79 2.37
1410 36.79 58.48 17.83 43.48 66.74
1410 47.33 189.31 28.28 68.97 61.16
1410 611.85 49.59 22.47 54.79 56.58
1410 97.93 71.74 35.65 86.96 50.19
1410 618.42 56.16 22.47 54.79 33.65
1410 520.27 77.61 17.83 43.48 30.80
1410 162.53 185.48 22.47 54.79 29.48
1410 501.41 169.13 35.65 86.96 24.64
1410 102.21 24.77 45.20 110.24 20.00
1410 554.91 65.17 28.28 68.97 19.44
1410 236.79 175.00 17.83 43.48 11.36
1410 535.14 75.89 22.47 54.79 10.90
1410 49.62 28.62 25.23 61.54 10.72
1440 612.99 57.80 20.00 48.78 72.50
1440 35.43 57.80 20.00 48.78 63.58
1440 47.33 189.31 28.28 68.97 55.13
1440 102.21 24.77 45.20 110.24 50.79
1440 454.18 201.09 17.83 43.48 37.43
1440 5.95 48.62 28.28 68.97 36.86
1440 162.53 185.48 22.47 54.79 29.42
1440 551.47 22.89 50.80 123.90 18.05
1440 396.40 141.71 20.00 48.78 17.36
1440 605.18 57.80 20.00 48.78 15.92
1440 532.45 79.35 17.83 43.48 14.71
1440 525.49 74.13 17.83 43.48 9.17
1440 36.29 189.31 28.28 68.97 7.44
1440 443.46 45.85 25.23 61.54 4.97
1440 97.93 75.22 35.65 86.96 1.15
1470 47.33 189.31 28.28 68.97 71.87
1470 609.66 53.97 22.47 54.79 65.01
1470 97.79 24.77 45.20 110.24 53.01
1470 534.18 79.35 17.83 43.48 43.55
1470 164.73 185.48 22.47 54.79 42.63
1470 5.95 48.62 28.28 68.97 38.87
1470 501.41 169.13 35.65 86.96 29.83
1470 618.84 61.71 20.00 48.78 21.46
1470 12.85 178.45 31.71 77.35 20.58
1470 455.92 201.09 17.83 43.48 16.79
1470 554.91 65.17 28.28 68.97 12.71
1470 517.31 75.38 25.23 61.54 2.83
1500 47.33 189.31 28.28 68.97 56.66
1500 97.79 24.77 45.20 110.24 53.34
1500 38.53 56.74 17.83 43.48 43.17
1500 504.89 169.13 35.65 86.96 39.02
1500 614.94 57.80 20.00 48.78 35.76
1500 162.53 185.48 22.47 54.79 33.75
1500 5.95 48.62 28.28 68.97 33.10
1500 535.92 79.35 17.83 43.48 26.61
1500 455.92 201.09 17.83 43.48 17.52
1500 4.73 218.36 22.47 54.79 12.29
1500 443.46 45.85 25.23 61.54 6.95
1500 492.01 98.78 20.00 48.78 5.40
1500 49.95 8.13 31.71 77.35 3.75
1500 142.74 178.78 20.00 48.78 1.90
1530 47.33 189.31 28.28 68.97 60.18
1530 294.94 159.27 20.00 48.78 51.38
1530 504.89 169.13 35.65 86.96 44.59
1530 97.93 71.74 35.65 86.96 36.95
1530 611.85 56.16 22.47 54.79 34.64
1530 551.47 22.89 50.80 123.90 28.98
1530 162.53 185.48 22.47 54.79 28.82
1530 102.21 24.77 45.20 110.24 27.85
1530 10.06 208.05 20.00 48.78 21.11
1530 36.79 56.74 17.83 43.48 17.85
1530 455.92 201.09 17.83 43.48 15.26
1560 612.99 51.95 20.00 48.78 80.86
1560 618.84 59.76 20.00 48.78 58.04
1560 47.33 189.31 28.28 68.97 47.72
1560 162.53 185.48 22.47 54.79 47.12
1560 504.89 169.13 35.65 86.96 42.19
1560 294.94 159.27 20.00 48.78 40.65
1560 102.21 24.77 45.20 110.24 29.94
1560 35.43 55.85 20.00 48.78 23.24
1560 49.95 8.13 31.71 77.35 21.23
1560 4.73 218.36 22.47 54.79 19.92
1560 39.33 206.10 20.00 48.78 17.04
1560 551.47 22.89 50.80 123.90 16.82
1560 94.27 64.88 40.00 97.56 15.90
1560 447.29 116.91 50.80 123.90 11.87
1560 400.30 143.66 20.00 48.78 2.90
1590 36.79 58.48 17.83 43.48 72.87
1590 47.33 189.31 28.28 68.97 60.63
1590 97.79 24.77 45.20 110.24 58.59
1590 297.66 161.09 17.83 43.48 58.28
1590 5.95 48.62 28.28 68.97 40.87
1590 617.66 61.96 17.83 43.48 35.44
1590 162.53 185.48 22.47 54.79 30.30
1590 4.21 208.05 20.00 48.78 24.54
1590 500.12 162.44 40.00 97.56 12.96
1590 439.35 101.74 71.30 173.91 2.44
1620 44.57 189.31 28.28 68.97 69.46
1620 616.89 57.80 20.00 48.78 54.64
1620 97.79 24.77 45.20 110.24 48.87
1620 535.14 73.70 22.47 54.79 30.65
1620 504.89 169.13 35.65 86.96 28.82
1620 162.53 185.48 22.47 54.79 19.76
1620 551.47 17.94 50.80 123.90 18.11
1620 455.92 201.09 17.83 43.48 17.49
1620 4.21 210.00 20.00 48.78 11.03
1620 522.01 79.35 17.83 43.48 8.48
1620 560.54 179.57 35.65 86.96 0.55
1650 28.10 58.48 17.83 43.48 42.04
1650 500.00 37.06 145.33 354.45 37.85
1650 4.73 53.97 22.47 54.79 29.76
1650 93.38 29.17 45.20 110.24 16.19
1650 435.80 99.34 80.85 197.19 8.88
1650 149.40 178.28 28.28 68.97 2.96
1680 531.04 81.22 20.00 48.78 27.94
1680 75.19 12.99 50.80 123.90 24.32
1680 15.15 23.69 25.23 61.54 11.15
1680 568.01 5.75 22.47 54.79 8.94
1680 464.31 141.38 56.55 137.93 7.86
1680 29.57 24.63 20.00 48.78 5.89
1680 558.35 10.98 20.00 48.78 3.23
1710 9.11 7.95 22.47 54.79 70.31
1710 19.61 28.83 63.78 155.55 40.87
1710 502.50 112.07 28.28 68.97 38.87
1710 519.63 100.00 40.00 97.56 24.72
1710 70.48 93.42 22.47 54.79 24.53
1710 91.46 58.15 25.23 61.54 23.99
1710 17.88 12.33 22.47 54.79 16.83
1710 251.47 158.97 28.28 68.97 14.85
1710 583.36 80.27 22.47 54.79 5.53
1740 27.17 20.37 45.20 110.24 98.16
1740 9.52 20.37 45.20 110.24 57.56
1740 18.90 276.00 89.69 218.76 46.86
1740 63.90 29.86 22.47 54.79 39.46
1740 604.57 59.66 28.28 68.97 27.07
1740 6.67 85.55 31.71 77.35 25.60
1740 534.54 107.38 25.23 61.54 21.11
1740 532.99 89.02 20.00 48.78 21.03
1740 557.67 205.86 28.28 68.97 5.74
1770 16.98 10.00 28.28 68.97 34.97
1770 13.40 315.58 63.78 155.55 32.11
1770 247.83 156.77 31.71 77.35 21.86
1770 605.27 244.66 22.47 54.79 18.92
1800 597.68 76.59 40.00 97.56 49.26
1800 187.93 76.59 40.00 97.56 37.84
1800 241.64 153.68 31.71 77.35 23.93
1800 582.07 80.49 40.00 97.56 3.32
1800 431.52 122.20 20.00 48.78 2.12
1830 13.49 47.40 22.47 54.79 37.71
1830 546.64 12.76 28.28 68.97 37.47
1830 463.15 64.78 35.65 86.96 36.03
1830 565.95 10.00 28.28 68.97 34.97
1830 304.70 167.07 20.00 48.78 20.42
1830 609.57 14.32 31.71 77.35 18.16
1830 147.72 51.63 114.81 280.01 16.07
1830 407.23 195.87 17.83 43.48 6.25
