30 565.95 156.21 28.28 68.97 61.02
30 563.19 175.52 28.28 68.97 57.48
30 71.77 168.92 25.23 61.54 51.29
30 30.78 189.31 28.28 68.97 48.32
30 458.23 176.31 25.23 61.54 34.24
30 204.18 152.60 22.47 54.79 29.97
30 584.62 180.22 17.83 43.48 27.60
30 468.55 64.40 45.20 110.24 16.97
30 18.34 121.65 45.20 110.24 13.47
30 485.95 181.03 28.28 68.97 8.33
60 515.33 176.09 35.65 86.96 48.28
60 421.77 174.88 20.00 48.78 24.26
60 587.72 174.50 45.20 110.24 21.80
90 188.02 142.41 28.28 68.97 58.59
90 509.84 136.74 17.83 43.48 27.07
90 146.63 144.78 35.65 86.96 24.78
90 455.77 186.15 25.23 61.54 13.64
90 480.34 172.33 22.47 54.79 9.52
90 199.05 156.21 28.28 68.97 5.90
120 463.88 178.28 28.28 68.97 80.29
120 477.92 186.15 25.23 61.54 62.54
120 512.69 183.30 45.20 110.24 44.29
120 117.68 139.02 40.00 97.56 43.20
120 170.53 141.29 31.71 77.35 40.15
120 109.57 153.41 20.00 48.78 14.53
120 188.02 153.45 28.28 68.97 13.86
150 554.91 208.62 28.28 68.97 76.00
150 527.44 181.95 40.00 97.56 65.25
150 160.38 166.46 25.23 61.54 34.11
150 595.33 183.04 35.65 86.96 29.76
150 485.89 32.90 31.71 77.35 27.06
150 566.28 203.23 31.71 77.35 17.82
180 31.59 134.86 45.20 110.24 44.28
180 129.39 127.32 40.00 97.56 42.83
180 12.85 169.16 31.71 77.35 34.12
180 143.15 148.26 35.65 86.96 17.73
210 124.15 153.68 31.71 77.35 72.01
210 96.33 153.68 31.71 77.35 17.80
240 3.75 194.13 17.83 43.48 112.46
240 90.37 135.12 40.00 97.56 55.01
240 543.88 81.72 28.28 68.97 27.13
240 482.80 144.39 31.71 77.35 21.78
240 52.72 148.26 35.65 86.96 17.61
270 4.73 189.86 22.47 54.79 42.64
270 22.93 119.31 56.55 137.93 24.94
270 80.16 116.91 50.80 123.90 13.78
270 9.76 97.94 31.71 77.35 8.93
300 548.60 57.80 20.00 48.78 62.93
300 49.09 102.68 20.00 48.78 41.07
300 497.87 176.83 20.00 48.78 25.69
330 4.73 84.66 22.47 54.79 7.26
360 454.94 169.02 20.00 48.78 57.29
360 372.84 112.07 28.28 68.97 3.37
390 12.85 73.16 31.71 77.35 89.03
390 63.90 170.14 22.47 54.79 31.73
390 541.55 169.16 31.71 77.35 23.29
390 134.18 169.78 17.83 43.48 22.44
390 164.21 153.41 20.00 48.78 15.93
390 512.69 192.11 45.20 110.24 1.83
420 4.21 196.34 20.00 48.78 45.71
420 584.62 13.26 17.83 43.48 40.23
420 546.10 16.71 22.47 54.79 32.20
420 591.52 34.39 20.00 48.78 18.31
420 537.33 12.33 22.47 54.79 13.19
420 62.74 184.63 20.00 48.78 10.08
450 21.96 80.87 71.30 173.91 37.96
450 7.77 151.69 25.23 61.54 36.07
450 132.84 161.72 28.28 68.97 20.77
450 503.86 130.46 45.20 110.24 12.38
480 607.23 208.04 17.83 43.48 59.25
480 14.18 190.65 17.83 43.48 44.03
480 491.90 113.79 56.55 137.93 19.36
480 324.02 148.26 35.65 86.96 17.83
510 537.66 180.22 17.83 43.48 41.83
510 546.95 123.41 40.00 97.56 39.30
510 428.10 185.43 17.83 43.48 32.66
510 454.04 172.33 22.47 54.79 25.20
510 41.81 192.07 28.28 68.97 21.60
510 339.40 185.43 17.83 43.48 19.23
510 595.33 33.48 35.65 86.96 15.01
540 615.92 190.65 17.83 43.48 54.77
540 362.01 187.17 17.83 43.48 49.98
540 569.37 156.77 31.71 77.35 47.36
540 423.72 192.44 20.00 48.78 43.93
540 436.51 178.90 22.47 54.79 37.97
540 382.74 186.59 20.00 48.78 37.77
540 471.58 183.29 22.47 54.79 24.24
540 502.26 176.71 22.47 54.79 15.31
570 406.54 191.08 25.23 61.54 122.97
570 489.11 200.82 22.47 54.79 82.93
570 593.78 154.63 40.00 97.56 47.28
570 553.91 184.65 31.71 77.35 43.43
570 306.65 176.83 20.00 48.78 29.08
570 352.38 164.00 25.23 61.54 6.04
570 574.18 213.26 17.83 43.48 2.23
600 458.07 187.74 31.71 77.35 112.13
600 571.47 192.07 28.28 68.97 79.50
600 598.80 193.48 35.65 86.96 56.78
600 563.63 207.40 22.47 54.79 37.31
600 408.71 156.21 28.28 68.97 21.65
600 27.62 157.32 20.00 48.78 15.48
600 585.26 186.55 28.28 68.97 10.14
600 543.05 10.24 40.00 97.56 7.78
630 515.73 178.05 40.00 97.56 142.09
630 212.45 168.04 17.83 43.48 66.61
630 601.00 60.62 25.23 61.54 47.00
630 270.78 139.66 28.28 68.97 44.68
630 473.59 155.22 35.65 86.96 34.91
630 433.78 150.73 40.00 97.56 33.19
630 4.21 190.49 20.00 48.78 24.25
630 28.10 180.22 17.83 43.48 18.37
630 566.16 69.51 20.00 48.78 10.74
660 490.62 170.09 45.20 110.24 147.52
660 612.45 60.22 17.83 43.48 54.17
660 554.86 167.95 22.47 54.79 50.85
660 222.74 159.27 20.00 48.78 44.31
660 40.27 178.48 17.83 43.48 39.61
660 229.31 127.08 25.23 61.54 35.28
660 558.53 86.30 17.83 43.48 32.86
660 41.28 159.27 20.00 48.78 22.78
660 518.80 110.00 35.65 86.96 21.03
660 265.26 139.66 28.28 68.97 8.58
660 587.74 150.41 22.47 54.79 3.17
690 392.43 147.27 63.78 155.55 103.62
690 41.28 170.98 20.00 48.78 96.47
690 29.57 172.93 20.00 48.78 82.36
690 578.85 164.00 25.23 61.54 62.47
690 515.87 80.87 71.30 173.91 49.02
690 9.76 135.10 31.71 77.35 43.28
690 230.55 157.32 20.00 48.78 31.40
690 485.63 91.17 63.78 155.55 6.57
720 251.52 136.52 71.30 173.91 138.27
720 26.36 175.00 17.83 43.48 61.52
720 598.54 161.54 25.23 61.54 57.80
720 578.85 63.08 25.23 61.54 41.67
720 281.92 101.45 89.69 218.76 35.11
720 546.64 172.76 28.28 68.97 33.89
720 612.45 65.43 17.83 43.48 31.28
720 564.02 92.61 35.65 86.96 27.95
720 599.33 61.71 20.00 48.78 25.34
720 502.93 80.69 56.55 137.93 22.46
720 56.89 172.93 20.00 48.78 10.89
720 230.48 150.41 22.47 54.79 9.48
720 597.20 11.23 31.71 77.35 4.06
720 410.98 123.91 35.65 86.96 3.35
750 72.35 130.82 80.85 197.19 126.67
750 21.14 176.74 17.83 43.48 108.88
750 610.09 161.72 28.28 68.97 66.25
750 589.93 56.16 22.47 54.79 63.67
750 522.72 67.87 80.85 197.19 54.14
750 196.79 175.00 17.83 43.48 37.97
750 232.67 152.60 22.47 54.79 32.07
750 88.15 170.16 80.85 197.19 30.71
750 588.02 76.21 28.28 68.97 22.41
780 80.30 174.88 20.00 48.78 96.95
780 19.40 180.22 17.83 43.48 82.86
780 3.75 176.74 17.83 43.48 67.47
780 25.26 145.17 28.28 68.97 67.33
780 560.54 176.09 35.65 86.96 62.46
780 601.00 58.15 25.23 61.54 61.26
780 241.62 127.08 25.23 61.54 39.23
780 303.48 132.00 31.71 77.35 38.87
780 596.51 91.23 22.47 54.79 21.65
780 238.35 163.17 20.00 48.78 19.70
780 526.67 102.06 50.80 123.90 11.85
780 412.01 159.27 20.00 48.78 2.12
810 17.66 183.70 17.83 43.48 92.09
810 544.62 176.74 17.83 43.48 74.56
810 614.18 68.91 17.83 43.48 67.33
810 570.98 176.09 35.65 86.96 45.57
810 80.27 150.65 17.83 43.48 43.55
810 306.57 132.00 31.71 77.35 34.16
810 109.93 183.29 22.47 54.79 31.03
810 243.19 125.86 28.28 68.97 7.52
840 88.11 180.73 20.00 48.78 117.67
840 95.92 178.48 17.83 43.48 48.76
840 560.27 178.48 17.83 43.48 48.08
840 250.21 161.37 22.47 54.79 44.83
840 607.33 164.48 28.28 68.97 27.50
840 241.44 163.56 22.47 54.79 10.06
870 101.14 185.43 17.83 43.48 127.79
870 9.11 189.86 22.47 54.79 93.52
870 328.21 141.29 31.71 77.35 65.03
870 253.92 164.00 25.23 61.54 59.59
870 247.23 183.70 17.83 43.48 56.16
870 40.27 187.17 17.83 43.48 41.55
870 595.05 194.13 17.83 43.48 33.98
870 4.73 209.59 22.47 54.79 32.50
870 569.14 80.69 56.55 137.93 13.54
870 84.08 156.62 25.23 61.54 11.53
870 19.03 159.87 31.71 77.35 5.24
900 97.87 190.49 20.00 48.78 136.47
900 236.79 190.65 17.83 43.48 87.96
900 249.00 171.38 25.23 61.54 58.23
900 328.21 144.39 31.71 77.35 46.20
900 617.66 98.48 17.83 43.48 25.70
900 610.71 96.74 17.83 43.48 20.45
900 498.26 209.42 31.71 77.35 16.34
900 228.10 190.65 17.83 43.48 16.05
900 260.19 128.90 31.71 77.35 8.06
900 451.88 144.39 31.71 77.35 4.18
930 209.09 190.49 20.00 48.78 130.87
930 78.35 190.49 20.00 48.78 112.76
930 243.19 167.24 28.28 68.97 25.99
930 193.53 175.52 28.28 68.97 25.41
930 546.64 214.14 28.28 68.97 21.49
930 259.82 114.39 20.00 48.78 19.53
930 573.92 228.00 25.23 61.54 14.36
930 612.45 122.83 17.83 43.48 11.45
930 322.03 144.39 31.71 77.35 8.39
960 28.84 187.67 22.47 54.79 173.71
960 164.73 189.86 22.47 54.79 126.57
960 216.91 162.97 31.71 77.35 70.31
960 305.00 131.22 40.00 97.56 49.15
960 608.97 187.17 17.83 43.48 38.35
960 234.23 100.00 25.23 61.54 27.01
960 16.22 80.49 40.00 97.56 26.63
960 156.40 188.54 20.00 48.78 21.37
960 249.14 102.76 56.55 137.93 14.26
990 76.69 193.54 25.23 61.54 206.12
990 167.50 158.70 35.65 86.96 69.46
990 265.98 131.22 40.00 97.56 55.04
990 113.32 95.00 17.83 43.48 48.44
990 78.35 77.32 20.00 48.78 42.99
990 103.77 183.69 25.23 61.54 38.97
990 69.31 200.92 25.23 61.54 38.94
990 7.23 55.00 17.83 43.48 35.68
990 199.48 97.24 56.55 137.93 28.96
990 410.98 134.35 35.65 86.96 23.27
990 68.60 73.41 20.00 48.78 18.56
1020 6.67 181.55 31.71 77.35 105.78
1020 566.36 210.93 50.80 123.90 70.41
1020 187.62 59.76 20.00 48.78 65.46
1020 28.02 62.41 28.28 68.97 46.22
1020 5.95 81.72 28.28 68.97 45.90
1020 162.26 178.78 20.00 48.78 42.35
1020 98.17 150.73 40.00 97.56 26.54
1020 537.00 188.62 25.23 61.54 25.30
1020 42.23 70.46 25.23 61.54 23.49
1020 362.01 166.30 17.83 43.48 21.18
1020 570.07 165.69 45.20 110.24 20.22
1020 201.45 23.61 31.71 77.35 14.28
1020 532.84 114.83 28.28 68.97 10.18
1050 86.46 14.15 40.00 97.56 70.39
1050 518.80 179.57 35.65 86.96 66.15
1050 117.68 10.24 40.00 97.56 39.42
1050 447.23 187.17 17.83 43.48 34.65
1050 17.04 60.00 80.85 197.19 32.92
1050 80.43 181.03 28.28 68.97 27.20
1050 564.57 129.57 71.30 173.91 18.66
1050 308.60 163.17 20.00 48.78 17.87
1050 536.74 185.22 71.30 173.91 16.27
1050 5.31 53.23 25.23 61.54 12.34
1080 406.54 178.77 25.23 61.54 75.09
1080 99.42 23.61 31.71 77.35 43.04
1080 15.15 186.15 25.23 61.54 42.15
1080 443.23 186.59 20.00 48.78 38.43
1080 6.92 18.90 22.47 54.79 37.99
1080 595.33 12.61 35.65 86.96 24.95
1080 506.54 155.38 126.15 307.69 11.67
1080 554.32 75.74 80.85 197.19 11.63
1080 80.27 201.09 17.83 43.48 10.31
1080 88.01 47.40 22.47 54.79 8.68
1110 431.85 176.09 35.65 86.96 94.91
1110 151.58 256.74 17.83 43.48 48.95
1110 164.21 250.98 20.00 48.78 36.22
1110 278.70 167.95 22.47 54.79 18.03
1110 516.79 230.65 17.83 43.48 17.65
1110 450.85 208.31 25.23 61.54 13.86
1110 158.53 248.04 17.83 43.48 10.93
1140 508.45 185.52 56.55 137.93 111.66
1140 491.90 168.97 56.55 137.93 68.25
1140 46.86 271.35 31.71 77.35 50.97
1140 578.65 246.58 31.71 77.35 48.26
1140 610.85 154.15 25.23 61.54 37.60
1140 572.46 8.13 31.71 77.35 33.26
1140 15.15 299.38 25.23 61.54 31.95
1140 238.53 187.17 17.83 43.48 25.80
1140 568.97 199.35 17.83 43.48 25.53
1140 19.74 274.83 28.28 68.97 23.39
1140 463.15 186.15 25.23 61.54 19.81
1140 447.47 196.44 22.47 54.79 15.06
1170 603.75 183.70 17.83 43.48 59.93
1170 143.15 148.26 35.65 86.96 41.83
1170 4.73 194.25 22.47 54.79 29.91
1170 510.78 203.10 28.28 68.97 29.00
1170 90.06 186.59 20.00 48.78 23.37
1170 477.38 161.28 45.20 110.24 21.99
1170 170.71 155.87 17.83 43.48 21.81
1170 594.32 51.78 22.47 54.79 17.87
1170 491.90 20.00 56.55 137.93 1.32
1200 129.09 186.59 20.00 48.78 84.24
1200 473.32 180.22 17.83 43.48 54.10
1200 567.50 9.13 35.65 86.96 53.54
1200 486.38 141.38 56.55 137.93 47.46
1200 510.63 17.42 31.71 77.35 47.26
1200 353.32 180.22 17.83 43.48 23.51
1200 584.83 14.32 31.71 77.35 23.02
1200 532.08 6.46 25.23 61.54 18.83
1200 597.68 72.68 40.00 97.56 9.52
1200 600.29 240.39 31.71 77.35 6.88
1230 86.16 188.54 20.00 48.78 122.68
1230 526.37 181.10 22.47 54.79 101.17
1230 36.79 185.43 17.83 43.48 82.86
1230 255.92 161.09 17.83 43.48 52.00
1230 539.15 115.61 40.00 97.56 45.49
1230 9.11 172.33 22.47 54.79 36.24
1230 13.49 132.88 22.47 54.79 27.26
1230 517.60 181.10 22.47 54.79 20.82
1230 507.62 180.73 20.00 48.78 15.67
1230 185.26 150.69 28.28 68.97 13.10
1230 45.43 116.91 50.80 123.90 10.75
1260 25.00 188.62 25.23 61.54 177.68
1260 534.54 181.23 25.23 61.54 156.75
1260 5.49 185.43 17.83 43.48 98.71
1260 244.21 161.22 20.00 48.78 47.64
1260 558.10 102.76 56.55 137.93 33.92
1260 116.79 148.91 17.83 43.48 33.04
1260 182.50 156.21 28.28 68.97 31.71
1260 257.66 161.09 17.83 43.48 22.59
1260 221.71 148.22 22.47 54.79 15.97
1260 380.79 188.54 20.00 48.78 2.09
1290 563.19 178.45 31.71 77.35 193.63
1290 535.36 175.35 31.71 77.35 154.89
1290 240.30 161.22 20.00 48.78 45.95
1290 575.56 178.45 31.71 77.35 40.20
1290 4.21 96.83 20.00 48.78 39.99
1290 601.28 192.44 20.00 48.78 30.89
1290 523.00 175.35 31.71 77.35 29.21
1290 99.74 150.69 28.28 68.97 20.08
1290 597.20 97.94 31.71 77.35 15.00
1290 12.01 89.02 20.00 48.78 13.14
1290 214.94 153.41 20.00 48.78 7.40
1320 578.65 190.84 31.71 77.35 203.67
1320 479.71 184.65 31.71 77.35 101.06
1320 601.59 174.15 40.00 97.56 69.55
1320 511.78 62.47 50.80 123.90 56.19
1320 197.60 148.22 22.47 54.79 48.69
1320 569.00 203.38 25.23 61.54 48.43
1320 47.33 192.07 28.28 68.97 36.86
1320 248.97 169.78 17.83 43.48 21.64
1320 212.08 156.62 25.23 61.54 21.43
1320 114.32 178.90 22.47 54.79 9.45
1320 237.05 161.37 22.47 54.79 8.21
1320 38.53 105.43 17.83 43.48 1.33
1350 501.41 186.52 35.65 86.96 176.48
1350 327.31 161.28 45.20 110.24 94.36
1350 101.16 183.29 22.47 54.79 71.27
1350 585.98 166.34 40.00 97.56 53.69
1350 591.85 71.74 35.65 86.96 40.40
1350 12.69 205.85 25.23 61.54 39.29
1350 94.18 192.39 17.83 43.48 35.00
1350 13.96 89.02 20.00 48.78 34.59
1350 234.86 154.79 22.47 54.79 33.61
1350 20.07 189.86 22.47 54.79 28.07
1350 571.46 8.92 25.23 61.54 27.11
1350 536.03 36.55 56.55 137.93 23.30
1350 490.98 172.61 35.65 86.96 22.18
1350 594.11 138.19 31.71 77.35 16.77
1350 214.94 165.12 20.00 48.78 14.55
1380 322.90 174.50 45.20 110.24 144.66
1380 85.12 156.49 50.80 123.90 128.66
1380 610.09 167.24 28.28 68.97 109.99
1380 66.10 178.90 22.47 54.79 91.34
1380 55.14 183.29 22.47 54.79 90.95
1380 39.33 192.44 20.00 48.78 62.79
1380 408.71 153.45 28.28 68.97 52.46
1380 47.13 188.54 20.00 48.78 46.09
1380 11.30 185.48 22.47 54.79 45.15
1380 231.77 146.77 25.23 61.54 40.38
1380 201.81 142.41 28.28 68.97 40.15
1380 191.03 132.88 22.47 54.79 33.66
1380 607.13 5.12 20.00 48.78 31.06
1380 76.40 182.68 20.00 48.78 27.18
1380 104.96 156.49 50.80 123.90 25.02
1380 248.97 161.09 17.83 43.48 21.28
1380 340.99 99.34 80.85 197.19 14.80
1380 508.10 178.48 17.83 43.48 11.03
1410 17.41 163.45 56.55 137.93 140.78
1410 7.77 183.69 25.23 61.54 82.57
1410 411.69 150.58 31.71 77.35 57.04
1410 471.58 172.33 22.47 54.79 28.98
1410 22.93 124.83 56.55 137.93 27.99
1410 185.99 128.90 31.71 77.35 10.13
1410 130.71 178.48 17.83 43.48 4.72
1410 316.14 73.95 114.81 280.01 3.51
1440 411.69 153.68 31.71 77.35 48.72
1440 182.26 132.88 22.47 54.79 20.71
1440 336.50 84.94 63.78 155.55 19.12
1440 47.23 192.39 17.83 43.48 4.55
1470 410.98 148.26 35.65 86.96 55.82
1470 424.41 139.27 45.20 110.24 28.01
1470 458.42 139.45 22.47 54.79 19.54
1500 467.19 146.03 22.47 54.79 59.99
1500 424.41 143.67 45.20 110.24 54.38
1500 12.69 60.62 25.23 61.54 31.61
1500 4.21 67.56 20.00 48.78 27.93
1500 119.05 142.41 28.28 68.97 27.11
1500 407.50 155.22 35.65 86.96 26.73
1500 229.40 156.21 28.28 68.97 25.08
1500 393.32 185.43 17.83 43.48 22.45
1500 7.77 191.08 25.23 61.54 19.16
1500 5.95 139.66 28.28 68.97 15.50
1500 560.27 192.39 17.83 43.48 7.77
1530 452.84 192.07 28.28 68.97 47.63
1530 242.26 172.93 20.00 48.78 44.15
1530 534.76 130.46 45.20 110.24 42.70
1530 418.17 154.63 40.00 97.56 40.66
1530 557.61 66.96 71.30 173.91 35.74
1530 109.84 140.22 17.83 43.48 23.31
1530 534.18 68.91 17.83 43.48 4.17
1560 203.23 149.51 20.00 48.78 40.69
1560 220.00 153.68 31.71 77.35 34.10
1560 86.16 137.80 20.00 48.78 31.12
1560 498.06 122.34 63.78 155.55 30.50
1560 621.14 35.87 17.83 43.48 29.42
1560 97.66 133.26 17.83 43.48 21.69
1560 59.40 197.61 17.83 43.48 19.04
1560 35.41 100.00 22.47 54.79 12.78
1560 532.99 9.02 20.00 48.78 12.38
1590 208.97 187.17 17.83 43.48 39.49
1590 598.70 163.56 22.47 54.79 39.16
1590 515.73 178.05 40.00 97.56 34.81
1590 441.81 178.28 28.28 68.97 29.08
1590 431.15 178.77 25.23 61.54 23.49
1590 219.46 154.15 25.23 61.54 23.32
1590 331.72 108.44 45.20 110.24 14.39
1590 242.01 169.78 17.83 43.48 9.37
1590 186.64 152.60 22.47 54.79 8.19
1590 610.85 159.08 25.23 61.54 5.95
1620 134.94 186.59 20.00 48.78 49.79
1620 597.20 215.61 31.71 77.35 44.13
1620 52.99 120.24 20.00 48.78 41.65
1620 25.00 112.31 25.23 61.54 40.88
1620 565.49 201.09 17.83 43.48 30.01
1620 318.29 97.11 50.80 123.90 25.35
1620 429.88 162.44 40.00 97.56 22.64
1620 605.27 100.00 22.47 54.79 21.97
1620 160.43 142.41 28.28 68.97 12.02
1620 507.46 186.15 25.23 61.54 10.13
1620 543.05 119.51 40.00 97.56 8.27
1650 605.27 181.10 22.47 54.79 76.18
1650 562.56 178.05 40.00 97.56 43.26
1650 121.59 127.32 40.00 97.56 30.50
1650 21.41 78.70 35.65 86.96 29.99
1650 72.59 102.76 56.55 137.93 25.74
1650 496.22 170.24 40.00 97.56 19.21
1650 315.85 141.29 31.71 77.35 13.61
1680 452.99 174.88 20.00 48.78 48.83
1680 540.79 137.80 20.00 48.78 38.56
1680 553.98 84.94 63.78 155.55 34.83
1680 9.76 169.16 31.71 77.35 32.41
1680 16.98 73.45 28.28 68.97 27.83
1680 33.97 97.24 56.55 137.93 26.47
1680 429.57 178.78 20.00 48.78 23.82
1680 386.96 150.58 31.71 77.35 22.73
1680 423.36 189.86 22.47 54.79 18.86
1680 312.50 169.02 20.00 48.78 18.35
1680 491.47 200.34 28.28 68.97 7.81
1710 554.86 183.29 22.47 54.79 82.82
1710 565.49 204.57 17.83 43.48 57.85
1710 107.74 183.29 22.47 54.79 44.69
1710 596.29 233.45 28.28 68.97 43.61
1710 480.34 181.10 22.47 54.79 33.38
1710 392.50 172.93 20.00 48.78 28.06
1710 460.79 194.39 20.00 48.78 26.44
1710 65.27 121.86 50.80 123.90 23.61
1710 318.35 169.02 20.00 48.78 15.57
1710 574.18 195.87 17.83 43.48 14.78
1710 436.51 100.00 22.47 54.79 4.86
1740 620.79 211.95 20.00 48.78 53.35
1740 535.60 172.76 28.28 68.97 50.26
1740 609.66 181.10 22.47 54.79 40.52
1740 9.11 89.04 22.47 54.79 39.81
1740 587.74 5.75 22.47 54.79 36.14
1740 320.34 165.75 22.47 54.79 26.84
1740 57.00 109.85 25.23 61.54 21.24
1740 461.16 76.26 31.71 77.35 18.05
1740 546.85 6.46 25.23 61.54 10.78
1740 507.62 198.29 20.00 48.78 10.19
1740 527.15 65.54 25.23 61.54 8.23
1740 331.72 117.25 45.20 110.24 6.06
1770 593.53 7.24 28.28 68.97 98.18
1770 90.06 192.44 20.00 48.78 33.94
1770 425.69 108.28 56.55 137.93 27.46
1770 511.58 28.91 17.83 43.48 18.29
1770 348.06 107.01 50.80 123.90 18.19
1770 120.89 174.52 22.47 54.79 14.91
1770 212.99 172.93 20.00 48.78 12.30
1770 6.16 90.98 20.00 48.78 11.71
1770 609.09 7.07 20.00 48.78 10.24
1770 176.98 150.69 28.28 68.97 9.37
1770 615.77 8.92 25.23 61.54 0.54
1800 13.96 192.44 20.00 48.78 95.23
1800 93.96 180.73 20.00 48.78 92.84
1800 33.32 188.91 17.83 43.48 57.15
1800 475.05 88.04 17.83 43.48 56.61
1800 206.37 165.75 22.47 54.79 55.10
1800 5.49 208.04 17.83 43.48 32.64
1800 51.04 180.73 20.00 48.78 31.51
1800 199.33 170.98 20.00 48.78 30.69
1800 337.93 134.35 35.65 86.96 30.39
1800 437.68 92.20 40.00 97.56 21.01
1800 155.17 117.25 45.20 110.24 20.10
1800 412.56 87.22 50.80 123.90 15.09
1800 45.49 89.78 17.83 43.48 12.08
1800 538.45 51.48 31.71 77.35 11.50
1830 42.01 188.91 17.83 43.48 117.17
1830 508.28 11.56 45.20 110.24 68.17
1830 304.62 6.30 17.83 43.48 59.98
1830 544.93 22.91 89.69 218.76 57.54
1830 537.00 6.46 25.23 61.54 49.80
1830 439.05 7.24 28.28 68.97 41.31
1830 409.00 156.62 25.23 61.54 37.71
1830 478.53 23.70 17.83 43.48 35.44
1830 9.76 159.87 31.71 77.35 34.61
1830 61.71 80.27 22.47 54.79 26.57
1830 191.03 167.95 22.47 54.79 23.85
1830 492.69 38.46 25.23 61.54 22.49
1830 392.67 38.63 22.47 54.79 19.05
1830 345.00 11.38 25.23 61.54 11.78
1830 77.05 167.95 22.47 54.79 11.50
1830 137.52 112.84 45.20 110.24 10.96
1830 36.79 181.96 17.83 43.48 7.96
