30 501.35 14.32 31.71 77.35 47.72
30 549.31 63.08 25.23 61.54 25.29
30 596.55 200.92 45.20 110.24 21.22
30 203.54 146.83 40.00 97.56 6.55
60 536.16 101.45 89.69 218.76 72.32
60 146.36 206.30 17.83 43.48 54.49
60 459.67 169.13 35.65 86.96 52.39
60 11.47 131.38 28.28 68.97 30.48
60 175.92 187.17 17.83 43.48 27.62
60 501.14 188.91 17.83 43.48 18.92
60 486.92 176.71 22.47 54.79 16.50
60 191.85 148.26 35.65 86.96 15.78
60 166.16 182.68 20.00 48.78 11.89
60 443.08 29.86 22.47 54.79 7.67
90 152.50 184.63 20.00 48.78 59.50
90 160.30 186.59 20.00 48.78 45.36
90 525.93 165.69 45.20 110.24 44.98
90 191.85 155.22 35.65 86.96 38.21
90 546.42 91.48 80.85 197.19 30.23
90 433.32 185.43 17.83 43.48 25.26
90 377.66 183.70 17.83 43.48 23.38
90 519.33 81.22 20.00 48.78 14.83
90 95.92 201.09 17.83 43.48 5.89
120 52.84 170.00 28.28 68.97 80.39
120 123.08 178.90 22.47 54.79 74.91
120 609.66 192.05 22.47 54.79 52.22
120 448.38 173.85 25.23 61.54 36.23
120 24.45 183.29 22.47 54.79 33.37
120 374.94 178.78 20.00 48.78 32.69
120 412.45 180.22 17.83 43.48 27.34
120 495.91 192.44 20.00 48.78 22.86
120 541.14 197.61 17.83 43.48 21.87
120 558.35 196.34 20.00 48.78 17.42
150 485.49 176.74 17.83 43.48 83.83
150 563.63 187.67 22.47 54.79 66.19
150 17.88 189.86 22.47 54.79 61.82
150 583.36 187.67 22.47 54.79 60.30
150 258.85 168.92 25.23 61.54 47.01
150 440.89 167.95 22.47 54.79 43.23
150 14.18 155.87 17.83 43.48 20.85
150 177.88 143.84 22.47 54.79 18.81
150 249.00 171.38 25.23 61.54 13.38
150 125.24 103.64 63.78 155.55 13.34
150 595.05 201.09 17.83 43.48 13.27
180 519.79 172.33 22.47 54.79 127.91
180 337.62 173.85 25.23 61.54 70.84
180 4.21 217.80 20.00 48.78 65.16
180 305.00 142.93 40.00 97.56 50.44
180 61.14 197.61 17.83 43.48 41.61
180 396.40 170.98 20.00 48.78 33.48
180 517.60 156.99 22.47 54.79 19.55
180 159.59 134.86 45.20 110.24 8.29
210 553.91 166.06 31.71 77.35 121.82
210 377.00 161.54 25.23 61.54 29.28
210 501.41 158.70 35.65 86.96 23.31
210 521.81 167.24 28.28 68.97 22.49
210 314.45 176.83 20.00 48.78 16.92
210 6.16 206.10 20.00 48.78 15.03
240 80.30 186.59 20.00 48.78 13.07
240 507.93 146.83 40.00 97.56 5.25
240 37.60 192.05 22.47 54.79 3.92
270 6.92 196.44 22.47 54.79 62.16
270 458.42 189.86 22.47 54.79 30.73
270 517.38 198.29 20.00 48.78 28.31
300 544.38 200.92 25.23 61.54 52.31
300 10.98 165.65 35.65 86.96 40.65
300 303.41 111.96 50.80 123.90 16.30
300 162.26 172.93 20.00 48.78 7.80
330 8.41 166.34 40.00 97.56 72.90
330 445.70 29.81 31.71 77.35 56.16
330 160.27 190.65 17.83 43.48 32.09
330 287.47 159.18 22.47 54.79 25.11
330 348.93 97.40 63.78 155.55 16.99
330 10.06 87.07 20.00 48.78 11.05
330 176.22 139.02 40.00 97.56 8.65
330 376.03 113.79 56.55 137.93 7.43
360 386.21 84.94 63.78 155.55 50.37
360 9.52 165.69 45.20 110.24 44.97
360 608.38 154.15 25.23 61.54 28.39
360 45.76 169.13 35.65 86.96 18.61
360 313.00 154.15 25.23 61.54 -0.61
390 22.26 209.59 22.47 54.79 65.37
390 532.99 186.59 20.00 48.78 60.27
390 323.19 147.93 28.28 68.97 37.01
390 349.92 154.15 25.23 61.54 30.09
390 28.45 119.31 56.55 137.93 28.73
390 119.35 80.87 71.30 173.91 20.52
390 50.77 25.71 100.71 245.62 9.11
420 104.96 47.63 50.80 123.90 59.17
420 364.57 147.93 28.28 68.97 39.28
420 353.53 147.93 28.28 68.97 21.76
420 8.71 56.90 28.28 68.97 15.47
420 39.63 166.34 40.00 97.56 14.19
450 70.65 18.26 71.30 173.91 76.22
450 334.40 135.10 31.71 77.35 63.75
450 9.11 194.25 22.47 54.79 33.27
450 83.96 150.58 31.71 77.35 21.49
450 374.54 149.23 25.23 61.54 15.89
450 546.10 218.36 22.47 54.79 8.88
450 528.56 189.86 22.47 54.79 4.97
450 513.32 218.48 17.83 43.48 4.63
480 457.66 187.17 17.83 43.48 45.62
480 32.38 60.62 25.23 61.54 36.24
480 529.47 29.30 114.81 280.01 34.71
480 53.97 22.91 89.69 218.76 33.16
480 230.48 174.52 22.47 54.79 29.74
480 8.41 25.85 40.00 97.56 27.14
480 351.85 127.39 35.65 86.96 22.99
480 392.71 102.06 50.80 123.90 19.55
480 49.62 196.00 25.23 61.54 17.70
480 507.54 187.74 31.71 77.35 5.05
510 509.84 187.17 17.83 43.48 226.55
510 7.50 134.35 35.65 86.96 79.09
510 164.21 194.39 20.00 48.78 74.67
510 95.91 204.15 20.00 48.78 26.27
510 597.68 158.54 40.00 97.56 16.91
510 50.52 124.83 56.55 137.93 7.58
510 289.24 134.35 35.65 86.96 3.46
510 113.48 116.34 20.00 48.78 2.68
540 570.21 187.67 22.47 54.79 274.35
540 9.76 135.10 31.71 77.35 49.56
540 129.24 141.30 35.65 86.96 26.40
540 86.16 75.37 20.00 48.78 26.34
540 75.05 34.13 17.83 43.48 18.99
540 42.83 122.61 71.30 173.91 15.22
540 442.07 130.46 45.20 110.24 14.22
570 437.68 127.32 40.00 97.56 42.91
570 109.93 7.95 22.47 54.79 17.06
570 412.40 167.95 22.47 54.79 13.35
570 10.23 154.15 25.23 61.54 10.84
570 182.50 167.24 28.28 68.97 8.24
600 13.40 91.17 63.78 155.55 69.45
600 416.78 159.18 22.47 54.79 49.21
600 446.48 112.84 45.20 110.24 46.22
600 5.49 190.65 17.83 43.48 42.61
600 386.36 164.57 17.83 43.48 26.84
600 89.00 132.00 25.23 61.54 16.11
600 275.65 113.42 31.71 77.35 3.72
630 488.99 141.29 31.71 77.35 44.80
630 429.93 161.37 22.47 54.79 36.91
630 22.88 157.61 17.83 43.48 32.26
630 572.62 78.70 63.78 155.55 31.76
630 457.21 102.06 50.80 123.90 31.02
630 55.92 168.04 17.83 43.48 29.52
630 5.95 205.86 28.28 68.97 28.29
630 125.76 148.26 35.65 86.96 25.05
630 501.96 73.91 71.30 173.91 24.25
630 221.55 86.21 56.55 137.93 15.80
630 63.90 108.77 22.47 54.79 4.91
660 95.92 181.96 17.83 43.48 81.88
660 284.93 135.10 31.71 77.35 42.39
660 433.24 104.04 45.20 110.24 38.66
660 190.78 167.24 28.28 68.97 35.55
660 24.62 91.52 17.83 43.48 33.81
660 556.40 10.98 20.00 48.78 22.55
660 6.92 235.89 22.47 54.79 20.84
660 7.23 91.52 17.83 43.48 17.56
660 522.91 91.17 63.78 155.55 16.56
660 491.90 91.72 56.55 137.93 13.51
690 52.99 182.68 20.00 48.78 111.01
690 492.01 190.49 20.00 48.78 52.04
690 572.45 206.30 17.83 43.48 51.38
690 355.33 130.87 35.65 86.96 48.78
690 60.79 182.68 20.00 48.78 44.33
690 605.18 188.54 20.00 48.78 44.23
690 451.85 161.37 22.47 54.79 40.98
690 10.70 156.49 50.80 123.90 40.39
690 614.18 192.39 17.83 43.48 32.95
690 530.34 121.65 45.20 110.24 28.24
690 578.85 186.15 25.23 61.54 27.83
690 243.62 91.72 56.55 137.93 25.58
690 519.48 31.03 56.55 137.93 21.18
690 436.08 161.54 25.23 61.54 5.14
720 535.60 189.31 28.28 68.97 105.32
720 13.96 5.12 20.00 48.78 64.06
720 521.28 204.15 20.00 48.78 54.64
720 6.16 5.12 20.00 48.78 54.18
720 230.21 104.04 45.20 110.24 49.99
720 66.64 197.59 28.28 68.97 44.75
720 429.71 78.70 63.78 155.55 36.27
720 612.99 110.49 20.00 48.78 32.50
720 26.36 11.52 17.83 43.48 32.46
720 344.89 123.91 35.65 86.96 22.54
750 559.25 194.25 22.47 54.79 88.49
750 474.45 174.88 20.00 48.78 46.09
750 4.21 106.59 20.00 48.78 40.97
750 353.32 162.83 17.83 43.48 37.23
750 610.71 81.09 17.83 43.48 36.72
750 193.97 97.24 56.55 137.93 28.80
750 605.27 97.81 22.47 54.79 24.04
780 132.45 143.70 17.83 43.48 34.94
780 265.98 115.61 40.00 97.56 33.19
780 397.07 141.30 35.65 86.96 24.47
780 353.32 161.09 17.83 43.48 9.92
780 618.42 156.99 22.47 54.79 9.22
810 5.49 194.13 17.83 43.48 86.83
810 455.31 117.25 45.20 110.24 55.33
810 99.42 162.97 31.71 77.35 55.11
810 84.21 128.05 20.00 48.78 50.27
810 190.48 112.84 45.20 110.24 34.90
810 127.65 36.39 80.85 197.19 16.04
810 323.26 102.06 50.80 123.90 14.21
810 597.38 188.54 20.00 48.78 12.66
840 27.93 123.41 40.00 97.56 61.65
840 564.08 164.00 25.23 61.54 41.83
840 365.18 163.17 20.00 48.78 24.71
840 172.83 86.42 45.20 110.24 21.87
840 420.97 132.00 31.71 77.35 20.53
840 519.33 5.12 20.00 48.78 18.92
840 582.88 8.04 17.83 43.48 14.41
840 14.46 137.83 35.65 86.96 12.79
840 217.00 166.46 25.23 61.54 11.77
840 68.29 150.41 22.47 54.79 10.41
840 461.16 172.26 31.71 77.35 4.82
870 203.72 108.44 45.20 110.24 43.29
870 15.91 204.15 20.00 48.78 43.18
870 165.95 156.21 28.28 68.97 43.07
870 547.73 197.03 31.71 77.35 40.02
870 176.71 144.39 31.71 77.35 37.79
870 468.60 98.78 20.00 48.78 20.32
870 560.27 138.48 17.83 43.48 15.46
870 105.26 161.72 28.28 68.97 12.88
870 8.97 218.48 17.83 43.48 9.95
870 525.93 152.48 45.20 110.24 7.41
900 184.62 148.91 17.83 43.48 47.22
900 417.87 169.02 20.00 48.78 20.54
900 486.38 91.72 56.55 137.93 14.74
900 616.89 159.27 20.00 48.78 7.75
930 120.89 141.64 22.47 54.79 60.43
930 281.81 139.66 28.28 68.97 54.03
930 15.94 36.00 31.71 77.35 37.34
930 539.46 68.00 25.23 61.54 33.71
930 511.58 176.74 17.83 43.48 32.85
930 154.13 53.04 71.30 173.91 32.24
930 52.95 150.41 22.47 54.79 31.66
930 30.78 139.66 28.28 68.97 30.00
930 95.92 169.78 17.83 43.48 27.43
930 401.44 176.71 22.47 54.79 26.72
930 485.95 106.55 28.28 68.97 8.12
960 44.83 90.83 45.20 110.24 49.98
960 149.84 138.48 17.83 43.48 39.21
960 7.50 33.48 35.65 86.96 32.02
960 300.69 151.69 25.23 61.54 24.01
960 559.15 72.92 25.23 61.54 23.94
960 531.04 180.73 20.00 48.78 22.33
960 546.95 135.12 40.00 97.56 20.68
960 119.05 156.21 28.28 68.97 18.61
960 273.62 151.69 25.23 61.54 12.65
960 413.92 176.31 25.23 61.54 8.64
960 177.87 170.98 20.00 48.78 5.40
960 71.59 147.48 31.71 77.35 2.34
990 40.41 99.63 45.20 110.24 58.33
990 568.11 87.07 20.00 48.78 51.86
990 534.94 190.49 20.00 48.78 49.36
990 15.66 107.01 50.80 123.90 30.34
990 431.58 180.22 17.83 43.48 29.73
990 554.76 142.93 40.00 97.56 8.48
990 125.49 45.37 40.00 97.56 8.03
990 93.38 99.63 45.20 110.24 6.69
990 290.09 150.69 28.28 68.97 5.75
1020 40.41 104.04 45.20 110.24 65.64
1020 433.48 186.59 20.00 48.78 32.39
1020 288.38 161.54 25.23 61.54 29.52
1020 460.79 188.54 20.00 48.78 27.02
1020 162.53 185.48 22.47 54.79 21.08
1020 10.70 12.99 50.80 123.90 20.54
1020 15.66 111.96 50.80 123.90 18.18
1020 570.21 91.23 22.47 54.79 15.48
1020 424.89 33.48 35.65 86.96 12.52
1020 605.92 168.92 25.23 61.54 7.60
1020 539.17 139.27 45.20 110.24 6.51
1050 40.41 112.84 45.20 110.24 63.34
1050 431.52 190.49 20.00 48.78 61.63
1050 278.70 172.33 22.47 54.79 47.89
1050 15.66 116.91 50.80 123.90 38.81
1050 271.52 172.93 20.00 48.78 35.61
1050 570.06 98.78 20.00 48.78 32.46
1050 179.81 156.77 31.71 77.35 25.98
1050 554.76 154.63 40.00 97.56 24.32
1050 539.52 198.63 22.47 54.79 20.19
1050 506.36 55.00 17.83 43.48 19.23
1050 287.47 167.95 22.47 54.79 13.22
1050 460.79 192.44 20.00 48.78 10.74
1050 416.78 203.01 22.47 54.79 8.45
1050 177.24 73.21 45.20 110.24 6.76
1080 36.00 112.84 45.20 110.24 63.66
1080 185.99 159.87 31.71 77.35 47.77
1080 288.38 166.46 25.23 61.54 35.99
1080 230.55 174.88 20.00 48.78 34.64
1080 15.66 121.86 50.80 123.90 33.51
1080 300.62 172.33 22.47 54.79 28.41
1080 536.89 204.15 20.00 48.78 28.05
1080 428.10 195.87 17.83 43.48 27.07
1080 275.43 174.88 20.00 48.78 22.73
1080 484.21 206.10 20.00 48.78 19.80
1080 66.85 178.77 25.23 61.54 17.48
1080 435.43 190.49 20.00 48.78 13.44
1080 74.76 127.32 40.00 97.56 10.14
1110 40.41 117.25 45.20 110.24 41.24
1110 189.92 166.46 25.23 61.54 39.87
1110 153.00 191.08 25.23 61.54 37.94
1110 15.66 121.86 50.80 123.90 30.99
1110 22.26 21.10 22.47 54.79 24.05
1110 294.04 172.33 22.47 54.79 17.86
1110 537.33 203.01 22.47 54.79 12.01
1110 69.31 176.31 25.23 61.54 2.35
1140 185.26 167.24 28.28 68.97 56.33
1140 43.54 123.41 40.00 97.56 53.41
1140 16.98 7.24 28.28 68.97 39.31
1140 152.16 192.07 28.28 68.97 36.33
1140 288.38 171.38 25.23 61.54 35.50
1140 277.38 178.78 20.00 48.78 35.50
1140 15.66 126.80 50.80 123.90 33.32
1140 389.84 176.74 17.83 43.48 24.11
1140 479.71 147.48 31.71 77.35 23.84
1140 570.21 97.81 22.47 54.79 18.05
1140 66.85 183.69 25.23 61.54 15.27
1140 404.21 170.98 20.00 48.78 2.34
1170 47.15 186.15 25.23 61.54 63.97
1170 7.50 224.78 35.65 86.96 52.78
1170 537.33 213.97 22.47 54.79 29.57
1170 554.76 166.34 40.00 97.56 29.15
1170 423.72 206.10 20.00 48.78 23.20
1170 42.28 134.35 35.65 86.96 22.30
1170 570.21 108.77 22.47 54.79 15.01
1170 434.32 203.01 22.47 54.79 12.61
1170 421.41 50.87 35.65 86.96 -0.87
1200 40.41 121.65 45.20 110.24 53.61
1200 191.03 172.33 22.47 54.79 45.03
1200 100.00 64.90 100.71 245.62 39.21
1200 570.06 106.59 20.00 48.78 32.43
1200 15.66 126.80 50.80 123.90 27.67
1200 600.89 183.29 22.47 54.79 22.20
1200 423.72 202.20 20.00 48.78 20.88
1200 415.91 213.90 20.00 48.78 19.62
1200 10.70 27.84 50.80 123.90 15.26
1200 435.43 198.29 20.00 48.78 6.36
1200 539.40 213.26 17.83 43.48 6.30
1230 191.03 172.33 22.47 54.79 91.51
1230 230.21 183.30 45.20 110.24 85.03
1230 40.41 117.25 45.20 110.24 61.14
1230 15.66 126.80 50.80 123.90 41.51
1230 421.41 165.65 35.65 86.96 25.78
1230 569.00 97.54 25.23 61.54 18.76
1230 610.85 183.69 25.23 61.54 11.37
1230 508.10 70.65 17.83 43.48 10.87
1230 4.21 94.88 20.00 48.78 3.80
1230 539.17 152.48 45.20 110.24 3.78
1230 127.33 54.14 28.28 68.97 3.15
1230 565.49 4.57 17.83 43.48 1.67
1260 298.36 194.83 28.28 68.97 134.97
1260 39.63 123.41 40.00 97.56 66.03
1260 191.58 173.26 17.83 43.48 65.86
1260 39.77 181.23 25.23 61.54 58.03
1260 538.84 208.05 20.00 48.78 50.61
1260 605.27 185.48 22.47 54.79 32.06
1260 15.15 77.85 25.23 61.54 31.31
1260 455.77 188.62 25.23 61.54 31.27
1260 570.06 106.59 20.00 48.78 29.51
1260 4.73 91.23 22.47 54.79 27.81
1260 424.62 199.35 17.83 43.48 27.26
1260 16.98 10.00 28.28 68.97 21.95
1260 17.62 181.23 25.23 61.54 11.71
1260 570.06 182.68 20.00 48.78 9.19
1260 596.79 197.61 17.83 43.48 7.53
1290 189.57 170.98 20.00 48.78 87.14
1290 322.53 196.44 22.47 54.79 75.99
1290 44.83 117.25 45.20 110.24 73.05
1290 39.79 183.29 22.47 54.79 45.89
1290 460.79 200.24 20.00 48.78 30.19
1290 421.41 162.17 35.65 86.96 30.11
1290 140.69 161.54 25.23 61.54 27.56
1290 570.21 102.19 22.47 54.79 26.13
1290 537.33 207.40 22.47 54.79 24.76
1290 124.28 60.00 45.20 110.24 24.45
1290 16.98 172.76 28.28 68.97 22.56
1290 603.08 181.10 22.47 54.79 15.50
1290 558.66 158.54 40.00 97.56 15.44
1290 503.86 143.67 45.20 110.24 11.96
1320 191.03 170.14 22.47 54.79 84.43
1320 44.83 117.25 45.20 110.24 54.20
1320 434.32 194.25 22.47 54.79 51.71
1320 15.66 126.80 50.80 123.90 48.84
1320 325.49 197.61 17.83 43.48 47.47
1320 539.52 205.21 22.47 54.79 34.17
1320 558.66 162.44 40.00 97.56 29.29
1320 146.64 167.24 28.28 68.97 24.61
1320 609.66 181.10 22.47 54.79 20.34
1320 462.81 196.44 22.47 54.79 3.49
1350 188.84 172.33 22.47 54.79 84.88
1350 323.75 199.35 17.83 43.48 60.39
1350 543.90 209.59 22.47 54.79 42.48
1350 566.46 162.44 40.00 97.56 28.59
1350 15.15 146.77 25.23 61.54 26.26
1350 425.98 37.56 40.00 97.56 25.85
1350 474.45 210.00 20.00 48.78 24.69
1350 428.10 208.04 17.83 43.48 24.15
1350 34.85 43.38 25.23 61.54 13.01
1350 27.17 117.25 45.20 110.24 9.24
1350 10.70 171.34 50.80 123.90 4.32
1380 182.26 172.33 22.47 54.79 94.79
1380 441.28 202.20 20.00 48.78 53.29
1380 328.97 199.35 17.83 43.48 42.88
1380 575.91 217.80 20.00 48.78 34.46
1380 24.45 45.21 22.47 54.79 34.11
1380 106.62 55.60 45.20 110.24 34.00
1380 435.05 211.52 17.83 43.48 28.98
1380 614.18 204.57 17.83 43.48 27.80
1380 476.62 181.55 31.71 77.35 19.53
1380 291.85 176.71 22.47 54.79 5.94
1380 524.18 198.63 22.47 54.79 -0.44
1410 166.16 167.07 20.00 48.78 73.98
1410 330.23 176.31 25.23 61.54 58.42
1410 10.23 213.23 25.23 61.54 49.27
1410 604.57 87.24 28.28 68.97 39.65
1410 448.97 211.52 17.83 43.48 30.65
1410 574.22 175.52 28.28 68.97 28.68
1410 615.77 186.15 25.23 61.54 22.55
1410 71.51 49.09 89.69 218.76 22.54
1410 381.71 170.14 22.47 54.79 22.21
1410 584.89 75.22 35.65 86.96 16.65
1410 518.80 123.91 35.65 86.96 10.49
1410 563.19 178.28 28.28 68.97 7.12
1410 433.24 15.96 45.20 110.24 3.34
1440 155.96 156.99 22.47 54.79 91.66
1440 564.02 78.70 35.65 86.96 70.85
1440 69.31 80.31 25.23 61.54 45.66
1440 488.71 189.31 28.28 68.97 41.33
1440 384.70 161.22 20.00 48.78 28.28
1440 83.75 18.48 17.83 43.48 25.08
1440 477.67 192.07 28.28 68.97 23.29
1440 6.92 165.75 22.47 54.79 18.82
1440 33.22 172.33 22.47 54.79 18.81
1440 63.88 158.97 28.28 68.97 14.38
1440 433.24 11.56 45.20 110.24 13.95
1440 544.70 14.88 20.00 48.78 13.65
1440 567.23 202.83 17.83 43.48 12.33
1440 526.09 197.03 31.71 77.35 9.85
1440 612.45 202.83 17.83 43.48 9.68
1440 602.28 89.13 35.65 86.96 8.75
1470 128.38 144.31 25.23 61.54 71.53
1470 546.63 193.48 35.65 86.96 67.86
1470 265.26 156.21 28.28 68.97 60.09
1470 527.44 185.85 40.00 97.56 38.18
1470 11.47 153.45 28.28 68.97 36.67
1470 37.60 62.74 22.47 54.79 31.81
1470 196.79 178.48 17.83 43.48 25.76
1470 386.85 156.62 25.23 61.54 24.58
1470 421.16 154.79 22.47 54.79 11.74
1500 107.74 143.84 22.47 54.79 50.45
1500 565.66 183.30 45.20 110.24 46.62
1500 470.11 190.00 35.65 86.96 38.52
1500 153.00 173.85 25.23 61.54 32.83
1500 94.18 183.70 17.83 43.48 29.36
1500 279.33 161.22 20.00 48.78 25.96
1500 261.31 159.08 25.23 61.54 16.41
1500 513.53 90.00 28.28 68.97 9.42
1500 212.99 172.93 20.00 48.78 5.13
1500 5.95 136.90 28.28 68.97 4.78
1530 73.59 137.83 35.65 86.96 61.71
1530 63.90 205.21 22.47 54.79 48.70
1530 574.18 176.74 17.83 43.48 43.51
1530 261.16 163.56 22.47 54.79 8.67
1530 167.77 171.38 25.23 61.54 7.94
1560 617.66 95.00 17.83 43.48 83.87
1560 242.56 119.51 40.00 97.56 51.60
1560 29.92 124.62 25.23 61.54 44.44
1560 386.85 156.62 25.23 61.54 42.88
1560 508.10 175.00 17.83 43.48 25.77
1560 435.33 137.83 35.65 86.96 24.93
1560 375.92 187.17 17.83 43.48 19.44
1560 327.50 130.87 35.65 86.96 15.52
1560 420.97 141.29 31.71 77.35 10.14
1560 403.19 145.17 28.28 68.97 8.14
1560 113.62 168.92 25.23 61.54 6.91
1590 530.75 167.95 22.47 54.79 85.73
1590 504.62 180.22 17.83 43.48 52.73
1590 238.66 115.61 40.00 97.56 52.36
1590 424.06 144.39 31.71 77.35 43.69
1590 393.14 141.29 31.71 77.35 41.43
1590 187.62 170.98 20.00 48.78 20.45
1590 57.66 185.43 17.83 43.48 13.82
1590 435.33 134.35 35.65 86.96 6.90
1590 456.20 130.87 35.65 86.96 6.66
1590 160.30 178.78 20.00 48.78 6.04
1590 267.62 155.37 20.00 48.78 5.01
1590 527.44 18.05 40.00 97.56 2.26
1590 381.14 183.70 17.83 43.48 1.93
1620 144.62 171.52 17.83 43.48 62.57
1620 605.18 172.93 20.00 48.78 59.06
1620 502.50 73.45 28.28 68.97 48.24
1620 597.38 176.83 20.00 48.78 46.20
1620 454.04 176.71 22.47 54.79 37.32
1620 14.22 106.55 28.28 68.97 35.42
1620 139.40 176.74 17.83 43.48 32.61
1620 97.79 112.84 45.20 110.24 21.47
1620 530.75 141.64 22.47 54.79 14.30
1620 393.14 138.19 31.71 77.35 5.38
1620 29.57 122.20 20.00 48.78 2.73
1650 71.59 144.39 31.71 77.35 53.76
1650 112.12 170.14 22.47 54.79 52.42
1650 229.40 136.90 28.28 68.97 50.50
1650 589.57 51.95 20.00 48.78 46.95
1650 59.52 178.90 22.47 54.79 41.71
1650 553.91 32.90 31.71 77.35 34.97
1650 489.11 167.95 22.47 54.79 19.88
1650 401.62 181.23 25.23 61.54 17.33
1650 86.54 176.31 25.23 61.54 17.14
1650 416.38 186.15 25.23 61.54 3.82
1680 554.45 186.59 20.00 48.78 65.40
1680 5.31 171.38 25.23 61.54 55.07
1680 610.85 6.46 25.23 61.54 54.70
1680 418.85 161.54 25.23 61.54 42.75
1680 219.07 82.27 50.80 123.90 38.43
1680 601.81 142.41 28.28 68.97 36.89
1680 556.40 169.02 20.00 48.78 28.75
1680 437.68 185.85 40.00 97.56 24.79
1680 435.92 84.94 63.78 155.55 24.49
1680 563.63 21.10 22.47 54.79 23.12
1680 56.03 69.66 56.55 137.93 17.45
1680 90.08 77.32 50.80 123.90 6.69
1710 177.62 164.00 25.23 61.54 92.43
1710 475.31 75.74 80.85 197.19 72.77
1710 12.85 175.35 31.71 77.35 41.93
1710 47.15 114.77 25.23 61.54 40.56
1710 110.78 170.00 28.28 68.97 38.94
1710 226.18 135.10 31.71 77.35 34.90
1710 569.37 190.84 31.71 77.35 31.72
1710 451.88 162.97 31.71 77.35 30.77
1710 587.92 181.55 31.71 77.35 25.15
1710 331.47 145.17 28.28 68.97 21.11
1710 94.27 185.85 40.00 97.56 15.64
1710 559.25 75.89 22.47 54.79 1.72
1740 495.79 29.30 114.81 280.01 73.66
1740 431.85 123.91 35.65 86.96 46.63
1740 170.23 149.23 25.23 61.54 30.74
1740 4.73 192.05 22.47 54.79 26.73
1740 611.04 71.46 20.00 48.78 21.77
1740 189.57 163.17 20.00 48.78 14.84
1740 591.16 181.24 50.80 123.90 7.98
1740 108.37 158.70 35.65 86.96 3.62
1770 81.62 164.00 25.23 61.54 116.45
1770 602.01 4.57 17.83 43.48 41.91
1770 71.77 164.00 25.23 61.54 38.82
1770 22.54 80.31 25.23 61.54 33.91
1770 423.36 189.86 22.47 54.79 24.71
1770 10.98 158.70 35.65 86.96 20.87
1770 443.46 191.08 25.23 61.54 14.88
1770 197.38 176.83 20.00 48.78 13.46
1770 467.13 116.91 50.80 123.90 8.46
1800 41.81 158.97 28.28 68.97 99.29
1800 458.36 192.07 28.28 68.97 60.15
1800 440.89 200.82 22.47 54.79 59.54
1800 119.33 139.76 20.00 48.78 40.95
1800 160.54 141.30 35.65 86.96 37.86
1800 469.38 117.53 22.47 54.79 34.94
1800 482.26 96.83 20.00 48.78 21.85
1800 27.62 12.93 20.00 48.78 20.23
1800 145.80 144.39 31.71 77.35 16.69
1800 495.15 129.54 25.23 61.54 14.57
1800 451.04 188.54 20.00 48.78 10.15
1800 481.79 187.71 45.20 110.24 8.78
1800 327.50 144.78 35.65 86.96 5.99
1800 581.14 178.48 17.83 43.48 2.70
1830 335.92 188.91 17.83 43.48 62.92
1830 576.38 230.46 25.23 61.54 49.12
1830 442.28 137.83 35.65 86.96 43.55
1830 3.75 209.78 17.83 43.48 41.56
1830 164.73 187.67 22.47 54.79 37.41
1830 130.71 155.87 17.83 43.48 35.30
1830 501.10 66.55 89.69 218.76 23.64
1830 575.56 8.13 31.71 77.35 22.81
1830 488.99 184.65 31.71 77.35 22.32
1830 605.92 23.69 25.23 61.54 19.20
1830 177.87 186.59 20.00 48.78 18.64
