30 474.91 181.03 28.28 68.97 209.40
30 524.57 170.00 28.28 68.97 166.16
30 458.84 180.73 20.00 48.78 83.84
30 70.85 170.24 40.00 97.56 59.58
30 512.38 176.31 25.23 61.54 37.45
60 527.33 181.03 28.28 68.97 220.23
60 458.84 180.73 20.00 48.78 146.10
60 122.28 179.57 35.65 86.96 134.72
60 452.99 186.59 20.00 48.78 44.91
60 468.10 187.17 17.83 43.48 32.57
60 4.73 203.01 22.47 54.79 21.03
90 544.64 175.35 31.71 77.35 198.26
90 585.26 183.79 28.28 68.97 165.38
90 460.79 186.59 20.00 48.78 122.99
90 4.21 200.24 20.00 48.78 63.90
90 142.88 187.17 17.83 43.48 24.99
90 269.93 25.48 22.47 54.79 7.00
120 458.42 189.86 22.47 54.79 173.01
120 550.82 181.55 31.71 77.35 163.40
120 244.02 186.52 35.65 86.96 109.26
120 3.75 202.83 17.83 43.48 71.99
120 412.56 116.91 50.80 123.90 14.87
120 281.00 173.85 25.23 61.54 13.93
150 567.50 179.57 35.65 86.96 193.29
150 458.42 192.05 22.47 54.79 173.65
150 299.67 190.00 35.65 86.96 124.82
150 312.80 178.05 40.00 97.56 63.35
150 8.71 147.93 28.28 68.97 60.85
150 398.10 119.31 56.55 137.93 26.71
180 588.37 179.57 35.65 86.96 190.76
180 460.69 191.08 25.23 61.54 152.60
180 358.80 190.00 35.65 86.96 151.60
180 349.92 210.77 25.23 61.54 47.34
180 226.65 24.63 20.00 48.78 16.72
180 3.75 147.17 17.83 43.48 8.44
180 4.21 231.46 20.00 48.78 6.89
210 602.28 183.04 35.65 86.96 202.55
210 465.62 191.08 25.23 61.54 153.19
210 431.85 186.52 35.65 86.96 116.55
210 105.55 185.48 22.47 54.79 69.99
210 424.62 227.17 17.83 43.48 34.28
210 4.21 149.51 20.00 48.78 25.56
210 386.95 205.37 40.00 97.56 24.93
210 339.40 201.09 17.83 43.48 23.95
240 602.28 183.04 35.65 86.96 193.95
240 490.98 186.52 35.65 86.96 141.95
240 468.08 191.08 25.23 61.54 131.54
240 346.36 209.78 17.83 43.48 30.34
240 4.21 149.51 20.00 48.78 20.27
240 398.10 124.83 56.55 137.93 16.55
240 366.37 207.40 22.47 54.79 12.12
270 451.85 216.16 22.47 54.79 63.48
270 456.23 227.12 22.47 54.79 51.60
270 344.45 216.16 22.47 54.79 45.21
270 578.85 16.31 25.23 61.54 21.67
270 410.21 150.41 22.47 54.79 16.33
300 477.67 192.07 28.28 68.97 212.61
300 598.80 183.04 35.65 86.96 189.94
300 107.74 185.48 22.47 54.79 66.50
300 490.98 96.09 35.65 86.96 9.52
300 339.74 208.62 28.28 68.97 4.27
330 602.28 183.04 35.65 86.96 186.83
330 483.19 189.31 28.28 68.97 177.91
330 340.08 208.31 25.23 61.54 50.22
330 35.43 174.88 20.00 48.78 28.08
330 398.10 124.83 56.55 137.93 21.42
330 3.75 154.13 17.83 43.48 17.34
360 602.28 183.04 35.65 86.96 192.73
360 491.47 192.07 28.28 68.97 157.93
360 337.62 210.77 25.23 61.54 47.06
360 154.91 189.31 28.28 68.97 19.07
360 402.64 126.80 50.80 123.90 14.82
390 504.62 192.39 17.83 43.48 79.55
390 428.10 150.65 17.83 43.48 47.31
390 408.01 148.22 22.47 54.79 40.80
390 45.49 178.48 17.83 43.48 12.30
420 513.72 190.84 31.71 77.35 204.13
420 602.28 186.52 35.65 86.96 200.72
420 45.18 176.83 20.00 48.78 35.27
420 527.33 197.59 28.28 68.97 30.28
420 364.57 203.10 28.28 68.97 18.36
420 336.98 208.62 28.28 68.97 8.74
450 602.28 186.52 35.65 86.96 182.26
450 529.24 186.52 35.65 86.96 139.14
450 439.35 136.52 71.30 173.91 38.75
450 52.99 174.88 20.00 48.78 29.46
450 576.38 16.31 25.23 61.54 23.12
450 3.75 209.78 17.83 43.48 19.12
450 410.06 149.51 20.00 48.78 15.26
450 518.80 196.96 35.65 86.96 12.56
480 328.21 206.32 31.71 77.35 31.14
480 28.84 170.14 22.47 54.79 16.50
480 576.38 16.31 25.23 61.54 14.27
480 285.49 181.95 40.00 97.56 13.06
480 182.26 211.78 22.47 54.79 4.65
480 220.79 14.88 20.00 48.78 3.09
510 550.85 189.76 40.00 97.56 196.47
510 595.33 186.52 35.65 86.96 156.70
510 92.40 183.29 22.47 54.79 76.94
510 535.24 185.85 40.00 97.56 41.69
510 375.24 205.37 40.00 97.56 32.36
510 128.97 194.13 17.83 43.48 28.66
510 111.58 197.61 17.83 43.48 18.84
540 554.76 189.76 40.00 97.56 239.10
540 585.98 185.85 40.00 97.56 181.26
540 325.31 208.31 25.23 61.54 46.62
540 291.04 190.49 20.00 48.78 42.32
540 473.20 103.64 63.78 155.55 34.37
540 389.10 161.28 45.20 110.24 31.28
540 234.86 21.10 22.47 54.79 26.74
540 10.71 176.74 17.83 43.48 20.35
540 574.46 200.43 35.65 86.96 17.70
540 539.15 193.66 40.00 97.56 15.32
540 354.85 200.92 25.23 61.54 10.77
570 550.85 189.76 40.00 97.56 254.34
570 582.07 185.85 40.00 97.56 174.44
570 5.95 153.45 28.28 68.97 42.36
570 320.38 213.23 25.23 61.54 26.80
570 570.37 197.56 40.00 97.56 25.83
570 96.98 192.07 28.28 68.97 22.15
570 382.79 156.49 50.80 123.90 16.51
600 85.95 194.83 28.28 68.97 33.50
600 310.54 213.23 25.23 61.54 31.00
600 358.21 205.32 45.20 110.24 21.53
600 565.82 12.33 22.47 54.79 16.40
600 372.87 161.44 50.80 123.90 10.45
600 306.36 204.57 17.83 43.48 7.00
630 552.41 187.71 45.20 110.24 224.45
630 574.27 189.76 40.00 97.56 138.13
630 303.15 213.23 25.23 61.54 47.57
630 80.43 194.83 28.28 68.97 42.68
630 69.84 181.96 17.83 43.48 36.78
630 4.21 172.93 20.00 48.78 29.48
630 561.62 13.85 25.23 61.54 6.34
630 296.89 204.15 20.00 48.78 3.09
660 546.95 197.56 40.00 97.56 198.15
660 565.66 187.71 45.20 110.24 121.85
660 304.62 209.78 17.83 43.48 46.93
660 76.69 196.00 25.23 61.54 37.03
660 179.82 7.07 20.00 48.78 30.95
660 108.02 189.31 28.28 68.97 23.51
660 317.67 211.38 28.28 68.97 9.32
660 135.60 211.38 28.28 68.97 4.30
690 548.00 192.11 45.20 110.24 193.20
690 574.48 187.71 45.20 110.24 173.63
690 290.09 211.38 28.28 68.97 56.50
690 63.88 194.83 28.28 68.97 42.83
690 348.93 128.57 63.78 155.55 42.27
690 243.63 185.48 22.47 54.79 28.16
690 168.11 5.12 20.00 48.78 24.71
690 309.40 211.38 28.28 68.97 9.01
720 551.47 186.19 50.80 123.90 191.54
720 592.14 192.11 45.20 110.24 174.78
720 574.48 200.92 45.20 110.24 86.79
720 279.05 211.38 28.28 68.97 66.70
720 162.01 4.57 17.83 43.48 46.85
750 558.10 185.52 56.55 137.93 224.78
750 330.29 134.81 63.78 155.55 34.48
750 344.02 84.39 40.00 97.56 29.00
750 141.14 9.78 17.83 43.48 25.23
750 265.26 214.14 28.28 68.97 12.84
780 572.62 178.44 63.78 155.55 211.86
780 127.23 8.04 17.83 43.48 58.57
780 356.79 215.00 17.83 43.48 42.54
780 130.71 23.70 17.83 43.48 35.57
780 92.40 216.16 22.47 54.79 35.14
780 282.01 227.17 17.83 43.48 30.67
780 254.01 215.61 31.71 77.35 27.16
780 524.57 7.24 28.28 68.97 25.96
780 411.52 108.70 71.30 173.91 18.53
780 14.46 155.22 35.65 86.96 9.98
810 597.68 209.27 40.00 97.56 76.71
810 304.31 152.41 56.55 137.93 61.09
810 14.22 192.07 28.28 68.97 30.56
810 511.52 22.68 20.00 48.78 22.44
810 398.64 109.87 63.78 155.55 14.31
810 104.62 20.22 17.83 43.48 14.01
810 264.62 223.70 17.83 43.48 12.11
840 322.26 211.95 20.00 48.78 48.14
840 221.12 214.14 28.28 68.97 42.68
840 245.82 211.78 22.47 54.79 20.87
840 292.00 68.81 45.20 110.24 5.84
870 304.70 210.00 20.00 48.78 49.75
870 228.10 223.70 17.83 43.48 48.37
870 195.33 203.91 35.65 86.96 46.37
870 362.83 94.78 71.30 173.91 28.49
900 214.18 221.96 17.83 43.48 59.23
900 470.55 9.02 20.00 48.78 52.79
900 605.92 191.08 25.23 61.54 45.38
900 294.94 208.05 20.00 48.78 35.23
900 188.02 211.38 28.28 68.97 31.66
900 621.14 270.65 17.83 43.48 27.59
900 254.66 108.28 56.55 137.93 13.15
900 15.91 213.90 20.00 48.78 1.13
930 558.10 180.00 56.55 137.93 306.99
930 205.49 221.96 17.83 43.48 72.42
930 174.46 200.43 35.65 86.96 49.05
930 580.17 180.00 56.55 137.93 41.13
930 239.03 178.90 45.20 110.24 40.82
930 10.23 205.85 25.23 61.54 35.39
930 287.13 208.05 20.00 48.78 31.23
930 262.07 146.83 40.00 97.56 26.37
930 348.91 87.83 71.30 173.91 23.27
930 462.74 9.02 20.00 48.78 15.05
930 266.38 203.23 31.71 77.35 2.89
960 531.63 186.19 50.80 123.90 311.34
960 612.84 192.07 28.28 68.97 99.80
960 551.47 186.19 50.80 123.90 77.65
960 148.90 193.66 40.00 97.56 55.25
960 238.55 206.32 31.71 77.35 39.23
960 271.15 203.38 25.23 61.54 25.71
960 195.05 221.96 17.83 43.48 23.08
960 56.89 5.12 20.00 48.78 19.73
960 335.00 108.70 71.30 173.91 17.90
990 491.94 186.19 50.80 123.90 277.06
990 586.20 181.24 50.80 123.90 216.58
990 160.27 221.96 17.83 43.48 57.40
990 132.72 200.43 35.65 86.96 49.25
990 181.96 115.65 71.30 173.91 47.12
990 242.26 208.05 20.00 48.78 40.41
990 204.69 13.85 25.23 61.54 19.99
990 299.45 75.27 89.69 218.76 3.93
1020 411.17 183.30 45.20 110.24 229.26
1020 145.80 203.23 31.71 77.35 83.72
1020 74.76 193.66 40.00 97.56 76.14
1020 569.37 32.90 31.71 77.35 49.40
1020 568.97 190.65 17.83 43.48 38.88
1020 255.62 22.91 89.69 218.76 33.65
1020 191.58 202.83 17.83 43.48 27.40
1020 106.23 203.38 25.23 61.54 23.02
1020 514.85 168.92 25.23 61.54 18.15
1020 601.28 206.10 20.00 48.78 4.84
1050 327.31 178.90 45.20 110.24 239.80
1050 102.51 206.32 31.71 77.35 86.21
1050 31.85 200.43 35.65 86.96 60.24
1050 58.36 200.34 28.28 68.97 50.85
1050 609.57 187.74 31.71 77.35 43.51
1050 111.79 197.03 31.71 77.35 37.75
1050 149.84 202.83 17.83 43.48 31.25
1050 473.00 166.46 25.23 61.54 24.50
1050 18.34 143.67 45.20 110.24 18.53
1050 565.49 206.30 17.83 43.48 17.45
1050 202.83 87.83 71.30 173.91 10.22
1050 543.88 34.83 28.28 68.97 3.96
1080 281.59 181.95 40.00 97.56 233.40
1080 534.76 183.30 45.20 110.24 189.47
1080 87.50 196.96 35.65 86.96 95.85
1080 16.22 193.66 40.00 97.56 87.01
1080 135.92 204.57 17.83 43.48 57.67
1080 513.32 188.91 17.83 43.48 38.94
1080 41.81 200.34 28.28 68.97 34.89
1080 529.18 32.90 31.71 77.35 13.06
1080 199.81 103.64 63.78 155.55 11.91
1080 527.23 114.13 17.83 43.48 10.33
1110 195.73 181.95 40.00 97.56 246.29
1110 420.00 187.71 45.20 110.24 228.37
1110 37.58 200.13 31.71 77.35 100.06
1110 28.31 209.42 31.71 77.35 77.08
1110 82.01 206.30 17.83 43.48 38.92
1110 411.17 165.69 45.20 110.24 32.46
1110 30.54 52.58 50.80 123.90 22.59
1110 146.34 104.04 45.20 110.24 22.26
1110 17.41 108.28 56.55 137.93 20.66
1110 499.82 204.15 20.00 48.78 14.42
1110 146.34 64.40 45.20 110.24 10.57
1110 462.17 42.68 50.80 123.90 8.06
1140 105.69 180.00 56.55 137.93 154.22
1140 269.93 183.30 45.20 110.24 66.51
1140 505.67 51.95 20.00 48.78 52.01
1140 536.59 17.94 50.80 123.90 42.98
1140 190.48 174.50 45.20 110.24 38.40
1140 179.81 159.87 31.71 77.35 38.03
1140 516.70 84.94 63.78 155.55 10.88
1170 427.90 146.56 80.85 197.19 72.07
1170 526.67 102.06 50.80 123.90 71.11
1170 71.31 222.94 45.20 110.24 37.79
1170 454.46 64.90 100.71 245.62 15.48
1170 38.25 16.36 63.78 155.55 3.01
1200 24.21 29.30 114.81 280.01 72.81
1200 348.06 126.80 50.80 123.90 63.04
1200 234.76 189.76 40.00 97.56 59.57
1200 308.37 131.75 50.80 123.90 57.10
1200 211.34 100.00 40.00 97.56 48.15
1200 198.36 97.94 31.71 77.35 47.11
1200 227.07 102.76 56.55 137.93 34.55
1200 441.00 161.54 25.23 61.54 32.25
1200 328.22 126.80 50.80 123.90 31.69
1200 164.00 73.21 45.20 110.24 11.27
1200 539.15 135.12 40.00 97.56 1.06
1230 546.65 186.59 20.00 48.78 100.78
1230 5.95 194.83 28.28 68.97 85.03
1230 194.85 183.69 25.23 61.54 37.19
1230 134.73 126.80 50.80 123.90 34.76
1230 445.92 173.85 25.23 61.54 27.82
1230 6.67 110.32 31.71 77.35 19.72
1230 78.66 115.61 40.00 97.56 18.49
1230 348.02 167.24 28.28 68.97 14.91
1260 397.07 148.26 35.65 86.96 52.12
1260 507.54 169.16 31.71 77.35 44.45
1260 38.25 109.87 63.78 155.55 42.09
1260 10.98 12.61 35.65 86.96 34.23
1260 470.55 186.59 20.00 48.78 29.98
1260 553.59 9.13 35.65 86.96 24.62
1260 123.46 183.69 25.23 61.54 8.96
1290 524.18 178.90 22.47 54.79 169.41
1290 486.16 184.63 20.00 48.78 98.13
1290 614.04 183.29 22.47 54.79 67.92
1290 131.04 192.44 20.00 48.78 56.92
1290 596.29 10.00 28.28 68.97 48.42
1290 407.50 151.74 35.65 86.96 48.41
1290 456.89 178.78 20.00 48.78 44.16
1290 150.54 154.15 25.23 61.54 36.81
1290 148.08 183.69 25.23 61.54 36.66
1290 4.21 28.54 20.00 48.78 26.04
1290 390.05 159.87 31.71 77.35 21.81
1290 607.47 176.71 22.47 54.79 15.47
1290 578.85 8.92 25.23 61.54 12.00
1320 507.46 181.23 25.23 61.54 94.76
1320 397.93 117.25 45.20 110.24 68.88
1320 448.97 183.70 17.83 43.48 56.58
1320 603.23 9.02 20.00 48.78 55.58
1320 56.20 183.04 35.65 86.96 48.78
1320 466.65 180.73 20.00 48.78 48.76
1320 117.38 143.66 20.00 48.78 43.91
1320 129.09 211.95 20.00 48.78 33.81
1320 558.35 202.20 20.00 48.78 29.17
1320 409.00 191.08 25.23 61.54 21.75
1320 393.14 8.13 31.71 77.35 20.80
1320 538.45 153.68 31.71 77.35 20.46
1320 495.68 185.48 22.47 54.79 14.18
1320 583.77 191.08 25.23 61.54 9.97
1320 379.40 159.35 17.83 43.48 9.69
1350 578.65 162.97 31.71 77.35 197.64
1350 473.77 174.52 22.47 54.79 154.57
1350 563.19 175.52 28.28 68.97 128.55
1350 552.16 172.76 28.28 68.97 89.17
1350 406.76 121.65 45.20 110.24 62.17
1350 546.36 211.52 17.83 43.48 32.83
1350 441.59 142.93 40.00 97.56 28.89
1350 495.15 176.31 25.23 61.54 27.66
1350 154.57 126.80 50.80 123.90 26.88
1350 487.77 77.85 25.23 61.54 25.76
1350 600.29 162.97 31.71 77.35 24.05
1350 569.00 6.46 25.23 61.54 19.86
1350 422.48 92.16 50.80 123.90 9.03
1380 509.92 171.38 25.23 61.54 172.68
1380 417.52 102.06 50.80 123.90 73.18
1380 397.05 181.10 22.47 54.79 54.39
1380 111.03 139.27 45.20 110.24 53.29
1380 443.70 52.13 80.85 197.19 53.19
1380 594.32 170.14 22.47 54.79 43.06
1380 104.62 201.09 17.83 43.48 40.36
1380 79.25 192.05 22.47 54.79 18.65
1380 390.55 145.61 20.00 48.78 10.48
1410 605.76 158.70 35.65 86.96 224.10
1410 572.46 166.06 31.71 77.35 181.09
1410 448.97 178.48 17.83 43.48 95.74
1410 467.19 172.33 22.47 54.79 76.04
1410 484.00 25.71 100.71 245.62 54.72
1410 581.74 175.35 31.71 77.35 42.42
1410 312.75 181.55 31.71 77.35 37.12
1410 56.74 94.78 71.30 173.91 28.87
1410 212.72 151.74 35.65 86.96 26.64
1410 418.85 178.77 25.23 61.54 15.66
1410 261.10 152.48 45.20 110.24 15.19
1410 339.82 51.95 20.00 48.78 7.52
1440 472.50 176.83 20.00 48.78 97.30
1440 528.97 175.00 17.83 43.48 63.25
1440 492.69 168.92 25.23 61.54 60.59
1440 144.70 239.27 20.00 48.78 48.44
1440 468.55 68.81 45.20 110.24 40.14
1440 535.36 144.39 31.71 77.35 32.92
1440 575.56 172.26 31.71 77.35 26.77
1440 519.77 65.54 25.23 61.54 23.74
1440 454.18 65.43 17.83 43.48 19.32
1440 340.08 8.92 25.23 61.54 9.34
1440 19.40 192.39 17.83 43.48 2.15
1470 512.38 171.38 25.23 61.54 132.78
1470 541.92 168.92 25.23 61.54 131.88
1470 572.40 167.95 22.47 54.79 93.77
1470 11.90 47.59 56.55 137.93 63.46
1470 517.38 34.39 20.00 48.78 46.08
1470 4.73 266.58 22.47 54.79 43.83
1470 598.54 168.92 25.23 61.54 39.06
1470 108.37 214.35 35.65 86.96 37.97
1470 532.08 171.38 25.23 61.54 34.23
1470 164.00 117.25 45.20 110.24 34.12
1470 5.49 110.65 17.83 43.48 31.77
1470 581.16 167.95 22.47 54.79 30.30
1470 220.00 101.03 31.71 77.35 30.20
1470 263.29 175.35 31.71 77.35 22.36
1470 292.84 7.24 28.28 68.97 15.30
1470 601.59 115.61 40.00 97.56 6.90
1470 22.93 97.24 56.55 137.93 3.50
1470 135.60 189.31 28.28 68.97 2.65
1500 606.47 159.87 31.71 77.35 114.68
1500 550.11 162.17 35.65 86.96 71.34
1500 487.77 6.46 25.23 61.54 48.64
1500 492.32 139.02 40.00 97.56 24.67
1500 531.34 76.59 40.00 97.56 20.51
1500 243.88 156.49 50.80 123.90 20.31
1500 148.90 131.22 40.00 97.56 20.20
1500 525.93 139.27 45.20 110.24 16.07
1500 557.05 5.75 22.47 54.79 14.01
1500 342.72 190.91 63.78 155.55 12.54
1500 466.63 137.83 35.65 86.96 11.64
1530 495.68 170.14 22.47 54.79 93.91
1530 546.42 52.13 80.85 197.19 58.41
1530 35.50 107.01 50.80 123.90 55.36
1530 592.14 33.58 45.20 110.24 53.63
1530 454.18 173.26 17.83 43.48 45.71
1530 110.78 186.55 28.28 68.97 25.49
1530 592.12 10.14 22.47 54.79 24.91
1530 12.32 150.73 40.00 97.56 13.58
1530 199.81 159.74 63.78 155.55 11.30
1530 484.02 57.83 35.65 86.96 10.65
1530 337.93 165.65 35.65 86.96 9.55
1560 524.57 167.24 28.28 68.97 117.06
1560 164.02 172.61 35.65 86.96 42.82
1560 465.00 172.33 22.47 54.79 41.12
1560 4.21 137.80 20.00 48.78 20.50
1560 205.18 12.93 20.00 48.78 10.28
1560 327.50 165.65 35.65 86.96 3.21
1590 581.41 165.65 35.65 86.96 205.07
1590 478.53 173.26 17.83 43.48 51.92
1590 596.29 78.97 28.28 68.97 36.00
1590 436.08 176.31 25.23 61.54 29.86
1590 585.98 131.22 40.00 97.56 29.07
1590 313.59 169.13 35.65 86.96 28.93
1590 19.61 165.97 63.78 155.55 20.67
1590 94.27 193.66 40.00 97.56 17.04
1620 560.30 174.88 20.00 48.78 151.52
1620 5.95 272.07 28.28 68.97 42.23
1620 504.89 155.22 35.65 86.96 40.24
1620 195.33 176.09 35.65 86.96 32.29
1620 35.87 66.96 71.30 173.91 31.30
1620 10.23 186.15 25.23 61.54 13.78
1650 539.67 151.74 35.65 86.96 51.06
1650 534.76 68.81 45.20 110.24 23.24
1650 112.12 130.68 22.47 54.79 20.37
1680 506.64 181.10 22.47 54.79 100.03
1680 42.83 185.22 71.30 173.91 54.31
1680 560.54 155.22 35.65 86.96 53.59
1680 6.67 169.16 31.71 77.35 44.13
1680 551.47 52.58 50.80 123.90 35.26
1680 164.51 131.22 40.00 97.56 33.46
1680 359.13 178.45 31.71 77.35 26.26
1680 108.10 199.35 17.83 43.48 12.67
1680 193.32 183.70 17.83 43.48 11.27
1680 15.15 60.62 25.23 61.54 7.02
1710 12.69 191.08 25.23 61.54 55.91
1710 90.21 189.86 22.47 54.79 53.07
1710 522.23 183.69 25.23 61.54 51.78
1710 544.93 31.64 89.69 218.76 36.60
1710 532.99 59.76 20.00 48.78 31.89
1710 10.70 107.01 50.80 123.90 21.53
1710 343.67 178.45 31.71 77.35 15.05
1710 467.34 76.26 31.71 77.35 11.57
1710 497.93 158.70 35.65 86.96 9.67
1710 124.57 167.24 28.28 68.97 6.52
1740 506.54 32.31 126.15 307.69 81.64
1740 39.77 188.62 25.23 61.54 45.94
1740 457.31 32.31 126.15 307.69 38.90
1740 616.89 7.07 20.00 48.78 32.63
1740 62.32 169.16 31.71 77.35 29.99
1740 121.06 156.77 31.71 77.35 24.30
1740 386.96 206.32 31.71 77.35 5.75
1740 399.15 186.15 25.23 61.54 0.98
1770 580.17 20.00 56.55 137.93 73.36
1770 488.04 18.26 71.30 173.91 54.06
1770 405.96 29.30 114.81 280.01 50.29
1770 573.96 7.07 20.00 48.78 35.42
1770 330.29 197.14 63.78 155.55 17.81
1800 569.14 152.41 56.55 137.93 161.56
1800 494.46 165.65 35.65 86.96 89.15
1800 338.14 17.94 50.80 123.90 55.19
1800 370.52 14.48 56.55 137.93 53.34
1800 222.47 130.82 80.85 197.19 47.61
1800 614.94 178.78 20.00 48.78 11.33
1800 532.95 167.95 22.47 54.79 7.28
1800 171.90 152.41 56.55 137.93 6.64
1800 175.91 90.98 20.00 48.78 6.54
1800 323.26 32.78 50.80 123.90 5.58
