120 406.783477783 163.349716187 15.664855957 34.4682312012 0.995309770107
150 408.791870117 162.378311157 15.7133178711 35.4100036621 0.987053096294
150 417.609436035 160.502471924 18.5322875977 42.077331543 0.591842591763
210 448.734039307 156.462371826 15.1643676758 46.1208496094 0.988505721092
270 536.571960449 158.378448486 24.5947265625 59.6641235352 0.996972680092
270 552.008483887 158.570831299 15.2764892578 49.5821838379 0.0653273463249
270 428.82321167 159.842559814 17.0035400391 33.1148071289 0.0528668612242
300 450.450469971 153.629241943 17.4896850586 38.6658935547 0.996315419674
300 558.904724121 174.792312622 19.2529296875 46.2694091797 0.995952129364
300 532.445861816 168.453613281 18.9844970703 43.9670410156 0.917810797691
300 482.044036865 20.3582134247 23.6820068359 60.5016021729 0.100076109171
300 219.940444946 143.121078491 27.4515991211 54.8728637695 0.0641943216324
330 485.72668457 153.189147949 16.4586181641 45.0142822266 0.995774686337
330 615.678039551 145.295349121 23.3219604492 79.736328125 0.227313697338
330 577.28503418 158.45803833 22.0344238281 64.2877502441 0.0697237551212
360 513.090759277 149.491455078 23.3166503906 47.9850158691 0.874318778515
390 22.1552906036 172.980209351 22.2538890839 39.0113525391 0.985651731491
480 465.028076172 141.294754028 22.3588256836 40.6761779785 0.0908432528377
510 140.351791382 173.113128662 16.7936706543 50.8838500977 0.984339475632
540 218.884979248 159.497924805 15.6843261719 28.4833679199 0.910920321941
570 198.166946411 160.024169922 15.7402648926 30.3942565918 0.727662503719
600 575.075439453 160.84425354 20.5563964844 54.9644165039 0.987994432449
720 3.14979171753 187.556777954 18.6927185059 39.9430541992 0.689785242081
750 29.8366107941 179.349563599 18.5338802338 41.8053283691 0.99641340971
750 40.8594818115 182.296417236 14.4140014648 36.5520019531 0.18912409246
780 5.32768249512 181.366363525 15.1111450195 39.2229003906 0.978351652622
780 15.424943924 183.463104248 13.2879600525 37.6940612793 0.107716284692
810 1.12915229797 177.262069702 16.7695503235 44.5213928223 0.943608224392
810 10.6024255753 176.520187378 15.7926130295 37.6195373535 0.928480327129
810 23.4791278839 177.801055908 14.9826641083 35.3572998047 0.397751420736
810 617.753967285 135.626831055 19.9931640625 48.0862121582 0.0665232166648
840 554.135681152 162.645263672 27.4241943359 68.5463256836 0.0661049559712
870 13.3871393204 179.601364136 19.3527412415 39.8410339355 0.88699811697
900 51.1367073059 176.660339355 15.9777030945 33.9838562012 0.993300199509
900 1.27964019775 178.110671997 16.7967891693 38.4271850586 0.628868937492
900 58.8519706726 165.989578247 17.7534980774 44.0164794922 0.117104418576
930 45.2994804382 175.8671875 16.7745742798 33.1876220703 0.995445609093
930 96.5959014893 180.005477905 14.7061767578 31.9814758301 0.868704080582
930 0.763021469116 183.676040649 17.2092704773 31.9741516113 0.672458708286
960 34.9618911743 183.73538208 16.6131286621 36.0216064453 0.96578592062
960 92.8940048218 182.194335938 14.1991577148 29.4953308105 0.524274766445
990 20.0512447357 186.632858276 19.6594409943 39.1773376465 0.994151413441
990 86.928817749 184.308364868 15.8829193115 36.2456054688 0.992369651794
1020 81.2604598999 186.14831543 15.4406738281 30.4437255859 0.995538413525
1020 2.80569267273 176.067062378 22.0477733612 51.4082336426 0.994609117508
1020 612.582214355 216.395858765 24.7117919922 70.1171722412 0.914720475674
1050 15.3592767715 171.336029053 28.4608612061 53.129699707 0.125551983714
1050 449.131866455 172.96572876 18.4049682617 36.9917602539 0.0918994322419
1080 437.163604736 169.366577148 21.2905273438 52.825592041 0.995315074921
1080 189.396697998 125.749893188 39.358001709 87.9315490723 0.208431810141
1110 453.989105225 172.787506104 15.3016967773 37.0057373047 0.98657310009
1110 439.256317139 172.566375732 15.9281616211 34.0378723145 0.978079140186
1140 451.237701416 167.580871582 20.7850952148 39.6598205566 0.997721612453
1140 592.328369141 169.165206909 28.3962402344 68.1845703125 0.997489213943
1140 422.852661133 162.512268066 18.2052001953 39.9461975098 0.987907350063
1170 467.082214355 159.91116333 29.0909423828 56.0007324219 0.992589712143
1170 160.971191406 165.320983887 17.5087585449 37.1227722168 0.202264994383
1200 514.121948242 153.181259155 31.4052734375 63.5753173828 0.99890601635
1200 450.289367676 141.505065918 22.4934692383 62.471496582 0.987318336964
1200 406.536468506 153.257659912 17.9963989258 42.3082885742 0.801785886288
1230 573.030090332 122.271095276 41.5323486328 98.1536178589 0.999645233154
1230 416.996856689 128.063903809 15.7688598633 39.6203308105 0.802624106407
1230 425.488128662 133.553314209 15.7728271484 38.9709472656 0.802624106407
1230 459.186676025 122.973083496 16.7015991211 52.8852844238 0.178523004055
1260 471.837615967 133.386474609 20.5771484375 52.1370544434 0.995280683041
1260 511.299468994 129.034912109 21.2565612793 49.3001098633 0.983621001244
1260 453.031158447 137.116195679 17.7437133789 42.4894714355 0.918337404728
1260 444.216156006 133.413711548 16.6791992188 39.7525024414 0.865112483501
1260 483.822418213 127.391067505 16.8025512695 47.328918457 0.0598611310124
1290 501.381958008 140.7237854 21.3768310547 64.0958862305 0.993752658367
1290 552.674560547 143.12890625 18.5819091797 52.1312561035 0.98896676302
1290 525.877319336 134.761688232 21.6967773438 65.2291870117 0.981731712818
1290 472.671356201 145.92666626 15.9683837891 49.394317627 0.804617345333
1290 543.514648438 134.317230225 15.9243164062 57.6638183594 0.48030090332
1290 490.788116455 143.997314453 16.87109375 55.0762329102 0.241306394339
1290 612.526184082 146.443054199 20.1999511719 49.4231262207 0.101916141808
1320 554.894226074 127.164520264 32.5434570312 87.1922607422 0.996653795242
1320 490.153900146 145.537063599 20.668762207 52.494140625 0.994440734386
1320 591.227478027 125.756393433 29.3996582031 92.1148681641 0.97697520256
1320 509.249847412 145.255996704 23.5155944824 53.7016601562 0.97167879343
1380 589.214660645 148.231018066 30.2438964844 82.252532959 0.998578190804
1380 514.512878418 173.685241699 17.4112548828 44.1044311523 0.994755983353
1380 479.27835083 171.467803955 21.8432617188 41.882598877 0.985469579697
1380 522.410644531 172.148635864 21.8347167969 53.0426635742 0.862645566463
1410 598.098083496 190.637527466 23.7435302734 54.9965515137 0.93905377388
1410 530.192932129 173.388519287 14.8096923828 41.8034667969 0.316089451313
1440 617.771606445 170.917327881 21.2283935547 80.7392578125 0.977703273296
1500 593.707397461 161.269317627 24.580078125 65.8327026367 0.969962596893
1530 173.579147339 174.572662354 17.3399963379 29.1880493164 0.602330863476
1560 490.662445068 157.01461792 20.3284912109 41.1118164062 0.938624918461
1560 521.725280762 148.052185059 26.8604736328 60.4916687012 0.910313904285
1590 598.654846191 139.278198242 34.3745117188 86.7266540527 0.999206006527
1590 395.711486816 167.556930542 16.5055541992 30.5987243652 0.25965949893
1620 441.132110596 166.627746582 16.743347168 37.9251708984 0.989672422409
1620 462.86932373 166.709228516 17.2175292969 38.1413574219 0.96631705761
1620 450.393798828 160.374755859 17.5288085938 40.6722412109 0.918112456799
1620 406.225921631 167.424362183 15.7164306641 35.0330810547 0.0898858830333
1650 558.979553223 166.234283447 22.3049316406 55.414855957 0.995664894581
1650 516.315795898 171.358627319 16.6343994141 46.0086669922 0.987637042999
1650 412.715209961 165.892807007 18.0744628906 37.7924194336 0.92084634304
1680 504.097503662 170.057174683 25.148651123 57.9172058105 0.99584454298
1680 20.3520736694 175.465316772 17.6906738281 40.2586364746 0.925231814384
1680 423.763580322 157.335266113 22.7106933594 50.7524108887 0.513660132885
1710 542.727539062 162.790924072 32.7761230469 69.8969421387 0.994317948818
1710 593.533874512 170.525665283 27.5974121094 78.8710632324 0.943604469299
1710 577.690856934 158.99029541 30.4353027344 82.8990478516 0.827109634876
1710 382.178649902 164.630050659 18.166015625 36.7115783691 0.557867884636
1740 419.052825928 171.134109497 15.4860229492 34.1570739746 0.76077568531
1740 381.922088623 165.91394043 19.3173217773 38.008605957 0.685071825981
1740 426.877044678 163.458786011 16.1479492188 34.7385559082 0.666177392006
1740 614.656066895 165.28678894 24.3439331055 74.6758422852 0.0942623987794
1770 394.219451904 163.980163574 19.8748168945 46.3491516113 0.997320711613
1770 451.778137207 160.990219116 18.3763427734 42.4002380371 0.993822336197
1770 462.139801025 169.082199097 15.4633789062 40.0191650391 0.572937250137
1800 508.302734375 156.470291138 22.1783447266 56.8379211426 0.998049974442
1800 419.48840332 165.688537598 18.3750610352 41.8754577637 0.981333315372
1800 439.908508301 168.069671631 17.1142578125 41.1637878418 0.77790170908
1800 497.034362793 157.904602051 16.8323974609 55.4091186523 0.0575907900929
1830 421.512145996 162.502929688 21.1685180664 51.2015075684 0.997740387917
1830 443.935180664 162.67350769 19.017578125 48.098449707 0.985751152039
1830 459.717712402 169.403884888 17.7199707031 41.575592041 0.776507496834
1830 567.943237305 156.008178711 20.4774169922 62.4915161133 0.645316004753
