60 311.317718506 174.443222046 17.9360961914 31.8536071777 0.909902453423
150 343.968048096 173.344833374 18.7864379883 33.9958496094 0.954406917095
180 47.4099960327 184.767456055 16.4541702271 36.7880249023 0.971355855465
180 358.741516113 172.787307739 20.1951904297 39.3714294434 0.291937142611
210 124.643692017 183.974594116 15.4879150391 27.7969360352 0.97091293335
210 351.173919678 173.507019043 17.141784668 32.9266357422 0.667780697346
240 341.034851074 169.301239014 21.3067016602 44.1056213379 0.961183845997
270 493.864990234 170.862442017 23.2908325195 49.536529541 0.992533922195
300 578.936218262 171.742584229 28.841796875 75.0958862305 0.998222529888
300 429.007995605 170.196228027 19.6220092773 30.602722168 0.475393980742
420 325.261260986 133.750350952 24.7458496094 54.4466552734 0.996211886406
450 316.638336182 128.837890625 26.466796875 56.7368774414 0.988572001457
630 531.72052002 109.04864502 27.9871826172 100.238891602 0.309705883265
720 507.785980225 156.087020874 19.8426208496 41.2385559082 0.965411126614
780 141.068450928 185.356399536 16.060760498 34.2184753418 0.971482098103
810 63.0875320435 186.658401489 18.5377655029 35.0725402832 0.995233356953
810 16.8352813721 185.313369751 18.3052635193 44.5532531738 0.0557697638869
840 389.181060791 180.889312744 17.7691650391 28.4803466797 0.985207438469
840 552.167602539 168.775817871 16.5515136719 31.2266845703 0.0840664505959
870 324.796569824 180.286346436 21.5328979492 30.3398742676 0.97719758749
870 35.0580253601 156.333740234 25.5732574463 74.3394165039 0.917935907841
900 261.563293457 179.062301636 16.0350341797 25.3032531738 0.993146717548
930 581.670043945 156.855285645 21.4682617188 40.4428405762 0.993791162968
960 82.7788925171 171.244049072 21.7145080566 36.8560180664 0.271735519171
1110 606.867797852 144.76109314 31.2114257812 114.977584839 0.998962402344
1110 530.586791992 171.745422363 31.7164306641 69.1354675293 0.940213382244
1110 21.8183860779 176.643447876 19.9723968506 32.8104858398 0.351460754871
1350 488.043640137 167.501754761 20.2280883789 45.0311279297 0.741874337196
1410 353.60736084 165.270324707 17.6572265625 27.8589172363 0.768465220928
1440 408.67791748 141.459747314 21.5192260742 50.4580688477 0.697432518005
1560 566.120544434 169.569717407 15.1960449219 34.2139282227 0.582834661007
1740 519.981933594 160.904693604 18.5849609375 46.7780761719 0.833229482174
1920 53.8470039368 226.663284302 17.7270240784 35.8664703369 0.364909261465
