30 0.182621002197 188.445220947 17.0797367096 53.7797241211 0.913764357567
180 506.736724854 188.59552002 23.2710266113 36.9353637695 0.893010616302
330 0.740977287292 184.342697144 22.6749916077 71.6894073486 0.998452425003
330 13.2199659348 184.854888916 23.7914237976 71.3376464844 0.320564985275
360 46.70911026 176.434158325 35.6483879089 74.8629150391 0.928411483765
390 105.998588562 173.730072021 39.9732284546 77.4590759277 0.998989641666
420 159.693740845 175.386459351 40.0346374512 76.9603881836 0.998850226402
450 23.7779979706 175.631118774 35.0405044556 76.5320739746 0.999384045601
450 219.084777832 179.441833496 45.1908874512 78.3194580078 0.996512234211
480 82.8178405762 174.31552124 33.1865844727 72.7623596191 0.999541759491
480 282.013153076 174.503097534 41.4548950195 75.9459838867 0.685388147831
510 141.617950439 179.782623291 29.5751342773 63.7816467285 0.998449683189
510 333.881652832 172.376037598 48.7937011719 83.0584411621 0.383295208216
540 400.006896973 175.305236816 43.1489257812 76.9058227539 0.998838722706
540 189.774215698 183.171325684 36.5682983398 62.7967529297 0.998201608658
570 248.465240479 181.227539062 29.8498535156 62.1133728027 0.998881995678
570 454.172119141 175.17388916 26.6194458008 67.7762756348 0.996952414513
600 301.041229248 170.812072754 39.5144042969 79.0559997559 0.999530911446
600 514.083618164 179.764205933 24.1259765625 58.8570861816 0.997649013996
600 530.385375977 181.351623535 21.4503173828 57.841796875 0.660226762295
630 347.545135498 170.54006958 41.1914672852 79.4705505371 0.99872893095
630 559.474914551 181.392318726 29.4399414062 63.936126709 0.978791475296
660 405.335601807 168.307510376 44.4721069336 80.800994873 0.999309301376
660 593.172424316 177.436080933 26.2321777344 44.0901794434 0.991217792034
690 462.3331604 173.065261841 40.8983764648 77.2255249023 0.999479949474
720 517.054321289 173.096496582 32.1346435547 64.1874389648 0.9896312356
750 558.965148926 174.904083252 36.3208007812 75.953338623 0.998834908009
780 590.754760742 171.478683472 32.0556640625 85.1342010498 0.998738825321
810 605.821166992 177.361816406 24.1357421875 62.5599060059 0.991355717182
840 596.446533203 177.169998169 30.6881103516 74.9530334473 0.999029755592
840 397.956756592 178.970458984 19.3532104492 43.4285583496 0.0590678006411
870 596.218322754 170.967529297 32.0302734375 81.7924499512 0.999108731747
900 597.083740234 171.305862427 31.0633544922 79.7611083984 0.99900996685
930 594.279052734 170.985870361 33.2211914062 79.8986206055 0.999167919159
960 595.096313477 170.221038818 29.2735595703 71.9484558105 0.998419523239
990 603.623840332 181.24079895 25.8474121094 70.241973877 0.998312234879
1020 602.325134277 181.101654053 28.2744140625 70.2877197266 0.998518049717
1080 598.735473633 172.735061646 30.4221191406 76.0979003906 0.998407542706
1110 596.952575684 174.483123779 35.6185302734 81.7603759766 0.998393952847
1140 594.739135742 169.951034546 33.4874267578 80.5218200684 0.99863499403
1200 596.770141602 171.322021484 35.1077880859 82.8499450684 0.998439729214
1230 599.381469727 171.982437134 34.3151855469 79.3053894043 0.998511373997
1260 600.578308105 177.13230896 30.0244140625 73.8704833984 0.998899817467
1290 600.241943359 177.183456421 33.3969726562 83.5829620361 0.998856782913
1320 597.746643066 172.174819946 33.0406494141 81.7936706543 0.998708367348
1350 600.25970459 173.690673828 30.8510742188 76.8119812012 0.998831212521
1380 592.780761719 167.845672607 36.7888183594 87.2145690918 0.998227775097
1410 594.839416504 166.676254272 34.328125 83.9959716797 0.997866928577
1470 607.096313477 172.867431641 29.1916503906 81.3916625977 0.99928432703
1500 618.26361084 171.928833008 19.1137695312 83.374206543 0.998189508915
1530 622.454040527 174.820648193 16.5459594727 79.1747436523 0.642411112785
1620 0.382232666016 191.319290161 17.64909935 53.1201171875 0.11473158747
1740 483.053863525 167.752502441 22.2037963867 52.2077331543 0.997805774212
