30 165.792068481 156.554840088 23.1380615234 49.1776733398 0.0542041026056
120 573.055297852 169.137969971 24.1647949219 51.2177734375 0.986462175846
120 140.099411011 148.065475464 25.1078186035 58.8296813965 0.703534007072
1290 27.8367862701 189.830429077 22.0213832855 58.5049438477 0.105713382363
1320 607.344055176 169.298233032 19.642578125 43.2558288574 0.108636036515
1500 569.637023926 196.228775024 24.8438720703 48.2954711914 0.0936056002975
1500 150.405319214 171.807861328 23.0274658203 44.4032592773 0.0634894520044
1530 274.314086914 222.642822266 29.858215332 57.6048583984 0.968858778477
1740 190.619506836 166.192367554 18.5177612305 34.4759216309 0.986699581146
1770 478.201965332 152.95085144 29.2763061523 77.3866577148 0.965951859951
1770 157.359954834 167.512283325 21.6061096191 42.1477966309 0.961694598198
1770 397.967926025 155.036758423 15.6224365234 35.7398376465 0.850692391396
1800 548.534545898 131.540176392 38.4315185547 103.801879883 0.999653220177
1830 546.264221191 29.502784729 56.0469970703 181.626220703 0.35835570097
