30 388.197601318 171.676345825 30.1948242188 73.8071594238 0.999029874802
30 336.479797363 167.032928467 31.0278930664 75.2971191406 0.998882591724
30 225.905181885 187.319519043 21.0346679688 40.6970825195 0.996745467186
30 186.089431763 182.210632324 19.9635925293 43.7889099121 0.995873630047
30 302.432189941 175.015136719 23.6768798828 50.1085510254 0.995588541031
30 206.522171021 183.295776367 17.1553344727 34.6720581055 0.751988768578
30 555.517456055 157.418579102 26.8607177734 45.8910522461 0.476055890322
30 283.182159424 180.391220093 21.1900024414 44.0294189453 0.452086359262
60 483.561340332 152.812561035 33.698059082 88.4178161621 0.997665286064
60 386.753326416 160.991622925 27.2360839844 54.8952941895 0.728932797909
60 515.34765625 162.900466919 31.791015625 79.6233825684 0.416586190462
90 389.262542725 161.870025635 32.9259643555 81.2771606445 0.999338209629
90 343.363586426 155.029769897 33.0910644531 83.2080078125 0.99873238802
90 171.517745972 178.814651489 21.5259399414 43.7661743164 0.997911274433
90 439.673065186 150.902191162 39.5131225586 93.2680358887 0.99761223793
90 479.510040283 160.032058716 32.5074157715 82.874420166 0.997260689735
90 210.28288269 182.109786987 20.0705871582 40.3243408203 0.997152447701
90 285.794403076 170.530532837 28.7049560547 54.3956604004 0.992214381695
90 224.235397339 181.319564819 21.0231018066 41.7104797363 0.656822741032
90 195.248199463 181.146057129 20.7473144531 36.5254821777 0.104229576886
120 309.175445557 158.372039795 36.8333740234 84.6286621094 0.999040901661
120 248.438858032 172.4712677 28.4948577881 55.6580505371 0.995530545712
120 170.543289185 176.29145813 20.9210205078 42.1491699219 0.991751134396
120 364.622589111 158.765457153 42.6975708008 100.608901978 0.96974170208
120 419.12878418 158.21963501 31.7329101562 69.9052734375 0.962907135487
120 184.366867065 180.134994507 21.2767333984 41.4031982422 0.955398082733
120 130.676300049 183.020477295 18.7120666504 39.5595092773 0.854563236237
150 53.6669845581 174.801895142 32.2112426758 69.9725036621 0.99899917841
150 106.682548523 156.149078369 53.7514572144 116.023803711 0.99840682745
150 176.136901855 152.904266357 47.3067932129 116.654174805 0.994883060455
150 151.866455078 152.234466553 45.091583252 105.962860107 0.9618896842
330 346.695098877 179.53604126 17.3720092773 28.1146850586 0.863668560982
450 502.840362549 132.780792236 30.5407409668 69.741973877 0.998334467411
450 581.559753418 99.6334381104 47.1544189453 146.097412109 0.849101960659
450 172.288787842 164.58821106 20.044708252 36.2099304199 0.459236174822
450 591.790466309 108.416656494 20.5379638672 84.9885559082 0.0529890842736
480 601.831481934 120.778755188 29.3796386719 91.7578048706 0.999059379101
540 95.8319320679 172.419006348 14.4504089355 27.218963623 0.815454661846
1020 509.533874512 162.684204102 22.2401123047 42.6910705566 0.219239592552
1530 527.933349609 185.265609741 19.3265380859 38.5015869141 0.186510011554
1710 215.696472168 154.689483643 20.0790710449 36.9841308594 0.923158764839
