90 581.99810791 111.01726532 39.1804199219 109.396308899 0.173473194242
360 567.064208984 140.882659912 53.9754638672 111.557861328 0.935851216316
390 457.702362061 148.769515991 16.0899047852 41.3573608398 0.993322193623
390 472.740600586 149.048049927 15.6358642578 38.0141906738 0.0974435657263
420 465.425689697 144.645172119 17.8719482422 47.0728759766 0.0581719353795
450 174.977218628 139.640625 13.773223877 49.111907959 0.988656163216
450 34.2860412598 136.346817017 23.76222229 68.0170593262 0.0636214390397
510 157.253234863 147.353912354 16.1018676758 40.5592346191 0.98299831152
540 508.405700684 142.431030273 23.2235107422 57.6552429199 0.430127203465
570 393.991790771 130.0078125 22.7974243164 39.4135131836 0.0555063188076
600 394.757720947 135.901535034 24.3251953125 39.095489502 0.77762067318
750 139.920501709 188.903137207 18.4914550781 36.1558532715 0.992981553078
780 109.615776062 187.106994629 20.8367843628 43.1248168945 0.997539401054
810 490.438568115 175.564971924 18.9346923828 46.5697937012 0.996998906136
840 505.265197754 166.272659302 22.8239746094 48.9457702637 0.99775236845
840 535.85369873 169.522842407 20.6561279297 55.8233337402 0.879946649075
840 18.1535263062 173.28024292 19.6011962891 39.10546875 0.568705439568
870 591.290161133 157.899093628 26.8927001953 67.7515258789 0.998797893524
870 513.214050293 160.22819519 23.9383544922 54.0230712891 0.995673239231
900 526.280273438 157.20930481 28.0056152344 60.6240539551 0.998238444328
930 530.820922852 145.179016113 26.4910888672 62.7210083008 0.996976256371
930 84.1158599854 132.078765869 23.75 60.458404541 0.329463601112
960 518.31463623 139.824310303 27.7132568359 66.7805175781 0.998108386993
990 497.267578125 146.14932251 27.5814208984 65.174621582 0.995731174946
990 55.9310302734 134.866210938 27.1267547607 61.0789489746 0.483284950256
1020 540.227661133 141.769638062 59.9880371094 146.261917114 0.999345123768
1020 454.951080322 152.221954346 27.4055786133 63.3491210938 0.996630251408
1050 446.991149902 143.107788086 36.9479980469 118.217651367 0.975531041622
1110 219.703384399 149.79309082 33.7615966797 88.1361694336 0.99894040823
1140 107.169891357 139.30241394 66.506072998 159.258377075 0.999658584595
1170 10.1772823334 153.037994385 50.3860015869 143.394744873 0.999211549759
1230 105.342536926 171.177459717 29.8924026489 56.1787109375 0.887793779373
1260 146.511779785 170.005264282 27.7084350586 54.7571716309 0.988998472691
1320 98.2206192017 175.949188232 24.0283660889 46.9130249023 0.994272887707
1350 90.1513519287 174.274978638 19.7639770508 47.6005859375 0.998307228088
1380 83.1841659546 176.513427734 21.6421966553 48.0615844727 0.998046875
1410 79.1222381592 176.16494751 22.6344604492 52.4999694824 0.994178771973
1440 85.2987976074 173.853942871 22.4884796143 49.4090270996 0.987594604492
1470 87.1903076172 171.536560059 27.7281799316 46.3318481445 0.994995474815
1500 102.591430664 175.295776367 18.9395141602 40.6562194824 0.994901657104
1530 103.31463623 177.663543701 18.8361053467 41.6921386719 0.995006561279
1560 109.681556702 182.622299194 17.7916870117 39.0808410645 0.994232475758
1560 55.2954864502 161.407455444 26.3394317627 49.7008972168 0.0761382877827
1590 113.817726135 173.254013062 18.6480331421 40.6328735352 0.996543943882
