30 213.023910522 130.364379883 19.2260437012 39.5038146973 0.98013395071
60 164.255752563 133.220977783 21.8370361328 50.3223266602 0.996204793453
90 105.11857605 122.803459167 25.6587677002 64.1684036255 0.99764084816
120 31.7338523865 127.665893555 22.8305892944 60.8775024414 0.998194634914
120 108.067428589 135.826095581 15.9559173584 54.2015380859 0.844590902328
510 457.011749268 171.586120605 27.7243652344 53.1781005859 0.98330193758
540 235.728164673 174.361984253 32.0210723877 53.644317627 0.98972171545
540 167.641098022 175.047790527 15.2955932617 32.875579834 0.429388135672
870 350.848937988 182.297973633 23.1817626953 32.9551086426 0.98394370079
1140 49.397277832 104.042572021 27.2979812622 58.3390808105 0.158518329263
1170 462.821960449 121.900405884 26.8052978516 37.3431396484 0.391646921635
1500 457.289215088 156.597976685 16.397644043 33.3001708984 0.298784643412
1710 582.731811523 165.712539673 16.5783691406 23.4271240234 0.0653153136373
1740 575.923461914 171.629959106 15.5942382812 21.1143798828 0.566544950008
1740 566.680603027 166.484405518 16.2479248047 24.3854370117 0.25301450491
