6 0 1842
6 1 1842
6 2 1775
6 3 1775
6 4 1841
6 5 1841
6 6 1842
6 7 1841
6 8 1841
6 9 1842
6 10 1841
6 11 1842
6 12 1842
6 13 1841
6 14 1841
6 15 1842
6 16 1841
6 17 1841
6 18 1842
7 0 1842
7 1 1842
7 2 1841
7 3 1841
7 4 1977
7 5 2175
7 6 1841
7 7 1842
7 8 1842
7 9 1841
7 10 1841
7 11 1800
8 0 1785
8 1 1785
8 2 1842
8 3 1841
8 4 1841
8 5 1842
8 6 1841
8 7 1842
8 8 1842
8 9 1680
8 10 1681
9 0 1865
9 1 1865
9 2 1841
9 3 1841
9 4 1798
9 5 1988
9 6 1842
9 7 1842
9 8 1841
9 9 1841
9 10 1841
9 11 1869
10 0 1842
10 1 1841
10 2 1841
10 3 1841
10 4 1841
10 5 1841
10 6 1841
10 7 1842
10 8 1842
10 9 1842
10 10 1841
10 11 1734
