30 402.56 96.10 40.00 97.56 67.29
30 425.98 100.00 40.00 97.56 66.04
30 370.09 208.62 28.28 68.97 59.94
30 442.61 135.10 31.71 77.35 48.51
30 7.23 128.04 17.83 43.48 44.48
30 445.70 156.77 31.71 77.35 35.56
30 353.32 42.83 17.83 43.48 31.81
30 22.88 4.57 17.83 43.48 23.81
30 72.67 277.53 22.47 54.79 22.70
30 458.07 156.77 31.71 77.35 16.98
30 125.27 233.70 22.47 54.79 10.90
30 317.92 40.92 25.23 61.54 9.05
30 288.38 92.62 25.23 61.54 4.83
30 290.71 27.17 17.83 43.48 2.94
60 425.98 100.00 40.00 97.56 80.65
60 402.34 86.42 45.20 110.24 63.13
60 437.68 119.51 40.00 97.56 39.73
60 467.13 72.37 50.80 123.90 34.56
60 46.37 40.82 22.47 54.79 32.14
60 236.79 108.91 17.83 43.48 29.58
60 365.76 203.91 35.65 86.96 25.44
60 403.63 21.10 22.47 54.79 23.28
60 289.09 26.59 20.00 48.78 17.69
60 358.53 117.61 17.83 43.48 16.17
60 383.46 155.38 126.15 307.69 13.20
60 70.48 275.34 22.47 54.79 10.87
90 402.34 90.83 45.20 110.24 71.63
90 420.00 90.83 45.20 110.24 58.75
90 356.79 117.61 17.83 43.48 44.37
90 363.54 209.27 40.00 97.56 37.73
90 437.68 119.51 40.00 97.56 37.17
90 21.14 4.57 17.83 43.48 29.60
90 234.86 106.58 22.47 54.79 26.24
90 363.75 117.61 17.83 43.48 20.13
90 39.05 29.31 28.28 68.97 19.54
90 6.92 117.53 22.47 54.79 19.15
90 60.62 192.24 100.71 245.62 18.24
120 410.37 96.10 40.00 97.56 66.50
120 425.98 100.00 40.00 97.56 49.40
120 370.09 208.62 28.28 68.97 46.89
120 433.78 119.51 40.00 97.56 46.63
120 362.23 203.38 25.23 61.54 41.51
120 21.14 4.57 17.83 43.48 33.44
120 4.73 117.53 22.47 54.79 22.44
120 231.58 114.13 17.83 43.48 21.78
120 475.96 174.52 22.47 54.79 12.98
120 399.32 122.71 31.71 77.35 10.77
120 66.64 263.79 28.28 68.97 -0.61
150 425.98 100.00 40.00 97.56 82.33
150 410.37 96.10 40.00 97.56 70.26
150 449.66 156.99 22.47 54.79 57.99
150 226.65 112.44 20.00 48.78 46.73
150 370.09 208.62 28.28 68.97 38.82
150 400.43 90.00 28.28 68.97 24.70
150 4.21 122.20 20.00 48.78 19.07
150 60.62 192.24 100.71 245.62 14.24
150 29.92 26.15 25.23 61.54 11.55
150 464.31 64.14 56.55 137.93 11.09
150 356.79 117.61 17.83 43.48 10.86
150 21.14 4.57 17.83 43.48 10.81
180 425.98 100.00 40.00 97.56 90.58
180 406.46 96.10 40.00 97.56 77.05
180 447.33 161.72 28.28 68.97 56.83
180 370.09 208.62 28.28 68.97 56.36
180 362.23 203.38 25.23 61.54 47.20
180 358.53 114.13 17.83 43.48 38.88
180 60.62 192.24 100.71 245.62 26.56
180 331.72 161.28 45.20 110.24 25.37
180 444.57 139.66 28.28 68.97 17.30
180 288.97 27.17 17.83 43.48 17.24
180 15.68 5.75 22.47 54.79 15.45
180 460.78 84.94 63.78 155.55 11.73
180 317.92 43.38 25.23 61.54 3.01
210 410.37 96.10 40.00 97.56 70.87
210 432.40 97.11 50.80 123.90 61.64
210 400.43 123.10 28.28 68.97 41.08
210 370.09 208.62 28.28 68.97 39.94
210 20.07 5.75 22.47 54.79 28.08
210 60.62 192.24 100.71 245.62 23.87
210 383.46 155.38 126.15 307.69 20.08
210 5.95 106.55 28.28 68.97 15.86
210 332.32 57.07 40.00 97.56 11.69
210 301.14 27.17 17.83 43.48 8.09
210 466.03 31.64 89.69 218.76 7.70
240 21.14 4.57 17.83 43.48 57.96
240 424.41 95.23 45.20 110.24 47.53
240 484.73 60.55 22.47 54.79 46.92
240 356.79 115.87 17.83 43.48 44.14
240 370.09 208.62 28.28 68.97 42.02
240 406.46 100.00 40.00 97.56 39.82
240 474.91 178.28 28.28 68.97 8.92
240 6.92 117.53 22.47 54.79 7.58
240 306.57 79.35 31.71 77.35 5.55
240 123.08 233.70 22.47 54.79 2.55
270 425.98 100.00 40.00 97.56 88.68
270 410.37 96.10 40.00 97.56 79.64
270 445.70 153.68 31.71 77.35 53.38
270 394.86 106.58 22.47 54.79 45.87
270 362.23 203.38 25.23 61.54 39.56
270 9.11 119.73 22.47 54.79 33.67
270 371.50 206.32 31.71 77.35 17.74
270 60.62 192.24 100.71 245.62 13.57
270 305.62 18.77 25.23 61.54 6.07
270 501.77 61.71 20.00 48.78 3.17
300 415.59 90.83 45.20 110.24 71.34
300 429.88 119.51 40.00 97.56 41.04
300 238.53 105.43 17.83 43.48 37.08
300 359.13 197.03 31.71 77.35 29.76
300 13.96 122.20 20.00 48.78 22.47
300 445.70 153.68 31.71 77.35 21.86
300 357.38 110.49 20.00 48.78 20.78
300 287.13 28.54 20.00 48.78 18.60
300 308.10 25.43 17.83 43.48 18.14
300 4.21 120.24 20.00 48.78 16.31
300 460.78 60.00 63.78 155.55 15.57
300 60.62 192.24 100.71 245.62 15.05
300 371.34 217.07 40.00 97.56 10.99
300 303.48 79.35 31.71 77.35 10.10
330 425.98 100.00 40.00 97.56 103.25
330 402.56 100.00 40.00 97.56 73.39
330 363.54 209.27 40.00 97.56 42.11
330 392.16 164.48 28.28 68.97 41.07
330 367.23 117.61 17.83 43.48 29.40
330 447.33 161.72 28.28 68.97 26.09
330 7.77 112.31 25.23 61.54 23.39
330 475.46 176.31 25.23 61.54 23.01
330 238.53 107.17 17.83 43.48 19.47
330 290.71 108.91 17.83 43.48 12.20
330 285.27 23.29 22.47 54.79 11.31
330 392.67 106.58 22.47 54.79 8.53
330 467.13 72.37 50.80 123.90 5.78
330 42.83 178.26 71.30 173.91 3.75
360 411.17 90.83 45.20 110.24 96.80
360 475.46 176.31 25.23 61.54 62.18
360 428.83 99.63 45.20 110.24 50.37
360 372.84 208.62 28.28 68.97 45.71
360 4.21 122.20 20.00 48.78 38.40
360 70.48 275.34 22.47 54.79 34.91
360 125.18 231.46 20.00 48.78 32.99
360 458.07 156.77 31.71 77.35 32.38
360 445.70 156.77 31.71 77.35 24.09
360 360.27 114.13 17.83 43.48 20.64
360 397.07 106.52 35.65 86.96 16.79
360 17.87 7.07 20.00 48.78 15.73
360 364.57 200.34 28.28 68.97 13.84
360 330.06 14.88 20.00 48.78 12.78
390 420.00 95.23 45.20 110.24 95.82
390 402.56 96.10 40.00 97.56 57.22
390 444.57 158.97 28.28 68.97 54.96
390 372.84 208.62 28.28 68.97 46.35
390 362.23 203.38 25.23 61.54 34.71
390 289.09 26.59 20.00 48.78 26.15
390 480.38 58.15 25.23 61.54 24.32
390 306.64 81.72 28.28 68.97 18.52
390 337.93 61.30 35.65 86.96 18.13
390 70.48 275.34 22.47 54.79 16.91
390 473.00 173.85 25.23 61.54 10.93
390 4.21 122.20 20.00 48.78 0.02
420 425.98 100.00 40.00 97.56 97.37
420 410.37 96.10 40.00 97.56 83.72
420 358.53 114.13 17.83 43.48 50.84
420 372.84 208.62 28.28 68.97 43.44
420 467.13 72.37 50.80 123.90 42.71
420 396.23 119.61 31.71 77.35 28.46
420 406.16 28.54 20.00 48.78 27.28
420 449.66 159.18 22.47 54.79 26.69
420 125.27 233.70 22.47 54.79 18.82
420 5.49 128.04 17.83 43.48 11.70
420 42.83 178.26 71.30 173.91 1.26
450 424.41 95.23 45.20 110.24 76.45
450 406.76 95.23 45.20 110.24 76.20
450 372.84 208.62 28.28 68.97 55.28
450 362.23 203.38 25.23 61.54 37.60
450 337.93 61.30 35.65 86.96 36.72
450 8.71 106.55 28.28 68.97 33.75
450 475.46 173.85 25.23 61.54 19.63
450 367.23 117.61 17.83 43.48 12.23
450 123.23 233.41 20.00 48.78 8.34
450 70.48 275.34 22.47 54.79 3.44
480 414.27 96.10 40.00 97.56 64.10
480 432.40 97.11 50.80 123.90 60.30
480 370.09 208.62 28.28 68.97 50.73
480 358.53 114.13 17.83 43.48 40.27
480 19.82 5.12 20.00 48.78 21.05
480 7.77 112.31 25.23 61.54 16.41
480 404.08 6.46 25.23 61.54 10.99
480 475.96 181.10 22.47 54.79 10.95
480 123.23 233.41 20.00 48.78 9.13
480 234.45 110.49 20.00 48.78 6.55
510 414.27 100.00 40.00 97.56 76.67
510 432.40 97.11 50.80 123.90 39.98
510 365.31 206.32 31.71 77.35 35.99
510 21.14 4.57 17.83 43.48 32.15
510 69.31 274.77 25.23 61.54 29.34
510 478.15 64.93 22.47 54.79 19.95
510 337.93 61.30 35.65 86.96 19.19
510 39.79 43.01 22.47 54.79 16.63
510 31.03 7.95 22.47 54.79 13.77
510 383.46 155.38 126.15 307.69 12.58
510 5.31 112.31 25.23 61.54 4.60
540 406.46 96.10 40.00 97.56 67.93
540 424.41 95.23 45.20 110.24 54.01
540 445.70 153.68 31.71 77.35 46.04
540 370.09 208.62 28.28 68.97 39.99
540 228.60 110.49 20.00 48.78 33.16
540 358.53 114.13 17.83 43.48 28.53
540 315.05 30.65 17.83 43.48 18.20
540 458.07 156.77 31.71 77.35 17.20
540 402.01 20.22 17.83 43.48 15.12
540 467.13 72.37 50.80 123.90 10.04
540 244.02 68.26 35.65 86.96 9.51
540 370.71 115.87 17.83 43.48 5.58
570 432.40 97.11 50.80 123.90 85.14
570 414.27 96.10 40.00 97.56 76.62
570 398.66 96.10 40.00 97.56 43.05
570 482.53 60.55 22.47 54.79 42.86
570 370.09 208.62 28.28 68.97 40.71
570 60.62 192.24 100.71 245.62 29.08
570 233.32 114.13 17.83 43.48 27.00
570 357.38 110.49 20.00 48.78 21.11
570 317.92 40.92 25.23 61.54 16.39
570 334.46 61.30 35.65 86.96 5.24
570 383.46 155.38 126.15 307.69 4.78
600 425.98 100.00 40.00 97.56 82.56
600 406.46 96.10 40.00 97.56 75.54
600 363.54 209.27 40.00 97.56 35.94
600 444.57 161.72 28.28 68.97 33.98
600 70.48 275.34 22.47 54.79 28.29
600 358.53 114.13 17.83 43.48 24.99
600 212.45 15.00 17.83 43.48 23.60
600 365.49 115.87 17.83 43.48 23.43
600 467.13 72.37 50.80 123.90 21.28
600 223.90 110.96 22.47 54.79 19.19
600 313.00 36.00 25.23 61.54 18.50
600 287.47 23.29 22.47 54.79 4.99
600 285.92 92.62 25.23 61.54 1.11
630 414.27 96.10 40.00 97.56 62.79
630 370.09 208.62 28.28 68.97 51.49
630 445.70 156.77 31.71 77.35 30.13
630 365.49 115.87 17.83 43.48 17.56
630 123.23 231.46 20.00 48.78 13.09
630 308.60 30.49 20.00 48.78 1.02
660 402.34 90.83 45.20 110.24 87.92
660 424.41 95.23 45.20 110.24 67.06
660 450.85 159.08 25.23 61.54 59.32
660 235.05 110.65 17.83 43.48 55.32
660 370.09 208.62 28.28 68.97 51.06
660 362.23 203.38 25.23 61.54 45.16
660 358.53 114.13 17.83 43.48 31.62
660 391.77 102.46 25.23 61.54 18.25
660 69.84 274.13 17.83 43.48 14.18
660 31.03 5.75 22.47 54.79 13.63
690 411.17 90.83 45.20 110.24 88.21
690 449.66 159.18 22.47 54.79 68.04
690 400.43 123.10 28.28 68.97 67.76
690 359.05 200.34 28.28 68.97 35.92
690 371.50 206.32 31.71 77.35 33.48
690 356.79 117.61 17.83 43.48 25.62
690 291.04 24.63 20.00 48.78 20.78
690 76.79 279.35 17.83 43.48 13.93
690 460.78 60.00 63.78 155.55 5.03
690 31.03 7.95 22.47 54.79 2.27
720 429.88 103.90 40.00 97.56 77.84
720 402.34 90.83 45.20 110.24 71.60
720 447.33 161.72 28.28 68.97 44.49
720 365.49 117.61 17.83 43.48 40.48
720 365.31 203.23 31.71 77.35 35.82
720 33.22 5.75 22.47 54.79 24.22
720 377.33 36.44 22.47 54.79 16.56
720 139.61 200.13 31.71 77.35 12.95
720 392.67 106.58 22.47 54.79 12.91
720 337.93 61.30 35.65 86.96 12.56
720 474.91 175.52 28.28 68.97 5.38
720 45.00 168.97 56.55 137.93 4.73
720 452.72 64.78 35.65 86.96 3.48
750 428.83 95.23 45.20 110.24 73.24
750 19.82 7.07 20.00 48.78 69.47
750 406.76 95.23 45.20 110.24 49.58
750 68.10 282.83 17.83 43.48 47.03
750 361.99 203.01 22.47 54.79 38.47
750 144.31 174.48 56.55 137.93 34.35
750 31.03 5.75 22.47 54.79 30.65
750 357.60 108.77 22.47 54.79 25.75
750 361.81 164.48 28.28 68.97 24.36
750 41.99 43.01 22.47 54.79 13.53
750 4.21 122.20 20.00 48.78 10.61
750 168.04 185.22 71.30 173.91 7.95
750 452.84 147.93 28.28 68.97 5.14
750 283.08 25.48 22.47 54.79 4.74
780 433.24 90.83 45.20 110.24 86.18
780 13.49 5.75 22.47 54.79 38.13
780 451.88 159.87 31.71 77.35 30.93
780 366.37 203.01 22.47 54.79 30.25
780 402.42 122.71 31.71 77.35 25.30
780 170.71 126.30 17.83 43.48 17.10
780 22.93 180.00 56.55 137.93 13.87
780 148.89 190.84 31.71 77.35 9.93
780 477.05 62.47 50.80 123.90 9.70
810 437.66 90.83 45.20 110.24 76.96
810 453.29 131.22 40.00 97.56 55.93
810 355.43 118.29 20.00 48.78 49.26
810 402.42 122.71 31.71 77.35 41.99
810 463.15 162.17 35.65 86.96 40.31
810 328.04 178.26 71.30 173.91 35.37
810 9.11 174.52 22.47 54.79 21.07
810 12.45 314.13 17.83 43.48 20.00
810 3.75 314.13 17.83 43.48 13.48
810 275.43 20.73 20.00 48.78 11.08
810 12.45 11.52 17.83 43.48 8.20
810 378.84 122.20 20.00 48.78 6.92
810 481.09 46.09 71.30 173.91 1.80
840 452.25 77.32 50.80 123.90 73.40
840 432.40 77.32 50.80 123.90 65.97
840 296.23 7.95 22.47 54.79 54.44
840 119.86 187.71 45.20 110.24 48.78
840 462.17 107.01 50.80 123.90 37.64
840 335.00 185.22 71.30 173.91 37.60
840 410.37 96.10 40.00 97.56 34.36
840 375.14 115.34 22.47 54.79 34.29
840 523.38 25.71 100.71 245.62 27.85
840 412.45 4.57 17.83 43.48 26.89
840 37.38 303.66 20.00 48.78 26.62
840 3.75 15.00 17.83 43.48 15.35
840 376.89 10.98 20.00 48.78 9.38
870 446.30 25.22 71.30 173.91 74.56
870 479.42 84.94 63.78 155.55 58.41
870 384.70 116.34 20.00 48.78 49.44
870 415.59 86.42 45.20 110.24 43.46
870 499.45 29.17 45.20 110.24 40.30
870 393.32 131.52 17.83 43.48 29.48
870 189.84 4.57 17.83 43.48 27.63
870 376.89 110.49 20.00 48.78 26.38
900 522.83 60.00 71.30 173.91 86.65
900 381.14 110.65 17.83 43.48 43.56
900 388.29 108.77 22.47 54.79 43.41
900 367.15 70.46 25.23 61.54 35.60
900 495.91 9.02 20.00 48.78 30.73
900 314.13 178.26 71.30 173.91 23.56
900 108.69 215.69 25.23 61.54 21.72
900 566.46 33.66 40.00 97.56 16.29
900 428.02 45.86 28.28 68.97 12.99
930 397.67 98.28 28.28 68.97 71.63
930 492.08 107.23 31.71 77.35 36.30
930 408.71 92.76 28.28 68.97 33.59
930 197.31 299.38 25.23 61.54 20.13
930 350.78 189.31 28.28 68.97 15.29
930 330.98 158.70 35.65 86.96 2.41
960 348.02 194.83 28.28 68.97 65.55
960 414.59 106.58 22.47 54.79 59.64
960 488.04 25.22 71.30 173.91 42.65
960 383.86 57.68 31.71 77.35 33.06
960 403.75 105.43 17.83 43.48 29.73
960 168.74 184.68 63.78 155.55 8.33
960 156.79 227.17 17.83 43.48 7.59
960 454.56 66.23 63.78 155.55 3.27
990 421.77 112.44 20.00 48.78 87.55
990 596.79 6.30 17.83 43.48 38.87
990 45.49 298.48 17.83 43.48 28.33
990 531.34 96.10 40.00 97.56 27.45
990 325.12 169.16 31.71 77.35 21.21
990 574.18 4.57 17.83 43.48 15.22
990 515.33 106.52 35.65 86.96 11.08
990 480.34 36.44 22.47 54.79 3.94
1020 539.40 145.43 17.83 43.48 92.55
1020 420.97 88.65 31.71 77.35 48.77
1020 92.40 216.16 22.47 54.79 32.73
1020 19.40 185.43 17.83 43.48 12.85
1020 498.26 8.13 31.71 77.35 10.69
1020 75.72 244.95 45.20 110.24 10.31
1020 449.09 128.05 20.00 48.78 9.34
1020 186.07 165.69 45.20 110.24 3.61
1050 587.62 147.56 20.00 48.78 94.63
1050 238.53 110.65 17.83 43.48 44.68
1050 471.58 138.48 17.83 43.48 44.25
1050 578.97 126.30 22.47 54.79 19.49
1050 334.22 90.00 28.28 68.97 15.81
1050 519.33 83.17 20.00 48.78 15.44
1050 425.98 29.76 40.00 97.56 11.73
1050 597.38 145.61 20.00 48.78 3.38
1080 608.38 156.62 25.23 61.54 72.89
1080 394.86 132.88 22.47 54.79 63.44
1080 423.50 28.83 63.78 155.55 54.75
1080 480.30 141.71 20.00 48.78 40.30
1080 304.62 121.09 17.83 43.48 34.63
1080 449.39 123.41 40.00 97.56 30.36
1080 335.15 90.15 25.23 61.54 25.70
1080 174.22 87.24 28.28 68.97 18.87
1080 167.23 119.35 17.83 43.48 18.71
1080 348.84 89.04 22.47 54.79 14.34
1110 499.40 147.17 17.83 43.48 94.17
1110 429.57 122.20 20.00 48.78 66.89
1110 441.28 114.39 20.00 48.78 49.76
1110 455.77 114.77 25.23 61.54 39.24
1110 339.40 108.91 17.83 43.48 30.46
1110 350.78 84.48 28.28 68.97 26.18
1110 374.54 186.15 25.23 61.54 19.14
1110 115.45 170.09 45.20 110.24 12.40
1140 523.75 150.65 17.83 43.48 107.85
1140 434.32 121.92 22.47 54.79 78.98
1140 471.58 130.68 22.47 54.79 59.78
1140 529.09 135.85 20.00 48.78 51.36
1140 335.91 104.63 20.00 48.78 48.79
1140 367.15 92.62 25.23 61.54 47.92
1140 388.60 16.83 20.00 48.78 38.54
1140 412.01 137.80 20.00 48.78 38.00
1140 396.40 14.88 20.00 48.78 33.99
1140 350.78 90.00 28.28 68.97 30.92
1140 341.77 112.44 20.00 48.78 23.02
1140 18.34 170.09 45.20 110.24 17.67
1140 516.79 141.96 17.83 43.48 0.55
1170 548.60 155.37 20.00 48.78 124.64
1170 441.81 120.34 28.28 68.97 117.98
1170 487.23 152.39 17.83 43.48 92.85
1170 552.67 139.45 22.47 54.79 67.30
1170 494.18 150.65 17.83 43.48 54.09
1170 460.69 112.31 25.23 61.54 41.89
1170 365.18 110.49 20.00 48.78 41.57
1170 337.87 120.24 20.00 48.78 35.91
1170 487.50 89.13 35.65 86.96 14.15
1170 389.10 99.63 45.20 110.24 13.54
1170 125.92 102.46 25.23 61.54 10.41
1200 588.69 164.00 25.23 61.54 98.20
1200 445.70 125.81 31.71 77.35 85.09
1200 506.64 159.18 22.47 54.79 72.52
1200 111.85 96.09 35.65 86.96 35.11
1200 323.19 125.86 28.28 68.97 34.93
1200 353.32 121.09 17.83 43.48 32.59
1200 433.78 84.39 40.00 97.56 30.24
1200 215.14 176.71 22.47 54.79 29.19
1200 142.88 15.00 17.83 43.48 24.47
1200 377.83 102.06 50.80 123.90 20.58
1200 541.92 146.77 25.23 61.54 12.51
1200 287.13 120.24 20.00 48.78 11.18
1200 8.41 185.85 40.00 97.56 11.01
1200 372.87 181.24 50.80 123.90 6.79
1230 457.20 111.71 40.00 97.56 79.63
1230 427.44 87.22 50.80 123.90 74.40
1230 581.14 168.04 17.83 43.48 63.29
1230 539.46 161.54 25.23 61.54 60.80
1230 344.62 115.87 17.83 43.48 56.43
1230 82.56 84.39 40.00 97.56 52.39
1230 160.27 119.35 17.83 43.48 49.45
1230 72.67 113.15 22.47 54.79 43.18
1230 558.53 162.83 17.83 43.48 37.58
1230 509.84 155.87 17.83 43.48 25.81
1230 479.71 113.42 31.71 77.35 10.52
1230 570.06 159.27 20.00 48.78 6.03
1260 372.99 16.83 20.00 48.78 68.56
1260 472.97 104.04 45.20 110.24 63.74
1260 193.48 133.90 20.00 48.78 51.61
1260 130.71 115.87 17.83 43.48 48.37
1260 311.58 122.83 17.83 43.48 43.30
1260 600.29 159.87 31.71 77.35 40.04
1260 429.71 72.47 63.78 155.55 39.31
1260 349.92 100.00 25.23 61.54 33.30
1260 27.17 174.50 45.20 110.24 24.38
1260 61.71 154.79 22.47 54.79 23.81
1260 498.26 110.32 31.71 77.35 23.19
1260 376.20 151.74 35.65 86.96 20.88
1260 337.66 115.87 17.83 43.48 18.85
1260 304.62 121.09 17.83 43.48 11.11
1260 180.07 192.05 22.47 54.79 9.79
1260 320.27 122.83 17.83 43.48 6.54
1290 448.38 132.00 25.23 61.54 82.22
1290 496.90 102.06 50.80 123.90 82.07
1290 99.40 114.13 17.83 43.48 33.48
1290 459.67 110.00 35.65 86.96 29.95
1290 7.77 161.54 25.23 61.54 22.28
1290 428.37 110.00 35.65 86.96 20.69
1290 532.72 103.04 35.65 86.96 18.91
1290 13.40 197.14 63.78 155.55 9.87
1320 439.33 147.56 20.00 48.78 59.83
1320 516.81 116.52 31.71 77.35 50.75
1320 461.12 131.38 28.28 68.97 46.29
1320 476.62 116.52 31.71 77.35 41.27
1320 562.22 52.13 80.85 197.19 38.67
1320 70.55 53.90 20.00 48.78 27.15
1320 92.40 51.78 22.47 54.79 23.95
1320 536.59 87.22 50.80 123.90 23.90
1320 370.75 7.95 22.47 54.79 23.04
1320 173.62 156.77 31.71 77.35 9.90
1320 92.45 108.91 17.83 43.48 6.83
1350 546.63 113.48 35.65 86.96 79.81
1350 72.50 61.71 20.00 48.78 65.92
1350 506.64 141.64 22.47 54.79 65.32
1350 573.92 141.85 25.23 61.54 59.46
1350 391.58 107.17 17.83 43.48 59.23
1350 480.30 157.32 20.00 48.78 49.06
1350 485.31 136.92 25.23 61.54 45.68
1350 470.55 155.37 20.00 48.78 33.77
1350 195.27 169.16 31.71 77.35 30.90
1350 443.75 157.61 17.83 43.48 28.32
1350 19.82 167.07 20.00 48.78 21.69
1350 59.46 48.31 25.23 61.54 18.25
1350 37.38 53.90 20.00 48.78 16.95
1350 169.11 189.86 22.47 54.79 16.66
1350 579.74 87.24 28.28 68.97 8.50
1380 566.46 111.71 40.00 97.56 69.67
1380 491.47 136.90 28.28 68.97 68.27
1380 32.38 50.77 25.23 61.54 66.65
1380 511.83 107.80 40.00 97.56 57.43
1380 415.59 148.07 45.20 110.24 29.95
1380 177.88 196.44 22.47 54.79 28.06
1380 581.41 130.87 35.65 86.96 26.52
1380 610.09 128.62 28.28 68.97 20.04
1380 5.49 173.26 17.83 43.48 7.54
1410 592.14 104.04 45.20 110.24 93.75
1410 37.38 174.88 20.00 48.78 65.27
1410 525.93 104.04 45.20 110.24 62.26
1410 80.14 60.00 45.20 110.24 43.60
1410 470.55 217.80 20.00 48.78 40.63
1410 254.18 218.48 17.83 43.48 38.22
1410 424.89 57.83 35.65 86.96 34.37
1410 189.92 198.46 25.23 61.54 29.91
1410 45.18 174.88 20.00 48.78 5.69
1440 549.84 168.04 17.83 43.48 79.59
1440 63.15 137.83 35.65 86.96 46.75
1440 414.46 57.83 35.65 86.96 25.96
1440 534.54 146.77 25.23 61.54 19.60
1440 478.35 235.37 20.00 48.78 19.47
1440 509.57 213.90 20.00 48.78 17.68
1440 256.69 161.28 45.20 110.24 16.49
1440 436.51 25.48 22.47 54.79 11.70
1440 490.71 110.65 17.83 43.48 10.88
1470 551.58 169.78 17.83 43.48 74.09
1470 614.04 93.42 22.47 54.79 56.18
1470 258.17 123.41 40.00 97.56 48.18
1470 508.10 223.70 17.83 43.48 46.55
1470 252.28 165.69 45.20 110.24 40.23
1470 544.62 159.35 17.83 43.48 31.77
1470 402.56 57.07 40.00 97.56 31.18
1470 620.79 12.93 20.00 48.78 25.51
1470 502.88 112.39 17.83 43.48 25.33
1470 427.74 27.67 22.47 54.79 23.98
1470 54.18 298.48 17.83 43.48 21.59
1470 347.62 98.78 20.00 48.78 21.20
1470 581.14 175.00 17.83 43.48 18.39
1470 291.11 128.90 31.71 77.35 6.30
1470 66.36 171.52 17.83 43.48 1.57
1500 558.53 176.74 17.83 43.48 141.72
1500 605.27 161.37 22.47 54.79 70.99
1500 258.97 152.60 22.47 54.79 67.43
1500 394.45 108.54 20.00 48.78 62.39
1500 537.33 148.22 22.47 54.79 50.70
1500 157.92 230.46 25.23 61.54 28.35
1500 613.31 92.62 25.23 61.54 26.83
1500 284.93 135.10 31.71 77.35 23.71
1500 419.40 34.13 17.83 43.48 19.29
1500 403.19 70.69 28.28 68.97 18.41
1500 573.96 174.88 20.00 48.78 8.92
1530 560.27 180.22 17.83 43.48 114.59
1530 492.45 117.61 17.83 43.48 58.44
1530 603.08 163.56 22.47 54.79 49.51
1530 527.15 149.23 25.23 61.54 46.64
1530 611.85 97.81 22.47 54.79 46.19
1530 248.97 155.87 17.83 43.48 43.26
1530 405.82 34.25 22.47 54.79 42.21
1530 10.06 135.85 20.00 48.78 41.90
1530 270.78 131.38 28.28 68.97 35.51
1530 283.17 104.04 45.20 110.24 31.73
1530 131.85 196.44 22.47 54.79 30.75
1530 263.72 153.41 20.00 48.78 30.65
1530 442.14 153.51 63.78 155.55 28.69
1530 377.83 62.47 50.80 123.90 27.85
1530 572.01 180.73 20.00 48.78 21.75
1530 77.61 66.96 71.30 173.91 17.81
1530 99.82 286.10 20.00 48.78 14.48
1530 326.16 106.59 20.00 48.78 11.94
1530 593.53 136.90 28.28 68.97 0.83
1560 555.05 180.22 17.83 43.48 152.84
1560 512.38 149.23 25.23 61.54 54.88
1560 601.00 161.54 25.23 61.54 50.24
1560 578.97 16.71 22.47 54.79 37.11
1560 4.73 56.16 22.47 54.79 32.86
1560 92.45 291.52 17.83 43.48 29.07
1560 495.68 104.38 22.47 54.79 28.55
1560 269.93 104.04 45.20 110.24 27.50
1560 475.05 117.61 17.83 43.48 22.59
1560 367.23 114.13 17.83 43.48 21.27
1560 391.58 34.13 17.83 43.48 18.42
1560 548.10 181.96 17.83 43.48 17.96
1560 440.89 159.18 22.47 54.79 17.36
1560 150.54 232.92 25.23 61.54 16.90
1560 335.91 118.29 20.00 48.78 16.69
1560 577.87 180.73 20.00 48.78 16.51
1560 140.69 156.62 25.23 61.54 15.24
1560 308.60 106.59 20.00 48.78 14.96
1560 70.55 90.98 20.00 48.78 11.31
1560 399.15 417.54 25.23 61.54 8.32
1560 556.79 30.65 17.83 43.48 1.98
1560 125.18 202.20 20.00 48.78 -0.16
1590 550.48 176.71 22.47 54.79 152.04
1590 497.62 149.23 25.23 61.54 66.74
1590 585.69 97.24 56.55 137.93 65.59
1590 109.84 183.70 17.83 43.48 37.32
1590 133.10 192.11 45.20 110.24 30.21
1590 542.88 180.22 17.83 43.48 25.35
1590 454.04 108.77 22.47 54.79 22.65
1590 340.55 55.60 45.20 110.24 18.72
1590 229.31 124.62 25.23 61.54 14.95
1590 82.26 282.20 20.00 48.78 13.92
1590 559.25 181.10 22.47 54.79 13.59
1590 217.00 154.15 25.23 61.54 2.26
1590 243.45 99.63 45.20 110.24 1.30
1620 572.62 97.40 63.78 155.55 80.02
1620 552.67 178.90 22.47 54.79 43.11
1620 221.38 99.63 45.20 110.24 26.16
1620 463.15 68.26 35.65 86.96 25.38
1620 118.54 237.85 25.23 61.54 21.04
1620 40.47 181.24 50.80 123.90 18.00
1620 529.62 178.77 25.23 61.54 14.05
1620 341.77 28.54 20.00 48.78 7.44
1620 318.35 112.44 20.00 48.78 2.83
1650 541.92 176.31 25.23 61.54 127.50
1650 190.78 194.83 28.28 68.97 67.23
1650 571.52 87.83 71.30 173.91 61.74
1650 35.05 194.13 17.83 43.48 53.15
1650 243.75 288.04 17.83 43.48 52.32
1650 517.31 181.23 25.23 61.54 40.70
1650 4.21 184.63 20.00 48.78 40.61
1650 550.11 120.43 35.65 86.96 38.63
1650 327.23 21.96 17.83 43.48 37.59
1650 390.65 66.96 71.30 173.91 36.58
1650 458.36 147.93 28.28 68.97 30.28
1650 298.84 108.54 20.00 48.78 17.80
1650 323.75 34.13 17.83 43.48 17.51
1650 204.57 192.07 28.28 68.97 13.41
1650 77.78 156.77 31.71 77.35 3.36
1680 554.86 181.10 22.47 54.79 181.49
1680 157.07 190.00 35.65 86.96 74.24
1680 546.10 185.48 22.47 54.79 66.60
1680 6.16 196.34 20.00 48.78 50.62
1680 326.46 153.06 100.71 245.62 42.61
1680 447.33 164.48 28.28 68.97 42.46
1680 173.62 197.03 31.71 77.35 39.33
1680 589.88 154.63 40.00 97.56 32.49
1680 188.37 190.00 35.65 86.96 26.62
1680 369.78 66.96 71.30 173.91 18.07
1680 327.50 40.43 35.65 86.96 10.99
1680 322.01 124.57 17.83 43.48 9.91
1710 578.85 178.77 25.23 61.54 180.21
1710 150.11 193.48 35.65 86.96 109.23
1710 588.37 155.22 35.65 86.96 54.51
1710 388.29 181.10 22.47 54.79 36.96
1710 133.29 193.66 40.00 97.56 32.25
1710 311.58 15.00 17.83 43.48 31.52
1710 143.15 154.15 25.23 61.54 26.43
1710 563.19 178.45 31.71 77.35 24.03
1710 196.79 201.09 17.83 43.48 22.92
1710 611.04 190.49 20.00 48.78 19.84
1710 214.54 252.62 25.23 61.54 8.01
1740 604.57 178.28 28.28 68.97 211.19
1740 132.72 196.96 35.65 86.96 94.98
1740 607.33 147.93 28.28 68.97 52.27
1740 459.40 140.22 17.83 43.48 42.45
1740 380.00 91.17 63.78 155.55 40.68
1740 308.60 16.83 20.00 48.78 35.49
1740 232.16 112.07 28.28 68.97 33.72
1740 313.33 181.24 50.80 123.90 30.66
1740 186.07 187.71 45.20 110.24 23.69
1740 591.01 101.03 31.71 77.35 3.65
1770 125.76 193.48 35.65 86.96 62.29
1770 376.74 80.87 71.30 173.91 50.17
1770 138.79 135.86 56.55 137.93 38.51
1770 417.52 97.11 50.80 123.90 27.55
1770 277.23 64.90 100.71 245.62 23.45
1770 460.69 141.85 25.23 61.54 20.88
1770 109.88 197.56 40.00 97.56 11.44
1770 458.07 166.06 31.71 77.35 6.34
1770 164.50 151.55 50.80 123.90 5.20
1800 122.28 196.96 35.65 86.96 85.08
1800 277.23 64.90 100.71 245.62 57.85
1800 372.59 60.00 80.85 197.19 40.00
1800 138.79 135.86 56.55 137.93 38.71
1800 180.08 193.54 25.23 61.54 22.53
1800 308.10 15.00 17.83 43.48 15.19
1800 404.66 40.36 89.69 218.76 6.00
1830 108.37 200.43 35.65 86.96 91.56
1830 121.59 197.56 40.00 97.56 73.79
1830 380.00 97.40 63.78 155.55 61.05
1830 138.79 135.86 56.55 137.93 48.50
1830 285.76 196.96 35.65 86.96 45.06
1830 358.21 108.44 45.20 110.24 37.19
1830 325.95 164.48 28.28 68.97 21.46
1830 177.24 192.11 45.20 110.24 19.98
1830 77.78 228.00 31.71 77.35 10.69
1830 590.78 189.31 28.28 68.97 10.28
1830 238.55 110.32 31.71 77.35 4.44
1860 285.68 60.00 80.85 197.19 86.31
1860 376.74 87.83 71.30 173.91 66.03
1860 116.72 146.90 56.55 137.93 65.47
1860 56.89 197.14 63.78 155.55 64.26
1860 72.35 115.08 80.85 197.19 30.83
1860 37.58 240.39 31.71 77.35 30.30
1860 298.23 13.85 25.23 61.54 27.49
1860 162.53 156.99 22.47 54.79 25.25
1860 458.07 141.29 31.71 77.35 24.54
1860 164.00 200.92 45.20 110.24 23.43
1860 364.69 156.62 25.23 61.54 16.35
1860 228.10 145.43 17.83 43.48 9.31
