30 90.14 141.29 31.71 77.35 25.41
30 546.10 36.44 22.47 54.79 12.54
30 184.62 154.13 17.83 43.48 11.99
30 219.67 123.91 35.65 86.96 10.54
60 581.16 14.52 22.47 54.79 44.93
60 174.18 155.87 17.83 43.48 32.45
60 4.21 100.73 20.00 48.78 21.77
60 432.12 80.27 22.47 54.79 16.16
60 294.18 164.57 17.83 43.48 12.72
60 468.10 181.96 17.83 43.48 12.33
60 398.66 115.61 40.00 97.56 11.71
60 331.47 139.66 28.28 68.97 5.98
90 509.92 188.62 25.23 61.54 58.24
90 334.22 142.41 28.28 68.97 52.34
90 403.63 156.99 22.47 54.79 27.71
90 162.53 148.22 22.47 54.79 27.26
90 544.38 191.08 25.23 61.54 26.45
90 115.33 123.91 35.65 86.96 26.12
90 452.84 65.17 28.28 68.97 14.05
120 374.18 147.17 17.83 43.48 63.70
120 404.08 139.38 25.23 61.54 47.52
120 414.59 154.79 22.47 54.79 40.37
120 465.62 58.15 25.23 61.54 30.73
120 349.84 89.78 17.83 43.48 22.19
120 391.58 155.87 17.83 43.48 15.77
120 255.92 126.30 17.83 43.48 14.93
120 287.23 159.35 17.83 43.48 6.76
120 428.10 171.52 17.83 43.48 3.37
150 403.63 143.84 22.47 54.79 77.11
150 431.58 169.78 17.83 43.48 60.86
150 226.95 131.22 40.00 97.56 58.82
150 365.18 141.71 20.00 48.78 56.87
150 15.66 102.06 50.80 123.90 54.05
150 389.84 154.13 17.83 43.48 42.80
150 47.44 115.61 40.00 97.56 38.98
150 396.79 155.87 17.83 43.48 34.39
150 267.62 153.41 20.00 48.78 13.33
150 600.89 51.78 22.47 54.79 6.86
150 322.90 108.44 45.20 110.24 3.43
180 411.47 136.90 28.28 68.97 83.09
180 428.10 168.04 17.83 43.48 66.92
180 461.16 156.77 31.71 77.35 55.54
180 177.24 130.46 45.20 110.24 52.60
180 607.23 232.39 17.83 43.48 51.23
180 398.35 153.41 20.00 48.78 47.36
180 604.57 10.00 28.28 68.97 46.73
180 250.21 154.79 22.47 54.79 24.31
180 341.14 162.83 17.83 43.48 23.71
180 362.23 136.92 25.23 61.54 23.63
180 429.84 155.87 17.83 43.48 20.26
180 389.84 152.39 17.83 43.48 14.06
210 430.24 135.10 31.71 77.35 130.65
210 417.87 132.00 31.71 77.35 54.66
210 452.45 164.57 17.83 43.48 51.65
210 241.44 156.99 22.47 54.79 48.14
210 372.84 128.62 28.28 68.97 42.97
210 496.98 156.21 28.28 68.97 37.53
210 190.78 145.17 28.28 68.97 36.83
210 523.54 154.63 40.00 97.56 33.99
210 535.14 132.88 22.47 54.79 29.08
210 95.92 176.74 17.83 43.48 28.28
210 254.18 168.04 17.83 43.48 19.66
210 137.66 216.74 17.83 43.48 15.59
240 478.53 166.30 17.83 43.48 126.13
240 485.49 166.30 17.83 43.48 94.15
240 469.84 166.30 17.83 43.48 81.84
240 458.42 154.79 22.47 54.79 62.13
240 188.02 145.17 28.28 68.97 54.18
240 230.11 134.35 35.65 86.96 45.21
240 550.48 141.64 22.47 54.79 41.16
240 433.33 135.10 31.71 77.35 34.20
240 332.32 119.51 40.00 97.56 28.46
240 515.41 152.60 22.47 54.79 21.38
240 614.04 89.04 22.47 54.79 20.04
240 106.23 134.46 25.23 61.54 18.93
240 435.43 7.07 20.00 48.78 18.67
240 380.77 125.81 31.71 77.35 14.65
240 277.68 123.41 40.00 97.56 12.89
240 492.45 168.04 17.83 43.48 9.18
240 171.47 123.10 28.28 68.97 8.36
240 346.76 48.39 31.71 77.35 5.03
240 62.74 231.46 20.00 48.78 4.34
270 535.60 156.21 28.28 68.97 159.00
270 510.63 147.48 31.71 77.35 110.50
270 527.33 164.48 28.28 68.97 107.34
270 482.26 163.17 20.00 48.78 83.45
270 546.64 161.72 28.28 68.97 78.49
270 220.00 147.48 31.71 77.35 46.78
270 173.96 155.37 20.00 48.78 41.71
270 576.98 147.93 28.28 68.97 28.40
270 333.18 107.01 50.80 123.90 28.04
270 6.92 102.19 22.47 54.79 12.72
270 433.32 162.83 17.83 43.48 12.12
270 513.72 169.16 31.71 77.35 11.60
270 241.62 156.62 25.23 61.54 10.37
270 573.96 28.54 20.00 48.78 10.01
300 534.54 161.54 25.23 61.54 108.75
300 452.45 157.61 17.83 43.48 106.05
300 560.30 176.83 20.00 48.78 99.85
300 486.16 24.63 20.00 48.78 87.87
300 589.88 146.83 40.00 97.56 55.14
300 216.91 150.58 31.71 77.35 54.11
300 174.46 141.30 35.65 86.96 47.06
300 612.84 170.00 28.28 68.97 45.85
300 374.18 25.43 17.83 43.48 43.61
300 524.69 164.00 25.23 61.54 37.56
300 6.16 143.66 20.00 48.78 35.23
300 367.33 43.10 28.28 68.97 31.43
300 503.72 170.98 20.00 48.78 19.76
300 458.84 157.32 20.00 48.78 19.44
300 570.37 139.02 40.00 97.56 12.46
300 371.34 150.73 40.00 97.56 12.09
300 421.31 168.92 25.23 61.54 11.21
300 243.19 117.59 28.28 68.97 8.36
300 121.06 125.81 31.71 77.35 5.31
300 383.86 11.23 31.71 77.35 1.90
330 480.34 152.60 22.47 54.79 137.64
330 490.06 155.37 20.00 48.78 82.51
330 556.40 176.83 20.00 48.78 74.40
330 223.09 141.29 31.71 77.35 60.96
330 6.16 131.95 20.00 48.78 53.68
330 388.10 4.57 17.83 43.48 48.37
330 468.10 162.83 17.83 43.48 38.01
330 609.57 162.97 31.71 77.35 36.30
330 381.12 43.10 28.28 68.97 32.81
330 521.99 7.95 22.47 54.79 24.02
330 535.14 5.75 22.47 54.79 22.70
330 164.02 137.83 35.65 86.96 19.62
330 119.03 35.06 63.78 155.55 12.50
330 104.89 116.96 35.65 86.96 11.11
330 11.30 154.79 22.47 54.79 8.72
330 200.27 145.43 17.83 43.48 0.62
360 516.29 153.45 28.28 68.97 72.66
360 579.82 178.78 20.00 48.78 72.46
360 414.22 15.52 28.28 68.97 58.94
360 400.30 9.02 20.00 48.78 51.22
360 76.79 169.78 17.83 43.48 44.88
360 212.55 121.65 45.20 110.24 40.61
360 441.81 12.76 28.28 68.97 39.25
360 383.86 17.42 31.71 77.35 35.27
360 425.55 108.77 22.47 54.79 29.53
360 164.51 139.02 40.00 97.56 15.47
360 125.49 107.80 40.00 97.56 15.19
360 389.84 81.09 17.83 43.48 15.12
360 59.52 137.26 22.47 54.79 13.36
360 45.18 139.76 20.00 48.78 10.19
390 40.27 176.74 17.83 43.48 68.86
390 100.00 92.16 50.80 123.90 59.09
390 24.62 176.74 17.83 43.48 50.80
390 231.77 132.00 25.23 61.54 44.37
390 3.75 202.83 17.83 43.48 42.53
390 148.90 142.93 40.00 97.56 31.03
390 184.62 148.91 17.83 43.48 27.38
390 195.41 143.84 22.47 54.79 23.76
390 443.46 6.46 25.23 61.54 22.57
390 484.02 172.61 35.65 86.96 21.88
390 209.24 144.78 35.65 86.96 19.34
390 421.77 50.00 20.00 48.78 16.38
390 459.40 192.39 17.83 43.48 11.40
390 408.01 159.18 22.47 54.79 9.07
390 416.78 172.33 22.47 54.79 7.06
390 494.18 9.78 17.83 43.48 5.98
390 507.62 108.54 20.00 48.78 3.12
420 67.07 86.21 56.55 137.93 58.34
420 478.53 4.57 17.83 43.48 45.34
420 168.11 149.51 20.00 48.78 42.89
420 438.70 25.48 22.47 54.79 40.46
420 612.84 247.24 28.28 68.97 39.61
420 445.70 172.26 31.71 77.35 38.87
420 188.45 102.76 56.55 137.93 36.60
420 241.64 116.52 31.71 77.35 33.77
420 10.23 168.92 25.23 61.54 32.59
420 232.67 135.07 22.47 54.79 22.80
420 52.84 136.90 28.28 68.97 20.63
420 139.40 147.17 17.83 43.48 20.01
420 412.01 5.12 20.00 48.78 10.07
420 120.89 159.18 22.47 54.79 4.27
420 490.23 68.00 25.23 61.54 1.51
420 473.53 66.97 31.71 77.35 1.26
450 210.09 172.76 28.28 68.97 73.36
450 15.00 66.96 71.30 173.91 62.96
450 4.21 110.49 20.00 48.78 58.99
450 515.87 157.39 71.30 173.91 54.36
450 3.75 190.65 17.83 43.48 42.18
450 102.51 150.58 31.71 77.35 37.59
450 364.57 134.14 28.28 68.97 32.38
450 535.92 129.78 17.83 43.48 29.45
450 158.15 148.22 22.47 54.79 28.20
450 561.24 170.09 45.20 110.24 27.21
450 42.83 60.00 71.30 173.91 26.04
450 512.38 63.08 25.23 61.54 17.68
450 464.25 156.77 31.71 77.35 15.32
450 379.40 166.30 17.83 43.48 10.28
450 111.21 75.17 56.55 137.93 6.68
450 119.84 136.70 50.80 123.90 6.28
450 419.74 15.52 28.28 68.97 4.17
480 195.27 169.16 31.71 77.35 51.48
480 605.92 6.46 25.23 61.54 37.07
480 577.87 10.98 20.00 48.78 34.17
480 85.12 67.42 50.80 123.90 33.62
480 591.58 161.09 17.83 43.48 30.38
480 588.02 7.24 28.28 68.97 29.24
480 259.74 123.10 28.28 68.97 27.50
480 365.31 128.90 31.71 77.35 23.53
480 426.23 161.54 25.23 61.54 23.32
480 77.67 150.69 28.28 68.97 23.00
480 375.14 170.14 22.47 54.79 21.13
480 490.71 4.57 17.83 43.48 19.16
480 121.81 131.38 28.28 68.97 15.05
480 155.07 132.00 31.71 77.35 10.98
480 216.20 116.96 35.65 86.96 10.25
480 448.38 178.77 25.23 61.54 6.36
480 519.48 102.76 56.55 137.93 2.19
510 184.89 165.65 35.65 86.96 75.35
510 13.49 62.74 22.47 54.79 44.17
510 84.02 116.96 35.65 86.96 35.50
510 31.85 144.78 35.65 86.96 35.44
510 129.24 123.91 35.65 86.96 34.47
510 268.02 123.10 28.28 68.97 28.65
510 441.28 30.49 20.00 48.78 20.55
510 166.16 198.29 20.00 48.78 20.02
510 531.34 139.02 40.00 97.56 15.45
510 413.96 172.93 20.00 48.78 8.29
510 568.01 89.04 22.47 54.79 2.46
540 164.51 162.44 40.00 97.56 73.96
540 462.74 188.54 20.00 48.78 65.20
540 396.79 159.35 17.83 43.48 45.68
540 406.54 154.15 25.23 61.54 42.12
540 180.07 141.64 22.47 54.79 41.30
540 88.97 108.44 45.20 110.24 35.41
540 462.74 36.34 20.00 48.78 31.06
540 448.38 6.46 25.23 61.54 24.19
540 426.36 183.70 17.83 43.48 17.72
540 136.23 196.44 22.47 54.79 17.15
540 48.56 154.79 22.47 54.79 16.85
540 582.07 197.56 40.00 97.56 3.29
540 5.49 261.96 17.83 43.48 0.95
570 496.98 227.93 28.28 68.97 74.21
570 159.53 161.44 50.80 123.90 68.32
570 125.18 106.59 20.00 48.78 66.34
570 78.53 175.00 17.83 43.48 56.81
570 111.85 196.96 35.65 86.96 43.86
570 366.37 167.95 22.47 54.79 38.02
570 209.24 110.00 35.65 86.96 32.90
570 496.98 194.83 28.28 68.97 31.48
570 283.75 157.61 17.83 43.48 20.28
570 445.92 188.62 25.23 61.54 15.82
570 377.00 161.54 25.23 61.54 11.83
570 492.45 131.52 17.83 43.48 5.27
600 179.81 166.06 31.71 77.35 64.07
600 219.67 110.00 35.65 86.96 55.48
600 70.55 174.88 20.00 48.78 45.46
600 115.45 170.09 45.20 110.24 45.15
600 396.79 173.26 17.83 43.48 39.98
600 4.21 92.93 20.00 48.78 37.75
600 74.86 110.96 22.47 54.79 27.95
600 62.88 188.91 17.83 43.48 25.76
600 554.76 205.37 40.00 97.56 24.99
600 136.20 75.22 35.65 86.96 24.13
600 568.71 59.66 28.28 68.97 24.12
600 359.33 169.02 20.00 48.78 22.16
600 11.47 95.52 28.28 68.97 20.40
600 576.78 165.75 22.47 54.79 18.72
600 431.85 148.26 35.65 86.96 15.98
600 284.57 136.90 28.28 68.97 14.09
600 137.20 127.32 40.00 97.56 12.37
600 259.74 125.86 28.28 68.97 11.47
630 361.28 172.93 20.00 48.78 62.82
630 132.72 210.87 35.65 86.96 51.89
630 175.00 115.65 71.30 173.91 51.12
630 93.96 182.68 20.00 48.78 42.71
630 558.53 168.04 17.83 43.48 37.82
630 394.86 161.37 22.47 54.79 34.49
630 431.52 51.95 20.00 48.78 26.41
630 157.07 82.17 35.65 86.96 23.20
630 388.29 174.52 22.47 54.79 16.69
630 452.99 32.44 20.00 48.78 16.07
630 86.16 98.78 20.00 48.78 16.07
630 15.15 161.54 25.23 61.54 15.55
630 271.52 161.22 20.00 48.78 10.39
660 115.43 182.68 20.00 48.78 70.11
660 160.54 214.35 35.65 86.96 54.70
660 450.09 181.03 28.28 68.97 47.67
660 179.40 115.87 17.83 43.48 46.86
660 594.11 45.29 31.71 77.35 43.67
660 447.47 21.10 22.47 54.79 42.15
660 230.11 116.96 35.65 86.96 39.69
660 4.21 155.37 20.00 48.78 33.78
660 482.85 173.85 25.23 61.54 33.28
660 357.38 172.93 20.00 48.78 30.96
660 455.77 11.38 25.23 61.54 30.34
660 199.63 111.71 40.00 97.56 30.14
660 389.31 171.38 25.23 61.54 27.38
660 116.08 97.54 25.23 61.54 24.86
660 97.93 36.96 35.65 86.96 19.67
660 104.62 194.13 17.83 43.48 13.79
660 429.84 49.78 17.83 43.48 12.88
660 414.18 164.57 17.83 43.48 8.52
660 437.38 190.49 20.00 48.78 6.83
660 127.47 176.71 22.47 54.79 6.51
690 441.81 183.79 28.28 68.97 74.34
690 233.95 161.44 50.80 123.90 70.92
690 195.73 201.46 40.00 97.56 70.51
690 358.53 171.52 17.83 43.48 70.10
690 153.77 174.52 22.47 54.79 61.43
690 455.77 183.69 25.23 61.54 54.77
690 152.16 87.24 28.28 68.97 51.51
690 139.40 187.17 17.83 43.48 47.39
690 473.59 169.13 35.65 86.96 47.24
690 210.71 112.39 17.83 43.48 45.76
690 12.85 122.71 31.71 77.35 40.65
690 470.54 6.46 25.23 61.54 34.95
690 145.62 154.15 25.23 61.54 26.32
690 4.73 146.03 22.47 54.79 23.81
690 389.31 176.31 25.23 61.54 22.62
690 70.85 127.32 40.00 97.56 18.47
720 203.23 174.88 20.00 48.78 75.45
720 244.02 200.43 35.65 86.96 74.68
720 3.75 192.39 17.83 43.48 71.64
720 278.60 161.44 50.80 123.90 57.94
720 358.53 171.52 17.83 43.48 57.25
720 469.40 186.55 28.28 68.97 48.18
720 204.18 95.62 22.47 54.79 44.32
720 451.88 187.74 31.71 77.35 41.42
720 504.02 178.05 40.00 97.56 36.60
720 191.58 185.43 17.83 43.48 33.93
720 84.21 147.56 20.00 48.78 26.95
720 576.38 240.31 25.23 61.54 22.27
720 488.99 113.42 31.71 77.35 22.03
720 261.10 183.30 45.20 110.24 21.77
720 8.97 129.78 17.83 43.48 19.86
720 80.30 137.80 20.00 48.78 15.68
720 68.29 146.03 22.47 54.79 14.35
720 518.53 131.52 17.83 43.48 13.62
720 433.48 159.27 20.00 48.78 12.83
720 396.69 173.85 25.23 61.54 11.21
750 358.53 176.74 17.83 43.48 72.91
750 36.79 175.00 17.83 43.48 69.54
750 256.38 97.54 25.23 61.54 65.98
750 252.45 181.96 17.83 43.48 62.24
750 492.08 193.94 31.71 77.35 58.97
750 116.29 150.69 28.28 68.97 57.11
750 134.18 154.13 17.83 43.48 53.99
750 399.15 176.31 25.23 61.54 53.37
750 160.61 131.22 40.00 97.56 53.36
750 259.82 178.78 20.00 48.78 43.24
750 44.47 72.47 63.78 155.55 42.63
750 290.85 102.46 25.23 61.54 37.47
750 309.66 174.50 45.20 110.24 32.55
750 426.23 181.23 25.23 61.54 31.61
750 505.26 192.07 28.28 68.97 29.06
750 439.05 136.90 28.28 68.97 28.93
750 496.22 232.68 40.00 97.56 26.67
750 29.84 181.96 17.83 43.48 25.17
750 536.59 181.24 50.80 123.90 23.72
750 5.31 104.92 25.23 61.54 17.70
750 245.49 192.39 17.83 43.48 14.39
750 285.76 210.87 35.65 86.96 11.40
780 7.23 181.96 17.83 43.48 103.62
780 322.90 174.50 45.20 110.24 88.79
780 287.13 182.68 20.00 48.78 82.79
780 29.84 178.48 17.83 43.48 67.27
780 359.33 174.88 20.00 48.78 49.90
780 414.22 181.03 28.28 68.97 47.19
780 58.07 117.25 45.20 110.24 43.52
780 529.18 200.13 31.71 77.35 41.79
780 171.90 91.72 56.55 137.93 41.43
780 276.79 194.13 17.83 43.48 40.67
780 156.79 155.87 17.83 43.48 37.48
780 516.81 237.29 31.71 77.35 37.31
780 17.66 183.70 17.83 43.48 34.79
780 334.40 240.39 31.71 77.35 28.91
780 315.46 102.46 25.23 61.54 28.25
780 571.47 208.62 28.28 68.97 27.93
780 111.21 124.83 56.55 137.93 25.55
780 436.43 159.87 31.71 77.35 24.68
780 557.07 110.00 35.65 86.96 15.06
780 46.86 144.39 31.71 77.35 5.46
810 361.28 174.88 20.00 48.78 79.24
810 349.57 241.22 20.00 48.78 75.49
810 302.81 181.10 22.47 54.79 75.09
810 570.07 209.72 45.20 110.24 68.63
810 162.53 139.45 22.47 54.79 62.50
810 295.92 195.87 17.83 43.48 55.41
810 55.92 180.22 17.83 43.48 54.76
810 4.21 172.93 20.00 48.78 51.95
810 188.10 157.61 17.83 43.48 48.55
810 527.15 154.15 25.23 61.54 43.20
810 420.97 181.55 31.71 77.35 41.48
810 456.23 170.14 22.47 54.79 40.70
810 412.45 192.39 17.83 43.48 36.60
810 212.99 174.88 20.00 48.78 31.46
810 289.24 71.74 35.65 86.96 29.19
810 156.40 149.51 20.00 48.78 26.36
810 322.03 94.84 31.71 77.35 26.09
810 12.69 159.08 25.23 61.54 25.53
810 184.89 89.13 35.65 86.96 23.33
810 111.85 120.43 35.65 86.96 21.99
810 177.88 141.64 22.47 54.79 15.17
810 469.84 187.17 17.83 43.48 14.62
810 261.10 90.83 45.20 110.24 9.41
840 346.76 249.68 31.71 77.35 102.51
840 311.58 178.90 22.47 54.79 66.72
840 363.75 173.26 17.83 43.48 60.58
840 298.42 100.00 22.47 54.79 54.11
840 160.30 145.61 20.00 48.78 53.51
840 307.19 62.74 22.47 54.79 50.07
840 320.30 192.44 20.00 48.78 48.68
840 145.62 144.31 25.23 61.54 42.61
840 175.15 134.46 25.23 61.54 39.25
840 417.87 188.54 20.00 48.78 36.81
840 299.40 192.39 17.83 43.48 35.97
840 477.07 141.30 35.65 86.96 31.58
840 424.89 176.09 35.65 86.96 30.52
840 309.40 87.24 28.28 68.97 27.48
840 133.31 77.85 25.23 61.54 23.04
840 217.33 170.14 22.47 54.79 18.28
840 459.67 179.57 35.65 86.96 15.80
840 523.54 170.24 40.00 97.56 13.67
840 554.45 167.07 20.00 48.78 13.26
870 17.66 176.74 17.83 43.48 91.31
870 322.53 181.10 22.47 54.79 72.69
870 308.10 194.13 17.83 43.48 64.58
870 322.26 100.73 20.00 48.78 57.35
870 427.15 184.65 31.71 77.35 49.72
870 306.65 98.78 20.00 48.78 48.61
870 24.89 137.83 35.65 86.96 48.12
870 305.00 64.93 22.47 54.79 41.96
870 336.31 104.08 100.71 245.62 41.41
870 160.34 148.22 22.47 54.79 39.67
870 252.01 90.98 20.00 48.78 36.74
870 482.01 190.65 17.83 43.48 31.41
870 181.66 126.06 45.20 110.24 31.29
870 170.53 128.90 31.71 77.35 31.01
870 130.85 68.00 25.23 61.54 22.15
870 529.13 153.51 63.78 155.55 19.61
870 487.50 141.30 35.65 86.96 16.69
870 280.89 141.64 22.47 54.79 16.07
870 217.33 170.14 22.47 54.79 12.17
870 443.23 225.61 20.00 48.78 11.26
870 146.64 145.17 28.28 68.97 11.23
900 331.30 76.26 31.71 77.35 82.11
900 7.23 178.48 17.83 43.48 71.30
900 331.30 183.29 22.47 54.79 52.05
900 168.11 149.51 20.00 48.78 47.95
900 423.36 192.05 22.47 54.79 46.65
900 323.75 195.87 17.83 43.48 44.91
900 314.45 67.56 20.00 48.78 42.66
900 278.60 77.32 50.80 123.90 36.98
900 315.05 195.87 17.83 43.48 35.60
900 62.32 128.90 31.71 77.35 34.72
900 177.93 123.91 35.65 86.96 33.99
900 17.93 134.35 35.65 86.96 33.31
900 90.98 120.43 35.65 86.96 32.91
900 496.22 139.02 40.00 97.56 29.20
900 436.29 175.52 28.28 68.97 25.04
900 327.77 58.15 25.23 61.54 23.38
900 485.95 161.72 28.28 68.97 21.64
900 559.15 82.77 25.23 61.54 17.28
900 573.96 89.02 20.00 48.78 15.66
900 110.78 59.66 28.28 68.97 14.06
900 152.16 145.17 28.28 68.97 11.47
900 208.14 126.06 45.20 110.24 11.37
900 335.68 196.44 22.47 54.79 10.52
900 490.23 193.54 25.23 61.54 10.33
900 605.76 141.30 35.65 86.96 10.04
900 596.51 5.75 22.47 54.79 3.06
930 321.09 73.91 71.30 173.91 92.34
930 96.98 142.41 28.28 68.97 85.64
930 565.95 73.45 28.28 68.97 66.98
930 14.46 134.35 35.65 86.96 64.51
930 497.87 198.29 20.00 48.78 42.05
930 294.20 122.71 31.71 77.35 41.28
930 556.79 95.00 17.83 43.48 40.57
930 436.43 172.26 31.71 77.35 37.79
930 614.18 192.39 17.83 43.48 37.56
930 508.10 194.13 17.83 43.48 33.34
930 108.70 138.19 31.71 77.35 31.87
930 223.15 144.78 35.65 86.96 29.51
930 27.46 28.62 25.23 61.54 28.30
930 301.10 84.39 40.00 97.56 27.64
930 478.53 152.39 17.83 43.48 13.91
930 407.50 179.57 35.65 86.96 13.02
960 94.22 145.17 28.28 68.97 77.34
960 442.61 200.13 31.71 77.35 69.48
960 133.28 86.21 56.55 137.93 67.01
960 333.18 116.91 50.80 123.90 62.28
960 198.80 120.43 35.65 86.96 61.29
960 513.22 205.21 22.47 54.79 49.78
960 22.54 164.00 25.23 61.54 36.01
960 113.32 169.78 17.83 43.48 34.09
960 20.08 31.08 25.23 61.54 33.62
960 355.15 72.47 63.78 155.55 25.51
960 313.33 107.01 50.80 123.90 21.77
960 485.49 220.22 17.83 43.48 19.21
960 31.52 145.61 20.00 48.78 19.01
960 191.85 151.74 35.65 86.96 15.61
960 340.58 88.65 31.71 77.35 11.91
960 521.52 143.67 45.20 110.24 10.82
960 438.70 43.01 22.47 54.79 10.65
960 427.74 198.63 22.47 54.79 9.14
960 484.73 150.41 22.47 54.79 8.21
960 125.18 165.12 20.00 48.78 6.74
990 5.95 29.31 28.28 68.97 63.61
990 542.74 213.90 20.00 48.78 62.38
990 551.77 200.92 25.23 61.54 59.83
990 320.27 192.39 17.83 43.48 59.01
990 452.72 203.91 35.65 86.96 48.85
990 502.26 163.56 22.47 54.79 46.84
990 490.06 157.32 20.00 48.78 46.06
990 85.95 150.69 28.28 68.97 45.94
990 101.31 156.62 25.23 61.54 45.64
990 22.88 190.65 17.83 43.48 40.36
990 164.51 142.93 40.00 97.56 27.54
990 190.48 108.44 45.20 110.24 23.79
990 119.05 156.21 28.28 68.97 19.06
990 338.60 96.28 114.81 280.01 13.64
1020 6.16 188.54 20.00 48.78 80.66
1020 612.84 222.41 28.28 68.97 71.18
1020 80.43 153.45 28.28 68.97 69.23
1020 281.59 142.93 40.00 97.56 45.12
1020 180.07 113.15 22.47 54.79 40.15
1020 581.16 150.41 22.47 54.79 34.92
1020 472.09 196.08 50.80 123.90 34.55
1020 554.76 217.07 40.00 97.56 32.43
1020 187.62 157.32 20.00 48.78 26.23
1020 360.27 192.39 17.83 43.48 21.61
1020 393.32 175.00 17.83 43.48 21.50
1020 455.60 208.62 28.28 68.97 14.95
1020 415.59 183.30 45.20 110.24 11.13
1050 358.53 185.43 17.83 43.48 78.51
1050 442.01 237.61 17.83 43.48 75.65
1050 125.49 158.54 40.00 97.56 48.40
1050 405.51 144.39 31.71 77.35 46.46
1050 238.66 139.02 40.00 97.56 41.46
1050 70.48 146.03 22.47 54.79 41.13
1050 571.52 199.13 71.30 173.91 32.37
1050 389.84 181.96 17.83 43.48 30.67
1050 423.77 188.62 25.23 61.54 28.54
1050 149.38 150.41 22.47 54.79 27.89
1050 86.46 119.51 40.00 97.56 24.15
1050 396.79 181.96 17.83 43.48 21.99
1050 207.63 147.48 31.71 77.35 18.83
1050 466.65 67.56 20.00 48.78 12.40
1050 508.84 12.33 22.47 54.79 8.22
1050 265.52 126.06 45.20 110.24 7.90
1050 451.85 218.36 22.47 54.79 7.01
1050 121.59 127.32 40.00 97.56 6.18
1050 450.71 166.30 17.83 43.48 2.04
1080 191.83 135.12 40.00 97.56 68.19
1080 438.54 178.77 25.23 61.54 66.17
1080 404.02 137.83 35.65 86.96 54.18
1080 107.62 153.41 20.00 48.78 46.30
1080 449.39 181.95 40.00 97.56 39.93
1080 584.89 165.65 35.65 86.96 37.04
1080 229.31 164.00 25.23 61.54 20.33
1080 396.40 170.98 20.00 48.78 18.06
1080 468.90 189.76 40.00 97.56 5.91
1080 78.66 154.63 40.00 97.56 5.80
1080 479.71 82.45 31.71 77.35 0.31
1110 442.01 176.74 17.83 43.48 153.23
1110 452.45 175.00 17.83 43.48 99.34
1110 416.78 161.37 22.47 54.79 90.92
1110 495.79 73.95 114.81 280.01 70.88
1110 55.14 152.60 22.47 54.79 42.02
1110 3.75 152.39 17.83 43.48 40.56
1110 13.93 143.67 45.20 110.24 40.03
1110 390.85 127.32 40.00 97.56 38.37
1110 4.73 207.40 22.47 54.79 33.87
1110 149.84 188.91 17.83 43.48 30.47
1110 156.31 122.34 63.78 155.55 30.26
1110 174.46 228.26 35.65 86.96 30.24
1110 276.79 176.74 17.83 43.48 27.14
1110 484.56 163.26 114.81 280.01 22.39
1110 341.14 176.74 17.83 43.48 18.32
1110 381.92 176.31 25.23 61.54 4.75
1140 455.92 173.26 17.83 43.48 202.80
1140 596.51 172.33 22.47 54.79 72.26
1140 146.34 178.90 45.20 110.24 64.48
1140 101.14 187.17 17.83 43.48 50.69
1140 410.37 123.41 40.00 97.56 49.49
1140 550.82 265.16 31.71 77.35 48.83
1140 130.09 211.38 28.28 68.97 48.46
1140 54.54 139.38 25.23 61.54 48.17
1140 135.92 128.04 17.83 43.48 44.27
1140 72.16 136.90 28.28 68.97 37.80
1140 101.31 122.15 25.23 61.54 37.78
1140 22.76 117.25 45.20 110.24 35.24
1140 598.54 193.54 25.23 61.54 28.75
1140 386.10 172.33 22.47 54.79 28.02
1140 553.91 243.48 31.71 77.35 24.47
1140 572.40 126.30 22.47 54.79 19.00
1140 247.23 128.04 17.83 43.48 8.54
1140 9.52 99.63 45.20 110.24 2.22
1170 473.77 167.95 22.47 54.79 209.51
1170 76.79 185.43 17.83 43.48 74.83
1170 334.18 171.52 17.83 43.48 71.37
1170 137.52 174.50 45.20 110.24 66.11
1170 6.67 150.58 31.71 77.35 54.77
1170 407.60 107.01 50.80 123.90 51.29
1170 105.60 212.52 31.71 77.35 47.21
1170 78.35 130.00 20.00 48.78 42.68
1170 480.38 156.62 25.23 61.54 40.42
1170 123.08 115.34 22.47 54.79 34.48
1170 20.12 131.22 40.00 97.56 20.29
1170 5.31 107.38 25.23 61.54 20.19
1170 164.00 104.04 45.20 110.24 19.26
1170 69.84 135.00 17.83 43.48 14.40
1170 552.59 14.48 56.55 137.93 10.66
1170 327.23 169.78 17.83 43.48 2.12
1170 3.75 268.91 17.83 43.48 1.57
1200 521.81 158.97 28.28 68.97 256.20
1200 108.70 212.52 31.71 77.35 72.08
1200 146.34 170.09 45.20 110.24 68.40
1200 72.50 182.68 20.00 48.78 68.12
1200 435.92 78.70 63.78 155.55 52.78
1200 7.77 104.92 25.23 61.54 50.86
1200 342.54 161.54 25.23 61.54 35.75
1200 37.58 125.81 31.71 77.35 35.14
1200 76.40 122.20 20.00 48.78 29.75
1200 125.49 119.35 17.83 43.48 27.01
1200 4.21 174.88 20.00 48.78 22.06
1200 403.19 128.62 28.28 68.97 20.81
1200 103.72 249.02 20.00 48.78 18.93
1200 12.32 123.41 40.00 97.56 18.07
1200 140.79 94.88 20.00 48.78 16.12
1200 250.37 115.61 40.00 97.56 2.46
1230 584.89 130.87 35.65 86.96 265.97
1230 466.36 131.52 17.83 43.48 131.58
1230 475.31 36.39 80.85 197.19 64.77
1230 144.65 136.70 50.80 123.90 62.33
1230 101.41 183.04 35.65 86.96 58.69
1230 64.70 155.37 20.00 48.78 58.34
1230 63.15 61.30 35.65 86.96 41.67
1230 6.67 101.03 31.71 77.35 30.96
1230 334.22 120.34 28.28 68.97 30.56
1230 3.75 248.04 17.83 43.48 25.09
1230 445.49 131.52 17.83 43.48 20.32
1230 198.36 88.65 31.71 77.35 9.33
1260 478.15 132.88 22.47 54.79 178.63
1260 516.79 138.48 17.83 43.48 153.71
1260 509.84 136.74 17.83 43.48 97.94
1260 102.07 181.95 40.00 97.56 79.25
1260 54.18 164.57 17.83 43.48 68.66
1260 149.83 135.86 56.55 137.93 62.51
1260 546.65 135.85 20.00 48.78 61.23
1260 40.27 166.30 17.83 43.48 59.88
1260 14.46 85.65 35.65 86.96 58.41
1260 57.66 75.87 17.83 43.48 35.33
1260 116.79 82.83 17.83 43.48 34.37
1260 422.88 135.00 17.83 43.48 19.66
1260 58.84 153.41 20.00 48.78 17.33
1260 91.46 235.38 25.23 61.54 14.17
1260 432.12 137.26 22.47 54.79 12.39
1260 198.36 88.65 31.71 77.35 9.66
1260 452.99 139.76 20.00 48.78 3.41
1290 532.08 139.38 25.23 61.54 225.58
1290 507.54 138.19 31.71 77.35 172.83
1290 544.38 141.85 25.23 61.54 149.68
1290 492.69 154.15 25.23 61.54 132.71
1290 58.84 184.63 20.00 48.78 89.48
1290 121.28 89.02 20.00 48.78 80.92
1290 554.23 141.85 25.23 61.54 63.81
1290 105.98 201.46 40.00 97.56 61.00
1290 613.31 154.15 25.23 61.54 55.72
1290 52.84 65.17 28.28 68.97 54.87
1290 130.34 63.87 31.71 77.35 50.59
1290 43.77 141.29 31.71 77.35 49.18
1290 66.65 182.68 20.00 48.78 49.14
1290 435.33 130.87 35.65 86.96 48.38
1290 455.77 149.23 25.23 61.54 37.36
1290 470.54 141.85 25.23 61.54 36.50
1290 156.40 229.51 20.00 48.78 31.19
1290 65.41 54.58 31.71 77.35 24.80
1290 342.50 131.38 28.28 68.97 24.40
1290 388.29 135.07 22.47 54.79 22.87
1290 411.17 15.96 45.20 110.24 22.37
1290 38.53 49.78 17.83 43.48 17.84
1290 521.81 158.97 28.28 68.97 14.30
1290 468.10 4.57 17.83 43.48 9.48
1290 41.28 184.63 20.00 48.78 1.78
1320 560.54 134.35 35.65 86.96 159.71
1320 584.89 148.26 35.65 86.96 125.32
1320 600.29 135.10 31.71 77.35 110.26
1320 52.45 185.43 17.83 43.48 79.18
1320 510.78 153.45 28.28 68.97 76.76
1320 489.11 148.22 22.47 54.79 75.84
1320 39.33 186.59 20.00 48.78 71.80
1320 55.24 41.46 40.00 97.56 54.54
1320 133.28 152.41 56.55 137.93 54.08
1320 98.17 213.17 40.00 97.56 48.77
1320 109.93 84.66 22.47 54.79 39.62
1320 59.52 181.10 22.47 54.79 32.17
1320 39.63 60.98 40.00 97.56 31.98
1320 121.81 73.45 28.28 68.97 28.25
1320 544.70 67.56 20.00 48.78 26.97
1320 531.63 107.01 50.80 123.90 16.35
1320 31.52 186.59 20.00 48.78 15.18
1350 6.16 200.24 20.00 48.78 107.16
1350 17.87 196.34 20.00 48.78 82.61
1350 560.30 155.37 20.00 48.78 77.69
1350 12.85 73.16 31.71 77.35 60.03
1350 26.64 194.25 22.47 54.79 54.53
1350 66.95 220.98 40.00 97.56 52.27
1350 112.82 159.74 63.78 155.55 49.43
1350 80.30 100.73 20.00 48.78 49.27
1350 611.04 57.80 20.00 48.78 47.00
1350 420.00 28.52 80.85 197.19 37.78
1350 598.80 165.65 35.65 86.96 28.28
1350 87.96 165.97 63.78 155.55 24.09
1350 91.47 84.48 28.28 68.97 19.75
1350 485.31 114.77 25.23 61.54 19.25
1350 129.66 132.88 22.47 54.79 8.01
1350 14.46 36.96 35.65 86.96 1.35
1380 483.75 176.74 17.83 43.48 132.09
1380 591.01 153.68 31.71 77.35 60.32
1380 75.53 165.97 63.78 155.55 49.74
1380 20.62 210.93 50.80 123.90 47.49
1380 531.04 182.68 20.00 48.78 41.39
1380 37.60 100.00 22.47 54.79 35.89
1380 513.48 176.83 20.00 48.78 34.72
1380 66.10 130.68 22.47 54.79 30.62
1380 138.23 72.92 25.23 61.54 30.15
1380 5.31 279.69 25.23 61.54 19.02
1380 244.02 127.39 35.65 86.96 18.01
1380 445.49 10.24 40.00 97.56 11.00
1380 501.14 178.48 17.83 43.48 9.72
1410 527.44 142.93 40.00 97.56 68.80
1410 50.52 163.45 56.55 137.93 41.40
1410 470.55 131.95 20.00 48.78 21.61
1410 601.00 186.15 25.23 61.54 19.11
1410 592.12 192.05 22.47 54.79 16.40
1410 436.51 187.67 22.47 54.79 15.29
1410 182.26 159.18 22.47 54.79 13.93
1410 13.49 102.19 22.47 54.79 12.78
1410 119.84 107.01 50.80 123.90 10.70
1410 130.85 60.62 25.23 61.54 0.28
1440 44.47 165.97 63.78 155.55 69.11
1440 598.53 176.74 17.83 43.48 44.76
1440 470.11 190.00 35.65 86.96 40.05
1440 217.66 164.57 17.83 43.48 39.69
1440 440.89 146.03 22.47 54.79 26.79
1440 606.47 175.35 31.71 77.35 21.97
1440 522.28 92.61 35.65 86.96 18.34
1440 7.23 117.61 17.83 43.48 13.05
1440 156.79 181.96 17.83 43.48 12.11
1440 209.09 163.17 20.00 48.78 9.15
1470 44.47 165.97 63.78 155.55 86.35
1470 439.52 141.29 31.71 77.35 64.28
1470 581.14 37.61 17.83 43.48 43.46
1470 53.97 22.91 89.69 218.76 36.04
1470 367.57 84.94 63.78 155.55 30.61
1470 196.79 161.09 17.83 43.48 24.49
1470 185.67 159.27 20.00 48.78 20.95
1470 607.47 216.16 22.47 54.79 15.05
1470 205.49 159.35 17.83 43.48 15.04
1470 581.14 13.26 17.83 43.48 10.57
1470 530.09 114.83 28.28 68.97 9.07
1470 19.82 63.66 20.00 48.78 3.72
1500 13.93 15.96 45.20 110.24 68.45
1500 38.25 165.97 63.78 155.55 60.06
1500 449.24 130.87 35.65 86.96 48.04
1500 172.01 157.32 20.00 48.78 33.31
1500 6.16 55.85 20.00 48.78 30.06
1500 43.54 25.85 40.00 97.56 22.41
1500 541.71 231.51 22.47 54.79 20.20
1500 372.95 174.52 22.47 54.79 12.99
1500 146.64 142.41 28.28 68.97 9.91
1500 490.71 178.48 17.83 43.48 9.22
1500 431.85 137.83 35.65 86.96 8.00
1500 564.02 235.22 35.65 86.96 7.68
1530 38.25 165.97 63.78 155.55 89.33
1530 593.62 164.00 25.23 61.54 88.09
1530 610.85 164.00 25.23 61.54 76.68
1530 542.74 48.05 20.00 48.78 39.19
1530 149.38 150.41 22.47 54.79 38.15
1530 443.75 8.04 17.83 43.48 33.79
1530 459.72 117.25 45.20 110.24 25.22
1530 524.18 176.71 22.47 54.79 23.67
1530 589.84 192.39 17.83 43.48 21.92
1530 613.31 191.08 25.23 61.54 4.63
1560 521.81 156.21 28.28 68.97 85.81
1560 492.01 161.22 20.00 48.78 63.64
1560 597.38 200.24 20.00 48.78 57.85
1560 15.66 166.39 50.80 123.90 45.35
1560 141.14 171.52 17.83 43.48 41.41
1560 352.38 171.38 25.23 61.54 38.65
1560 148.10 169.78 17.83 43.48 27.65
1560 24.89 64.78 35.65 86.96 25.85
1560 225.79 99.63 45.20 110.24 18.99
1560 515.05 185.43 17.83 43.48 16.79
1590 602.28 144.78 35.65 86.96 218.79
1590 142.88 168.04 17.83 43.48 69.05
1590 424.06 166.06 31.71 77.35 49.20
1590 426.23 141.85 25.23 61.54 44.17
1590 593.62 186.15 25.23 61.54 43.56
1590 403.75 91.52 17.83 43.48 27.15
1590 96.98 147.93 28.28 68.97 23.27
1590 516.81 187.74 31.71 77.35 21.73
1590 386.85 132.00 25.23 61.54 18.43
1590 478.35 126.10 20.00 48.78 12.16
1590 331.90 102.76 56.55 137.93 6.39
1620 440.27 175.00 17.83 43.48 80.06
1620 578.65 8.13 31.71 77.35 70.73
1620 396.79 168.04 17.83 43.48 54.39
1620 453.26 171.30 71.30 173.91 30.89
1620 495.91 67.56 20.00 48.78 30.68
1620 564.21 12.93 20.00 48.78 24.88
1620 81.62 164.00 25.23 61.54 24.00
1620 206.37 161.37 22.47 54.79 14.67
1620 473.53 51.48 31.71 77.35 13.02
1620 447.23 169.78 17.83 43.48 8.86
1620 460.79 153.41 20.00 48.78 7.30
1620 69.84 180.22 17.83 43.48 3.09
1650 563.63 165.75 22.47 54.79 106.39
1650 517.60 174.52 22.47 54.79 87.39
1650 409.00 149.23 25.23 61.54 53.00
1650 471.58 178.48 17.83 43.48 49.73
1650 489.11 172.33 22.47 54.79 40.57
1650 502.54 168.92 25.23 61.54 39.87
1650 571.46 156.62 25.23 61.54 38.95
1650 129.39 135.12 40.00 97.56 38.58
1650 175.68 170.14 22.47 54.79 30.67
1650 359.79 176.71 22.47 54.79 28.79
1650 422.88 9.78 17.83 43.48 27.03
1650 117.97 156.77 31.71 77.35 16.37
1650 10.23 144.31 25.23 61.54 15.52
1680 509.92 166.46 25.23 61.54 103.04
1680 574.46 165.65 35.65 86.96 75.89
1680 420.97 141.29 31.71 77.35 73.33
1680 388.10 162.83 17.83 43.48 51.36
1680 4.73 67.12 22.47 54.79 48.66
1680 388.10 49.78 17.83 43.48 46.87
1680 532.99 186.59 20.00 48.78 36.75
1680 64.38 183.69 25.23 61.54 34.82
1680 589.88 162.44 40.00 97.56 33.80
1680 28.02 161.72 28.28 68.97 30.71
1680 563.19 169.16 31.71 77.35 30.66
1680 519.48 31.03 56.55 137.93 21.76
1680 587.62 16.83 20.00 48.78 20.03
1680 261.41 130.87 35.65 86.96 13.15
1680 515.73 119.51 40.00 97.56 8.86
1710 552.16 164.48 28.28 68.97 166.13
1710 582.50 170.00 28.28 68.97 93.39
1710 447.23 175.00 17.83 43.48 90.22
1710 593.78 166.34 40.00 97.56 78.38
1710 541.92 168.92 25.23 61.54 66.19
1710 509.84 65.43 17.83 43.48 52.70
1710 65.41 184.65 31.71 77.35 39.94
1710 381.14 175.00 17.83 43.48 38.39
1710 220.00 135.10 31.71 77.35 28.63
1710 28.10 140.22 17.83 43.48 27.84
1710 389.84 161.09 17.83 43.48 24.65
1710 455.60 150.69 28.28 68.97 21.12
1710 424.62 169.78 17.83 43.48 20.14
1710 8.71 120.34 28.28 68.97 18.85
1710 324.08 97.40 63.78 155.55 12.57
1710 212.84 125.86 28.28 68.97 5.79
1740 470.55 172.93 20.00 48.78 71.98
1740 426.36 171.52 17.83 43.48 71.89
1740 606.47 166.06 31.71 77.35 60.87
1740 392.67 152.60 22.47 54.79 33.13
1740 522.01 168.04 17.83 43.48 24.55
1740 277.23 35.51 100.71 245.62 24.05
1740 435.05 169.78 17.83 43.48 20.68
1740 219.67 120.43 35.65 86.96 17.81
1740 548.60 36.34 20.00 48.78 15.72
1740 376.89 167.07 20.00 48.78 11.69
1740 451.88 128.90 31.71 77.35 9.46
1740 386.36 171.52 17.83 43.48 6.90
1770 398.53 164.57 17.83 43.48 78.71
1770 14.22 186.55 28.28 68.97 56.15
1770 402.01 173.26 17.83 43.48 55.54
1770 449.66 165.75 22.47 54.79 54.70
1770 527.15 173.85 25.23 61.54 51.99
1770 495.17 113.42 31.71 77.35 49.12
1770 468.10 166.30 17.83 43.48 45.24
1770 359.13 169.16 31.71 77.35 22.99
1770 410.06 169.02 20.00 48.78 21.98
1770 461.14 166.30 17.83 43.48 17.64
1770 221.92 151.69 25.23 61.54 9.03
1800 511.58 168.04 17.83 43.48 96.70
1800 423.72 167.07 20.00 48.78 96.53
1800 407.23 173.26 17.83 43.48 83.71
1800 80.14 99.63 45.20 110.24 57.51
1800 443.75 169.78 17.83 43.48 56.78
1800 518.53 171.52 17.83 43.48 55.37
1800 468.60 176.83 20.00 48.78 34.88
1800 553.32 148.91 17.83 43.48 33.38
1800 216.89 155.37 20.00 48.78 22.73
1800 227.07 69.66 56.55 137.93 20.42
1800 66.10 172.33 22.47 54.79 20.21
1800 415.91 167.07 20.00 48.78 18.77
1800 287.23 175.00 17.83 43.48 15.10
1830 452.99 165.12 20.00 48.78 169.19
1830 429.57 170.98 20.00 48.78 129.86
1830 61.55 86.21 56.55 137.93 83.40
1830 468.60 167.07 20.00 48.78 56.97
1830 529.18 138.19 31.71 77.35 27.99
1830 436.79 166.30 17.83 43.48 23.74
1830 32.38 166.46 25.23 61.54 22.30
1830 605.76 82.17 35.65 86.96 18.35
1830 195.41 150.41 22.47 54.79 14.75
1830 33.22 130.68 22.47 54.79 1.47
