30 574.46 224.78 35.65 86.96 27.95
30 15.00 60.00 71.30 173.91 23.76
30 412.40 187.67 22.47 54.79 22.62
30 498.06 203.38 63.78 155.55 16.54
30 436.51 5.75 22.47 54.79 16.05
30 532.72 179.57 35.65 86.96 15.07
30 74.76 80.49 40.00 97.56 13.66
30 504.27 72.47 63.78 155.55 12.78
30 162.85 154.15 25.23 61.54 10.30
30 326.16 122.20 20.00 48.78 8.72
30 408.01 69.32 22.47 54.79 8.56
30 442.28 12.61 35.65 86.96 6.56
30 421.31 186.15 25.23 61.54 5.43
60 541.12 7.24 28.28 68.97 68.17
60 596.29 170.00 28.28 68.97 60.44
60 197.38 180.73 20.00 48.78 56.27
60 499.74 7.24 28.28 68.97 41.22
60 410.98 172.61 35.65 86.96 38.30
60 4.73 211.78 22.47 54.79 37.60
60 557.05 5.75 22.47 54.79 37.52
60 455.60 76.21 28.28 68.97 31.34
60 547.77 165.97 63.78 155.55 30.90
60 498.26 147.48 31.71 77.35 28.21
60 45.00 58.62 56.55 137.93 27.37
60 511.85 12.61 35.65 86.96 26.79
60 8.11 194.39 20.00 48.78 23.85
60 471.58 229.32 22.47 54.79 23.35
60 482.80 150.58 31.71 77.35 16.15
60 365.76 9.13 35.65 86.96 11.60
60 493.49 27.67 22.47 54.79 5.13
90 496.22 37.56 40.00 97.56 58.24
90 453.29 10.24 40.00 97.56 41.81
90 441.28 63.66 20.00 48.78 27.70
90 6.92 84.66 22.47 54.79 27.56
90 144.62 171.52 17.83 43.48 22.57
90 20.08 75.38 25.23 61.54 20.79
90 191.58 171.52 17.83 43.48 13.66
90 452.84 197.59 28.28 68.97 13.11
90 480.54 43.91 35.65 86.96 12.83
120 469.38 34.25 22.47 54.79 78.31
120 150.54 122.15 25.23 61.54 77.52
120 521.99 7.95 22.47 54.79 68.43
120 581.74 8.13 31.71 77.35 51.72
120 229.84 117.61 17.83 43.48 42.70
120 5.49 169.78 17.83 43.48 34.58
120 456.23 40.82 22.47 54.79 25.76
120 441.81 192.07 28.28 68.97 25.23
120 591.85 16.09 35.65 86.96 19.53
120 449.66 34.25 22.47 54.79 19.13
120 547.73 20.52 31.71 77.35 9.45
150 181.41 123.91 35.65 86.96 63.27
150 501.77 9.02 20.00 48.78 52.33
150 511.03 18.90 22.47 54.79 45.74
150 165.49 140.22 17.83 43.48 44.57
150 76.69 183.69 25.23 61.54 34.20
150 92.40 170.14 22.47 54.79 23.82
150 403.19 131.38 28.28 68.97 15.85
150 222.88 114.13 17.83 43.48 14.86
150 472.16 153.45 28.28 68.97 13.46
150 83.63 170.14 22.47 54.79 10.17
150 505.00 132.00 25.23 61.54 9.36
180 469.84 166.30 17.83 43.48 67.27
180 419.74 134.14 28.28 68.97 47.17
180 84.55 117.25 45.20 110.24 45.67
180 535.24 139.02 40.00 97.56 40.66
180 127.23 171.52 17.83 43.48 29.34
180 412.01 155.37 20.00 48.78 25.28
180 170.53 119.61 31.71 77.35 10.79
210 509.84 169.78 17.83 43.48 176.42
210 583.72 161.22 20.00 48.78 110.35
210 552.50 157.32 20.00 48.78 96.79
210 605.49 166.30 17.83 43.48 93.84
210 482.26 147.56 20.00 48.78 51.94
210 449.66 150.41 22.47 54.79 42.90
210 15.00 171.30 71.30 173.91 36.98
210 506.36 74.13 17.83 43.48 36.89
210 66.90 95.23 45.20 110.24 31.55
210 515.05 164.57 17.83 43.48 25.51
210 521.28 151.46 20.00 48.78 15.68
210 577.87 169.02 20.00 48.78 14.02
210 94.27 103.90 40.00 97.56 12.29
210 462.74 9.02 20.00 48.78 4.94
240 569.00 164.00 25.23 61.54 222.77
240 523.23 61.71 20.00 48.78 73.23
240 492.01 161.22 20.00 48.78 64.07
240 515.05 162.83 17.83 43.48 54.47
240 559.15 161.54 25.23 61.54 51.68
240 548.29 49.59 22.47 54.79 40.89
240 114.32 183.29 22.47 54.79 37.75
240 15.66 240.62 50.80 123.90 37.03
240 578.17 127.32 40.00 97.56 23.81
240 5.49 82.83 17.83 43.48 19.99
240 182.90 110.32 31.71 77.35 19.97
240 28.45 202.07 56.55 137.93 19.70
240 118.70 246.85 22.47 54.79 17.73
240 142.88 103.70 17.83 43.48 17.25
240 416.38 136.92 25.23 61.54 16.04
240 318.53 25.43 17.83 43.48 12.18
270 541.12 153.45 28.28 68.97 98.46
270 614.18 148.91 17.83 43.48 56.10
270 80.27 92.73 89.69 218.76 52.05
270 59.40 95.00 17.83 43.48 45.10
270 441.28 167.07 20.00 48.78 37.18
270 273.15 22.91 89.69 218.76 36.44
270 430.78 131.38 28.28 68.97 34.34
270 223.15 103.04 35.65 86.96 24.04
270 164.73 198.63 22.47 54.79 21.72
270 43.23 90.98 20.00 48.78 21.00
270 534.18 178.48 17.83 43.48 19.87
270 392.16 10.00 28.28 68.97 19.59
270 400.27 115.87 17.83 43.48 14.02
270 162.53 108.77 22.47 54.79 10.56
270 469.84 18.48 17.83 43.48 2.26
300 90.21 91.23 22.47 54.79 88.98
300 610.85 156.62 25.23 61.54 81.17
300 5.49 173.26 17.83 43.48 80.70
300 98.97 89.04 22.47 54.79 56.57
300 199.63 92.20 40.00 97.56 56.15
300 470.11 9.13 35.65 86.96 55.64
300 449.39 123.41 40.00 97.56 37.49
300 124.28 165.69 45.20 110.24 37.49
300 83.75 101.96 17.83 43.48 34.73
300 532.99 172.93 20.00 48.78 31.03
300 449.24 16.09 35.65 86.96 28.62
300 328.71 134.14 28.28 68.97 21.83
300 416.38 6.46 25.23 61.54 21.48
300 9.52 68.81 45.20 110.24 16.61
300 159.59 178.90 45.20 110.24 15.48
300 603.46 176.31 25.23 61.54 13.16
300 116.79 171.52 17.83 43.48 10.16
300 219.67 106.52 35.65 86.96 5.43
330 125.18 100.73 20.00 48.78 78.08
330 159.26 75.74 80.85 197.19 54.01
330 105.55 91.23 22.47 54.79 43.63
330 447.33 109.31 28.28 68.97 37.99
330 438.70 121.92 22.47 54.79 14.55
330 228.60 141.71 20.00 48.78 11.74
330 133.31 90.15 25.23 61.54 8.00
330 27.46 16.31 25.23 61.54 4.80
330 442.01 81.09 17.83 43.48 0.57
360 4.21 170.98 20.00 48.78 58.71
360 458.36 81.72 28.28 68.97 58.04
360 123.08 67.12 22.47 54.79 44.00
360 182.96 83.61 80.85 197.19 14.91
360 129.66 60.55 22.47 54.79 7.94
390 223.15 165.65 35.65 86.96 50.49
390 511.83 80.49 40.00 97.56 38.64
390 132.45 173.26 17.83 43.48 30.91
390 125.49 55.00 17.83 43.48 21.89
390 119.33 73.41 20.00 48.78 19.57
390 17.88 89.04 22.47 54.79 19.31
390 103.77 146.77 25.23 61.54 17.89
390 215.14 150.41 22.47 54.79 14.85
390 3.75 430.65 17.83 43.48 13.56
390 88.71 45.86 28.28 68.97 12.66
390 353.02 87.22 50.80 123.90 12.30
390 56.89 67.56 20.00 48.78 9.48
390 550.48 137.26 22.47 54.79 7.98
390 489.11 86.85 22.47 54.79 1.02
420 76.69 36.00 25.23 61.54 51.81
420 504.62 42.83 17.83 43.48 47.39
420 236.69 171.38 25.23 61.54 31.56
420 102.51 135.10 31.71 77.35 31.20
420 416.98 65.17 28.28 68.97 27.29
420 499.40 124.57 17.83 43.48 20.37
420 511.58 37.61 17.83 43.48 19.54
420 570.37 18.05 40.00 97.56 11.89
420 239.25 200.82 22.47 54.79 11.13
420 340.08 117.23 25.23 61.54 3.10
450 5.95 12.76 28.28 68.97 63.69
450 346.54 44.62 126.15 307.69 36.76
450 56.89 72.47 63.78 155.55 35.18
450 230.85 139.02 40.00 97.56 34.06
450 6.92 187.67 22.47 54.79 26.71
450 591.85 64.78 35.65 86.96 21.66
450 463.15 78.70 35.65 86.96 15.12
450 301.48 52.13 80.85 197.19 14.89
450 166.92 34.25 22.47 54.79 5.61
480 461.12 29.31 28.28 68.97 75.30
480 503.72 5.12 20.00 48.78 65.33
480 553.98 91.17 63.78 155.55 54.54
480 469.40 7.24 28.28 68.97 53.72
480 482.85 6.46 25.23 61.54 36.84
480 428.02 15.52 28.28 68.97 35.47
480 230.85 139.02 40.00 97.56 35.28
480 153.77 27.67 22.47 54.79 34.06
480 13.40 78.70 63.78 155.55 31.99
480 334.23 44.62 126.15 307.69 27.45
480 396.69 6.46 25.23 61.54 21.36
480 287.59 126.06 45.20 110.24 21.00
480 408.60 11.23 31.71 77.35 18.70
480 484.73 38.63 22.47 54.79 14.18
480 548.29 49.59 22.47 54.79 8.93
480 317.07 120.43 35.65 86.96 8.52
480 273.78 119.51 40.00 97.56 1.12
510 110.78 150.69 28.28 68.97 46.37
510 410.37 88.29 40.00 97.56 35.17
510 464.62 234.13 17.83 43.48 34.96
510 120.27 42.83 17.83 43.48 26.34
510 492.08 101.03 31.71 77.35 26.26
510 142.74 163.17 20.00 48.78 25.73
510 429.93 185.48 22.47 54.79 19.38
510 543.90 5.75 22.47 54.79 18.54
510 442.28 158.70 35.65 86.96 14.91
510 503.86 11.56 45.20 110.24 14.47
510 147.19 18.90 22.47 54.79 12.91
510 386.85 139.38 25.23 61.54 10.46
540 130.85 8.92 25.23 61.54 58.16
540 248.71 158.97 28.28 68.97 44.54
540 95.91 170.98 20.00 48.78 43.81
540 529.13 84.94 63.78 155.55 30.62
540 546.63 217.83 35.65 86.96 25.91
540 108.10 32.39 17.83 43.48 24.36
540 68.60 176.83 20.00 48.78 21.26
540 355.87 39.13 71.30 173.91 17.08
540 335.15 63.08 25.23 61.54 12.13
540 432.39 32.17 71.30 173.91 8.59
540 311.58 148.22 22.47 54.79 2.29
570 78.53 168.04 17.83 43.48 60.25
570 396.69 141.85 25.23 61.54 54.02
570 92.01 22.68 20.00 48.78 49.71
570 97.87 159.27 20.00 48.78 29.26
570 250.21 167.95 22.47 54.79 27.98
570 55.92 187.17 17.83 43.48 17.80
570 581.24 131.75 50.80 123.90 16.51
570 261.77 174.88 20.00 48.78 16.18
570 414.22 139.66 28.28 68.97 15.31
570 445.92 134.46 25.23 61.54 3.57
600 41.99 172.33 22.47 54.79 56.02
600 429.93 161.37 22.47 54.79 50.81
600 263.72 172.93 20.00 48.78 46.50
600 408.71 139.66 28.28 68.97 44.69
600 33.22 170.14 22.47 54.79 43.66
600 536.20 9.13 35.65 86.96 41.22
600 3.75 188.91 17.83 43.48 37.35
600 402.01 164.57 17.83 43.48 35.61
600 445.27 161.37 22.47 54.79 32.09
600 105.98 127.32 40.00 97.56 30.84
600 130.34 141.29 31.71 77.35 26.03
600 568.97 13.26 17.83 43.48 25.70
600 78.35 12.93 20.00 48.78 23.71
600 376.89 176.83 20.00 48.78 17.78
600 579.74 139.66 28.28 68.97 16.29
600 438.70 152.60 22.47 54.79 9.46
630 456.23 161.37 22.47 54.79 64.52
630 488.11 165.12 20.00 48.78 61.14
630 108.02 139.66 28.28 68.97 39.22
630 273.62 161.54 25.23 61.54 27.54
630 303.15 127.39 35.65 86.96 17.14
630 4.73 165.75 22.47 54.79 16.87
630 280.89 110.96 22.47 54.79 11.03
630 221.38 134.86 45.20 110.24 10.79
630 207.33 156.21 28.28 68.97 10.52
660 548.29 167.95 22.47 54.79 72.64
660 460.62 154.79 22.47 54.79 52.17
660 293.29 123.41 40.00 97.56 49.20
660 220.00 147.48 31.71 77.35 43.00
660 272.12 167.95 22.47 54.79 38.52
660 199.33 155.37 20.00 48.78 35.66
660 500.07 170.14 22.47 54.79 34.84
660 487.23 162.83 17.83 43.48 28.35
660 595.43 159.27 20.00 48.78 28.23
660 537.33 181.10 22.47 54.79 24.06
660 152.50 155.37 20.00 48.78 23.06
660 25.58 107.01 50.80 123.90 15.19
660 449.39 49.27 40.00 97.56 12.06
690 474.45 170.98 20.00 48.78 72.03
690 265.55 172.33 22.47 54.79 70.45
690 197.60 150.41 22.47 54.79 70.05
690 12.32 111.71 40.00 97.56 56.44
690 515.43 178.78 20.00 48.78 55.40
690 487.23 175.00 17.83 43.48 49.81
690 187.46 139.38 25.23 61.54 34.84
690 283.17 117.25 45.20 110.24 29.45
690 382.74 178.78 20.00 48.78 27.98
690 366.37 141.64 22.47 54.79 24.68
690 97.87 163.17 20.00 48.78 20.92
690 207.15 141.85 25.23 61.54 18.16
690 551.47 12.99 50.80 123.90 15.53
690 581.24 151.55 50.80 123.90 15.33
690 199.05 95.52 28.28 68.97 13.18
690 318.15 159.18 22.47 54.79 11.63
720 590.78 156.21 28.28 68.97 130.93
720 189.92 144.31 25.23 61.54 107.68
720 530.09 167.24 28.28 68.97 80.41
720 548.10 176.74 17.83 43.48 77.65
720 262.50 158.97 28.28 68.97 62.91
720 557.67 167.24 28.28 68.97 49.02
720 515.41 165.75 22.47 54.79 44.40
720 368.56 139.45 22.47 54.79 40.19
720 10.70 87.22 50.80 123.90 29.93
720 442.28 158.70 35.65 86.96 29.07
720 511.58 152.39 17.83 43.48 23.37
720 519.77 186.15 25.23 61.54 19.85
720 199.77 144.31 25.23 61.54 16.45
720 176.98 139.66 28.28 68.97 15.04
720 603.46 164.00 25.23 61.54 14.30
720 43.54 127.32 40.00 97.56 7.26
750 519.33 26.59 20.00 48.78 63.71
750 531.63 151.55 50.80 123.90 60.86
750 566.16 32.44 20.00 48.78 58.44
750 173.49 154.79 22.47 54.79 45.07
750 261.31 166.46 25.23 61.54 43.71
750 37.60 141.64 22.47 54.79 43.62
750 422.50 65.17 28.28 68.97 36.80
750 438.54 26.15 25.23 61.54 27.39
750 403.63 163.56 22.47 54.79 22.61
750 488.41 10.24 40.00 97.56 21.49
750 585.55 152.60 22.47 54.79 16.01
750 5.95 156.21 28.28 68.97 13.30
750 189.08 132.00 31.71 77.35 10.93
750 61.14 176.74 17.83 43.48 8.80
750 448.79 26.71 31.71 77.35 4.06
780 145.00 152.60 22.47 54.79 59.11
780 4.21 106.59 20.00 48.78 57.57
780 251.46 168.92 25.23 61.54 54.18
780 488.99 17.42 31.71 77.35 48.70
780 470.54 18.77 25.23 61.54 37.19
780 94.22 145.17 28.28 68.97 35.43
780 244.08 178.77 25.23 61.54 11.57
780 410.98 151.74 35.65 86.96 11.57
780 411.17 15.96 45.20 110.24 8.97
780 501.86 141.65 50.80 123.90 3.82
810 56.03 91.72 56.55 137.93 45.00
810 557.67 70.69 28.28 68.97 37.72
810 461.12 56.90 28.28 68.97 31.17
810 445.92 33.54 25.23 61.54 29.73
810 7.77 151.69 25.23 61.54 23.14
810 243.63 176.71 22.47 54.79 23.03
810 465.62 26.15 25.23 61.54 20.56
810 418.85 173.85 25.23 61.54 16.52
810 41.99 159.18 22.47 54.79 15.79
810 320.30 145.61 20.00 48.78 15.76
810 603.23 188.54 20.00 48.78 13.55
810 396.79 183.70 17.83 43.48 10.64
810 229.40 167.24 28.28 68.97 10.39
840 532.27 197.03 31.71 77.35 56.00
840 84.08 154.15 25.23 61.54 54.15
840 574.27 228.78 40.00 97.56 53.15
840 497.62 124.62 25.23 61.54 52.76
840 436.43 178.45 31.71 77.35 50.22
840 518.53 4.57 17.83 43.48 25.27
840 396.79 157.61 17.83 43.48 24.54
840 318.48 108.44 45.20 110.24 20.40
840 484.02 169.13 35.65 86.96 20.30
840 219.67 158.70 35.65 86.96 12.98
840 463.15 18.77 25.23 61.54 5.35
840 5.95 73.45 28.28 68.97 4.15
870 221.12 172.76 28.28 68.97 91.41
870 401.62 139.38 25.23 61.54 55.52
870 179.40 119.35 17.83 43.48 49.34
870 421.14 155.87 17.83 43.48 39.90
870 379.46 139.38 25.23 61.54 37.29
870 204.18 178.90 22.47 54.79 27.31
870 553.70 145.09 89.69 218.76 26.44
870 186.36 121.09 17.83 43.48 25.68
870 34.49 135.10 31.71 77.35 22.62
870 295.77 141.85 25.23 61.54 20.27
870 95.91 106.59 20.00 48.78 19.39
870 26.36 171.52 17.83 43.48 17.06
870 303.88 153.45 28.28 68.97 12.40
870 389.40 114.83 28.28 68.97 9.21
900 473.32 168.04 17.83 43.48 91.14
900 417.93 123.91 35.65 86.96 79.49
900 174.18 121.09 17.83 43.48 56.73
900 215.60 172.76 28.28 68.97 44.09
900 439.05 145.17 28.28 68.97 42.40
900 402.42 85.55 31.71 77.35 41.29
900 136.89 112.44 20.00 48.78 34.67
900 460.62 12.33 22.47 54.79 32.76
900 179.40 126.30 17.83 43.48 29.31
900 359.79 143.84 22.47 54.79 29.13
900 405.51 132.00 31.71 77.35 26.19
900 534.54 166.46 25.23 61.54 23.70
900 293.29 142.93 40.00 97.56 20.72
900 386.85 144.31 25.23 61.54 19.08
900 164.21 114.39 20.00 48.78 12.71
900 191.85 165.65 35.65 86.96 10.72
930 525.49 166.30 17.83 43.48 207.61
930 165.49 117.61 17.83 43.48 65.12
930 177.87 114.39 20.00 48.78 60.55
930 437.66 112.84 45.20 110.24 51.08
930 179.81 169.16 31.71 77.35 39.71
930 292.84 139.66 28.28 68.97 39.32
930 194.26 171.34 50.80 123.90 32.92
930 480.30 167.07 20.00 48.78 32.62
930 199.22 126.80 50.80 123.90 12.02
930 116.08 109.85 25.23 61.54 11.13
930 288.97 178.48 17.83 43.48 10.93
930 85.49 180.22 17.83 43.48 6.76
930 414.22 136.90 28.28 68.97 4.04
960 615.77 154.15 25.23 61.54 130.49
960 471.58 155.87 17.83 43.48 112.65
960 509.84 157.61 17.83 43.48 89.69
960 439.33 28.54 20.00 48.78 66.24
960 142.81 97.81 22.47 54.79 45.47
960 198.80 162.17 35.65 86.96 38.91
960 485.95 150.69 28.28 68.97 38.13
960 458.42 29.86 22.47 54.79 34.95
960 50.75 172.33 22.47 54.79 32.20
960 157.07 162.17 35.65 86.96 30.96
960 229.31 87.69 25.23 61.54 29.40
960 435.43 153.41 20.00 48.78 22.05
960 607.13 155.37 20.00 48.78 20.96
960 269.88 92.20 40.00 97.56 17.97
960 539.17 121.65 45.20 110.24 7.31
990 591.01 144.39 31.71 77.35 165.26
990 453.29 115.61 40.00 97.56 55.32
990 134.94 219.76 20.00 48.78 48.51
990 574.46 148.26 35.65 86.96 43.14
990 116.29 164.48 28.28 68.97 42.50
990 24.45 117.53 22.47 54.79 35.89
990 541.55 147.48 31.71 77.35 33.61
990 62.32 63.87 31.71 77.35 30.87
990 83.96 66.97 31.71 77.35 28.57
990 172.45 213.26 17.83 43.48 18.13
990 252.40 159.18 22.47 54.79 14.59
990 477.92 33.54 25.23 61.54 12.31
990 557.07 144.78 35.65 86.96 10.14
990 291.85 128.49 22.47 54.79 6.19
1020 546.65 176.83 20.00 48.78 71.82
1020 156.71 162.44 40.00 97.56 60.28
1020 526.09 144.39 31.71 77.35 56.50
1020 256.78 161.37 22.47 54.79 51.17
1020 110.78 101.03 28.28 68.97 50.82
1020 85.95 164.48 28.28 68.97 48.34
1020 113.53 189.31 28.28 68.97 44.14
1020 22.54 43.38 25.23 61.54 21.35
1020 480.34 159.18 22.47 54.79 21.06
1020 6.67 51.48 31.71 77.35 15.46
1020 202.01 65.43 17.83 43.48 15.29
1020 35.87 18.26 71.30 173.91 14.98
1020 149.84 220.22 17.83 43.48 11.36
1020 513.48 169.02 20.00 48.78 5.61
1020 242.26 169.02 20.00 48.78 1.90
1050 472.16 15.52 28.28 68.97 74.64
1050 568.01 150.41 22.47 54.79 70.20
1050 588.69 171.38 25.23 61.54 63.63
1050 92.01 89.02 20.00 48.78 58.93
1050 534.18 168.04 17.83 43.48 58.43
1050 610.09 142.41 28.28 68.97 54.33
1050 77.07 162.17 35.65 86.96 50.58
1050 205.18 51.95 20.00 48.78 49.34
1050 157.92 151.69 25.23 61.54 25.27
1050 495.68 58.36 22.47 54.79 24.35
1050 105.55 224.93 22.47 54.79 23.83
1050 39.63 45.37 40.00 97.56 15.54
1050 149.38 154.79 22.47 54.79 15.21
1050 342.88 135.00 17.83 43.48 11.67
1050 489.11 21.10 22.47 54.79 9.27
1050 75.05 74.13 17.83 43.48 6.41
1080 521.99 5.75 22.47 54.79 81.86
1080 413.92 196.00 25.23 61.54 71.97
1080 32.38 60.62 25.23 61.54 71.77
1080 103.77 164.00 25.23 61.54 60.57
1080 68.60 89.02 20.00 48.78 58.15
1080 411.46 176.31 25.23 61.54 41.11
1080 255.73 72.47 63.78 155.55 38.68
1080 168.41 14.15 40.00 97.56 25.73
1080 85.49 96.74 17.83 43.48 24.37
1080 45.18 77.32 20.00 48.78 19.75
1080 537.66 4.57 17.83 43.48 18.19
1080 384.38 127.08 25.23 61.54 16.09
1080 367.13 114.39 20.00 48.78 12.38
1080 113.62 178.77 25.23 61.54 10.40
1080 492.32 162.44 40.00 97.56 8.94
1080 15.94 39.10 31.71 77.35 7.99
1110 58.36 101.03 28.28 68.97 61.68
1110 458.36 114.83 28.28 68.97 44.38
1110 429.57 126.10 20.00 48.78 40.19
1110 143.15 168.92 25.23 61.54 40.15
1110 570.37 197.56 40.00 97.56 26.13
1110 74.86 93.42 22.47 54.79 23.95
1110 438.53 178.48 17.83 43.48 21.18
1110 370.71 117.61 17.83 43.48 17.60
1110 162.53 185.48 22.47 54.79 17.18
1110 16.98 18.28 28.28 68.97 14.96
1110 93.96 92.93 20.00 48.78 13.67
1110 358.53 35.87 17.83 43.48 13.67
1110 168.41 18.05 40.00 97.56 13.14
1110 390.05 156.77 31.71 77.35 11.72
1110 54.54 80.31 25.23 61.54 9.91
1110 187.62 211.95 20.00 48.78 6.50
1140 525.00 185.52 56.55 137.93 53.61
1140 585.98 220.98 40.00 97.56 50.14
1140 439.52 190.84 31.71 77.35 47.63
1140 41.81 73.45 28.28 68.97 37.47
1140 179.74 172.76 28.28 68.97 32.43
1140 255.91 110.49 20.00 48.78 31.06
1140 209.15 116.91 50.80 123.90 28.45
1140 199.33 182.68 20.00 48.78 27.30
1140 358.53 21.96 17.83 43.48 24.98
1140 15.15 151.69 25.23 61.54 20.05
1140 452.84 183.79 28.28 68.97 19.32
1140 132.72 9.13 35.65 86.96 15.87
1140 410.37 181.95 40.00 97.56 11.27
1170 616.89 159.27 20.00 48.78 112.96
1170 397.07 116.96 35.65 86.96 69.32
1170 225.79 134.86 45.20 110.24 66.75
1170 432.12 124.11 22.47 54.79 63.40
1170 476.71 189.76 40.00 97.56 62.86
1170 217.33 174.52 22.47 54.79 49.80
1170 9.11 84.66 22.47 54.79 44.65
1170 12.69 151.69 25.23 61.54 43.71
1170 130.09 12.76 28.28 68.97 43.07
1170 25.67 161.22 20.00 48.78 32.40
1170 353.32 16.74 17.83 43.48 31.54
1170 408.60 169.16 31.71 77.35 29.22
1170 440.89 121.92 22.47 54.79 16.64
1170 7.23 180.22 17.83 43.48 10.29
1170 50.71 180.22 17.83 43.48 7.80
1170 361.28 5.12 20.00 48.78 6.49
1170 117.38 165.12 20.00 48.78 5.09
1200 237.07 144.78 35.65 86.96 79.25
1200 6.16 174.88 20.00 48.78 55.32
1200 209.15 116.91 50.80 123.90 53.99
1200 397.07 116.96 35.65 86.96 39.65
1200 115.05 171.52 17.83 43.48 36.12
1200 473.59 172.61 35.65 86.96 22.85
1200 81.62 6.46 25.23 61.54 21.37
1200 123.75 171.52 17.83 43.48 17.58
1200 490.98 172.61 35.65 86.96 14.44
1200 103.77 36.00 25.23 61.54 8.65
1200 403.62 157.93 56.55 137.93 5.17
1230 537.00 166.46 25.23 61.54 51.19
1230 544.38 154.15 25.23 61.54 50.99
1230 525.76 113.48 35.65 86.96 38.48
1230 8.97 154.13 17.83 43.48 27.35
1230 3.75 21.96 17.83 43.48 25.87
1230 405.95 114.83 28.28 68.97 25.44
1230 518.80 130.87 35.65 86.96 25.11
1230 102.88 161.09 17.83 43.48 24.94
1230 127.13 137.80 20.00 48.78 21.51
1230 107.62 167.07 20.00 48.78 19.65
1230 77.67 21.03 28.28 68.97 19.47
1230 439.52 172.26 31.71 77.35 18.07
1230 59.67 151.74 35.65 86.96 16.64
1230 212.55 121.65 45.20 110.24 16.11
1230 254.59 165.75 22.47 54.79 12.69
1230 25.67 151.46 20.00 48.78 11.42
1230 381.71 143.84 22.47 54.79 10.89
1230 268.02 172.76 28.28 68.97 9.97
1230 487.77 85.23 25.23 61.54 9.63
1230 70.55 9.02 20.00 48.78 2.38
1260 463.88 178.28 28.28 68.97 50.06
1260 81.75 134.81 63.78 155.55 38.16
1260 538.45 153.68 31.71 77.35 28.96
1260 453.31 181.23 25.23 61.54 21.53
1260 212.55 117.25 45.20 110.24 21.16
1260 535.60 112.07 28.28 68.97 20.65
1260 386.65 110.49 20.00 48.78 18.34
1260 441.81 167.24 28.28 68.97 17.55
1260 134.94 227.56 20.00 48.78 13.91
1260 393.14 166.06 31.71 77.35 12.25
1260 398.66 100.00 40.00 97.56 11.48
1260 349.57 38.29 20.00 48.78 10.53
1290 4.73 165.75 22.47 54.79 56.76
1290 510.78 183.79 28.28 68.97 46.78
1290 143.88 175.52 28.28 68.97 37.19
1290 40.27 159.35 17.83 43.48 28.75
1290 71.77 11.38 25.23 61.54 22.50
1290 318.53 115.87 17.83 43.48 21.66
1290 191.58 171.52 17.83 43.48 21.62
1290 102.88 121.09 17.83 43.48 17.02
1290 456.89 44.15 20.00 48.78 14.14
1290 198.80 130.87 35.65 86.96 2.63
1320 88.71 156.21 28.28 68.97 47.50
1320 492.32 162.44 40.00 97.56 42.18
1320 591.58 28.91 17.83 43.48 25.93
1320 380.79 7.07 20.00 48.78 24.95
1320 63.88 153.45 28.28 68.97 21.96
1320 518.80 43.91 35.65 86.96 21.26
1320 407.60 87.22 50.80 123.90 14.22
1320 578.90 178.90 45.20 110.24 13.54
1320 174.22 178.28 28.28 68.97 7.17
1320 355.41 5.75 22.47 54.79 5.98
1320 187.93 154.63 40.00 97.56 4.91
1350 6.16 170.98 20.00 48.78 69.79
1350 82.01 161.09 17.83 43.48 52.97
1350 409.14 75.17 56.55 137.93 50.82
1350 14.46 144.78 35.65 86.96 36.28
1350 562.26 159.27 20.00 48.78 36.28
1350 420.17 146.90 56.55 137.93 34.78
1350 596.29 241.72 28.28 68.97 27.66
1350 306.65 81.22 20.00 48.78 24.06
1350 48.97 155.87 17.83 43.48 19.44
1350 123.23 180.73 20.00 48.78 17.29
1350 492.45 225.43 17.83 43.48 12.90
1350 318.53 115.87 17.83 43.48 12.29
1350 527.44 96.10 40.00 97.56 10.46
1350 192.38 176.31 25.23 61.54 9.00
1350 202.23 141.85 25.23 61.54 -0.44
1380 398.35 161.22 20.00 48.78 52.63
1380 588.02 161.72 28.28 68.97 51.17
1380 262.50 136.90 28.28 68.97 42.12
1380 449.09 167.07 20.00 48.78 34.23
1380 587.62 7.07 20.00 48.78 33.91
1380 567.50 103.04 35.65 86.96 27.07
1380 540.79 100.73 20.00 48.78 19.52
1380 551.77 82.77 25.23 61.54 19.04
1380 408.97 164.57 17.83 43.48 16.34
1380 472.16 7.24 28.28 68.97 12.41
1380 165.49 128.04 17.83 43.48 9.22
1380 556.40 10.98 20.00 48.78 4.68
1380 308.60 83.17 20.00 48.78 1.03
1410 556.69 156.62 25.23 61.54 55.68
1410 589.57 9.02 20.00 48.78 53.21
1410 461.10 166.34 40.00 97.56 37.03
1410 529.09 5.12 20.00 48.78 35.53
1410 237.67 186.55 28.28 68.97 34.29
1410 492.45 21.96 17.83 43.48 30.78
1410 470.11 200.43 35.65 86.96 29.90
1410 433.24 90.83 45.20 110.24 22.20
1410 76.79 122.83 17.83 43.48 6.90
1410 443.75 32.39 17.83 43.48 3.87
1410 337.66 131.52 17.83 43.48 2.48
1410 504.45 10.14 22.47 54.79 1.62
1440 483.75 169.78 17.83 43.48 141.56
1440 588.02 158.97 28.28 68.97 108.80
1440 195.87 171.30 71.30 173.91 52.23
1440 529.18 228.00 31.71 77.35 52.05
1440 511.52 5.12 20.00 48.78 41.92
1440 437.66 95.23 45.20 110.24 39.54
1440 471.58 5.75 22.47 54.79 18.60
1440 523.75 4.57 17.83 43.48 15.42
1440 214.18 124.57 17.83 43.48 10.26
1440 328.41 64.88 40.00 97.56 10.14
1440 320.30 79.27 20.00 48.78 7.85
1440 431.58 168.04 17.83 43.48 7.31
1470 497.88 172.33 22.47 54.79 118.32
1470 45.18 169.02 20.00 48.78 56.45
1470 24.62 164.57 17.83 43.48 52.05
1470 109.57 67.56 20.00 48.78 40.99
1470 199.22 191.13 50.80 123.90 39.70
1470 442.33 92.16 50.80 123.90 27.62
1470 4.21 157.32 20.00 48.78 24.37
1470 199.31 143.67 45.20 110.24 19.93
1470 83.96 32.90 31.71 77.35 19.64
1470 603.08 152.60 22.47 54.79 19.42
1470 62.74 169.02 20.00 48.78 8.15
1470 250.06 178.78 20.00 48.78 6.69
1470 145.00 193.66 40.00 97.56 3.49
1500 506.64 174.52 22.47 54.79 118.18
1500 243.19 175.52 28.28 68.97 64.42
1500 207.15 196.00 25.23 61.54 53.04
1500 411.47 136.90 28.28 68.97 40.52
1500 93.24 20.52 31.71 77.35 39.87
1500 424.89 172.61 35.65 86.96 36.46
1500 232.67 181.10 22.47 54.79 34.69
1500 4.73 172.33 22.47 54.79 32.95
1500 437.36 102.06 50.80 123.90 25.86
1500 567.23 190.65 17.83 43.48 23.00
1500 495.92 164.57 17.83 43.48 21.71
1500 268.02 117.59 28.28 68.97 18.77
1500 174.22 189.31 28.28 68.97 18.75
1500 110.78 15.52 28.28 68.97 15.60
1500 596.51 268.77 22.47 54.79 7.72
1500 10.70 42.68 50.80 123.90 7.66
1500 442.24 157.93 56.55 137.93 7.32
1500 31.03 132.88 22.47 54.79 5.32
1500 517.31 166.46 25.23 61.54 4.54
1530 501.14 175.00 17.83 43.48 107.08
1530 519.77 173.85 25.23 61.54 105.51
1530 511.58 251.52 17.83 43.48 70.38
1530 3.75 77.61 17.83 43.48 63.73
1530 141.10 181.95 40.00 97.56 57.35
1530 225.79 148.07 45.20 110.24 39.76
1530 79.25 12.33 22.47 54.79 37.32
1530 340.08 144.31 25.23 61.54 35.70
1530 179.74 197.59 28.28 68.97 28.94
1530 203.23 124.15 20.00 48.78 28.73
1530 443.08 124.11 22.47 54.79 28.55
1530 485.49 115.87 17.83 43.48 22.57
1530 508.10 260.22 17.83 43.48 16.51
1530 215.92 181.96 17.83 43.48 15.31
1530 263.29 110.32 31.71 77.35 13.36
1530 277.68 127.32 40.00 97.56 5.26
1530 127.33 230.69 28.28 68.97 4.40
1530 575.92 169.78 17.83 43.48 3.79
1560 125.27 205.21 22.47 54.79 52.81
1560 397.67 142.41 28.28 68.97 51.85
1560 50.09 7.24 28.28 68.97 42.82
1560 193.48 180.73 20.00 48.78 40.69
1560 257.10 132.00 31.71 77.35 40.45
1560 327.50 141.30 35.65 86.96 38.14
1560 31.85 89.13 35.65 86.96 32.00
1560 9.76 113.42 31.71 77.35 26.80
1560 591.15 151.69 25.23 61.54 25.45
1560 372.45 148.91 17.83 43.48 23.26
1560 145.80 203.23 31.71 77.35 18.41
1560 214.18 215.00 17.83 43.48 8.70
1590 381.12 172.76 28.28 68.97 220.38
1590 351.85 127.39 35.65 86.96 113.41
1590 389.40 181.03 28.28 68.97 69.90
1590 207.33 128.62 28.28 68.97 52.11
1590 43.54 197.56 40.00 97.56 46.08
1590 601.28 5.12 20.00 48.78 40.02
1590 115.33 186.52 35.65 86.96 38.24
1590 572.01 9.02 20.00 48.78 35.36
1590 392.50 161.22 20.00 48.78 34.80
1590 105.67 178.78 20.00 48.78 34.43
1590 7.50 19.57 35.65 86.96 26.24
1590 607.23 173.26 17.83 43.48 23.59
1590 372.08 149.23 25.23 61.54 22.45
1590 197.31 151.69 25.23 61.54 20.26
1590 278.80 137.83 35.65 86.96 13.89
1590 324.51 111.71 40.00 97.56 6.86
1590 17.87 155.37 20.00 48.78 6.15
1620 226.63 165.65 35.65 86.96 162.46
1620 271.85 120.43 35.65 86.96 52.98
1620 550.82 138.19 31.71 77.35 52.93
1620 295.77 144.31 25.23 61.54 47.09
1620 238.55 138.19 31.71 77.35 45.98
1620 9.52 170.09 45.20 110.24 35.00
1620 311.58 162.83 17.83 43.48 30.30
1620 473.59 144.78 35.65 86.96 28.61
1620 111.52 104.63 20.00 48.78 28.15
1620 128.38 95.08 25.23 61.54 20.50
1620 541.14 166.30 17.83 43.48 16.40
1620 223.15 127.39 35.65 86.96 11.90
1620 318.29 92.16 50.80 123.90 11.32
1620 441.00 139.38 25.23 61.54 7.97
1650 572.46 156.77 31.71 77.35 117.09
1650 148.90 154.63 40.00 97.56 113.02
1650 189.08 128.90 31.71 77.35 54.54
1650 470.11 127.39 35.65 86.96 48.77
1650 101.14 150.65 17.83 43.48 37.83
1650 384.69 148.07 45.20 110.24 32.22
1650 27.17 183.30 45.20 110.24 31.60
1650 393.59 57.83 35.65 86.96 29.01
1650 116.72 124.83 56.55 137.93 27.37
1650 17.41 69.66 56.55 137.93 22.72
1650 94.18 154.13 17.83 43.48 17.00
1680 546.51 111.96 50.80 123.90 86.41
1680 300.39 116.52 31.71 77.35 58.82
1680 367.23 41.09 17.83 43.48 47.97
1680 335.00 87.83 71.30 173.91 44.26
1680 418.17 111.71 40.00 97.56 43.83
1680 8.71 123.10 28.28 68.97 37.92
1680 75.72 104.04 45.20 110.24 33.23
1680 171.47 84.48 28.28 68.97 10.24
1680 526.37 14.52 22.47 54.79 7.97
1710 372.84 120.34 28.28 68.97 56.87
1710 210.72 51.48 31.71 77.35 41.92
1710 44.57 103.79 28.28 68.97 36.88
1710 420.00 83.61 80.85 197.19 35.88
1710 10.23 102.46 25.23 61.54 31.85
1710 620.79 5.12 20.00 48.78 29.77
1710 20.12 68.78 40.00 97.56 19.19
1710 51.04 24.63 20.00 48.78 17.41
1710 501.41 106.52 35.65 86.96 15.25
1710 396.79 44.57 17.83 43.48 5.32
1710 232.37 70.06 31.71 77.35 0.38
1740 495.91 130.00 20.00 48.78 66.00
1740 136.20 116.96 35.65 86.96 38.78
1740 83.62 25.52 56.55 137.93 28.98
1740 275.65 48.39 31.71 77.35 27.10
1740 161.09 25.22 71.30 173.91 25.38
1740 442.28 96.09 35.65 86.96 24.73
1740 574.27 96.10 40.00 97.56 23.11
1740 111.03 60.00 45.20 110.24 20.16
1740 441.81 139.66 28.28 68.97 11.07
1740 509.84 23.70 17.83 43.48 7.48
1740 356.29 48.62 28.28 68.97 5.27
1740 131.04 169.02 20.00 48.78 4.40
1770 513.48 139.76 20.00 48.78 76.61
1770 508.10 44.57 17.83 43.48 58.03
1770 122.28 106.52 35.65 86.96 54.63
1770 594.32 143.84 22.47 54.79 54.54
1770 133.28 113.79 56.55 137.93 41.81
1770 382.88 77.61 17.83 43.48 38.64
1770 384.62 58.48 17.83 43.48 28.82
1770 317.86 16.36 63.78 155.55 24.65
1770 60.79 118.29 20.00 48.78 23.94
1770 91.47 117.59 28.28 68.97 22.03
1770 513.53 230.69 28.28 68.97 19.86
1770 531.04 139.76 20.00 48.78 19.08
1770 175.00 39.13 71.30 173.91 18.20
1800 508.10 55.00 17.83 43.48 49.44
1800 136.52 116.52 31.71 77.35 40.76
1800 139.69 176.29 50.80 123.90 37.44
1800 60.79 128.05 20.00 48.78 36.14
1800 293.31 70.46 25.23 61.54 33.39
1800 516.79 53.26 17.83 43.48 30.22
1800 116.08 109.85 25.23 61.54 27.27
1800 381.71 82.47 22.47 54.79 25.84
1800 571.52 18.26 71.30 173.91 25.57
1800 303.15 68.00 25.23 61.54 24.93
1800 124.57 114.83 28.28 68.97 23.51
1800 133.29 244.39 40.00 97.56 23.20
1800 149.61 121.86 50.80 123.90 13.10
1800 384.62 67.17 17.83 43.48 12.32
1800 283.75 86.30 17.83 43.48 9.15
1800 101.14 121.09 17.83 43.48 6.30
1830 60.79 131.95 20.00 48.78 57.10
1830 450.90 117.25 45.20 110.24 50.82
1830 167.16 44.26 80.85 197.19 41.59
1830 509.84 60.22 17.83 43.48 41.30
1830 124.57 120.34 28.28 68.97 38.17
1830 146.34 130.46 45.20 110.24 36.94
1830 106.23 127.08 25.23 61.54 36.84
1830 516.79 58.48 17.83 43.48 33.19
1830 298.23 77.85 25.23 61.54 21.58
1830 275.43 92.93 20.00 48.78 16.25
1830 383.90 64.93 22.47 54.79 15.28
1830 529.78 18.26 71.30 173.91 13.93
1830 553.32 369.78 17.83 43.48 3.39
