30 139.38 25.71 100.71 245.62 71.12
30 6.92 194.25 22.47 54.79 62.43
30 427.74 10.14 22.47 54.79 59.22
30 6.16 26.59 20.00 48.78 53.91
30 473.32 147.17 17.83 43.48 49.06
30 432.12 174.52 22.47 54.79 39.79
30 359.13 166.06 31.71 77.35 38.21
30 124.57 7.24 28.28 68.97 34.70
30 40.41 64.40 45.20 110.24 30.77
30 48.56 189.86 22.47 54.79 30.33
30 22.76 99.63 45.20 110.24 28.42
30 121.28 178.78 20.00 48.78 27.39
30 35.05 41.09 17.83 43.48 26.21
30 98.85 188.62 25.23 61.54 25.09
30 441.59 150.73 40.00 97.56 22.82
30 91.47 7.24 28.28 68.97 22.33
30 59.52 187.67 22.47 54.79 12.82
30 601.59 10.24 40.00 97.56 8.88
30 469.84 35.87 17.83 43.48 2.49
60 7.77 193.54 25.23 61.54 73.63
60 139.38 25.71 100.71 245.62 73.36
60 50.09 175.52 28.28 68.97 70.26
60 7.23 27.17 17.83 43.48 69.06
60 475.05 150.65 17.83 43.48 68.40
60 427.74 10.14 22.47 54.79 41.98
60 40.41 64.40 45.20 110.24 41.82
60 120.89 172.33 22.47 54.79 39.23
60 55.35 12.99 50.80 123.90 34.71
60 469.84 37.61 17.83 43.48 34.69
60 433.62 173.85 25.23 61.54 32.88
60 91.47 7.24 28.28 68.97 31.70
60 68.50 166.06 31.71 77.35 28.10
60 127.33 7.24 28.28 68.97 27.90
60 598.70 5.75 22.47 54.79 27.28
60 12.01 63.66 20.00 48.78 25.96
60 36.79 42.83 17.83 43.48 25.23
60 28.37 103.04 35.65 86.96 24.97
60 29.84 32.39 17.83 43.48 12.94
60 39.77 186.15 25.23 61.54 12.09
60 554.91 7.24 28.28 68.97 11.97
60 3.75 77.61 17.83 43.48 6.09
60 356.29 170.00 28.28 68.97 5.21
90 5.31 193.54 25.23 61.54 76.25
90 50.09 175.52 28.28 68.97 67.90
90 139.38 25.71 100.71 245.62 62.07
90 118.70 174.52 22.47 54.79 56.59
90 473.32 148.91 17.83 43.48 55.17
90 40.41 68.81 45.20 110.24 48.18
90 427.74 7.95 22.47 54.79 47.99
90 36.79 42.83 17.83 43.48 46.18
90 433.62 171.38 25.23 61.54 43.41
90 603.23 9.02 20.00 48.78 40.61
90 8.97 28.91 17.83 43.48 40.48
90 359.13 166.06 31.71 77.35 37.17
90 421.31 159.08 25.23 61.54 30.71
90 63.90 185.48 22.47 54.79 27.86
90 405.95 150.69 28.28 68.97 26.17
90 12.01 63.66 20.00 48.78 25.92
90 440.89 89.04 22.47 54.79 25.69
90 58.07 11.56 45.20 110.24 22.58
90 29.84 32.39 17.83 43.48 14.48
90 96.98 183.79 28.28 68.97 13.46
90 28.31 94.84 31.71 77.35 10.16
90 436.29 10.00 28.28 68.97 3.09
120 16.98 183.79 28.28 68.97 176.49
120 139.38 25.71 100.71 245.62 77.21
120 7.23 28.91 17.83 43.48 65.85
120 47.33 175.52 28.28 68.97 61.02
120 426.23 8.92 25.23 61.54 46.35
120 5.95 192.07 28.28 68.97 44.88
120 600.89 5.75 22.47 54.79 43.89
120 29.92 193.54 25.23 61.54 43.79
120 469.84 37.61 17.83 43.48 38.63
120 36.79 42.83 17.83 43.48 38.44
120 475.05 148.91 17.83 43.48 37.52
120 43.54 64.88 40.00 97.56 31.43
120 61.71 187.67 22.47 54.79 30.83
120 22.76 99.63 45.20 110.24 28.72
120 543.08 45.31 100.71 245.62 26.30
120 127.33 7.24 28.28 68.97 21.91
120 457.66 180.22 17.83 43.48 17.80
120 432.12 176.71 22.47 54.79 17.45
120 98.85 188.62 25.23 61.54 16.59
120 379.46 183.69 25.23 61.54 16.22
120 118.70 172.33 22.47 54.79 14.67
120 403.19 153.45 28.28 68.97 14.46
120 414.18 16.74 17.83 43.48 0.80
150 37.58 178.45 31.71 77.35 166.12
150 426.23 6.46 25.23 61.54 58.74
150 116.51 174.52 22.47 54.79 55.60
150 159.08 25.71 100.71 245.62 52.40
150 7.23 27.17 17.83 43.48 49.58
150 5.31 191.08 25.23 61.54 48.76
150 598.70 5.75 22.47 54.79 42.57
150 359.13 166.06 31.71 77.35 42.01
150 9.52 60.00 45.20 110.24 41.88
150 36.79 42.83 17.83 43.48 40.51
150 421.16 161.37 22.47 54.79 38.62
150 475.05 148.91 17.83 43.48 38.38
150 40.41 64.40 45.20 110.24 36.09
150 59.52 187.67 22.47 54.79 35.79
150 405.95 153.45 28.28 68.97 31.84
150 433.62 173.85 25.23 61.54 24.92
150 101.16 192.05 22.47 54.79 24.33
150 457.66 180.22 17.83 43.48 24.28
150 602.28 19.57 35.65 86.96 24.12
150 28.37 103.04 35.65 86.96 20.07
150 55.35 12.99 50.80 123.90 18.63
150 466.36 143.70 17.83 43.48 17.24
150 392.67 154.79 22.47 54.79 12.45
150 91.52 18.26 71.30 173.91 10.19
150 69.40 172.76 28.28 68.97 7.99
150 73.59 75.22 35.65 86.96 5.04
180 52.84 181.03 28.28 68.97 205.26
180 139.38 25.71 100.71 245.62 72.13
180 5.31 191.08 25.23 61.54 66.92
180 7.23 27.17 17.83 43.48 52.52
180 359.13 166.06 31.71 77.35 49.78
180 36.79 42.83 17.83 43.48 36.06
180 40.47 62.47 50.80 123.90 35.12
180 475.05 148.91 17.83 43.48 34.77
180 427.74 5.75 22.47 54.79 30.18
180 98.97 187.67 22.47 54.79 28.47
180 419.82 10.98 20.00 48.78 25.89
180 408.01 152.60 22.47 54.79 24.96
180 128.38 11.38 25.23 61.54 24.28
180 450.09 158.97 28.28 68.97 24.15
180 439.05 161.72 28.28 68.97 24.10
180 396.40 157.32 20.00 48.78 21.82
180 31.52 198.29 20.00 48.78 21.34
180 430.24 82.45 31.71 77.35 17.34
180 468.10 143.70 17.83 43.48 13.53
180 116.08 178.77 25.23 61.54 13.45
180 58.07 15.96 45.20 110.24 10.98
180 416.78 163.56 22.47 54.79 10.68
180 602.28 19.57 35.65 86.96 10.66
180 29.84 39.35 17.83 43.48 7.09
210 61.12 181.03 28.28 68.97 175.08
210 5.49 27.17 17.83 43.48 88.29
210 427.74 10.14 22.47 54.79 79.25
210 46.86 172.26 31.71 77.35 66.06
210 159.08 25.71 100.71 245.62 51.74
210 118.70 176.71 22.47 54.79 50.83
210 441.59 150.73 40.00 97.56 46.22
210 475.05 148.91 17.83 43.48 41.71
210 423.36 159.18 22.47 54.79 39.12
210 4.73 194.25 22.47 54.79 37.24
210 469.84 37.61 17.83 43.48 36.75
210 431.15 168.92 25.23 61.54 29.88
210 408.11 155.37 20.00 48.78 25.89
210 544.93 66.55 89.69 218.76 24.80
210 101.16 192.05 22.47 54.79 19.75
210 416.78 10.14 22.47 54.79 19.05
210 394.86 154.79 22.47 54.79 13.13
210 430.24 82.45 31.71 77.35 11.81
210 386.63 12.61 35.65 86.96 9.53
240 69.40 178.28 28.28 68.97 234.89
240 5.49 27.17 17.83 43.48 70.46
240 139.38 25.71 100.71 245.62 70.21
240 476.79 148.91 17.83 43.48 65.89
240 5.95 192.07 28.28 68.97 57.23
240 49.95 169.16 31.71 77.35 56.16
240 416.78 10.14 22.47 54.79 54.63
240 432.12 176.71 22.47 54.79 47.04
240 429.93 10.14 22.47 54.79 43.34
240 43.54 64.88 40.00 97.56 40.68
240 469.84 147.17 17.83 43.48 33.81
240 410.21 152.60 22.47 54.79 31.17
240 605.92 40.92 25.23 61.54 29.93
240 65.27 12.99 50.80 123.90 25.72
240 116.08 176.31 25.23 61.54 24.98
240 438.54 87.69 25.23 61.54 23.34
240 101.16 192.05 22.47 54.79 21.75
240 35.05 41.09 17.83 43.48 16.85
240 93.38 20.37 45.20 110.24 13.62
240 394.86 154.79 22.47 54.79 12.99
240 128.38 23.69 25.23 61.54 8.71
240 441.00 161.54 25.23 61.54 8.18
240 3.75 119.35 17.83 43.48 7.63
270 77.67 178.28 28.28 68.97 218.04
270 475.05 150.65 17.83 43.48 68.72
270 7.77 196.00 25.23 61.54 65.88
270 6.16 24.63 20.00 48.78 53.67
270 427.74 10.14 22.47 54.79 50.30
270 600.89 5.75 22.47 54.79 47.41
270 159.08 25.71 100.71 245.62 47.37
270 139.38 74.69 100.71 245.62 43.82
270 55.24 154.63 40.00 97.56 41.93
270 88.15 20.66 80.85 197.19 40.65
270 605.92 40.92 25.23 61.54 40.28
270 455.92 180.22 17.83 43.48 38.85
270 359.05 172.76 28.28 68.97 38.78
270 36.79 42.83 17.83 43.48 35.39
270 55.35 12.99 50.80 123.90 34.30
270 436.29 170.00 28.28 68.97 29.01
270 40.41 68.81 45.20 110.24 26.87
270 414.59 10.14 22.47 54.79 26.58
270 24.02 100.00 40.00 97.56 22.06
270 44.18 194.25 22.47 54.79 21.20
270 436.29 70.69 28.28 68.97 18.24
270 445.18 42.20 20.00 48.78 13.53
270 469.84 35.87 17.83 43.48 12.92
270 4.21 120.24 20.00 48.78 12.04
270 90.14 172.26 31.71 77.35 7.89
270 585.55 154.79 22.47 54.79 1.42
300 84.08 183.69 25.23 61.54 172.17
300 7.23 28.91 17.83 43.48 61.48
300 120.89 174.52 22.47 54.79 54.78
300 72.16 178.28 28.28 68.97 50.81
300 420.00 11.56 45.20 110.24 50.30
300 468.10 145.43 17.83 43.48 48.64
300 359.05 172.76 28.28 68.97 48.08
300 47.33 175.52 28.28 68.97 43.78
300 473.32 150.65 17.83 43.48 40.69
300 5.31 196.00 25.23 61.54 39.75
300 129.54 25.71 100.71 245.62 38.78
300 111.03 11.56 45.20 110.24 37.72
300 55.35 12.99 50.80 123.90 31.47
300 433.62 173.85 25.23 61.54 30.72
300 36.79 42.83 17.83 43.48 29.96
300 28.37 103.04 35.65 86.96 28.36
300 423.77 161.54 25.23 61.54 27.81
300 601.59 10.24 40.00 97.56 24.76
300 391.77 154.15 25.23 61.54 22.62
300 469.84 39.35 17.83 43.48 19.29
300 392.50 12.93 20.00 48.78 14.66
300 181.40 29.30 114.81 280.01 5.12
330 84.08 181.23 25.23 61.54 196.54
330 7.23 28.91 17.83 43.48 65.93
330 46.86 169.16 31.71 77.35 57.32
330 36.79 42.83 17.83 43.48 49.24
330 420.00 11.56 45.20 110.24 48.31
330 125.26 29.30 114.81 280.01 48.18
330 473.32 147.17 17.83 43.48 46.89
330 4.73 196.44 22.47 54.79 46.61
330 600.89 5.75 22.47 54.79 45.07
330 466.36 145.43 17.83 43.48 43.77
330 410.21 152.60 22.47 54.79 40.75
330 434.32 176.71 22.47 54.79 38.64
330 125.92 6.46 25.23 61.54 33.98
330 423.77 161.54 25.23 61.54 26.33
330 68.50 169.16 31.71 77.35 25.82
330 56.03 14.48 56.55 137.93 24.59
330 93.24 172.26 31.71 77.35 22.25
330 25.58 82.27 50.80 123.90 19.93
330 361.81 172.76 28.28 68.97 17.53
330 605.76 16.09 35.65 86.96 12.64
330 9.11 64.93 22.47 54.79 12.53
330 181.40 29.30 114.81 280.01 11.84
330 494.46 141.30 35.65 86.96 7.14
330 459.72 33.58 45.20 110.24 6.47
330 390.05 147.48 31.71 77.35 2.24
330 29.84 42.83 17.83 43.48 1.45
360 86.54 183.69 25.23 61.54 184.46
360 7.23 30.65 17.83 43.48 66.94
360 149.23 25.71 100.71 245.62 61.26
360 22.76 99.63 45.20 110.24 53.04
360 424.89 12.61 35.65 86.96 52.08
360 5.95 194.83 28.28 68.97 52.08
360 473.32 150.65 17.83 43.48 48.53
360 61.71 187.67 22.47 54.79 42.72
360 36.79 44.57 17.83 43.48 38.86
360 416.78 12.33 22.47 54.79 37.39
360 441.59 154.63 40.00 97.56 37.15
360 603.08 10.14 22.47 54.79 37.14
360 47.33 178.28 28.28 68.97 33.99
360 40.41 68.81 45.20 110.24 32.07
360 125.92 11.38 25.23 61.54 31.72
360 405.95 156.21 28.28 68.97 27.05
360 546.42 75.74 80.85 197.19 26.81
360 76.69 181.23 25.23 61.54 25.62
360 386.10 7.95 22.47 54.79 20.07
360 460.62 5.75 22.47 54.79 16.62
360 428.02 170.00 28.28 68.97 14.84
360 560.43 12.76 28.28 68.97 10.51
390 89.00 188.62 25.23 61.54 95.79
390 420.00 11.56 45.20 110.24 63.53
390 118.70 178.90 22.47 54.79 53.05
390 4.73 200.82 22.47 54.79 51.37
390 7.23 32.39 17.83 43.48 49.73
390 448.79 11.23 31.71 77.35 46.11
390 603.46 6.46 25.23 61.54 40.88
390 12.32 68.78 40.00 97.56 39.62
390 44.69 188.62 25.23 61.54 37.66
390 476.79 154.13 17.83 43.48 37.50
390 188.37 12.61 35.65 86.96 35.48
390 124.57 7.24 28.28 68.97 35.04
390 140.62 5.75 22.47 54.79 34.54
390 40.41 73.21 45.20 110.24 34.15
390 428.69 173.85 25.23 61.54 29.60
390 199.77 186.15 25.23 61.54 26.78
390 408.01 156.99 22.47 54.79 26.42
390 53.66 20.37 45.20 110.24 25.59
390 517.38 172.93 20.00 48.78 22.78
390 59.46 188.62 25.23 61.54 22.75
390 441.59 154.63 40.00 97.56 21.63
390 214.18 202.83 17.83 43.48 21.37
390 546.42 75.74 80.85 197.19 20.69
390 361.99 183.29 22.47 54.79 19.64
390 36.79 46.30 17.83 43.48 19.10
390 386.65 9.02 20.00 48.78 17.54
390 469.84 152.39 17.83 43.48 14.18
390 611.04 46.10 20.00 48.78 12.07
390 133.26 80.87 71.30 173.91 4.13
390 392.67 159.18 22.47 54.79 0.78
420 91.47 192.07 28.28 68.97 113.88
420 603.46 13.85 25.23 61.54 76.43
420 420.00 20.37 45.20 110.24 71.17
420 159.08 25.71 100.71 245.62 63.17
420 473.32 161.09 17.83 43.48 62.11
420 7.23 225.43 17.83 43.48 61.46
420 46.86 184.65 31.71 77.35 44.70
420 449.24 16.09 35.65 86.96 38.25
420 100.17 14.48 56.55 137.93 36.96
420 5.49 39.35 17.83 43.48 28.30
420 15.00 18.26 71.30 173.91 26.61
420 127.65 20.66 80.85 197.19 21.44
420 405.51 162.97 31.71 77.35 19.53
420 69.40 183.79 28.28 68.97 16.62
420 55.35 27.84 50.80 123.90 15.02
420 615.92 95.00 17.83 43.48 12.54
420 561.62 23.69 25.23 61.54 10.50
420 436.08 183.69 25.23 61.54 9.11
420 468.10 155.87 17.83 43.48 4.65
420 452.84 167.24 28.28 68.97 4.26
420 546.42 91.48 80.85 197.19 3.34
450 420.00 20.37 45.20 110.24 75.29
450 136.49 29.30 114.81 280.01 68.86
450 601.00 13.85 25.23 61.54 59.80
450 44.18 203.01 22.47 54.79 50.10
450 4.73 216.16 22.47 54.79 43.05
450 105.69 14.48 56.55 137.93 41.41
450 4.21 75.37 20.00 48.78 40.76
450 91.46 203.38 25.23 61.54 39.84
450 468.60 157.32 20.00 48.78 25.33
450 16.22 103.90 40.00 97.56 19.46
450 582.88 9.78 17.83 43.48 19.06
450 19.40 46.30 17.83 43.48 17.04
450 337.88 80.27 22.47 54.79 14.79
450 483.19 150.69 28.28 68.97 9.60
450 70.65 32.17 71.30 173.91 8.62
450 409.00 166.46 25.23 61.54 8.29
450 374.18 194.13 17.83 43.48 7.80
480 77.78 187.74 31.71 77.35 121.60
480 19.03 181.55 31.71 77.35 80.99
480 98.85 183.69 25.23 61.54 76.04
480 139.38 25.71 100.71 245.62 70.94
480 424.41 11.56 45.20 110.24 44.08
480 388.60 22.68 20.00 48.78 38.16
480 259.40 188.91 17.83 43.48 35.72
480 476.79 161.09 17.83 43.48 29.63
480 14.22 15.52 28.28 68.97 26.84
480 563.75 91.52 17.83 43.48 24.73
480 112.39 87.83 71.30 173.91 23.57
480 4.73 97.81 22.47 54.79 22.74
480 361.81 194.83 28.28 68.97 21.63
480 43.77 187.74 31.71 77.35 20.99
480 406.76 15.96 45.20 110.24 20.84
480 75.19 12.99 50.80 123.90 18.88
480 15.66 62.47 50.80 123.90 17.37
480 575.56 119.61 31.71 77.35 13.21
480 15.66 107.01 50.80 123.90 12.94
480 457.21 17.94 50.80 123.90 8.34
480 566.28 169.16 31.71 77.35 5.54
480 546.10 181.10 22.47 54.79 3.40
480 40.47 12.99 50.80 123.90 2.38
510 64.38 186.15 25.23 61.54 103.85
510 80.87 172.26 31.71 77.35 93.42
510 462.17 12.99 50.80 123.90 68.95
510 453.31 11.38 25.23 61.54 57.69
510 139.38 25.71 100.71 245.62 47.79
510 103.95 60.00 80.85 197.19 38.70
510 452.72 169.13 35.65 86.96 37.84
510 89.00 87.69 25.23 61.54 37.24
510 414.78 14.32 31.71 77.35 29.63
510 386.65 10.98 20.00 48.78 26.08
510 502.50 123.10 28.28 68.97 23.50
510 397.05 161.37 22.47 54.79 18.36
510 8.71 186.55 28.28 68.97 16.25
510 578.85 65.54 25.23 61.54 5.17
540 33.53 178.28 28.28 68.97 128.72
540 49.24 169.13 35.65 86.96 80.64
540 421.31 8.92 25.23 61.54 66.59
540 452.84 161.72 28.28 68.97 60.98
540 97.81 49.09 89.69 218.76 56.16
540 433.53 156.21 28.28 68.97 52.95
540 434.32 117.53 22.47 54.79 52.36
540 39.63 68.78 40.00 97.56 43.68
540 179.74 21.03 28.28 68.97 42.39
540 396.69 149.23 25.23 61.54 35.97
540 28.31 91.74 31.71 77.35 28.60
540 463.15 47.39 35.65 86.96 27.79
540 182.88 171.52 17.83 43.48 23.19
540 491.47 10.00 28.28 68.97 22.30
540 589.88 154.63 40.00 97.56 19.63
540 429.84 101.96 17.83 43.48 16.96
540 63.88 62.41 28.28 68.97 16.95
540 436.08 6.46 25.23 61.54 15.70
540 15.92 204.57 17.83 43.48 15.08
570 21.23 25.71 100.71 245.62 91.90
570 7.50 155.22 35.65 86.96 74.18
570 172.45 166.30 17.83 43.48 42.51
570 475.96 5.75 22.47 54.79 31.81
570 405.95 136.90 28.28 68.97 30.85
570 505.67 135.85 20.00 48.78 29.78
570 369.09 34.39 20.00 48.78 24.74
570 71.51 40.36 89.69 218.76 24.26
570 453.28 102.76 56.55 137.93 22.72
570 470.43 32.90 31.71 77.35 10.21
600 146.36 171.52 17.83 43.48 76.24
600 5.31 13.85 25.23 61.54 50.98
600 534.76 90.83 45.20 110.24 48.74
600 466.64 145.17 28.28 68.97 39.60
600 404.02 137.83 35.65 86.96 39.21
600 156.40 165.12 20.00 48.78 36.15
600 499.74 15.52 28.28 68.97 35.65
600 517.60 132.88 22.47 54.79 33.48
600 127.47 152.60 22.47 54.79 24.60
600 21.23 25.71 100.71 245.62 23.22
600 13.96 194.39 20.00 48.78 19.71
600 7.77 53.23 25.23 61.54 14.82
600 107.62 12.93 20.00 48.78 0.52
630 470.55 153.41 20.00 48.78 39.94
630 458.42 161.37 22.47 54.79 38.60
630 363.23 20.73 20.00 48.78 30.46
630 540.79 130.00 20.00 48.78 29.09
630 28.84 126.30 22.47 54.79 22.19
630 574.48 161.28 45.20 110.24 20.77
630 119.33 169.02 20.00 48.78 19.82
630 425.55 148.22 22.47 54.79 15.36
630 87.50 9.13 35.65 86.96 10.24
630 418.85 65.54 25.23 61.54 7.97
660 349.84 6.30 17.83 43.48 31.66
660 424.62 55.00 17.83 43.48 26.42
660 13.49 148.22 22.47 54.79 24.56
660 369.09 5.12 20.00 48.78 23.87
660 4.21 213.90 20.00 48.78 22.09
660 418.17 127.32 40.00 97.56 18.70
660 532.99 94.88 20.00 48.78 17.35
660 562.26 24.63 20.00 48.78 12.19
660 396.69 146.77 25.23 61.54 7.29
690 72.67 163.56 22.47 54.79 62.66
690 484.73 27.67 22.47 54.79 52.61
690 563.75 166.30 17.83 43.48 48.49
690 119.33 178.78 20.00 48.78 43.00
690 469.38 25.48 22.47 54.79 34.74
690 445.70 147.48 31.71 77.35 29.18
690 440.89 7.95 22.47 54.79 23.75
690 412.45 180.22 17.83 43.48 17.74
690 411.46 146.77 25.23 61.54 9.94
720 214.18 30.65 17.83 43.48 63.33
720 524.18 38.63 22.47 54.79 55.35
720 212.99 176.83 20.00 48.78 46.16
720 28.84 167.95 22.47 54.79 43.00
720 504.45 7.95 22.47 54.79 40.87
720 501.35 132.00 31.71 77.35 37.16
720 390.05 144.39 31.71 77.35 33.69
720 327.23 9.78 17.83 43.48 22.35
720 84.21 172.93 20.00 48.78 20.86
720 314.91 117.59 28.28 68.97 18.76
720 261.31 26.15 25.23 61.54 17.69
720 461.12 142.41 28.28 68.97 17.55
720 479.71 156.77 31.71 77.35 12.91
720 205.18 178.78 20.00 48.78 7.07
750 541.92 40.92 25.23 61.54 61.22
750 5.49 178.48 17.83 43.48 49.21
750 241.62 6.46 25.23 61.54 36.85
750 470.54 151.69 25.23 61.54 28.45
750 218.36 156.21 28.28 68.97 21.62
750 421.14 4.57 17.83 43.48 20.64
750 501.14 51.52 17.83 43.48 20.38
750 394.86 150.41 22.47 54.79 19.85
750 168.11 188.54 20.00 48.78 19.48
750 12.01 174.88 20.00 48.78 18.40
750 35.41 176.71 22.47 54.79 17.70
750 182.54 171.38 25.23 61.54 15.92
750 370.09 142.41 28.28 68.97 9.68
750 355.43 5.12 20.00 48.78 8.92
750 47.44 10.24 40.00 97.56 8.06
750 574.59 12.33 22.47 54.79 5.86
780 447.47 104.38 22.47 54.79 43.16
780 486.92 27.67 22.47 54.79 38.65
780 572.01 7.07 20.00 48.78 37.73
780 532.99 22.68 20.00 48.78 33.12
780 513.22 32.05 22.47 54.79 21.08
780 562.01 4.57 17.83 43.48 17.41
780 531.04 7.07 20.00 48.78 14.80
780 476.40 24.63 20.00 48.78 13.62
780 283.46 8.92 25.23 61.54 10.26
780 398.35 167.07 20.00 48.78 4.28
780 476.62 147.48 31.71 77.35 3.82
810 164.21 223.66 20.00 48.78 30.84
810 125.18 245.12 20.00 48.78 30.25
810 76.79 96.74 17.83 43.48 21.28
810 248.11 7.07 20.00 48.78 16.46
810 209.09 5.12 20.00 48.78 8.81
810 210.75 159.18 22.47 54.79 7.41
810 204.18 18.90 22.47 54.79 4.59
810 405.49 157.61 17.83 43.48 3.76
810 472.80 127.32 40.00 97.56 3.64
810 495.92 88.04 17.83 43.48 2.47
840 578.90 139.27 45.20 110.24 142.93
840 561.24 139.27 45.20 110.24 45.21
840 302.88 11.52 17.83 43.48 40.73
840 549.40 34.83 28.28 68.97 25.71
840 566.36 72.37 50.80 123.90 22.43
840 79.25 207.40 22.47 54.79 15.00
840 447.23 42.83 17.83 43.48 2.24
840 55.92 159.35 17.83 43.48 1.80
870 513.48 5.12 20.00 48.78 70.05
870 524.69 6.46 25.23 61.54 50.82
870 497.88 5.75 22.47 54.79 49.63
870 576.78 32.05 22.47 54.79 42.34
870 485.31 6.46 25.23 61.54 34.22
870 237.05 5.75 22.47 54.79 25.64
870 243.75 155.87 17.83 43.48 22.71
870 222.74 157.32 20.00 48.78 16.12
870 4.21 53.90 20.00 48.78 13.35
870 3.75 192.39 17.83 43.48 6.88
870 361.28 5.12 20.00 48.78 1.94
900 603.23 5.12 20.00 48.78 80.47
900 237.05 143.84 22.47 54.79 57.80
900 526.37 7.95 22.47 54.79 53.00
900 596.51 16.71 22.47 54.79 42.49
900 351.03 84.66 22.47 54.79 41.07
900 471.58 157.61 17.83 43.48 40.63
900 532.84 172.76 28.28 68.97 18.82
900 269.93 143.84 22.47 54.79 12.47
900 202.28 127.39 35.65 86.96 5.83
930 484.73 152.60 22.47 54.79 93.42
930 204.69 136.92 25.23 61.54 36.84
930 342.54 68.00 25.23 61.54 31.09
930 475.96 154.79 22.47 54.79 30.47
930 332.45 100.22 17.83 43.48 28.84
930 437.38 155.37 20.00 48.78 28.27
930 194.85 141.85 25.23 61.54 26.66
930 155.05 150.65 17.83 43.48 17.37
930 225.79 95.23 45.20 110.24 13.26
930 4.21 83.17 20.00 48.78 7.68
960 160.27 155.87 17.83 43.48 86.63
960 535.60 145.17 28.28 68.97 76.30
960 442.07 152.48 45.20 110.24 36.96
960 103.77 50.77 25.23 61.54 32.51
960 170.23 139.38 25.23 61.54 31.76
960 203.75 143.70 17.83 43.48 17.41
960 100.00 72.37 50.80 123.90 9.66
960 353.48 75.37 20.00 48.78 5.10
990 118.70 154.79 22.47 54.79 74.21
990 152.50 153.41 20.00 48.78 38.86
990 35.41 172.33 22.47 54.79 35.44
990 131.85 67.12 22.47 54.79 34.37
990 453.31 149.23 25.23 61.54 33.97
990 328.21 39.10 31.71 77.35 32.57
990 170.06 145.61 20.00 48.78 29.41
990 129.24 123.91 35.65 86.96 28.17
990 534.18 173.26 17.83 43.48 25.72
990 102.51 88.65 31.71 77.35 9.47
1020 90.21 150.41 22.47 54.79 44.21
1020 69.31 149.23 25.23 61.54 30.04
1020 54.94 48.05 20.00 48.78 28.88
1020 122.28 113.48 35.65 86.96 27.77
1020 331.30 10.14 22.47 54.79 13.94
1020 306.65 57.80 20.00 48.78 7.10
1050 49.09 153.41 20.00 48.78 102.69
1050 198.36 138.19 31.71 77.35 41.29
1050 369.62 129.54 25.23 61.54 39.67
1050 58.84 155.37 20.00 48.78 36.35
1050 147.19 161.37 22.47 54.79 32.54
1050 604.57 114.83 28.28 68.97 27.02
1050 298.23 31.08 25.23 61.54 21.32
1050 49.09 5.12 20.00 48.78 18.15
1050 294.18 58.48 17.83 43.48 14.62
1050 125.27 132.88 22.47 54.79 13.35
1050 403.62 20.00 56.55 137.93 11.36
1050 294.94 7.07 20.00 48.78 9.66
1080 32.38 149.23 25.23 61.54 64.88
1080 259.40 143.70 17.83 43.48 41.24
1080 303.88 7.24 28.28 68.97 30.91
1080 6.16 126.10 20.00 48.78 28.65
1080 433.32 6.30 17.83 43.48 23.81
1080 287.23 30.65 17.83 43.48 20.51
1080 375.92 148.91 17.83 43.48 15.05
1080 313.33 62.47 50.80 123.90 13.11
1080 179.74 153.45 28.28 68.97 12.98
1080 295.77 18.77 25.23 61.54 7.38
1080 484.21 90.98 20.00 48.78 4.19
1110 47.15 166.46 25.23 61.54 61.99
1110 386.21 116.10 63.78 155.55 59.15
1110 7.50 120.43 35.65 86.96 52.24
1110 5.95 313.45 28.28 68.97 36.71
1110 82.26 145.61 20.00 48.78 35.96
1110 497.93 89.13 35.65 86.96 19.61
1110 107.62 147.56 20.00 48.78 19.60
1110 7.77 6.46 25.23 61.54 19.22
1110 55.92 101.96 17.83 43.48 6.70
1140 452.72 179.57 35.65 86.96 56.42
1140 509.84 220.22 17.83 43.48 55.19
1140 483.19 214.14 28.28 68.97 42.38
1140 579.82 221.71 20.00 48.78 37.39
1140 135.77 154.15 25.23 61.54 36.07
1140 581.41 96.09 35.65 86.96 29.12
1140 467.34 221.81 31.71 77.35 28.85
1140 66.90 143.67 45.20 110.24 23.71
1140 116.08 151.69 25.23 61.54 23.37
1140 340.99 60.00 80.85 197.19 16.46
1140 490.71 6.30 17.83 43.48 14.32
1140 431.15 149.23 25.23 61.54 12.02
1140 150.54 188.62 25.23 61.54 10.87
1140 596.79 223.70 17.83 43.48 7.95
1140 397.67 15.52 28.28 68.97 4.19
1170 85.95 181.03 28.28 68.97 55.61
1170 543.59 187.71 45.20 110.24 34.84
1170 343.67 153.68 31.71 77.35 33.42
1170 162.85 156.62 25.23 61.54 32.63
1170 566.36 196.08 50.80 123.90 27.81
1170 182.50 197.59 28.28 68.97 25.55
1170 331.47 153.45 28.28 68.97 19.14
1170 570.98 155.22 35.65 86.96 18.78
1170 35.87 46.09 71.30 173.91 18.13
1170 462.74 40.24 20.00 48.78 9.13
1170 173.62 153.68 31.71 77.35 8.62
1170 427.74 38.63 22.47 54.79 7.41
1170 513.48 167.07 20.00 48.78 3.46
1200 9.11 100.00 22.47 54.79 71.58
1200 156.79 121.09 17.83 43.48 68.05
1200 281.84 150.58 31.71 77.35 49.52
1200 400.27 4.57 17.83 43.48 48.51
1200 443.08 165.75 22.47 54.79 47.37
1200 561.44 178.90 22.47 54.79 47.29
1200 196.79 228.91 17.83 43.48 44.28
1200 571.47 170.00 28.28 68.97 39.23
1200 592.14 240.55 45.20 110.24 27.95
1200 149.84 119.35 17.83 43.48 23.60
1200 412.01 9.02 20.00 48.78 22.49
1200 40.47 62.47 50.80 123.90 16.79
1200 222.74 219.76 20.00 48.78 16.58
1200 292.72 134.35 35.65 86.96 10.38
1200 508.10 11.52 17.83 43.48 8.86
1230 11.47 258.28 28.28 68.97 93.49
1230 153.59 137.83 35.65 86.96 72.60
1230 105.26 211.38 28.28 68.97 51.76
1230 13.96 196.34 20.00 48.78 35.83
1230 198.36 150.58 31.71 77.35 35.68
1230 209.24 137.83 35.65 86.96 19.35
1230 465.00 172.33 22.47 54.79 9.31
1230 132.72 165.65 35.65 86.96 6.52
1230 402.56 123.41 40.00 97.56 4.84
1230 269.57 12.93 20.00 48.78 3.59
1230 447.23 25.43 17.83 43.48 3.53
1260 58.07 148.07 45.20 110.24 35.06
1260 30.54 111.96 50.80 123.90 32.85
1260 367.44 131.22 40.00 97.56 25.98
1260 383.15 123.91 35.65 86.96 22.95
1260 183.72 170.98 20.00 48.78 21.29
1260 83.62 86.21 56.55 137.93 19.95
1260 353.48 163.17 20.00 48.78 6.56
1290 501.14 169.78 17.83 43.48 51.43
1290 472.50 174.88 20.00 48.78 47.51
1290 461.14 169.78 17.83 43.48 27.12
1290 53.66 139.27 45.20 110.24 23.85
1290 492.01 169.02 20.00 48.78 20.05
1290 318.94 159.87 31.71 77.35 9.63
1290 393.14 150.58 31.71 77.35 6.35
1320 531.04 167.07 20.00 48.78 76.38
1320 610.85 159.08 25.23 61.54 51.26
1320 35.87 101.74 71.30 173.91 47.10
1320 535.14 5.75 22.47 54.79 40.31
1320 59.23 8.13 31.71 77.35 37.99
1320 26.64 5.75 22.47 54.79 34.61
1320 172.69 136.92 25.23 61.54 25.52
1320 554.91 164.48 28.28 68.97 23.07
1320 368.41 159.87 31.71 77.35 14.62
1320 601.00 159.08 25.23 61.54 11.86
1350 382.74 32.44 20.00 48.78 29.47
1350 603.23 210.00 20.00 48.78 29.09
1350 325.31 6.46 25.23 61.54 25.72
1350 455.60 59.66 28.28 68.97 24.66
1350 507.62 7.07 20.00 48.78 20.58
1350 417.93 23.04 35.65 86.96 20.24
1350 284.57 37.59 28.28 68.97 18.25
1350 64.70 10.98 20.00 48.78 4.91
1350 55.24 166.34 40.00 97.56 2.86
1350 256.98 51.38 28.28 68.97 1.56
1380 3.75 140.22 17.83 43.48 24.59
1380 348.84 14.52 22.47 54.79 20.95
1380 5.49 6.30 17.83 43.48 19.99
1380 22.76 11.56 45.20 110.24 15.66
1380 445.18 5.12 20.00 48.78 15.43
1380 92.40 5.75 22.47 54.79 14.36
1380 450.85 31.08 25.23 61.54 9.32
1380 7.50 196.96 35.65 86.96 3.53
1380 261.14 27.17 17.83 43.48 0.42
1410 243.19 139.66 28.28 68.97 69.34
1410 263.77 6.46 25.23 61.54 54.20
1410 238.35 9.02 20.00 48.78 49.93
1410 27.93 18.05 40.00 97.56 49.80
1410 278.70 10.14 22.47 54.79 41.65
1410 287.47 7.95 22.47 54.79 36.65
1410 205.18 7.07 20.00 48.78 28.00
1410 4.21 24.63 20.00 48.78 27.88
1410 285.49 35.87 17.83 43.48 26.29
1410 247.83 8.13 31.71 77.35 23.36
1410 492.32 14.15 40.00 97.56 18.37
1410 133.10 156.88 45.20 110.24 16.52
1410 17.62 16.31 25.23 61.54 16.02
1410 598.54 124.62 25.23 61.54 13.13
1410 221.12 7.24 28.28 68.97 11.62
1440 5.95 10.00 28.28 68.97 43.25
1440 19.03 20.52 31.71 77.35 40.85
1440 245.49 13.26 17.83 43.48 38.52
1440 292.45 79.35 17.83 43.48 31.60
1440 106.62 117.25 45.20 110.24 29.49
1440 55.35 32.78 50.80 123.90 27.32
1440 13.49 139.45 22.47 54.79 23.85
1440 431.15 134.46 25.23 61.54 12.30
1440 134.18 46.30 17.83 43.48 12.06
1440 537.00 215.69 25.23 61.54 8.04
1440 250.21 150.41 22.47 54.79 2.90
1440 444.57 172.76 28.28 68.97 1.84
1470 346.64 60.55 22.47 54.79 65.30
1470 13.40 84.94 63.78 155.55 32.83
1470 4.73 62.74 22.47 54.79 32.40
1470 132.99 169.02 20.00 48.78 29.51
1470 368.56 64.93 22.47 54.79 19.40
1470 421.31 129.54 25.23 61.54 14.74
1470 285.18 71.46 20.00 48.78 12.70
1470 123.23 32.44 20.00 48.78 9.44
1500 18.34 77.61 45.20 110.24 52.44
1500 429.84 168.04 17.83 43.48 41.11
1500 74.76 45.37 40.00 97.56 33.09
1500 80.43 161.72 28.28 68.97 31.97
1500 4.73 75.89 22.47 54.79 28.70
1500 589.84 65.43 17.83 43.48 27.25
1500 544.70 73.41 20.00 48.78 26.95
1500 191.58 185.43 17.83 43.48 26.86
1500 449.24 137.83 35.65 86.96 24.97
1500 4.73 119.73 22.47 54.79 13.58
1500 450.71 112.39 17.83 43.48 12.74
1500 492.01 163.17 20.00 48.78 12.59
1500 100.00 107.01 50.80 123.90 8.77
1530 405.82 163.56 22.47 54.79 124.62
1530 22.13 156.77 31.71 77.35 62.99
1530 524.57 40.34 28.28 68.97 56.41
1530 40.41 187.71 45.20 110.24 50.61
1530 415.91 163.17 20.00 48.78 47.84
1530 581.77 46.10 20.00 48.78 45.89
1530 45.49 122.83 17.83 43.48 34.80
1530 475.46 77.85 25.23 61.54 29.69
1530 479.71 153.68 31.71 77.35 23.62
1530 199.05 45.86 28.28 68.97 21.45
1530 329.11 5.75 22.47 54.79 21.21
1530 56.89 28.83 63.78 155.55 19.68
1530 487.50 68.26 35.65 86.96 4.28
1560 375.14 163.56 22.47 54.79 180.86
1560 386.85 159.08 25.23 61.54 101.96
1560 366.37 161.37 22.47 54.79 67.67
1560 68.29 45.21 22.47 54.79 48.32
1560 22.13 147.48 31.71 77.35 26.48
1560 591.01 17.42 31.71 77.35 23.14
1560 453.31 159.08 25.23 61.54 22.26
1560 160.54 30.00 35.65 86.96 11.72
1560 452.99 57.80 20.00 48.78 11.02
1590 471.58 167.95 22.47 54.79 43.10
1590 16.98 158.97 28.28 68.97 42.54
1620 238.53 178.48 17.83 43.48 18.50
1650 156.71 158.54 40.00 97.56 240.47
1650 174.46 162.17 35.65 86.96 53.80
1650 548.29 183.29 22.47 54.79 27.62
1650 24.62 128.04 17.83 43.48 18.07
1680 49.24 170.09 45.20 110.24 218.09
1680 70.85 178.05 40.00 97.56 59.22
1680 521.28 7.07 20.00 48.78 46.19
1680 43.75 61.96 17.83 43.48 41.28
1680 370.75 159.18 22.47 54.79 35.61
1680 4.21 188.54 20.00 48.78 33.38
1680 475.31 146.56 80.85 197.19 27.79
1680 425.26 139.66 28.28 68.97 24.94
1680 63.88 78.97 28.28 68.97 23.86
1680 51.04 59.76 20.00 48.78 18.32
1710 442.01 164.57 17.83 43.48 58.83
1710 589.93 207.40 22.47 54.79 42.49
1710 5.49 157.61 17.83 43.48 39.80
1710 135.92 185.43 17.83 43.48 33.86
1710 265.67 30.49 20.00 48.78 20.50
1710 508.10 81.09 17.83 43.48 6.51
1710 416.38 124.62 25.23 61.54 6.28
1710 521.81 10.00 28.28 68.97 4.85
1710 402.34 174.50 45.20 110.24 3.45
1740 43.23 65.61 20.00 48.78 56.10
1740 265.67 36.34 20.00 48.78 48.53
1740 428.10 101.96 17.83 43.48 24.75
1740 541.71 5.75 22.47 54.79 23.75
1740 516.79 169.78 17.83 43.48 12.40
1740 523.75 20.22 17.83 43.48 8.24
1740 508.10 169.78 17.83 43.48 5.38
1740 35.41 53.97 22.47 54.79 0.10
1770 43.23 69.51 20.00 48.78 45.18
1770 135.92 195.87 17.83 43.48 39.67
1770 589.93 218.36 22.47 54.79 29.51
1770 4.21 155.37 20.00 48.78 14.54
1770 263.72 42.20 20.00 48.78 13.81
1770 33.22 58.36 22.47 54.79 11.72
