30 427.74 161.37 22.47 54.79 55.89
30 5.31 117.23 25.23 61.54 51.00
30 331.47 37.59 28.28 68.97 32.68
30 412.01 161.22 20.00 48.78 24.63
30 464.31 119.31 56.55 137.93 18.96
30 527.15 11.38 25.23 61.54 18.29
30 303.15 130.87 35.65 86.96 6.31
60 436.08 156.62 25.23 61.54 83.46
60 491.94 141.65 50.80 123.90 39.01
60 141.14 168.04 17.83 43.48 37.02
60 426.23 159.08 25.23 61.54 31.10
60 414.59 159.18 22.47 54.79 24.21
90 443.08 148.22 22.47 54.79 78.28
90 340.08 6.46 25.23 61.54 60.43
90 188.10 159.35 17.83 43.48 32.15
90 372.08 60.62 25.23 61.54 17.30
90 458.23 146.77 25.23 61.54 14.89
90 341.14 178.48 17.83 43.48 14.64
90 334.18 4.57 17.83 43.48 13.37
120 480.61 131.22 40.00 97.56 49.00
120 191.58 161.09 17.83 43.48 38.69
120 394.86 36.44 22.47 54.79 31.56
120 68.10 72.39 17.83 43.48 29.96
120 445.18 145.61 20.00 48.78 18.85
120 458.07 141.29 31.71 77.35 16.70
120 511.03 130.68 22.47 54.79 11.74
120 377.33 7.95 22.47 54.79 10.22
120 8.71 158.97 28.28 68.97 3.72
150 408.71 7.24 28.28 68.97 53.64
150 527.33 136.90 28.28 68.97 45.87
150 501.41 134.35 35.65 86.96 40.44
150 337.66 161.09 17.83 43.48 36.60
150 451.85 5.75 22.47 54.79 34.33
150 556.79 128.04 17.83 43.48 30.27
150 460.69 6.46 25.23 61.54 19.89
150 389.84 15.00 17.83 43.48 18.52
150 15.92 145.43 17.83 43.48 12.25
150 14.46 43.91 35.65 86.96 11.43
150 568.11 174.88 20.00 48.78 9.44
150 90.06 178.78 20.00 48.78 4.08
150 491.47 145.17 28.28 68.97 1.28
180 532.27 135.10 31.71 77.35 70.64
180 427.62 28.54 20.00 48.78 52.34
180 31.52 182.68 20.00 48.78 52.29
180 513.53 40.34 28.28 68.97 42.36
180 113.62 159.08 25.23 61.54 41.23
180 568.01 189.86 22.47 54.79 40.31
180 45.49 181.96 17.83 43.48 33.23
180 499.74 40.34 28.28 68.97 30.13
180 195.41 161.37 22.47 54.79 28.36
180 3.75 194.13 17.83 43.48 25.93
180 349.57 161.22 20.00 48.78 25.61
180 562.22 20.66 80.85 197.19 20.47
180 576.78 187.67 22.47 54.79 9.66
210 173.49 159.18 22.47 54.79 68.60
210 566.41 16.36 63.78 155.55 49.70
210 469.40 7.24 28.28 68.97 44.08
210 578.17 123.41 40.00 97.56 39.24
210 341.77 163.17 20.00 48.78 38.55
210 61.12 158.97 28.28 68.97 34.87
210 267.62 163.17 20.00 48.78 11.90
210 452.84 7.24 28.28 68.97 10.31
210 157.92 154.15 25.23 61.54 10.12
240 135.77 154.15 25.23 61.54 62.85
240 73.32 178.48 17.83 43.48 49.21
240 342.88 171.52 17.83 43.48 48.99
240 438.54 176.31 25.23 61.54 38.09
240 63.90 64.93 22.47 54.79 4.18
270 495.91 180.73 20.00 48.78 99.71
270 548.00 178.90 45.20 110.24 66.67
270 334.18 169.78 17.83 43.48 64.91
270 517.60 183.29 22.47 54.79 41.68
270 341.14 168.04 17.83 43.48 31.58
270 517.38 16.83 20.00 48.78 27.95
270 401.44 181.10 22.47 54.79 23.73
270 322.53 156.99 22.47 54.79 14.22
300 582.50 181.03 28.28 68.97 201.74
300 441.81 186.55 28.28 68.97 57.18
300 334.18 169.78 17.83 43.48 52.13
300 574.59 185.48 22.47 54.79 41.96
300 4.21 48.05 20.00 48.78 41.94
300 400.30 176.83 20.00 48.78 38.06
300 549.84 183.70 17.83 43.48 36.34
300 181.14 175.00 17.83 43.48 33.46
300 450.09 194.83 28.28 68.97 28.50
300 317.92 149.23 25.23 61.54 27.64
300 430.78 186.55 28.28 68.97 25.68
300 5.49 180.22 17.83 43.48 21.46
300 526.37 56.16 22.47 54.79 21.45
300 153.77 185.48 22.47 54.79 21.12
300 5.49 79.35 17.83 43.48 12.60
330 332.45 164.57 17.83 43.48 74.44
330 314.91 142.41 28.28 68.97 47.44
330 228.29 146.03 22.47 54.79 44.32
330 552.41 236.15 45.20 110.24 7.81
330 458.23 171.38 25.23 61.54 6.38
330 220.79 151.46 20.00 48.78 1.39
360 332.45 162.83 17.83 43.48 62.96
360 204.54 125.81 31.71 77.35 47.29
360 224.38 139.38 25.23 61.54 41.64
360 309.66 135.10 31.71 77.35 30.23
360 546.10 192.05 22.47 54.79 23.99
360 7.23 168.04 17.83 43.48 22.88
360 441.00 154.15 25.23 61.54 19.36
360 375.92 202.83 17.83 43.48 18.24
360 83.63 165.75 22.47 54.79 17.72
360 509.92 166.46 25.23 61.54 13.70
360 7.23 152.39 17.83 43.48 11.37
360 591.52 174.88 20.00 48.78 6.00
360 451.85 163.56 22.47 54.79 5.99
390 332.01 153.41 20.00 48.78 97.65
390 310.54 144.31 25.23 61.54 62.39
390 212.84 128.62 28.28 68.97 58.74
390 176.71 135.10 31.71 77.35 10.86
420 326.92 141.64 22.47 54.79 111.46
420 306.57 125.81 31.71 77.35 46.01
420 414.22 172.76 28.28 68.97 31.58
420 477.05 166.39 50.80 123.90 30.94
420 118.54 8.92 25.23 61.54 30.54
420 396.79 159.35 17.83 43.48 30.10
420 99.40 166.30 17.83 43.48 9.40
420 389.84 159.35 17.83 43.48 6.85
420 109.57 10.98 20.00 48.78 5.16
450 325.95 131.38 28.28 68.97 106.48
450 303.48 119.61 31.71 77.35 70.24
450 468.90 170.24 40.00 97.56 40.24
450 60.79 5.12 20.00 48.78 27.67
450 172.83 86.42 45.20 110.24 19.50
450 393.52 108.44 45.20 110.24 6.95
480 323.19 128.62 28.28 68.97 108.90
480 297.20 100.00 40.00 97.56 79.51
480 460.62 60.55 22.47 54.79 68.77
480 70.23 97.11 50.80 123.90 41.15
480 420.97 138.19 31.71 77.35 8.11
480 575.56 20.52 31.71 77.35 3.98
510 315.85 119.61 31.71 77.35 111.11
510 283.57 82.27 50.80 123.90 93.25
510 108.69 124.62 25.23 61.54 67.65
510 6.16 169.02 20.00 48.78 34.58
510 611.85 167.95 22.47 54.79 25.08
510 327.50 113.48 35.65 86.96 23.27
510 170.98 99.57 35.65 86.96 19.97
510 190.78 117.59 28.28 68.97 18.87
510 558.53 72.39 17.83 43.48 15.25
510 128.38 119.69 25.23 61.54 12.47
510 157.67 120.34 28.28 68.97 7.58
540 322.03 119.61 31.71 77.35 114.65
540 303.15 116.96 35.65 86.96 84.42
540 105.60 110.32 31.71 77.35 63.81
540 431.15 178.77 25.23 61.54 50.85
540 546.85 154.15 25.23 61.54 44.87
540 278.60 67.42 50.80 123.90 41.34
540 135.92 133.26 17.83 43.48 32.50
540 199.33 14.88 20.00 48.78 31.27
540 93.24 110.32 31.71 77.35 29.64
540 572.46 66.97 31.71 77.35 28.72
540 187.62 20.73 20.00 48.78 18.44
540 159.59 33.58 45.20 110.24 17.95
570 323.26 92.16 50.80 123.90 106.21
570 359.79 141.64 22.47 54.79 64.98
570 298.45 92.16 50.80 123.90 54.70
570 122.01 105.43 17.83 43.48 44.95
570 599.05 283.10 28.28 68.97 39.88
570 7.77 127.08 25.23 61.54 32.21
570 368.56 141.64 22.47 54.79 29.39
570 159.53 17.94 50.80 123.90 17.56
570 120.89 121.92 22.47 54.79 11.17
570 501.41 96.09 35.65 86.96 10.82
570 147.19 128.49 22.47 54.79 8.92
600 397.67 92.16 50.80 123.90 110.14
600 334.52 22.91 89.69 218.76 94.22
600 532.08 151.69 25.23 61.54 60.49
600 430.78 136.90 28.28 68.97 53.13
600 191.58 81.09 17.83 43.48 33.94
600 140.69 114.77 25.23 61.54 21.18
600 199.22 102.06 50.80 123.90 16.42
600 157.07 116.96 35.65 86.96 14.67
600 405.95 7.24 28.28 68.97 10.22
630 535.34 66.23 63.78 155.55 106.98
630 206.37 121.92 22.47 54.79 67.29
630 238.10 58.62 56.55 137.93 35.97
630 526.67 12.99 50.80 123.90 35.39
630 424.92 25.71 100.71 245.62 35.33
630 513.97 86.21 56.55 137.93 32.28
630 74.45 131.95 20.00 48.78 29.98
630 510.78 178.28 28.28 68.97 20.14
630 189.57 5.12 20.00 48.78 19.90
630 519.77 6.46 25.23 61.54 17.57
630 400.54 47.39 35.65 86.96 7.21
630 22.13 104.13 31.71 77.35 2.99
660 273.53 109.31 28.28 68.97 31.26
660 4.21 65.61 20.00 48.78 28.60
660 261.31 119.69 25.23 61.54 26.35
660 325.31 53.23 25.23 61.54 25.38
660 591.15 144.31 25.23 61.54 24.45
660 5.31 164.00 25.23 61.54 17.31
660 35.41 135.07 22.47 54.79 13.62
690 364.57 117.59 28.28 68.97 63.74
690 69.40 142.41 28.28 68.97 37.76
690 208.14 108.44 45.20 110.24 22.80
720 441.59 103.90 40.00 97.56 77.23
720 527.23 162.83 17.83 43.48 44.33
720 44.69 92.62 25.23 61.54 38.03
720 516.79 162.83 17.83 43.48 36.85
720 84.21 153.41 20.00 48.78 36.23
720 480.43 92.76 28.28 68.97 33.53
720 328.11 153.41 20.00 48.78 28.75
720 133.28 75.17 56.55 137.93 22.47
720 475.46 112.31 25.23 61.54 8.17
720 483.19 23.79 28.28 68.97 6.39
720 50.75 49.59 22.47 54.79 4.55
750 486.92 93.42 22.47 54.79 69.24
750 116.72 80.69 56.55 137.93 46.59
750 546.85 85.23 25.23 61.54 32.72
750 353.48 155.37 20.00 48.78 29.56
750 137.67 72.47 63.78 155.55 26.69
750 262.88 183.70 17.83 43.48 24.06
750 556.43 12.99 50.80 123.90 21.63
750 12.69 136.92 25.23 61.54 15.33
750 3.75 168.04 17.83 43.48 13.58
750 456.20 113.48 35.65 86.96 9.92
780 78.66 33.66 40.00 97.56 58.78
780 90.71 180.22 17.83 43.48 56.74
780 355.41 152.60 22.47 54.79 52.21
780 254.46 148.26 35.65 86.96 27.02
780 150.55 170.98 20.00 48.78 21.69
780 367.23 162.83 17.83 43.48 10.57
780 614.94 190.49 20.00 48.78 10.10
810 13.96 190.49 20.00 48.78 106.17
810 69.84 188.91 17.83 43.48 82.00
810 21.77 190.49 20.00 48.78 78.16
810 316.79 169.78 17.83 43.48 68.05
810 36.79 192.39 17.83 43.48 59.83
810 4.73 181.10 22.47 54.79 38.28
810 515.05 84.57 17.83 43.48 34.98
810 7.50 36.96 35.65 86.96 32.65
810 292.84 147.93 28.28 68.97 26.32
810 546.36 75.87 17.83 43.48 16.08
810 485.31 82.77 25.23 61.54 15.92
810 43.75 192.39 17.83 43.48 13.08
840 244.73 141.29 31.71 77.35 79.62
840 450.09 70.69 28.28 68.97 54.32
840 230.48 165.75 22.47 54.79 52.35
840 605.92 146.77 25.23 61.54 41.79
840 428.02 62.41 28.28 68.97 41.40
840 261.31 156.62 25.23 61.54 35.98
840 334.46 134.35 35.65 86.96 27.77
840 530.75 80.27 22.47 54.79 24.80
840 5.49 199.35 17.83 43.48 23.49
840 575.92 136.74 17.83 43.48 14.07
840 164.21 172.93 20.00 48.78 7.11
870 43.23 180.73 20.00 48.78 107.87
870 135.60 156.21 28.28 68.97 91.24
870 394.23 58.15 25.23 61.54 64.20
870 146.63 134.35 35.65 86.96 61.29
870 583.31 104.04 45.20 110.24 34.70
870 52.99 170.98 20.00 48.78 34.46
870 515.33 120.43 35.65 86.96 32.03
870 174.22 147.93 28.28 68.97 26.06
870 12.69 40.92 25.23 61.54 25.24
870 369.24 43.91 35.65 86.96 23.49
870 498.26 141.29 31.71 77.35 22.20
870 559.25 21.10 22.47 54.79 13.00
870 574.48 126.06 45.20 110.24 12.05
870 450.09 134.14 28.28 68.97 0.05
870 377.66 112.39 17.83 43.48 -0.05
900 492.45 171.52 17.83 43.48 84.14
900 25.58 111.96 50.80 123.90 52.46
900 345.00 36.00 25.23 61.54 50.60
900 536.03 64.14 56.55 137.93 40.82
900 327.23 86.30 17.83 43.48 26.52
900 596.51 146.03 22.47 54.79 25.44
900 303.48 26.71 31.71 77.35 21.64
900 551.58 42.83 17.83 43.48 20.91
900 479.71 116.52 31.71 77.35 20.62
900 50.52 91.72 56.55 137.93 16.87
900 576.38 18.77 25.23 61.54 8.37
900 378.84 149.51 20.00 48.78 6.38
900 216.91 70.06 31.71 77.35 4.32
930 581.14 164.57 17.83 43.48 132.70
930 473.20 91.17 63.78 155.55 54.61
930 265.52 11.56 45.20 110.24 46.09
930 575.92 157.61 17.83 43.48 46.01
930 313.77 47.40 22.47 54.79 34.95
930 156.40 155.37 20.00 48.78 25.23
930 318.15 141.64 22.47 54.79 24.16
930 141.14 162.83 17.83 43.48 22.18
930 584.62 155.87 17.83 43.48 20.54
930 236.40 30.49 20.00 48.78 19.32
930 372.99 73.41 20.00 48.78 9.44
960 258.85 141.85 25.23 61.54 62.32
960 223.88 7.24 28.28 68.97 52.63
960 529.47 40.47 114.81 280.01 46.11
960 29.57 165.12 20.00 48.78 43.41
960 234.45 59.76 20.00 48.78 40.59
960 86.16 167.07 20.00 48.78 38.34
960 318.48 99.63 45.20 110.24 35.25
960 185.00 16.31 25.23 61.54 34.48
960 214.94 67.56 20.00 48.78 31.54
960 202.23 55.69 25.23 61.54 29.50
960 309.84 154.13 17.83 43.48 20.37
960 259.74 73.45 28.28 68.97 14.75
960 452.45 171.52 17.83 43.48 14.20
960 443.75 171.52 17.83 43.48 13.03
990 155.46 53.23 25.23 61.54 69.22
990 199.33 147.56 20.00 48.78 51.62
990 502.50 167.24 28.28 68.97 37.38
990 160.27 35.87 17.83 43.48 28.61
990 125.49 18.05 40.00 97.56 25.93
990 218.84 161.22 20.00 48.78 21.68
990 130.71 161.09 17.83 43.48 20.55
990 12.01 176.83 20.00 48.78 19.20
990 452.72 134.35 35.65 86.96 19.10
990 607.13 157.32 20.00 48.78 17.58
990 400.30 153.41 20.00 48.78 15.74
990 216.89 30.49 20.00 48.78 14.31
1020 7.23 181.96 17.83 43.48 75.08
1020 169.11 159.18 22.47 54.79 64.14
1020 180.08 13.85 25.23 61.54 63.75
1020 132.99 57.80 20.00 48.78 56.00
1020 462.81 170.14 22.47 54.79 47.45
1020 254.59 49.59 22.47 54.79 42.50
1020 458.42 47.40 22.47 54.79 36.32
1020 557.67 142.41 28.28 68.97 26.16
1020 138.36 142.41 28.28 68.97 26.05
1020 343.67 128.90 31.71 77.35 19.56
1020 28.10 175.00 17.83 43.48 14.14
1020 140.69 8.92 25.23 61.54 14.08
1020 491.84 91.17 63.78 155.55 1.82
1050 468.60 169.02 20.00 48.78 93.50
1050 94.18 164.57 17.83 43.48 73.05
1050 337.49 125.81 31.71 77.35 54.53
1050 125.18 44.15 20.00 48.78 43.30
1050 135.77 156.62 25.23 61.54 39.31
1050 488.97 168.04 17.83 43.48 38.22
1050 591.16 151.55 50.80 123.90 35.97
1050 13.40 66.23 63.78 155.55 34.53
1050 245.82 38.63 22.47 54.79 33.49
1050 185.99 128.90 31.71 77.35 27.06
1050 220.79 153.41 20.00 48.78 23.14
1050 98.97 47.40 22.47 54.79 21.37
1050 174.18 159.35 17.83 43.48 21.20
1050 448.97 176.74 17.83 43.48 17.28
1050 158.35 9.02 20.00 48.78 12.53
1050 4.73 5.75 22.47 54.79 9.59
1080 359.63 119.51 40.00 97.56 82.25
1080 57.33 18.90 22.47 54.79 60.10
1080 218.36 18.28 28.28 68.97 59.81
1080 66.64 156.21 28.28 68.97 45.75
1080 406.16 153.41 20.00 48.78 43.22
1080 404.21 5.12 20.00 48.78 40.72
1080 59.52 47.40 22.47 54.79 37.07
1080 29.84 34.13 17.83 43.48 36.71
1080 252.28 108.44 45.20 110.24 36.44
1080 502.26 189.86 22.47 54.79 35.84
1080 515.41 198.63 22.47 54.79 33.10
1080 154.91 10.00 28.28 68.97 31.74
1080 317.07 123.91 35.65 86.96 27.83
1080 31.58 48.04 17.83 43.48 19.52
1080 117.38 151.46 20.00 48.78 13.29
1080 184.45 152.60 22.47 54.79 11.81
1080 111.15 6.46 25.23 61.54 9.87
1080 31.83 131.22 40.00 97.56 7.08
1080 396.40 5.12 20.00 48.78 -0.25
1110 340.55 108.44 45.20 110.24 88.89
1110 127.47 143.84 22.47 54.79 86.03
1110 285.49 115.61 40.00 97.56 50.70
1110 532.27 178.45 31.71 77.35 44.76
1110 212.95 156.99 22.47 54.79 33.17
1110 52.08 139.38 25.23 61.54 28.91
1110 389.40 145.17 28.28 68.97 27.00
1110 511.58 208.04 17.83 43.48 23.15
1110 612.45 105.43 17.83 43.48 17.05
1110 550.48 183.29 22.47 54.79 15.09
1110 80.16 97.11 50.80 123.90 14.47
1110 61.71 27.67 22.47 54.79 12.43
1110 406.54 6.46 25.23 61.54 11.59
1110 318.15 156.99 22.47 54.79 10.38
1110 225.79 104.04 45.20 110.24 9.73
1110 358.21 104.04 45.20 110.24 6.86
1110 602.28 162.17 35.65 86.96 5.79
1140 453.31 168.92 25.23 61.54 72.72
1140 515.41 205.21 22.47 54.79 52.28
1140 391.58 4.57 17.83 43.48 40.81
1140 377.00 11.38 25.23 61.54 37.60
1140 423.72 161.22 20.00 48.78 35.91
1140 24.02 220.98 40.00 97.56 23.67
1140 281.00 134.46 25.23 61.54 22.81
1140 348.45 75.17 56.55 137.93 20.30
1140 323.26 87.22 50.80 123.90 16.90
1170 57.66 129.78 17.83 43.48 57.27
1170 370.71 148.91 17.83 43.48 35.26
1170 262.50 120.34 28.28 68.97 33.73
1170 313.33 77.32 50.80 123.90 33.04
1170 175.68 139.45 22.47 54.79 30.69
1170 480.43 153.45 28.28 68.97 25.39
1170 285.92 149.23 25.23 61.54 22.37
1170 552.41 11.56 45.20 110.24 22.08
1170 443.75 162.83 17.83 43.48 18.10
1170 577.66 145.43 17.83 43.48 16.77
1170 158.35 137.80 20.00 48.78 16.50
1170 194.85 122.15 25.23 61.54 9.66
1200 495.68 150.41 22.47 54.79 42.62
1200 444.57 40.34 28.28 68.97 27.28
1200 11.30 12.33 22.47 54.79 21.40
1200 310.55 130.00 20.00 48.78 14.33
1200 320.43 106.55 28.28 68.97 4.20
1230 526.67 97.11 50.80 123.90 47.49
1230 426.36 157.61 17.83 43.48 40.07
1230 321.09 18.26 71.30 173.91 37.06
1230 36.29 117.59 28.28 68.97 32.02
1230 106.58 31.64 89.69 218.76 31.80
1230 539.52 7.95 22.47 54.79 26.87
1230 254.01 107.23 31.71 77.35 17.06
1230 5.49 145.43 17.83 43.48 14.51
1230 512.38 173.85 25.23 61.54 10.42
1230 436.43 101.03 31.71 77.35 5.19
1230 522.01 53.26 17.83 43.48 -0.49
1260 85.82 135.07 22.47 54.79 45.24
1260 22.54 127.08 25.23 61.54 40.00
1260 66.65 135.85 20.00 48.78 35.60
1260 526.67 116.91 50.80 123.90 28.58
1260 95.91 137.80 20.00 48.78 27.19
1260 603.38 101.03 31.71 77.35 26.12
1260 313.77 139.45 22.47 54.79 14.20
1260 12.45 148.91 17.83 43.48 7.24
1260 76.79 138.48 17.83 43.48 5.44
1290 35.33 137.83 35.65 86.96 41.99
1290 12.69 136.92 25.23 61.54 40.94
1290 49.09 7.07 20.00 48.78 39.14
1290 75.19 102.06 50.80 123.90 24.20
1290 404.08 141.85 25.23 61.54 21.56
1290 4.73 141.64 22.47 54.79 17.27
1320 17.93 99.57 35.65 86.96 36.54
1320 452.84 142.41 28.28 68.97 15.50
1320 438.54 146.77 25.23 61.54 15.09
1350 583.36 192.05 22.47 54.79 58.11
1350 9.52 99.63 45.20 110.24 52.99
1350 4.21 167.07 20.00 48.78 30.18
1350 285.27 174.52 22.47 54.79 24.53
1350 426.23 144.31 25.23 61.54 24.09
1350 458.42 36.44 22.47 54.79 18.85
1350 458.23 161.54 25.23 61.54 12.40
1350 355.41 108.77 22.47 54.79 9.13
1380 541.14 4.57 17.83 43.48 73.41
1380 468.60 163.17 20.00 48.78 37.50
1380 28.10 65.43 17.83 43.48 32.23
1380 561.44 5.75 22.47 54.79 28.23
1380 412.45 155.87 17.83 43.48 25.86
1380 341.41 116.96 35.65 86.96 25.41
1380 195.41 165.75 22.47 54.79 10.35
1380 513.48 178.78 20.00 48.78 10.20
1380 19.40 61.96 17.83 43.48 10.18
1410 7.50 162.17 35.65 86.96 54.65
1410 472.50 159.27 20.00 48.78 53.32
1410 497.88 10.14 22.47 54.79 51.47
1410 309.66 85.55 31.71 77.35 26.05
1410 593.78 158.54 40.00 97.56 23.27
1410 262.88 168.04 17.83 43.48 9.69
1410 497.66 150.65 17.83 43.48 6.55
1440 411.47 134.14 28.28 68.97 55.69
1440 79.25 23.29 22.47 54.79 36.45
1440 165.31 164.00 25.23 61.54 24.33
1440 316.79 110.65 17.83 43.48 20.83
1440 424.89 116.96 35.65 86.96 20.48
1440 4.73 213.97 22.47 54.79 11.49
1470 597.38 153.41 20.00 48.78 46.47
1470 256.69 95.23 45.20 110.24 38.18
1470 395.05 124.57 17.83 43.48 35.11
1470 612.45 166.30 17.83 43.48 24.09
1470 58.84 30.49 20.00 48.78 11.90
1500 331.47 131.38 28.28 68.97 61.86
1500 372.99 116.34 20.00 48.78 58.11
1500 220.00 125.81 31.71 77.35 47.70
1500 355.05 124.57 17.83 43.48 46.91
1500 494.22 178.28 28.28 68.97 40.78
1500 224.38 82.77 25.23 61.54 25.81
1500 478.35 5.12 20.00 48.78 19.35
1500 451.85 5.75 22.47 54.79 18.14
1500 587.62 5.12 20.00 48.78 15.50
1530 341.77 118.29 20.00 48.78 70.03
1530 435.05 157.61 17.83 43.48 52.57
1530 534.54 178.77 25.23 61.54 43.05
1530 523.23 161.22 20.00 48.78 41.38
1530 312.16 123.10 28.28 68.97 41.35
1530 527.13 12.93 20.00 48.78 37.25
1530 486.16 149.51 20.00 48.78 22.86
1530 149.40 12.76 28.28 68.97 22.50
1530 398.53 161.09 17.83 43.48 19.16
1530 458.42 148.22 22.47 54.79 18.51
1530 505.00 149.23 25.23 61.54 16.80
1530 302.74 135.85 20.00 48.78 13.67
1530 379.52 45.21 22.47 54.79 6.64
1530 266.23 139.38 25.23 61.54 6.03
1560 492.45 183.70 17.83 43.48 80.72
1560 333.49 106.58 22.47 54.79 65.45
1560 567.23 171.52 17.83 43.48 48.27
1560 181.77 153.41 20.00 48.78 46.16
1560 303.15 116.96 35.65 86.96 45.19
1560 288.02 125.81 31.71 77.35 43.80
1560 442.61 132.00 31.71 77.35 40.52
1560 604.57 15.52 28.28 68.97 39.31
1560 535.14 10.14 22.47 54.79 38.92
1560 540.79 157.32 20.00 48.78 33.46
1560 587.74 159.18 22.47 54.79 20.67
1560 263.77 136.92 25.23 61.54 18.55
1560 511.52 7.07 20.00 48.78 18.50
1560 404.08 139.38 25.23 61.54 18.24
1590 453.29 131.22 40.00 97.56 64.65
1590 330.06 104.63 20.00 48.78 43.43
1590 301.10 103.90 40.00 97.56 42.89
1590 420.97 141.29 31.71 77.35 41.28
1590 588.02 189.31 28.28 68.97 29.51
1590 543.05 119.51 40.00 97.56 26.13
1590 530.71 133.26 17.83 43.48 22.14
1590 130.71 161.09 17.83 43.48 15.07
1590 12.45 185.43 17.83 43.48 13.29
1620 287.59 95.23 45.20 110.24 65.04
1620 275.65 125.81 31.71 77.35 55.32
1620 320.38 102.46 25.23 61.54 46.44
1620 6.16 9.02 20.00 48.78 43.73
1620 611.04 120.24 20.00 48.78 38.83
1620 108.37 110.00 35.65 86.96 32.25
1620 21.14 175.00 17.83 43.48 29.22
1620 48.97 84.57 17.83 43.48 25.22
1620 388.10 164.57 17.83 43.48 21.43
1650 265.69 86.21 56.55 137.93 48.65
1650 78.35 163.17 20.00 48.78 43.61
1650 54.18 169.78 17.83 43.48 41.82
1650 247.83 122.71 31.71 77.35 30.29
1650 572.46 156.77 31.71 77.35 28.83
1650 90.08 97.11 50.80 123.90 20.32
1650 460.62 154.79 22.47 54.79 11.62
1650 582.50 15.52 28.28 68.97 10.44
1680 221.38 108.44 45.20 110.24 45.87
1680 70.55 163.17 20.00 48.78 44.91
1680 249.14 75.17 56.55 137.93 43.47
1680 391.77 151.69 25.23 61.54 23.42
1680 579.74 136.90 28.28 68.97 15.34
1680 313.77 102.19 22.47 54.79 13.85
1680 416.78 165.75 22.47 54.79 11.06
1710 220.00 138.19 31.71 77.35 64.02
1710 256.38 90.15 25.23 61.54 35.93
1710 367.15 151.69 25.23 61.54 30.45
1710 226.63 113.48 35.65 86.96 27.07
1710 410.21 178.90 22.47 54.79 15.91
1710 315.85 94.84 31.71 77.35 15.86
1710 420.97 141.29 31.71 77.35 14.46
1710 292.99 79.27 20.00 48.78 6.55
1740 231.77 151.69 25.23 61.54 58.72
1740 255.91 94.88 20.00 48.78 44.85
1740 26.36 180.22 17.83 43.48 39.75
1740 550.55 157.32 20.00 48.78 29.05
1740 422.07 127.32 40.00 97.56 22.28
1740 5.49 181.96 17.83 43.48 20.31
1740 240.43 128.62 28.28 68.97 15.22
1740 527.23 171.52 17.83 43.48 13.62
1740 414.18 171.52 17.83 43.48 10.82
1740 557.00 116.52 31.71 77.35 5.58
1770 365.31 45.29 31.71 77.35 58.92
1770 389.84 211.52 17.83 43.48 45.66
1770 401.44 200.82 22.47 54.79 39.85
1770 531.63 141.65 50.80 123.90 36.73
1770 485.63 97.40 63.78 155.55 30.33
1770 4.73 178.90 22.47 54.79 27.89
1770 261.77 170.98 20.00 48.78 26.93
1770 294.18 89.78 17.83 43.48 25.09
1770 406.16 44.15 20.00 48.78 20.99
1770 394.23 176.31 25.23 61.54 20.10
1770 217.66 178.48 17.83 43.48 18.45
1770 379.52 196.44 22.47 54.79 15.78
1770 35.41 174.52 22.47 54.79 10.05
1770 301.14 88.04 17.83 43.48 9.05
1770 585.55 115.34 22.47 54.79 8.32
1800 477.92 31.08 25.23 61.54 68.71
1800 448.79 32.90 31.71 77.35 63.36
1800 504.44 29.81 31.71 77.35 54.50
1800 337.62 166.46 25.23 61.54 53.58
1800 418.97 43.01 22.47 54.79 37.34
1800 581.74 193.94 31.71 77.35 27.84
1800 244.08 156.62 25.23 61.54 27.55
1800 340.07 82.47 22.47 54.79 23.49
1800 191.58 35.87 17.83 43.48 3.85
1800 323.19 150.69 28.28 68.97 3.07
1800 36.79 143.70 17.83 43.48 3.07
1830 512.38 21.23 25.23 61.54 78.95
1830 482.80 20.52 31.71 77.35 72.51
1830 542.74 7.07 20.00 48.78 70.19
1830 433.78 33.66 40.00 97.56 41.71
1830 442.01 190.65 17.83 43.48 31.24
1830 151.58 195.87 17.83 43.48 31.06
1830 336.22 142.93 40.00 97.56 20.41
1830 608.38 159.08 25.23 61.54 15.83
1830 473.00 31.08 25.23 61.54 15.02
1830 15.68 126.30 22.47 54.79 13.98
1830 361.99 71.51 22.47 54.79 11.86
1830 254.27 127.32 40.00 97.56 6.66
1830 449.39 25.85 40.00 97.56 4.42
1830 365.49 188.91 17.83 43.48 1.53
1860 596.51 5.75 22.47 54.79 73.66
1860 524.57 211.38 28.28 68.97 40.93
1860 17.62 186.15 25.23 61.54 34.86
1860 405.82 51.78 22.47 54.79 34.45
1860 372.84 117.59 28.28 68.97 31.00
1860 396.40 65.61 20.00 48.78 30.82
1860 560.54 12.61 35.65 86.96 29.42
1860 501.77 215.85 20.00 48.78 29.28
1860 30.78 51.38 28.28 68.97 25.72
1860 148.08 181.23 25.23 61.54 22.27
1860 283.08 150.41 22.47 54.79 16.35
1860 366.37 198.63 22.47 54.79 15.35
1860 37.31 183.69 25.23 61.54 14.72
1860 28.84 189.86 22.47 54.79 14.24
1890 364.57 186.55 28.28 68.97 58.02
1890 388.29 71.51 22.47 54.79 44.39
1890 400.43 29.31 28.28 68.97 24.56
1890 52.08 188.62 25.23 61.54 21.72
1890 66.90 20.37 45.20 110.24 20.48
1890 492.69 6.46 25.23 61.54 19.60
1890 561.44 82.47 22.47 54.79 19.56
1890 273.62 132.00 25.23 61.54 13.93
1890 462.17 131.75 50.80 123.90 13.62
1920 362.28 172.61 35.65 86.96 50.12
1920 144.70 213.90 20.00 48.78 49.61
1920 550.48 216.16 22.47 54.79 43.52
1920 572.40 67.12 22.47 54.79 39.67
1920 94.59 167.95 22.47 54.79 36.13
1920 375.60 67.93 28.28 68.97 31.24
1920 4.21 44.15 20.00 48.78 26.77
1920 391.58 208.04 17.83 43.48 26.69
1920 398.53 18.48 17.83 43.48 19.35
1920 583.36 67.12 22.47 54.79 18.33
1920 565.49 81.09 17.83 43.48 16.89
1920 431.15 6.46 25.23 61.54 15.44
1920 386.63 54.35 35.65 86.96 12.39
1920 8.41 115.61 40.00 97.56 11.51
1920 381.12 40.34 28.28 68.97 11.42
1950 389.31 6.46 25.23 61.54 55.94
1950 132.84 192.07 28.28 68.97 53.77
1950 401.62 6.46 25.23 61.54 48.50
1950 377.83 32.78 50.80 123.90 41.27
1950 372.84 15.52 28.28 68.97 33.43
1950 374.18 209.78 17.83 43.48 25.65
1950 393.32 209.78 17.83 43.48 24.88
1950 594.32 49.59 22.47 54.79 23.42
1980 402.34 11.56 45.20 110.24 83.59
1980 587.62 5.12 20.00 48.78 75.03
1980 372.45 209.78 17.83 43.48 68.55
1980 600.29 17.42 31.71 77.35 50.22
1980 90.06 231.46 20.00 48.78 33.88
1980 596.79 67.17 17.83 43.48 20.69
1980 134.04 178.90 22.47 54.79 20.04
1980 37.31 127.08 25.23 61.54 19.74
1980 442.28 12.61 35.65 86.96 14.20
1980 358.80 78.70 35.65 86.96 12.97
1980 579.40 6.30 17.83 43.48 12.76
1980 295.92 209.78 17.83 43.48 12.69
1980 13.96 211.95 20.00 48.78 9.83
1980 430.78 12.76 28.28 68.97 4.37
