30 4.21 196.34 20.00 48.78 61.34
30 266.23 178.77 25.23 61.54 49.65
30 515.43 194.39 20.00 48.78 44.48
30 196.79 201.09 17.83 43.48 36.72
30 359.13 172.26 31.71 77.35 28.86
30 290.09 156.21 28.28 68.97 22.81
30 469.40 172.76 28.28 68.97 21.73
30 90.98 183.04 35.65 86.96 21.18
30 15.91 200.24 20.00 48.78 20.18
30 502.88 194.13 17.83 43.48 19.17
30 258.85 171.38 25.23 61.54 16.80
30 175.92 221.96 17.83 43.48 13.78
30 399.25 198.63 22.47 54.79 12.30
30 6.16 210.00 20.00 48.78 11.58
30 291.04 59.76 20.00 48.78 11.00
30 138.42 165.75 22.47 54.79 8.82
30 307.19 189.86 22.47 54.79 7.83
30 391.58 195.87 17.83 43.48 5.51
60 284.57 178.28 28.28 68.97 63.76
60 511.52 194.39 20.00 48.78 53.94
60 8.97 211.52 17.83 43.48 52.53
60 359.13 169.16 31.71 77.35 42.57
60 303.15 188.62 25.23 61.54 36.85
60 398.53 199.35 17.83 43.48 36.37
60 12.45 201.09 17.83 43.48 28.73
60 5.49 202.83 17.83 43.48 28.63
60 263.77 38.46 25.23 61.54 25.23
60 391.58 197.61 17.83 43.48 22.75
60 36.44 49.09 89.69 218.76 22.22
60 280.27 53.26 17.83 43.48 18.53
60 258.85 63.08 25.23 61.54 14.11
60 214.18 161.09 17.83 43.48 13.98
60 447.33 175.52 28.28 68.97 10.73
90 340.58 172.26 31.71 77.35 74.53
90 513.22 189.86 22.47 54.79 58.75
90 327.77 186.15 25.23 61.54 57.52
90 124.15 122.71 31.71 77.35 45.87
90 362.28 165.65 35.65 86.96 44.04
90 234.23 161.54 25.23 61.54 43.57
90 261.77 61.71 20.00 48.78 32.09
90 175.91 286.10 20.00 48.78 21.18
90 257.87 172.93 20.00 48.78 20.25
90 448.79 175.35 31.71 77.35 19.82
90 400.27 197.61 17.83 43.48 17.38
90 97.87 100.73 20.00 48.78 12.60
90 466.64 175.52 28.28 68.97 12.57
90 248.11 172.93 20.00 48.78 11.80
90 505.67 192.44 20.00 48.78 7.69
90 492.01 106.59 20.00 48.78 7.26
120 18.34 170.09 45.20 110.24 47.10
120 370.75 159.18 22.47 54.79 36.70
120 45.21 49.09 89.69 218.76 26.76
120 253.96 170.98 20.00 48.78 21.18
120 234.23 161.54 25.23 61.54 19.46
120 261.16 64.93 22.47 54.79 17.77
120 354.85 159.08 25.23 61.54 11.60
120 272.12 43.01 22.47 54.79 7.45
120 250.21 75.89 22.47 54.79 1.43
150 116.29 183.79 28.28 68.97 77.74
150 515.43 194.39 20.00 48.78 64.76
150 128.38 188.62 25.23 61.54 51.90
150 359.13 169.16 31.71 77.35 49.59
150 390.48 196.44 22.47 54.79 44.40
150 276.51 58.36 22.47 54.79 38.92
150 453.31 171.38 25.23 61.54 36.43
150 477.05 131.75 50.80 123.90 29.74
150 232.16 153.45 28.28 68.97 26.55
150 343.67 159.87 31.71 77.35 20.33
150 141.12 120.34 28.28 68.97 15.78
150 316.40 196.34 20.00 48.78 13.39
150 257.93 12.61 35.65 86.96 10.67
150 18.90 84.00 89.69 218.76 6.37
150 207.44 135.12 40.00 97.56 3.98
180 466.03 118.91 89.69 218.76 64.40
180 211.04 137.80 20.00 48.78 59.37
180 5.49 209.78 17.83 43.48 46.10
180 72.16 167.24 28.28 68.97 21.97
180 527.40 127.64 89.69 218.76 8.00
180 379.52 34.25 22.47 54.79 6.37
180 251.46 72.92 25.23 61.54 5.14
210 31.52 190.49 20.00 48.78 64.37
210 234.45 165.12 20.00 48.78 34.75
210 156.40 192.44 20.00 48.78 32.35
210 7.23 211.52 17.83 43.48 25.91
210 386.36 169.78 17.83 43.48 25.81
210 474.13 108.70 71.30 173.91 24.84
210 370.71 161.09 17.83 43.48 19.74
210 99.40 100.22 17.83 43.48 18.43
210 88.97 105.43 17.83 43.48 17.82
210 47.33 186.55 28.28 68.97 7.82
210 118.54 112.31 25.23 61.54 7.43
210 403.75 190.65 17.83 43.48 2.37
240 181.14 195.87 17.83 43.48 69.12
240 346.64 174.52 22.47 54.79 58.21
240 212.45 197.61 17.83 43.48 55.33
240 6.16 210.00 20.00 48.78 45.68
240 335.15 171.38 25.23 61.54 44.14
240 257.87 172.93 20.00 48.78 41.33
240 234.23 161.54 25.23 61.54 38.86
240 267.62 174.88 20.00 48.78 36.84
240 403.75 169.78 17.83 43.48 33.29
240 45.21 49.09 89.69 218.76 22.45
240 261.16 69.32 22.47 54.79 21.17
240 277.38 176.83 20.00 48.78 16.59
240 477.05 107.01 50.80 123.90 13.32
240 289.66 174.52 22.47 54.79 5.93
240 256.38 40.92 25.23 61.54 0.30
270 511.03 189.86 22.47 54.79 56.08
270 6.16 210.00 20.00 48.78 48.55
270 276.51 58.36 22.47 54.79 37.48
270 261.31 40.92 25.23 61.54 32.56
270 503.72 196.34 20.00 48.78 28.43
270 390.48 196.44 22.47 54.79 26.65
270 362.22 169.16 31.71 77.35 20.69
270 234.91 54.14 28.28 68.97 19.64
270 12.45 201.09 17.83 43.48 17.54
270 459.40 188.91 17.83 43.48 16.57
270 468.55 139.27 45.20 110.24 16.42
270 45.21 49.09 89.69 218.76 14.03
270 610.85 186.15 25.23 61.54 14.03
300 245.49 185.43 17.83 43.48 66.01
300 468.08 176.31 25.23 61.54 51.04
300 7.23 211.52 17.83 43.48 49.53
300 267.62 174.88 20.00 48.78 46.79
300 511.58 199.35 17.83 43.48 46.77
300 344.45 174.52 22.47 54.79 43.23
300 69.84 208.04 17.83 43.48 39.46
300 353.53 156.21 28.28 68.97 37.63
300 359.05 170.00 28.28 68.97 33.80
300 450.85 176.31 25.23 61.54 32.51
300 317.92 176.31 25.23 61.54 30.25
300 280.27 178.48 17.83 43.48 28.20
300 62.88 206.30 17.83 43.48 28.15
300 400.27 197.61 17.83 43.48 26.86
300 259.74 62.41 28.28 68.97 24.90
300 381.12 164.48 28.28 68.97 9.99
300 44.57 189.31 28.28 68.97 9.80
330 12.69 196.00 25.23 61.54 197.48
330 4.73 187.67 22.47 54.79 99.99
330 250.21 174.52 22.47 54.79 56.50
330 361.99 176.71 22.47 54.79 46.58
330 513.48 194.39 20.00 48.78 43.78
330 6.16 211.95 20.00 48.78 41.57
330 341.77 176.83 20.00 48.78 41.35
330 269.84 178.48 17.83 43.48 33.64
330 258.85 68.00 25.23 61.54 31.65
330 448.79 175.35 31.71 77.35 26.68
330 400.27 197.61 17.83 43.48 25.57
330 27.67 57.82 89.69 218.76 23.52
330 294.04 170.14 22.47 54.79 23.06
330 610.85 186.15 25.23 61.54 19.25
330 349.84 11.52 17.83 43.48 17.95
330 140.69 124.62 25.23 61.54 16.69
330 469.40 172.76 28.28 68.97 15.84
330 282.01 180.22 17.83 43.48 13.74
330 207.44 131.22 40.00 97.56 4.17
360 56.14 184.65 31.71 77.35 192.61
360 40.68 184.65 31.71 77.35 144.89
360 263.36 170.14 22.47 54.79 61.54
360 515.43 194.39 20.00 48.78 59.89
360 248.01 174.52 22.47 54.79 55.64
360 7.23 206.30 17.83 43.48 55.15
360 359.05 170.00 28.28 68.97 50.50
360 398.53 201.09 17.83 43.48 44.39
360 337.93 165.65 35.65 86.96 43.58
360 448.38 171.38 25.23 61.54 35.76
360 232.16 161.72 28.28 68.97 28.84
360 132.99 114.39 20.00 48.78 22.97
360 465.62 173.85 25.23 61.54 19.11
360 262.50 34.83 28.28 68.97 16.55
390 110.78 186.55 28.28 68.97 190.70
390 98.85 193.54 25.23 61.54 98.24
390 7.23 209.78 17.83 43.48 64.95
390 267.62 176.83 20.00 48.78 61.99
390 445.49 147.17 17.83 43.48 48.18
390 276.51 58.36 22.47 54.79 39.28
390 261.41 9.13 35.65 86.96 35.53
390 123.46 193.54 25.23 61.54 34.73
390 259.74 62.41 28.28 68.97 33.26
390 41.99 194.25 22.47 54.79 29.86
390 610.85 186.15 25.23 61.54 26.56
390 235.46 150.58 31.71 77.35 26.05
390 92.45 201.09 17.83 43.48 18.39
390 365.31 147.48 31.71 77.35 17.69
390 474.13 101.74 71.30 173.91 13.86
390 294.18 173.26 17.83 43.48 10.40
390 33.48 190.49 20.00 48.78 9.11
390 328.41 123.41 40.00 97.56 3.67
420 171.47 186.55 28.28 68.97 159.13
420 160.34 200.82 22.47 54.79 84.05
420 6.16 210.00 20.00 48.78 58.44
420 187.62 206.10 20.00 48.78 52.21
420 513.48 192.44 20.00 48.78 50.42
420 448.38 176.31 25.23 61.54 46.14
420 36.44 49.09 89.69 218.76 33.12
420 12.45 202.83 17.83 43.48 29.25
420 238.55 150.58 31.71 77.35 27.84
420 359.13 169.16 31.71 77.35 27.36
420 256.78 170.14 22.47 54.79 24.94
420 267.74 176.71 22.47 54.79 23.45
420 276.51 58.36 22.47 54.79 20.56
420 262.50 37.59 28.28 68.97 19.22
420 503.72 194.39 20.00 48.78 19.18
420 258.85 65.54 25.23 61.54 17.48
420 195.43 204.15 20.00 48.78 15.85
420 327.50 137.83 35.65 86.96 14.47
420 289.24 141.30 35.65 86.96 12.21
450 30.78 192.07 28.28 68.97 173.16
450 232.37 181.55 31.71 77.35 149.01
450 36.29 178.28 28.28 68.97 73.74
450 221.12 186.55 28.28 68.97 68.87
450 244.02 169.13 35.65 86.96 50.87
450 22.26 194.25 22.47 54.79 50.04
450 267.74 45.21 22.47 54.79 47.06
450 267.62 174.88 20.00 48.78 46.65
450 362.22 175.35 31.71 77.35 42.52
450 291.04 172.93 20.00 48.78 40.92
450 513.32 199.35 17.83 43.48 36.92
450 274.32 183.29 22.47 54.79 29.85
450 391.58 197.61 17.83 43.48 28.85
450 400.27 197.61 17.83 43.48 28.76
450 316.71 135.12 40.00 97.56 27.73
450 48.56 198.63 22.47 54.79 26.09
450 261.77 67.56 20.00 48.78 25.20
450 3.75 204.57 17.83 43.48 24.38
450 448.79 175.35 31.71 77.35 24.00
450 598.70 95.62 22.47 54.79 21.28
450 278.53 58.48 17.83 43.48 18.80
450 414.18 166.30 17.83 43.48 18.38
450 66.10 181.10 22.47 54.79 17.72
480 87.05 181.55 31.71 77.35 173.15
480 294.20 178.45 31.71 77.35 163.84
480 279.05 186.55 28.28 68.97 64.98
480 511.58 199.35 17.83 43.48 59.05
480 256.78 176.71 22.47 54.79 53.78
480 259.74 65.17 28.28 68.97 47.72
480 365.31 150.58 31.71 77.35 46.74
480 77.78 190.84 31.71 77.35 43.48
480 223.09 162.97 31.71 77.35 42.61
480 354.85 161.54 25.23 61.54 39.74
480 276.79 58.48 17.83 43.48 38.36
480 97.66 101.96 17.83 43.48 35.05
480 47.15 188.62 25.23 61.54 30.03
480 396.40 202.20 20.00 48.78 25.37
480 237.67 164.48 28.28 68.97 25.23
480 263.77 196.00 25.23 61.54 24.36
480 450.85 176.31 25.23 61.54 24.20
480 7.23 208.04 17.83 43.48 24.19
480 29.57 190.49 20.00 48.78 20.38
480 359.13 175.35 31.71 77.35 20.20
480 342.50 172.76 28.28 68.97 18.56
480 381.12 164.48 28.28 68.97 17.72
480 469.40 175.52 28.28 68.97 17.20
480 12.45 215.00 17.83 43.48 10.34
510 142.71 178.45 31.71 77.35 150.41
510 341.41 169.13 35.65 86.96 141.86
510 355.33 169.13 35.65 86.96 120.43
510 281.28 178.78 20.00 48.78 65.63
510 513.48 194.39 20.00 48.78 59.70
510 45.21 49.09 89.69 218.76 44.51
510 242.01 195.87 17.83 43.48 40.04
510 5.49 204.57 17.83 43.48 35.07
510 289.09 176.83 20.00 48.78 34.62
510 231.77 161.54 25.23 61.54 26.20
510 450.85 176.31 25.23 61.54 24.64
510 27.46 178.77 25.23 61.54 21.08
510 12.45 213.26 17.83 43.48 19.97
510 266.23 168.92 25.23 61.54 19.62
510 250.06 170.98 20.00 48.78 19.29
510 466.64 172.76 28.28 68.97 14.82
510 160.30 163.17 20.00 48.78 13.95
510 503.72 194.39 20.00 48.78 8.79
510 205.76 165.65 35.65 86.96 6.17
510 390.55 202.20 20.00 48.78 1.69
540 414.78 178.45 31.71 77.35 168.13
540 195.27 178.45 31.71 77.35 117.23
540 403.19 186.55 28.28 68.97 87.62
540 289.09 176.83 20.00 48.78 73.30
540 263.77 168.92 25.23 61.54 58.43
540 7.23 206.30 17.83 43.48 57.72
540 428.37 172.61 35.65 86.96 49.03
540 259.82 65.61 20.00 48.78 43.32
540 27.46 178.77 25.23 61.54 40.94
540 508.84 189.86 22.47 54.79 30.96
540 45.21 49.09 89.69 218.76 28.39
540 309.84 178.48 17.83 43.48 22.72
540 365.31 150.58 31.71 77.35 22.27
540 342.26 172.33 22.47 54.79 19.00
540 356.29 175.52 28.28 68.97 18.95
540 447.33 175.52 28.28 68.97 18.85
540 492.45 107.17 17.83 43.48 16.92
540 234.86 161.37 22.47 54.79 16.89
540 267.62 50.00 20.00 48.78 12.67
570 458.36 186.55 28.28 68.97 163.42
570 473.59 172.61 35.65 86.96 152.73
570 250.92 175.35 31.71 77.35 143.39
570 447.33 175.52 28.28 68.97 74.69
570 7.23 206.30 17.83 43.48 65.19
570 513.48 194.39 20.00 48.78 58.28
570 289.09 174.88 20.00 48.78 56.81
570 263.29 175.35 31.71 77.35 48.70
570 477.07 196.96 35.65 86.96 43.65
570 400.27 195.87 17.83 43.48 40.31
570 74.23 188.62 25.23 61.54 38.92
570 273.48 48.05 20.00 48.78 36.22
570 364.69 164.00 25.23 61.54 33.74
570 240.43 186.55 28.28 68.97 31.40
570 261.16 67.12 22.47 54.79 22.65
570 337.49 172.26 31.71 77.35 21.19
570 600.89 95.62 22.47 54.79 20.74
570 252.01 75.37 20.00 48.78 19.47
570 234.23 159.08 25.23 61.54 18.34
570 455.60 167.24 28.28 68.97 14.42
570 101.14 98.48 17.83 43.48 12.77
570 393.32 194.13 17.83 43.48 11.29
570 94.18 98.48 17.83 43.48 8.71
570 283.08 34.25 22.47 54.79 6.50
570 257.10 159.87 31.71 77.35 6.07
600 309.66 178.45 31.71 77.35 183.59
600 514.85 186.15 25.23 61.54 145.21
600 535.60 189.31 28.28 68.97 120.27
600 297.29 181.55 31.71 77.35 86.24
600 7.23 211.52 17.83 43.48 76.44
600 231.77 161.54 25.23 61.54 56.67
600 252.01 170.98 20.00 48.78 55.49
600 285.18 172.93 20.00 48.78 43.56
600 261.14 65.43 17.83 43.48 39.75
600 265.55 176.71 22.47 54.79 34.84
600 390.48 196.44 22.47 54.79 28.23
600 45.21 49.09 89.69 218.76 26.15
600 466.64 175.52 28.28 68.97 23.72
600 448.38 176.31 25.23 61.54 23.35
600 508.10 201.09 17.83 43.48 13.72
600 399.15 186.15 25.23 61.54 8.56
630 557.00 181.55 31.71 77.35 158.16
630 362.28 169.13 35.65 86.96 146.91
630 589.93 185.48 22.47 54.79 93.81
630 268.10 180.22 17.83 43.48 62.44
630 234.91 156.21 28.28 68.97 48.22
630 448.38 176.31 25.23 61.54 47.58
630 285.18 172.93 20.00 48.78 47.24
630 513.48 196.34 20.00 48.78 41.88
630 253.96 170.98 20.00 48.78 32.59
630 375.24 158.54 40.00 97.56 26.31
630 465.62 176.31 25.23 61.54 16.69
630 253.92 72.92 25.23 61.54 5.14
660 417.87 181.55 31.71 77.35 169.17
660 430.24 178.45 31.71 77.35 80.83
660 52.84 200.34 28.28 68.97 72.26
660 287.23 176.74 17.83 43.48 71.18
660 591.85 179.57 35.65 86.96 56.33
660 405.51 181.55 31.71 77.35 46.51
660 234.23 159.08 25.23 61.54 46.02
660 442.61 172.26 31.71 77.35 34.32
660 466.64 175.52 28.28 68.97 30.05
660 253.96 170.98 20.00 48.78 26.73
660 261.31 65.54 25.23 61.54 22.77
660 513.48 194.39 20.00 48.78 22.64
660 388.60 204.15 20.00 48.78 18.74
660 294.18 175.00 17.83 43.48 17.15
660 396.23 172.26 31.71 77.35 15.42
660 364.69 168.92 25.23 61.54 5.93
660 141.12 120.34 28.28 68.97 1.89
690 470.11 172.61 35.65 86.96 222.02
690 449.24 172.61 35.65 86.96 86.28
690 5.49 209.78 17.83 43.48 58.93
690 138.23 193.54 25.23 61.54 57.49
690 234.23 161.54 25.23 61.54 51.98
690 272.12 43.01 22.47 54.79 46.35
690 392.67 194.25 22.47 54.79 39.86
690 485.63 116.10 63.78 155.55 30.55
690 109.84 213.26 17.83 43.48 28.89
690 359.13 169.16 31.71 77.35 26.78
690 15.91 198.29 20.00 48.78 26.67
690 129.39 119.51 40.00 97.56 23.31
690 259.74 62.41 28.28 68.97 18.22
690 10.71 215.00 17.83 43.48 16.43
690 289.24 141.30 35.65 86.96 12.15
690 276.51 58.36 22.47 54.79 10.12
690 536.16 40.36 89.69 218.76 7.74
720 252.01 170.98 20.00 48.78 50.29
720 5.49 206.30 17.83 43.48 48.80
720 234.45 165.12 20.00 48.78 39.20
720 290.85 159.08 25.23 61.54 36.61
720 132.45 143.70 17.83 43.48 36.34
720 257.93 12.61 35.65 86.96 33.58
720 259.74 65.17 28.28 68.97 27.61
720 601.28 98.78 20.00 48.78 22.62
720 362.22 150.58 31.71 77.35 21.69
720 388.29 205.21 22.47 54.79 21.31
720 140.62 128.49 22.47 54.79 19.07
720 359.13 172.26 31.71 77.35 16.62
720 180.07 192.05 22.47 54.79 10.85
720 76.40 194.39 20.00 48.78 6.37
750 563.19 181.55 31.71 77.35 261.31
750 575.56 181.55 31.71 77.35 76.33
750 513.48 192.44 20.00 48.78 49.69
750 258.85 63.08 25.23 61.54 40.81
750 443.08 137.26 22.47 54.79 13.17
780 597.20 181.55 31.71 77.35 245.39
780 284.57 178.28 28.28 68.97 95.91
780 584.83 181.55 31.71 77.35 90.00
780 40.92 45.31 100.71 245.62 49.82
780 4.21 229.51 20.00 48.78 46.26
780 349.86 175.35 31.71 77.35 45.59
780 328.21 175.35 31.71 77.35 43.19
780 390.48 196.44 22.47 54.79 43.11
780 511.52 194.39 20.00 48.78 28.53
780 400.30 196.34 20.00 48.78 26.99
780 268.69 43.38 25.23 61.54 23.97
780 261.16 67.12 22.47 54.79 13.92
780 362.22 172.26 31.71 77.35 13.02
780 451.85 176.71 22.47 54.79 4.27
780 244.21 188.54 20.00 48.78 3.43
780 502.88 195.87 17.83 43.48 1.96
780 465.62 181.23 25.23 61.54 1.54
810 238.53 164.57 17.83 43.48 57.66
810 513.48 194.39 20.00 48.78 54.43
810 605.49 183.70 17.83 43.48 45.50
810 400.27 201.09 17.83 43.48 27.05
810 6.16 112.44 20.00 48.78 25.06
810 140.62 115.34 22.47 54.79 23.62
810 261.77 65.61 20.00 48.78 22.69
810 123.08 113.15 22.47 54.79 20.28
810 358.80 169.13 35.65 86.96 16.66
810 505.67 194.39 20.00 48.78 15.51
810 278.70 58.36 22.47 54.79 15.15
810 266.23 43.38 25.23 61.54 13.84
810 451.85 176.71 22.47 54.79 11.42
810 97.66 101.96 17.83 43.48 8.95
840 598.80 179.57 35.65 86.96 241.19
840 267.74 183.29 22.47 54.79 83.24
840 5.49 206.30 17.83 43.48 55.41
840 517.10 161.28 45.20 110.24 24.21
840 278.70 60.55 22.47 54.79 19.87
840 256.38 68.00 25.23 61.54 16.93
840 238.53 166.30 17.83 43.48 14.15
840 209.24 158.70 35.65 86.96 12.68
840 345.67 227.56 20.00 48.78 11.38
870 600.29 184.65 31.71 77.35 221.05
870 124.57 114.83 28.28 68.97 37.34
870 267.74 45.21 22.47 54.79 33.12
870 153.32 136.74 17.83 43.48 29.12
870 246.54 132.00 25.23 61.54 26.09
870 254.22 65.17 28.28 68.97 23.77
870 277.38 57.80 20.00 48.78 11.69
900 598.80 179.57 35.65 86.96 204.99
900 7.23 213.26 17.83 43.48 76.69
900 390.48 196.44 22.47 54.79 47.74
900 513.48 196.34 20.00 48.78 46.95
900 45.21 49.09 89.69 218.76 39.69
900 306.65 176.83 20.00 48.78 38.88
900 281.28 184.63 20.00 48.78 35.23
900 235.46 153.68 31.71 77.35 29.46
900 400.30 196.34 20.00 48.78 28.25
900 28.84 185.48 22.47 54.79 26.53
900 266.23 43.38 25.23 61.54 22.33
900 271.52 182.68 20.00 48.78 21.21
900 362.22 175.35 31.71 77.35 20.52
900 243.63 198.63 22.47 54.79 16.89
900 250.21 185.48 22.47 54.79 15.22
900 259.74 65.17 28.28 68.97 15.01
900 445.70 175.35 31.71 77.35 9.91
900 349.84 11.52 17.83 43.48 7.44
900 355.41 161.37 22.47 54.79 7.25
930 598.80 179.57 35.65 86.96 217.50
930 273.48 178.78 20.00 48.78 60.81
930 513.48 194.39 20.00 48.78 60.81
930 7.23 211.52 17.83 43.48 59.88
930 234.23 161.54 25.23 61.54 53.08
930 390.48 196.44 22.47 54.79 43.47
930 289.39 135.12 40.00 97.56 37.96
930 362.28 165.65 35.65 86.96 37.00
930 503.72 192.44 20.00 48.78 26.36
930 245.82 172.33 22.47 54.79 25.36
930 45.21 49.09 89.69 218.76 23.59
930 259.82 63.66 20.00 48.78 18.46
930 12.45 204.57 17.83 43.48 11.71
930 402.01 197.61 17.83 43.48 10.56
930 448.38 176.31 25.23 61.54 8.15
960 600.29 181.55 31.71 77.35 259.25
960 7.23 211.52 17.83 43.48 52.84
960 362.62 165.69 45.20 110.24 52.43
960 45.21 49.09 89.69 218.76 33.20
960 28.84 185.48 22.47 54.79 23.58
960 572.46 190.84 31.71 77.35 21.67
960 328.22 161.44 50.80 123.90 8.95
960 523.75 145.43 17.83 43.48 4.96
990 603.38 184.65 31.71 77.35 205.67
990 131.04 139.76 20.00 48.78 49.24
990 508.10 199.35 17.83 43.48 46.05
990 152.50 139.76 20.00 48.78 42.74
990 515.43 194.39 20.00 48.78 33.36
990 289.24 141.30 35.65 86.96 30.29
990 368.56 161.37 22.47 54.79 29.40
990 138.23 127.08 25.23 61.54 26.36
990 448.79 175.35 31.71 77.35 22.51
990 235.46 153.68 31.71 77.35 21.02
990 402.01 197.61 17.83 43.48 17.98
990 271.85 12.61 35.65 86.96 5.64
1020 600.29 181.55 31.71 77.35 193.35
1020 7.23 211.52 17.83 43.48 78.65
1020 513.48 196.34 20.00 48.78 62.00
1020 370.75 159.18 22.47 54.79 61.84
1020 267.62 172.93 20.00 48.78 41.49
1020 601.28 98.78 20.00 48.78 36.52
1020 248.11 172.93 20.00 48.78 35.64
1020 239.25 163.56 22.47 54.79 35.35
1020 36.44 49.09 89.69 218.76 32.28
1020 289.09 174.88 20.00 48.78 23.81
1020 448.38 171.38 25.23 61.54 21.91
1020 505.67 194.39 20.00 48.78 20.60
1020 356.29 178.28 28.28 68.97 19.99
1020 255.91 172.93 20.00 48.78 13.15
1020 261.41 9.13 35.65 86.96 11.80
1020 275.43 176.83 20.00 48.78 11.13
1050 7.23 211.52 17.83 43.48 66.53
1050 275.43 174.88 20.00 48.78 51.65
1050 238.55 150.58 31.71 77.35 51.03
1050 460.79 145.61 20.00 48.78 49.45
1050 36.44 49.09 89.69 218.76 48.65
1050 515.41 194.25 22.47 54.79 36.66
1050 257.87 172.93 20.00 48.78 32.14
1050 370.71 162.83 17.83 43.48 31.85
1050 258.85 65.54 25.23 61.54 31.20
1050 269.93 45.21 22.47 54.79 30.02
1050 292.72 141.30 35.65 86.96 24.49
1050 265.55 170.14 22.47 54.79 24.18
1050 3.75 202.83 17.83 43.48 17.63
1050 239.25 60.55 22.47 54.79 15.49
1050 600.89 95.62 22.47 54.79 10.33
1050 285.49 176.74 17.83 43.48 7.57
1050 337.49 132.00 31.71 77.35 5.07
1050 140.62 108.77 22.47 54.79 0.16
1080 602.28 179.57 35.65 86.96 197.13
1080 266.23 178.77 25.23 61.54 52.26
1080 234.23 164.00 25.23 61.54 44.26
1080 513.48 196.34 20.00 48.78 40.63
1080 362.22 175.35 31.71 77.35 38.94
1080 357.60 161.37 22.47 54.79 33.97
1080 258.85 58.15 25.23 61.54 30.59
1080 99.40 101.96 17.83 43.48 27.62
1080 449.66 176.71 22.47 54.79 23.65
1080 400.30 196.34 20.00 48.78 22.38
1080 465.62 181.23 25.23 61.54 19.53
1080 391.58 195.87 17.83 43.48 15.06
1080 598.53 95.00 17.83 43.48 13.98
1080 261.41 12.61 35.65 86.96 6.46
1080 285.18 174.88 20.00 48.78 3.21
1080 254.18 171.52 17.83 43.48 -0.28
1110 603.38 184.65 31.71 77.35 233.24
1110 368.56 159.18 22.47 54.79 72.65
1110 7.23 209.78 17.83 43.48 68.34
1110 400.27 197.61 17.83 43.48 46.33
1110 513.48 196.34 20.00 48.78 45.85
1110 237.67 156.21 28.28 68.97 42.61
1110 257.87 172.93 20.00 48.78 37.77
1110 447.33 175.52 28.28 68.97 34.91
1110 294.94 172.93 20.00 48.78 33.09
1110 266.23 176.31 25.23 61.54 23.80
1110 45.21 49.09 89.69 218.76 23.67
1110 118.54 112.31 25.23 61.54 18.12
1110 259.74 62.41 28.28 68.97 17.92
1110 12.01 198.29 20.00 48.78 17.77
1110 384.38 168.92 25.23 61.54 17.22
1110 339.40 176.74 17.83 43.48 14.64
1110 28.84 185.48 22.47 54.79 10.11
1110 466.64 175.52 28.28 68.97 8.58
1110 361.81 178.28 28.28 68.97 6.95
1110 499.40 195.87 17.83 43.48 5.40
1140 598.80 179.57 35.65 86.96 247.01
1140 7.23 211.52 17.83 43.48 70.96
1140 72.67 189.86 22.47 54.79 53.09
1140 267.62 174.88 20.00 48.78 39.89
1140 237.67 158.97 28.28 68.97 38.42
1140 513.48 196.34 20.00 48.78 36.07
1140 285.18 174.88 20.00 48.78 28.72
1140 3.75 202.83 17.83 43.48 26.60
1140 395.05 194.13 17.83 43.48 26.23
1140 447.33 175.52 28.28 68.97 25.13
1140 28.84 183.29 22.47 54.79 22.99
1140 354.85 156.62 25.23 61.54 21.32
1140 292.99 172.93 20.00 48.78 16.84
1140 362.22 175.35 31.71 77.35 16.00
1140 601.28 98.78 20.00 48.78 15.41
1170 6.16 210.00 20.00 48.78 86.02
1170 237.67 153.45 28.28 68.97 51.67
1170 601.28 98.78 20.00 48.78 46.88
1170 391.58 194.13 17.83 43.48 33.65
1170 285.49 175.00 17.83 43.48 32.64
1170 522.01 148.91 17.83 43.48 29.08
1170 273.32 178.48 17.83 43.48 28.41
1170 36.44 49.09 89.69 218.76 26.72
1170 608.97 180.22 17.83 43.48 23.12
1170 294.94 172.93 20.00 48.78 22.47
1170 397.05 198.63 22.47 54.79 22.38
1170 357.38 161.22 20.00 48.78 20.12
1170 359.05 175.52 28.28 68.97 18.65
1170 372.45 161.09 17.83 43.48 18.32
1170 259.82 169.02 20.00 48.78 12.54
1170 450.85 156.62 25.23 61.54 9.88
1170 331.30 128.90 31.71 77.35 3.72
1200 602.28 176.09 35.65 86.96 223.01
1200 267.62 172.93 20.00 48.78 66.92
1200 513.48 194.39 20.00 48.78 50.41
1200 400.27 197.61 17.83 43.48 39.02
1200 358.80 169.13 35.65 86.96 38.77
1200 258.85 65.54 25.23 61.54 38.00
1200 447.33 175.52 28.28 68.97 27.24
1200 240.43 156.21 28.28 68.97 26.51
1200 294.94 174.88 20.00 48.78 24.72
1200 505.67 194.39 20.00 48.78 13.99
1200 99.40 100.22 17.83 43.48 9.14
1200 231.77 154.15 25.23 61.54 8.28
1200 393.32 194.13 17.83 43.48 7.01
1200 601.28 98.78 20.00 48.78 5.41
1230 602.28 179.57 35.65 86.96 240.44
1230 5.49 208.04 17.83 43.48 69.42
1230 513.48 194.39 20.00 48.78 51.48
1230 276.29 178.28 28.28 68.97 40.03
1230 45.21 49.09 89.69 218.76 37.50
1230 267.62 174.88 20.00 48.78 37.20
1230 370.71 162.83 17.83 43.48 34.21
1230 505.67 194.39 20.00 48.78 30.13
1230 253.92 72.92 25.23 61.54 30.11
1230 276.79 56.74 17.83 43.48 29.96
1230 449.66 176.71 22.47 54.79 26.64
1230 394.86 198.63 22.47 54.79 26.39
1230 12.45 201.09 17.83 43.48 20.76
1230 355.41 159.18 22.47 54.79 18.36
1230 239.15 161.54 25.23 61.54 17.03
1230 261.31 65.54 25.23 61.54 16.20
1230 291.04 174.88 20.00 48.78 15.81
1230 331.47 134.14 28.28 68.97 9.48
1230 257.87 172.93 20.00 48.78 4.39
1230 14.18 213.26 17.83 43.48 3.55
1260 603.38 184.65 31.71 77.35 231.77
1260 390.48 196.44 22.47 54.79 48.76
1260 513.48 196.34 20.00 48.78 47.36
1260 28.84 185.48 22.47 54.79 46.49
1260 231.77 164.00 25.23 61.54 43.64
1260 266.38 175.35 31.71 77.35 35.97
1260 264.89 9.13 35.65 86.96 35.60
1260 399.25 198.63 22.47 54.79 34.74
1260 261.31 65.54 25.23 61.54 33.70
1260 45.21 49.09 89.69 218.76 27.75
1260 364.57 178.28 28.28 68.97 26.04
1260 505.67 194.39 20.00 48.78 25.99
1260 292.72 141.30 35.65 86.96 23.94
1260 248.11 174.88 20.00 48.78 22.73
1260 450.85 173.85 25.23 61.54 20.16
1260 4.21 215.85 20.00 48.78 19.02
1290 602.28 179.57 35.65 86.96 281.16
1290 234.23 161.54 25.23 61.54 54.18
1290 368.56 161.37 22.47 54.79 45.17
1290 275.05 178.48 17.83 43.48 37.94
1290 258.85 65.54 25.23 61.54 35.09
1290 513.48 194.39 20.00 48.78 34.46
1290 357.38 161.22 20.00 48.78 32.39
1290 400.27 197.61 17.83 43.48 31.36
1290 391.58 195.87 17.83 43.48 30.86
1290 450.85 176.31 25.23 61.54 23.29
1290 251.47 175.52 28.28 68.97 21.23
1290 281.81 178.28 28.28 68.97 15.99
1290 601.28 98.78 20.00 48.78 15.51
1290 115.43 211.95 20.00 48.78 15.10
1290 278.70 56.16 22.47 54.79 14.65
1290 243.19 156.21 28.28 68.97 13.68
1290 359.05 175.52 28.28 68.97 12.78
1320 602.28 179.57 35.65 86.96 248.74
1320 269.84 178.48 17.83 43.48 56.10
1320 7.23 211.52 17.83 43.48 53.84
1320 234.23 161.54 25.23 61.54 52.85
1320 366.37 159.18 22.47 54.79 41.80
1320 354.85 159.08 25.23 61.54 33.16
1320 283.75 176.74 17.83 43.48 28.43
1320 248.97 175.00 17.83 43.48 27.54
1320 511.52 198.29 20.00 48.78 26.98
1320 601.28 98.78 20.00 48.78 26.64
1320 292.45 178.48 17.83 43.48 17.44
1320 399.25 198.63 22.47 54.79 17.24
1320 448.38 173.85 25.23 61.54 16.08
1320 261.31 63.08 25.23 61.54 16.04
1320 140.79 112.44 20.00 48.78 10.47
1320 386.64 170.00 28.28 68.97 1.76
1350 602.28 179.57 35.65 86.96 232.69
1350 515.43 194.39 20.00 48.78 80.44
1350 5.49 206.30 17.83 43.48 68.84
1350 368.56 161.37 22.47 54.79 57.03
1350 276.79 56.74 17.83 43.48 44.42
1350 275.05 178.48 17.83 43.48 38.65
1350 357.31 159.08 25.23 61.54 38.62
1350 236.69 161.54 25.23 61.54 35.40
1350 27.46 178.77 25.23 61.54 33.24
1350 400.27 195.87 17.83 43.48 21.98
1350 292.99 170.98 20.00 48.78 21.39
1350 10.71 213.26 17.83 43.48 21.01
1350 450.85 176.31 25.23 61.54 20.48
1350 463.88 175.52 28.28 68.97 19.01
1350 285.18 172.93 20.00 48.78 17.91
1350 257.10 60.77 31.71 77.35 17.10
1350 336.98 131.38 28.28 68.97 4.04
1350 101.14 100.22 17.83 43.48 2.44
1350 507.62 194.39 20.00 48.78 1.30
1380 603.38 181.55 31.71 77.35 292.37
1380 237.67 156.21 28.28 68.97 61.80
1380 513.48 192.44 20.00 48.78 53.37
1380 5.49 208.04 17.83 43.48 51.85
1380 400.30 194.39 20.00 48.78 45.89
1380 390.48 196.44 22.47 54.79 45.48
1380 353.48 161.22 20.00 48.78 42.92
1380 285.18 172.93 20.00 48.78 41.13
1380 269.57 50.00 20.00 48.78 35.18
1380 45.21 49.09 89.69 218.76 34.63
1380 362.28 165.65 35.65 86.96 34.40
1380 12.45 215.00 17.83 43.48 33.71
1380 269.84 178.48 17.83 43.48 29.64
1380 334.22 131.38 28.28 68.97 25.05
1380 24.62 211.52 17.83 43.48 20.75
1380 501.14 194.13 17.83 43.48 18.65
1380 294.94 174.88 20.00 48.78 16.60
1380 138.23 127.08 25.23 61.54 11.93
1380 257.87 172.93 20.00 48.78 11.10
1380 463.88 170.00 28.28 68.97 9.58
1380 226.36 4.57 17.83 43.48 7.86
1380 278.70 56.16 22.47 54.79 5.92
1410 602.28 179.57 35.65 86.96 264.48
1410 7.23 206.30 17.83 43.48 78.43
1410 508.84 189.86 22.47 54.79 50.14
1410 390.48 194.25 22.47 54.79 46.75
1410 269.57 174.88 20.00 48.78 45.36
1410 289.09 174.88 20.00 48.78 44.19
1410 234.23 161.54 25.23 61.54 38.13
1410 601.28 98.78 20.00 48.78 33.92
1410 269.93 45.21 22.47 54.79 27.71
1410 254.22 65.17 28.28 68.97 27.65
1410 45.21 49.09 89.69 218.76 24.73
1410 399.25 196.44 22.47 54.79 24.47
1410 362.22 169.16 31.71 77.35 21.08
1410 466.64 175.52 28.28 68.97 19.27
1410 15.68 196.44 22.47 54.79 16.51
1410 287.13 61.71 20.00 48.78 13.79
1410 255.91 172.93 20.00 48.78 9.38
1410 337.62 139.38 25.23 61.54 5.64
1440 7.23 204.57 17.83 43.48 65.50
1440 268.69 176.31 25.23 61.54 45.55
1440 36.44 49.09 89.69 218.76 43.16
1440 234.23 161.54 25.23 61.54 31.84
1440 393.32 194.13 17.83 43.48 28.00
1440 355.41 159.18 22.47 54.79 27.55
1440 362.22 172.26 31.71 77.35 26.48
1440 519.48 146.90 56.55 137.93 24.99
1440 281.28 172.93 20.00 48.78 23.55
1440 10.71 215.00 17.83 43.48 18.64
1440 248.11 172.93 20.00 48.78 17.99
1440 466.64 175.52 28.28 68.97 14.17
1440 267.74 47.40 22.47 54.79 13.01
1440 505.67 202.20 20.00 48.78 7.42
1440 447.33 175.52 28.28 68.97 2.30
1440 605.18 100.73 20.00 48.78 1.40
1470 609.57 184.65 31.71 77.35 204.31
1470 511.58 199.35 17.83 43.48 63.89
1470 348.37 169.13 35.65 86.96 53.77
1470 264.89 9.13 35.65 86.96 50.54
1470 7.23 209.78 17.83 43.48 42.68
1470 45.21 40.36 89.69 218.76 41.15
1470 368.56 163.56 22.47 54.79 40.58
1470 289.24 141.30 35.65 86.96 29.50
1470 12.45 202.83 17.83 43.48 28.45
1470 259.74 65.17 28.28 68.97 24.86
1470 248.11 174.88 20.00 48.78 10.93
1470 234.45 165.12 20.00 48.78 8.09
1470 220.79 190.49 20.00 48.78 7.29
1470 494.18 108.91 17.83 43.48 4.00
1500 64.62 208.04 17.83 43.48 113.34
1500 609.57 181.55 31.71 77.35 91.48
1500 513.48 196.34 20.00 48.78 64.27
1500 6.16 210.00 20.00 48.78 61.12
1500 390.48 196.44 22.47 54.79 59.66
1500 237.07 151.74 35.65 86.96 57.66
1500 372.99 161.22 20.00 48.78 44.66
1500 267.62 174.88 20.00 48.78 38.83
1500 284.57 181.03 28.28 68.97 38.33
1500 357.38 161.22 20.00 48.78 31.58
1500 14.18 204.57 17.83 43.48 29.70
1500 335.15 139.38 25.23 61.54 26.80
1500 269.93 45.21 22.47 54.79 26.66
1500 468.08 178.77 25.23 61.54 21.51
1500 278.70 58.36 22.47 54.79 20.54
1500 379.52 198.63 22.47 54.79 18.62
1500 447.33 175.52 28.28 68.97 16.05
1500 309.40 181.03 28.28 68.97 14.55
1500 511.85 99.57 35.65 86.96 8.41
1500 289.09 61.71 20.00 48.78 2.25
1530 515.43 194.39 20.00 48.78 60.70
1530 5.49 208.04 17.83 43.48 46.88
1530 45.21 49.09 89.69 218.76 46.55
1530 359.13 172.26 31.71 77.35 43.13
1530 268.02 181.03 28.28 68.97 38.62
1530 603.08 100.00 22.47 54.79 23.27
1530 450.09 178.28 28.28 68.97 21.43
1530 395.05 197.61 17.83 43.48 18.95
1530 238.66 142.93 40.00 97.56 17.17
1530 267.74 49.59 22.47 54.79 13.51
1560 488.04 108.70 71.30 173.91 68.56
1560 371.04 165.12 20.00 48.78 55.71
1560 359.33 169.02 20.00 48.78 44.41
1560 250.21 176.71 22.47 54.79 43.90
1560 36.44 49.09 89.69 218.76 40.43
1560 238.53 169.78 17.83 43.48 39.84
1560 265.26 175.52 28.28 68.97 37.67
1560 337.88 146.03 22.47 54.79 30.26
1560 403.75 202.83 17.83 43.48 27.09
1560 116.79 215.00 17.83 43.48 25.17
1560 17.62 188.62 25.23 61.54 17.01
1560 7.23 209.78 17.83 43.48 15.81
1560 250.92 60.77 31.71 77.35 14.95
1560 454.98 172.26 31.71 77.35 6.98
1560 118.53 202.83 17.83 43.48 5.53
1590 361.28 163.17 20.00 48.78 69.36
1590 251.47 181.03 28.28 68.97 52.50
1590 246.54 168.92 25.23 61.54 49.61
1590 495.00 101.74 71.30 173.91 45.07
1590 529.78 101.74 71.30 173.91 39.72
1590 218.36 164.48 28.28 68.97 31.07
1590 237.67 56.90 28.28 68.97 26.05
1590 593.78 154.63 40.00 97.56 23.64
1590 477.05 136.70 50.80 123.90 18.33
1590 289.39 174.15 40.00 97.56 18.07
1590 250.92 8.13 31.71 77.35 17.08
1590 400.30 204.15 20.00 48.78 8.78
1590 460.69 186.15 25.23 61.54 7.06
1590 29.92 198.46 25.23 61.54 6.18
1620 355.41 154.79 22.47 54.79 65.05
1620 243.63 172.33 22.47 54.79 53.67
1620 399.32 200.13 31.71 77.35 53.59
1620 495.00 101.74 71.30 173.91 47.58
1620 244.21 14.88 20.00 48.78 40.72
1620 255.91 22.68 20.00 48.78 40.10
1620 51.04 94.88 20.00 48.78 35.50
1620 231.77 168.92 25.23 61.54 26.87
1620 575.56 197.03 31.71 77.35 21.40
1620 581.24 52.58 50.80 123.90 21.19
1620 211.34 33.66 40.00 97.56 16.79
1620 461.10 170.24 40.00 97.56 10.22
1650 417.87 193.94 31.71 77.35 87.60
1650 359.33 151.46 20.00 48.78 67.63
1650 241.62 159.08 25.23 61.54 59.34
1650 572.46 172.26 31.71 77.35 45.53
1650 493.96 169.02 20.00 48.78 44.52
1650 617.66 225.43 17.83 43.48 43.43
1650 342.54 146.77 25.23 61.54 28.13
1650 7.50 151.74 35.65 86.96 26.46
1650 40.92 25.71 100.71 245.62 26.41
1650 430.24 193.94 31.71 77.35 19.80
1650 195.27 144.39 31.71 77.35 14.66
1650 5.95 62.41 28.28 68.97 13.54
1650 389.10 183.30 45.20 110.24 1.90
1680 188.37 134.35 35.65 86.96 71.39
1680 8.71 10.00 28.28 68.97 67.58
1680 566.41 72.47 63.78 155.55 51.02
1680 484.02 203.91 35.65 86.96 42.75
1680 590.78 15.52 28.28 68.97 37.92
1680 470.11 186.52 35.65 86.96 35.08
1680 223.05 127.32 40.00 97.56 24.70
1680 269.57 161.22 20.00 48.78 24.67
1680 502.54 183.69 25.23 61.54 14.49
1680 534.76 108.44 45.20 110.24 11.42
1680 350.78 134.14 28.28 68.97 9.32
1710 152.80 123.41 40.00 97.56 28.86
1710 543.88 76.21 28.28 68.97 28.30
1710 444.57 197.59 28.28 68.97 25.20
1710 359.05 131.38 28.28 68.97 22.76
1710 553.70 127.64 89.69 218.76 21.12
1710 541.12 175.52 28.28 68.97 17.07
1710 214.94 169.02 20.00 48.78 16.55
1710 181.41 123.91 35.65 86.96 3.41
1710 461.12 197.59 28.28 68.97 3.41
1740 484.21 176.83 20.00 48.78 93.06
1740 460.62 183.29 22.47 54.79 55.71
1740 564.21 174.88 20.00 48.78 51.42
1740 502.88 175.00 17.83 43.48 46.04
1740 174.42 107.01 50.80 123.90 34.14
1740 405.51 144.39 31.71 77.35 32.99
1740 532.27 215.61 31.71 77.35 23.84
1740 495.15 45.85 25.23 61.54 4.66
1770 541.92 166.46 25.23 61.54 80.25
1770 103.95 44.26 80.85 197.19 54.31
1770 530.09 167.24 28.28 68.97 46.12
1770 504.44 175.35 31.71 77.35 41.04
1770 566.54 166.46 25.23 61.54 40.02
1770 431.15 188.62 25.23 61.54 35.30
1770 554.91 156.21 28.28 68.97 34.07
1770 219.52 159.18 22.47 54.79 14.75
1770 601.81 164.48 28.28 68.97 7.98
1800 404.08 139.38 25.23 61.54 79.08
1800 518.80 179.57 35.65 86.96 75.16
1800 507.54 203.23 31.71 77.35 59.19
1800 13.93 82.02 45.20 110.24 52.29
1800 6.92 40.82 22.47 54.79 47.49
1800 472.97 161.28 45.20 110.24 41.04
1800 396.79 171.52 17.83 43.48 34.36
1800 442.33 102.06 50.80 123.90 34.09
1800 86.46 21.95 40.00 97.56 32.80
1800 78.53 204.57 17.83 43.48 22.95
1800 371.34 103.90 40.00 97.56 22.55
1800 42.23 77.85 25.23 61.54 11.07
1800 507.93 236.59 40.00 97.56 10.91
1800 527.44 154.63 40.00 97.56 9.87
1800 207.15 154.15 25.23 61.54 5.01
1830 414.78 138.19 31.71 77.35 83.13
1830 463.88 112.07 28.28 68.97 60.05
1830 483.21 67.87 80.85 197.19 52.79
1830 473.77 71.51 22.47 54.79 39.10
1830 444.57 136.90 28.28 68.97 35.81
1830 372.87 82.27 50.80 123.90 34.63
1830 621.14 148.91 17.83 43.48 20.41
1830 337.93 134.35 35.65 86.96 17.01
1830 90.98 113.48 35.65 86.96 15.15
1830 594.11 228.00 31.71 77.35 14.37
1830 5.95 10.00 28.28 68.97 13.61
1830 254.01 138.19 31.71 77.35 10.71
1830 22.13 20.52 31.71 77.35 7.73
