30 55.35 107.01 50.80 123.90 81.65
30 15.94 107.23 31.71 77.35 62.62
30 102.81 62.79 114.81 280.01 41.46
30 541.55 150.58 31.71 77.35 30.70
30 458.42 148.22 22.47 54.79 25.65
30 6.16 40.24 20.00 48.78 21.05
30 42.28 113.48 35.65 86.96 18.20
30 519.05 158.97 28.28 68.97 14.50
30 175.00 46.09 71.30 173.91 0.70
60 610.85 156.62 25.23 61.54 61.41
60 189.92 122.15 25.23 61.54 48.26
60 214.54 77.85 25.23 61.54 37.26
60 535.60 158.97 28.28 68.97 30.75
60 578.90 117.25 45.20 110.24 27.53
60 492.01 106.59 20.00 48.78 23.06
60 199.77 72.92 25.23 61.54 21.73
60 44.57 128.62 28.28 68.97 20.85
60 176.98 114.83 28.28 68.97 18.63
60 25.58 12.99 50.80 123.90 18.35
60 4.21 12.93 20.00 48.78 15.21
60 524.57 158.97 28.28 68.97 11.49
60 388.10 4.57 17.83 43.48 10.88
60 448.38 129.54 25.23 61.54 9.63
60 424.62 152.39 17.83 43.48 5.30
60 560.27 175.00 17.83 43.48 3.23
90 548.60 178.78 20.00 48.78 64.71
90 13.40 134.81 63.78 155.55 49.92
90 445.49 154.13 17.83 43.48 44.89
90 208.56 189.86 22.47 54.79 42.23
90 89.04 84.00 89.69 218.76 41.91
90 3.75 150.65 17.83 43.48 39.95
90 248.01 170.14 22.47 54.79 38.90
90 452.99 147.56 20.00 48.78 29.40
90 185.26 67.93 28.28 68.97 27.82
90 40.74 138.69 80.85 197.19 24.53
90 229.31 85.23 25.23 61.54 24.05
90 239.25 176.71 22.47 54.79 22.25
90 257.87 167.07 20.00 48.78 16.52
90 609.66 167.95 22.47 54.79 12.08
90 560.43 167.24 28.28 68.97 10.22
120 473.77 148.22 22.47 54.79 59.62
120 211.34 162.44 40.00 97.56 51.27
120 184.34 22.89 50.80 123.90 49.93
120 462.74 155.37 20.00 48.78 49.74
120 576.78 178.90 22.47 54.79 47.45
120 583.36 163.56 22.47 54.79 36.30
120 127.76 202.07 56.55 137.93 35.71
120 438.53 155.87 17.83 43.48 17.01
120 137.52 33.58 45.20 110.24 13.92
120 52.08 186.15 25.23 61.54 9.70
120 548.10 135.00 17.83 43.48 -0.24
150 516.81 159.87 31.71 77.35 59.49
150 17.41 218.62 56.55 137.93 57.72
150 154.57 12.99 50.80 123.90 56.59
150 477.67 139.66 28.28 68.97 51.91
150 497.62 146.77 25.23 61.54 38.89
150 118.80 210.87 35.65 86.96 35.23
150 444.57 139.66 28.28 68.97 33.63
150 374.54 13.85 25.23 61.54 31.54
150 510.63 144.39 31.71 77.35 30.06
150 90.08 72.37 50.80 123.90 12.04
150 278.76 104.04 45.20 110.24 7.33
150 561.62 156.62 25.23 61.54 6.87
150 188.45 14.48 56.55 137.93 4.83
180 86.46 10.24 40.00 97.56 51.63
180 32.84 67.87 80.85 197.19 50.21
180 12.85 224.90 31.71 77.35 34.45
180 558.53 35.87 17.83 43.48 31.01
180 276.08 141.85 25.23 61.54 29.63
180 470.55 155.37 20.00 48.78 28.33
180 495.17 125.81 31.71 77.35 26.54
180 536.03 135.86 56.55 137.93 24.33
180 298.36 136.90 28.28 68.97 23.54
180 105.43 150.43 71.30 173.91 18.23
180 607.33 10.00 28.28 68.97 11.75
180 250.92 125.81 31.71 77.35 10.25
180 63.70 46.09 71.30 173.91 5.74
210 80.54 214.35 35.65 86.96 44.86
210 131.46 134.81 63.78 155.55 40.22
210 95.04 161.44 50.80 123.90 35.99
210 521.81 117.59 28.28 68.97 35.06
210 266.23 141.85 25.23 61.54 33.03
210 80.16 141.65 50.80 123.90 27.62
210 572.62 41.30 63.78 155.55 25.33
210 111.21 185.52 56.55 137.93 18.13
210 539.40 114.13 17.83 43.48 15.32
210 497.93 151.74 35.65 86.96 9.35
240 8.71 147.93 28.28 68.97 58.63
240 5.95 128.62 28.28 68.97 53.45
240 251.46 151.69 25.23 61.54 51.32
240 495.03 68.81 45.20 110.24 42.72
240 550.55 114.39 20.00 48.78 32.46
240 80.16 107.01 50.80 123.90 31.95
240 581.41 148.26 35.65 86.96 30.25
240 152.16 136.90 28.28 68.97 24.25
240 181.14 162.83 17.83 43.48 11.19
240 482.80 159.87 31.71 77.35 10.85
240 382.79 87.22 50.80 123.90 8.51
270 99.74 131.38 28.28 68.97 48.08
270 461.16 156.77 31.71 77.35 42.98
270 195.05 157.61 17.83 43.48 37.93
270 539.15 131.22 40.00 97.56 34.69
270 207.15 149.23 25.23 61.54 18.49
270 559.15 196.00 25.23 61.54 17.75
270 278.60 131.75 50.80 123.90 11.04
270 417.87 159.27 20.00 48.78 10.14
300 561.40 107.01 50.80 123.90 57.78
300 8.41 115.61 40.00 97.56 48.07
300 195.43 174.88 20.00 48.78 38.06
300 516.70 91.17 63.78 155.55 34.45
300 408.01 152.60 22.47 54.79 21.32
300 48.97 4.57 17.83 43.48 21.23
300 257.93 127.39 35.65 86.96 17.61
300 197.31 144.31 25.23 61.54 13.74
300 424.62 159.35 17.83 43.48 10.68
330 508.02 183.79 28.28 68.97 61.94
330 596.51 178.90 22.47 54.79 56.14
330 143.46 20.66 80.85 197.19 45.26
330 13.49 5.75 22.47 54.79 43.47
330 511.85 137.83 35.65 86.96 34.54
330 20.12 154.63 40.00 97.56 32.36
330 561.40 87.22 50.80 123.90 23.04
330 146.63 172.61 35.65 86.96 19.35
330 265.98 131.22 40.00 97.56 8.51
330 229.28 76.26 31.71 77.35 8.46
360 175.15 114.77 25.23 61.54 56.87
360 137.52 161.28 45.20 110.24 54.41
360 537.33 124.11 22.47 54.79 52.37
360 486.98 116.91 50.80 123.90 49.69
360 162.53 53.97 22.47 54.79 38.43
360 403.19 139.66 28.28 68.97 25.36
360 388.10 21.96 17.83 43.48 16.31
360 219.07 107.01 50.80 123.90 12.51
360 24.94 20.66 80.85 197.19 10.56
360 202.28 151.74 35.65 86.96 8.95
360 165.31 104.92 25.23 61.54 2.10
390 72.50 120.24 20.00 48.78 59.96
390 22.50 101.03 28.28 68.97 48.26
390 160.43 15.52 28.28 68.97 30.39
390 84.08 139.38 25.23 61.54 28.84
390 460.79 165.12 20.00 48.78 25.09
390 66.63 9.13 35.65 86.96 22.61
390 564.02 113.48 35.65 86.96 21.32
390 598.53 188.91 17.83 43.48 17.13
390 281.28 135.85 20.00 48.78 15.73
390 133.29 41.46 40.00 97.56 14.70
390 221.71 167.95 22.47 54.79 8.47
420 530.52 102.76 56.55 137.93 66.11
420 56.74 25.22 71.30 173.91 57.24
420 428.83 130.46 45.20 110.24 36.43
420 379.40 147.17 17.83 43.48 30.55
420 235.46 144.39 31.71 77.35 30.50
420 477.92 161.54 25.23 61.54 27.09
420 388.10 145.43 17.83 43.48 25.19
420 468.60 169.02 20.00 48.78 24.37
420 28.91 150.43 71.30 173.91 24.32
420 176.22 162.44 40.00 97.56 24.09
420 158.35 32.44 20.00 48.78 20.53
420 10.70 67.42 50.80 123.90 16.63
420 116.79 4.57 17.83 43.48 16.16
420 500.08 129.54 25.23 61.54 15.87
420 576.78 181.10 22.47 54.79 4.75
420 410.06 151.46 20.00 48.78 2.70
450 442.01 171.52 17.83 43.48 55.24
450 251.46 132.00 25.23 61.54 45.39
450 435.05 171.52 17.83 43.48 38.48
450 399.15 141.85 25.23 61.54 18.81
450 9.52 200.92 45.20 110.24 17.61
450 72.59 141.38 56.55 137.93 16.20
450 133.26 73.91 71.30 173.91 15.11
450 484.02 123.91 35.65 86.96 11.99
480 195.43 139.76 20.00 48.78 71.50
480 39.79 154.79 22.47 54.79 65.21
480 337.49 125.81 31.71 77.35 61.02
480 437.38 174.88 20.00 48.78 52.95
480 31.03 16.71 22.47 54.79 44.68
480 320.38 136.92 25.23 61.54 42.10
480 367.13 172.93 20.00 48.78 38.54
480 581.16 196.44 22.47 54.79 34.51
480 164.35 150.58 31.71 77.35 22.99
480 375.24 131.22 40.00 97.56 10.58
480 31.03 156.99 22.47 54.79 7.88
480 428.10 176.74 17.83 43.48 7.14
480 187.62 139.76 20.00 48.78 6.26
480 305.62 127.08 25.23 61.54 5.11
480 549.40 45.86 28.28 68.97 2.80
510 305.24 121.65 45.20 110.24 60.82
510 386.64 156.21 28.28 68.97 41.73
510 506.82 225.77 50.80 123.90 39.44
510 15.94 159.87 31.71 77.35 21.96
510 423.77 171.38 25.23 61.54 17.84
510 557.67 95.52 28.28 68.97 12.54
510 331.30 138.19 31.71 77.35 7.31
510 436.08 171.38 25.23 61.54 2.38
540 491.94 201.03 50.80 123.90 119.23
540 446.30 150.43 71.30 173.91 87.57
540 387.07 218.62 56.55 137.93 56.45
540 324.73 211.78 22.47 54.79 30.76
540 371.34 240.49 40.00 97.56 29.43
540 277.38 118.29 20.00 48.78 23.67
540 83.63 12.33 22.47 54.79 15.22
540 5.31 48.31 25.23 61.54 12.40
540 235.46 122.71 31.71 77.35 11.62
540 12.69 188.62 25.23 61.54 9.77
540 264.89 137.83 35.65 86.96 9.41
540 8.11 178.78 20.00 48.78 6.88
570 269.93 187.71 45.20 110.24 112.67
570 561.24 178.90 45.20 110.24 78.99
570 215.24 209.27 40.00 97.56 33.25
570 22.88 4.57 17.83 43.48 22.50
570 53.66 108.44 45.20 110.24 16.18
570 238.10 157.93 56.55 137.93 15.08
570 96.98 147.93 28.28 68.97 6.13
600 184.89 193.48 35.65 86.96 80.73
600 459.72 192.11 45.20 110.24 77.77
600 493.85 162.86 100.71 245.62 53.96
600 76.79 145.43 17.83 43.48 47.83
600 477.38 183.30 45.20 110.24 29.03
600 34.85 156.62 25.23 61.54 17.07
600 45.49 6.30 17.83 43.48 4.61
600 511.85 12.61 35.65 86.96 0.04
630 133.10 192.11 45.20 110.24 75.06
630 584.62 30.65 17.83 43.48 62.30
630 482.85 257.54 25.23 61.54 58.88
630 425.98 201.46 40.00 97.56 49.04
630 273.15 92.73 89.69 218.76 39.40
630 109.92 171.34 50.80 123.90 37.79
630 455.92 8.04 17.83 43.48 37.31
630 611.85 18.90 22.47 54.79 21.54
630 95.91 149.51 20.00 48.78 20.08
630 419.40 37.61 17.83 43.48 15.31
630 66.10 150.41 22.47 54.79 12.55
630 526.67 107.01 50.80 123.90 5.25
630 482.53 238.08 22.47 54.79 4.97
660 115.45 196.51 45.20 110.24 99.84
660 433.24 200.92 45.20 110.24 78.79
660 586.23 292.00 25.23 61.54 63.35
660 83.62 174.48 56.55 137.93 62.79
660 453.28 191.03 56.55 137.93 52.89
660 502.26 154.79 22.47 54.79 41.00
660 105.43 87.83 71.30 173.91 37.83
660 507.46 168.92 25.23 61.54 15.83
690 70.23 196.08 50.80 123.90 78.11
690 450.88 73.95 114.81 280.01 65.45
690 31.59 156.88 45.20 110.24 43.30
690 62.74 49.09 89.69 218.76 26.10
690 535.34 28.83 63.78 155.55 12.62
720 38.25 190.91 63.78 155.55 105.56
720 462.11 73.95 114.81 280.01 87.66
720 428.42 40.47 114.81 280.01 53.79
720 454.46 192.24 100.71 245.62 51.55
720 541.55 64.14 56.55 137.93 26.91
750 32.04 197.14 63.78 155.55 95.98
750 462.11 85.12 114.81 280.01 88.21
780 21.96 206.09 71.30 173.91 111.00
780 469.62 69.23 126.15 307.69 105.58
780 464.31 211.84 100.71 245.62 30.29
780 439.65 29.30 114.81 280.01 29.52
780 42.83 185.22 71.30 173.91 28.99
780 494.23 130.77 126.15 307.69 24.81
810 13.40 209.61 63.78 155.55 116.36
810 455.12 56.13 159.46 388.92 63.32
810 38.25 203.38 63.78 155.55 23.68
810 554.23 18.77 25.23 61.54 19.24
840 13.40 203.38 63.78 155.55 117.67
840 469.62 81.54 126.15 307.69 79.46
840 35.87 192.17 71.30 173.91 6.81
870 19.61 209.61 63.78 155.55 110.25
870 491.90 224.14 56.55 137.93 66.22
870 541.12 266.55 28.28 68.97 31.58
870 499.74 197.59 28.28 68.97 27.08
900 19.61 209.61 63.78 155.55 126.88
900 469.62 81.54 126.15 307.69 70.89
900 473.33 207.91 114.81 280.01 7.56
930 19.61 209.61 63.78 155.55 118.00
930 469.62 81.54 126.15 307.69 84.69
960 19.61 209.61 63.78 155.55 107.94
960 469.62 81.54 126.15 307.69 77.46
960 473.33 207.91 114.81 280.01 3.81
990 19.61 215.84 63.78 155.55 114.09
990 469.62 81.54 126.15 307.69 75.82
1020 19.61 209.61 63.78 155.55 117.44
1020 491.84 209.61 63.78 155.55 83.79
1020 536.59 240.62 50.80 123.90 14.93
1020 472.97 249.36 45.20 110.24 4.15
1050 19.61 215.84 63.78 155.55 109.20
1050 491.90 224.14 56.55 137.93 60.33
1050 472.97 249.36 45.20 110.24 5.60
1080 19.61 209.61 63.78 155.55 110.01
1080 491.84 209.61 63.78 155.55 69.18
1080 562.26 83.17 20.00 48.78 7.36
1110 19.61 215.84 63.78 155.55 120.19
1110 469.62 81.54 126.15 307.69 61.13
1110 554.86 27.67 22.47 54.79 20.00
1140 13.40 209.61 63.78 155.55 122.94
1140 491.11 178.03 80.85 197.19 70.56
1140 459.51 178.03 80.85 197.19 61.41
1140 38.25 203.38 63.78 155.55 31.97
1140 491.11 248.85 80.85 197.19 30.37
1140 19.61 259.48 63.78 155.55 18.47
1140 608.97 260.22 17.83 43.48 9.92
1140 552.50 85.12 20.00 48.78 7.90
1170 61.55 207.59 56.55 137.93 121.83
1170 420.38 56.92 126.15 307.69 61.29
1170 32.04 190.91 63.78 155.55 50.50
1170 541.55 82.27 50.80 123.90 37.54
1170 44.47 147.27 63.78 155.55 35.46
1170 530.34 152.48 45.20 110.24 24.43
1170 513.97 58.62 56.55 137.93 16.31
1200 115.45 214.13 45.20 110.24 110.91
1200 433.24 214.13 45.20 110.24 83.03
1200 90.98 190.00 35.65 86.96 62.63
1200 72.67 170.14 22.47 54.79 55.57
1200 521.81 153.45 28.28 68.97 43.69
1200 91.47 252.76 28.28 68.97 32.50
1200 532.72 183.04 35.65 86.96 26.92
1200 78.66 107.80 40.00 97.56 8.34
1230 150.11 217.83 35.65 86.96 118.54
1230 428.37 221.30 35.65 86.96 77.25
1230 70.23 161.44 50.80 123.90 62.65
1230 124.15 184.65 31.71 77.35 55.22
1230 532.99 176.83 20.00 48.78 32.22
1230 447.76 174.48 56.55 137.93 18.49
1260 172.32 201.46 40.00 97.56 99.27
1260 445.49 209.27 40.00 97.56 96.71
1260 467.13 166.39 50.80 123.90 67.93
1260 146.63 176.09 35.65 86.96 66.03
1260 133.43 153.68 31.71 77.35 45.72
1260 587.74 172.33 22.47 54.79 42.49
1260 429.88 158.54 40.00 97.56 35.61
1260 425.98 197.56 40.00 97.56 34.61
1260 437.68 228.78 40.00 97.56 31.96
1260 36.00 183.30 45.20 110.24 21.60
1260 578.90 86.42 45.20 110.24 21.41
1260 160.43 227.93 28.28 68.97 21.02
1260 94.18 260.22 17.83 43.48 20.35
1260 77.67 164.48 28.28 68.97 19.73
1260 148.10 235.87 17.83 43.48 19.50
1260 498.26 144.39 31.71 77.35 18.36
1260 576.38 171.38 25.23 61.54 14.19
1260 550.55 169.02 20.00 48.78 14.13
1260 558.35 167.07 20.00 48.78 11.58
1260 103.36 159.18 22.47 54.79 8.71
1290 203.54 201.46 40.00 97.56 113.77
1290 177.93 172.61 35.65 86.96 64.35
1290 487.50 214.35 35.65 86.96 56.19
1290 84.08 154.15 25.23 61.54 43.06
1290 609.09 92.93 20.00 48.78 35.75
1290 140.69 161.54 25.23 61.54 31.60
1290 605.92 208.31 25.23 61.54 30.29
1290 7.50 242.17 35.65 86.96 21.44
1290 190.78 227.93 28.28 68.97 21.42
1290 504.02 205.37 40.00 97.56 20.93
1290 532.95 7.95 22.47 54.79 9.10
1320 265.52 205.32 45.20 110.24 93.83
1320 529.24 217.83 35.65 86.96 80.68
1320 600.89 165.75 22.47 54.79 70.88
1320 248.84 176.29 50.80 123.90 55.57
1320 4.21 282.20 20.00 48.78 34.56
1320 136.20 141.30 35.65 86.96 34.14
1320 593.48 167.07 20.00 48.78 30.06
1320 15.94 249.68 31.71 77.35 16.22
1320 154.91 139.66 28.28 68.97 12.56
1320 170.53 147.48 31.71 77.35 9.21
1320 79.25 156.99 22.47 54.79 2.49
1350 356.04 209.42 31.71 77.35 108.81
1350 591.01 212.52 31.71 77.35 67.58
1350 336.22 189.76 40.00 97.56 58.53
1350 308.60 9.02 20.00 48.78 42.54
1350 357.60 5.75 22.47 54.79 31.13
1350 167.44 153.68 31.71 77.35 19.59
1350 371.04 12.93 20.00 48.78 14.27
1350 153.00 146.77 25.23 61.54 13.60
1350 201.28 178.78 20.00 48.78 11.01
1350 7.23 201.09 17.83 43.48 4.36
1380 513.53 186.55 28.28 68.97 118.34
1380 362.95 107.01 50.80 123.90 74.53
1380 420.00 121.65 45.20 110.24 59.06
1380 498.26 178.45 31.71 77.35 45.88
1380 507.54 206.32 31.71 77.35 44.93
1380 35.73 146.83 40.00 97.56 44.05
1380 7.77 164.00 25.23 61.54 42.27
1380 535.92 9.78 17.83 43.48 40.99
1380 460.22 25.22 71.30 173.91 34.86
1380 105.98 139.02 40.00 97.56 31.53
1380 451.85 172.33 22.47 54.79 30.45
1380 146.63 144.78 35.65 86.96 20.82
1380 314.07 112.84 45.20 110.24 17.84
1380 460.79 5.12 20.00 48.78 14.21
1380 119.33 112.44 20.00 48.78 4.80
1380 346.76 116.52 31.71 77.35 2.80
1410 328.22 102.06 50.80 123.90 80.93
1410 523.75 168.04 17.83 43.48 68.61
1410 598.54 151.69 25.23 61.54 57.05
1410 63.05 131.22 40.00 97.56 51.03
1410 536.89 163.17 20.00 48.78 47.38
1410 99.42 141.29 31.71 77.35 43.86
1410 501.14 168.04 17.83 43.48 42.53
1410 429.88 127.32 40.00 97.56 38.56
1410 348.89 44.26 80.85 197.19 32.80
1410 151.58 146.03 22.47 54.79 17.38
1410 433.33 29.81 31.71 77.35 9.32
1410 493.96 172.93 20.00 48.78 0.82
1440 296.41 99.63 45.20 110.24 71.96
1440 504.62 176.74 17.83 43.48 60.59
1440 582.07 123.41 40.00 97.56 51.48
1440 8.11 188.54 20.00 48.78 47.14
1440 523.23 169.02 20.00 48.78 40.02
1440 68.50 144.39 31.71 77.35 33.10
1440 316.62 25.71 100.71 245.62 32.68
1440 16.22 135.12 40.00 97.56 28.40
1440 612.84 156.21 28.28 68.97 13.64
1440 396.79 9.78 17.83 43.48 4.61
1440 474.45 174.88 20.00 48.78 3.89
1440 35.73 131.22 40.00 97.56 3.38
1440 227.07 91.72 56.55 137.93 2.33
1470 456.20 148.26 35.65 86.96 68.51
1470 579.74 158.97 28.28 68.97 64.33
1470 261.98 60.00 80.85 197.19 61.86
1470 484.21 178.78 20.00 48.78 48.28
1470 491.94 107.01 50.80 123.90 43.24
1470 590.78 153.45 28.28 68.97 42.07
1470 206.37 167.95 22.47 54.79 33.46
1470 601.81 156.21 28.28 68.97 32.46
1470 379.15 10.24 40.00 97.56 31.19
1470 566.54 161.54 25.23 61.54 26.22
1470 241.64 113.42 31.71 77.35 24.54
1470 301.48 60.00 80.85 197.19 24.48
1470 31.85 144.78 35.65 86.96 22.56
1470 375.86 130.46 45.20 110.24 15.96
1470 570.71 44.57 17.83 43.48 13.10
1470 77.05 161.37 22.47 54.79 9.26
1470 306.64 7.24 28.28 68.97 4.26
1500 576.78 203.01 22.47 54.79 139.12
1500 492.08 156.77 31.71 77.35 68.89
1500 136.49 29.30 114.81 280.01 60.80
1500 350.78 170.00 28.28 68.97 41.76
1500 380.79 188.54 20.00 48.78 39.89
1500 364.57 158.97 28.28 68.97 38.32
1500 510.63 159.87 31.71 77.35 35.35
1500 580.17 25.52 56.55 137.93 32.60
1500 258.76 131.75 50.80 123.90 26.21
1500 272.12 67.12 22.47 54.79 25.29
1500 472.80 135.12 40.00 97.56 21.52
1500 393.14 162.97 31.71 77.35 20.02
1500 487.50 106.52 35.65 86.96 18.99
1500 546.10 189.86 22.47 54.79 12.62
1500 35.87 18.26 71.30 173.91 9.66
1530 279.05 227.93 28.28 68.97 141.75
1530 290.85 21.23 25.23 61.54 81.95
1530 63.11 122.34 63.78 155.55 79.76
1530 170.53 187.74 31.71 77.35 58.57
1530 194.26 176.29 50.80 123.90 49.55
1530 252.28 183.30 45.20 110.24 46.29
1530 293.31 40.92 25.23 61.54 41.79
1530 316.71 193.66 40.00 97.56 41.33
1530 176.22 115.61 40.00 97.56 31.01
1530 230.21 55.60 45.20 110.24 27.54
1530 49.24 186.52 35.65 86.96 27.05
1530 309.66 86.42 45.20 110.24 27.04
1530 182.90 184.65 31.71 77.35 22.21
1530 19.03 193.94 31.71 77.35 21.37
1530 142.71 184.65 31.71 77.35 18.34
1530 303.48 8.13 31.71 77.35 18.17
1530 320.54 23.04 35.65 86.96 17.04
1530 279.05 12.76 28.28 68.97 15.24
1560 399.32 60.77 31.71 77.35 28.01
1560 175.68 227.12 22.47 54.79 21.72
1560 404.21 198.29 20.00 48.78 14.99
1590 422.48 107.01 50.80 123.90 111.80
1590 271.15 11.38 25.23 61.54 40.63
1590 246.54 188.62 25.23 61.54 35.82
1590 377.83 102.06 50.80 123.90 34.83
1590 244.08 171.38 25.23 61.54 29.86
1590 3.75 53.26 17.83 43.48 26.74
1590 358.80 151.74 35.65 86.96 21.94
1590 468.60 188.54 20.00 48.78 15.55
1590 269.84 122.83 17.83 43.48 6.74
1590 569.00 154.15 25.23 61.54 2.08
1620 587.72 121.65 45.20 110.24 61.61
1620 127.76 97.24 56.55 137.93 54.31
1620 267.62 188.54 20.00 48.78 37.52
1620 551.47 32.78 50.80 123.90 24.70
1620 554.45 169.02 20.00 48.78 17.89
1620 361.81 170.00 28.28 68.97 14.97
1620 55.92 65.43 17.83 43.48 13.68
1620 95.04 87.22 50.80 123.90 13.14
1620 299.67 155.22 35.65 86.96 5.98
1650 468.60 194.39 20.00 48.78 64.66
1650 480.30 190.49 20.00 48.78 52.47
1650 536.74 60.00 71.30 173.91 38.07
1650 195.73 170.24 40.00 97.56 19.33
1650 495.00 18.26 71.30 173.91 16.50
1650 98.97 163.56 22.47 54.79 5.65
1650 118.53 154.13 17.83 43.48 4.45
1680 199.77 173.85 25.23 61.54 58.84
1680 556.40 163.17 20.00 48.78 45.36
1680 74.23 173.85 25.23 61.54 31.15
1680 402.26 170.98 20.00 48.78 27.18
1680 482.80 166.06 31.71 77.35 25.59
1680 228.29 150.41 22.47 54.79 22.24
1680 515.73 76.59 40.00 97.56 14.10
1680 591.16 57.53 50.80 123.90 9.93
1680 524.57 200.34 28.28 68.97 6.44
1710 605.76 75.22 35.65 86.96 56.38
1710 557.05 40.82 22.47 54.79 35.54
1710 12.01 200.24 20.00 48.78 28.22
1710 428.02 164.48 28.28 68.97 12.16
1740 468.55 134.86 45.20 110.24 32.66
1740 195.41 154.79 22.47 54.79 26.31
1740 578.90 11.56 45.20 110.24 20.15
1740 438.70 25.48 22.47 54.79 18.17
1740 447.23 178.48 17.83 43.48 17.88
1740 162.53 146.03 22.47 54.79 12.66
1740 455.60 175.52 28.28 68.97 10.30
1740 422.50 142.41 28.28 68.97 9.06
1740 396.79 157.61 17.83 43.48 5.51
1740 30.67 135.88 145.33 354.45 3.27
1770 428.37 141.30 35.65 86.96 74.42
1770 485.31 186.15 25.23 61.54 37.21
1770 132.45 169.78 17.83 43.48 33.25
1770 42.01 145.43 17.83 43.48 22.95
1770 520.27 95.00 17.83 43.48 19.64
1770 164.73 159.18 22.47 54.79 16.63
1770 394.45 155.37 20.00 48.78 11.13
1770 157.92 183.69 25.23 61.54 2.51
1800 550.85 142.93 40.00 97.56 126.23
1800 9.76 150.58 31.71 77.35 60.61
1800 405.51 122.71 31.71 77.35 56.76
1800 359.63 103.90 40.00 97.56 53.53
1800 90.06 169.02 20.00 48.78 33.75
1800 109.88 119.51 40.00 97.56 33.65
1800 348.84 146.03 22.47 54.79 27.44
1800 427.15 119.61 31.71 77.35 23.95
1800 448.38 117.23 25.23 61.54 18.32
1800 473.77 161.37 22.47 54.79 12.19
1800 461.12 142.41 28.28 68.97 11.85
1800 394.86 141.64 22.47 54.79 2.23
1830 581.31 16.31 25.23 61.54 61.64
1830 478.53 131.52 17.83 43.48 48.65
1830 546.10 108.77 22.47 54.79 36.42
1830 530.75 12.33 22.47 54.79 34.89
1830 174.22 136.90 28.28 68.97 31.17
1830 599.05 98.28 28.28 68.97 30.88
1830 10.98 137.83 35.65 86.96 25.61
1830 486.21 117.25 45.20 110.24 21.84
1830 441.00 132.00 25.23 61.54 19.82
1830 397.07 120.43 35.65 86.96 18.70
1830 508.02 101.03 28.28 68.97 17.69
1830 424.06 113.42 31.71 77.35 15.02
1830 560.43 147.93 28.28 68.97 13.48
1830 375.24 96.10 40.00 97.56 12.50
1830 532.84 92.76 28.28 68.97 9.42
1830 560.10 51.48 31.71 77.35 7.58
1830 577.93 71.74 35.65 86.96 5.54
1830 133.10 130.46 45.20 110.24 5.08
