30 287.23 169.78 17.83 43.48 43.52
30 10.70 12.99 50.80 123.90 38.20
30 164.50 111.96 50.80 123.90 24.97
30 3.75 220.22 17.83 43.48 6.60
30 133.10 126.06 45.20 110.24 5.53
30 552.50 169.02 20.00 48.78 2.41
60 6.16 94.88 20.00 48.78 53.12
60 4.21 32.44 20.00 48.78 47.80
60 445.92 11.38 25.23 61.54 46.27
60 392.67 172.33 22.47 54.79 45.80
60 223.05 127.32 40.00 97.56 36.07
60 258.48 46.09 71.30 173.91 33.77
60 216.91 8.13 31.71 77.35 23.88
60 436.79 8.04 17.83 43.48 23.64
60 609.57 23.61 31.71 77.35 23.64
60 458.36 186.55 28.28 68.97 23.29
60 482.26 5.12 20.00 48.78 22.09
60 588.02 112.07 28.28 68.97 21.34
60 417.66 4.57 17.83 43.48 12.90
60 444.57 37.59 28.28 68.97 10.49
60 458.84 9.02 20.00 48.78 6.51
90 27.67 31.64 89.69 218.76 72.78
90 212.55 121.65 45.20 110.24 51.31
90 172.45 188.91 17.83 43.48 49.66
90 434.32 176.71 22.47 54.79 35.14
90 305.24 95.23 45.20 110.24 14.31
90 262.88 159.35 17.83 43.48 8.76
90 414.22 189.31 28.28 68.97 6.13
90 363.75 168.04 17.83 43.48 4.26
90 199.79 10.14 22.47 54.79 2.00
90 294.18 86.30 17.83 43.48 1.15
120 375.24 107.80 40.00 97.56 65.72
120 194.90 112.84 45.20 110.24 57.01
120 20.12 14.15 40.00 97.56 51.64
120 105.43 94.78 71.30 173.91 42.39
120 504.89 151.74 35.65 86.96 38.86
120 433.32 185.43 17.83 43.48 30.77
120 487.50 176.09 35.65 86.96 29.17
120 396.23 125.81 31.71 77.35 26.05
120 293.49 87.22 50.80 123.90 24.26
120 470.11 196.96 35.65 86.96 22.23
120 229.84 155.87 17.83 43.48 17.57
120 238.53 155.87 17.83 43.48 10.57
120 164.73 135.07 22.47 54.79 9.02
120 508.37 176.09 35.65 86.96 6.37
150 9.52 11.56 45.20 110.24 57.71
150 164.00 77.61 45.20 110.24 48.33
150 265.67 153.41 20.00 48.78 47.90
150 60.31 111.96 50.80 123.90 39.60
150 234.91 134.14 28.28 68.97 27.38
150 125.49 141.96 17.83 43.48 25.98
150 590.78 45.86 28.28 68.97 25.15
150 497.87 190.49 20.00 48.78 20.67
150 152.80 127.32 40.00 97.56 19.78
150 546.64 178.28 28.28 68.97 18.52
150 477.67 183.79 28.28 68.97 18.51
150 502.88 223.70 17.83 43.48 13.19
150 383.86 125.81 31.71 77.35 8.70
150 583.31 253.76 45.20 110.24 4.10
180 381.92 136.92 25.23 61.54 56.58
180 5.95 112.07 28.28 68.97 49.56
180 166.92 154.79 22.47 54.79 49.09
180 223.88 136.90 28.28 68.97 42.06
180 576.28 191.13 50.80 123.90 37.19
180 289.66 69.32 22.47 54.79 34.58
180 522.91 66.23 63.78 155.55 33.38
180 582.50 283.10 28.28 68.97 32.17
180 4.21 206.10 20.00 48.78 29.27
180 11.90 168.97 56.55 137.93 25.50
180 138.36 125.86 28.28 68.97 23.90
180 239.25 148.22 22.47 54.79 23.31
180 405.82 141.64 22.47 54.79 22.75
180 285.18 174.88 20.00 48.78 20.41
180 492.08 135.10 31.71 77.35 19.90
180 332.32 80.49 40.00 97.56 15.98
210 87.05 132.00 31.71 77.35 69.10
210 232.67 69.32 22.47 54.79 46.94
210 107.74 150.41 22.47 54.79 35.38
210 271.21 64.14 56.55 137.93 27.27
210 331.47 134.14 28.28 68.97 26.74
210 151.98 128.90 31.71 77.35 25.53
210 55.35 87.22 50.80 123.90 23.88
210 363.23 145.61 20.00 48.78 21.47
210 15.15 139.38 25.23 61.54 20.23
210 474.79 22.91 89.69 218.76 8.34
210 541.55 42.68 50.80 123.90 1.50
240 274.32 141.64 22.47 54.79 39.31
240 136.20 183.04 35.65 86.96 38.28
240 12.01 5.12 20.00 48.78 36.65
240 612.45 11.52 17.83 43.48 23.87
240 145.62 65.54 25.23 61.54 19.92
240 488.97 81.09 17.83 43.48 18.86
240 187.38 53.77 63.78 155.55 15.39
240 47.23 108.91 17.83 43.48 1.83
270 17.04 193.77 80.85 197.19 55.93
270 32.04 134.81 63.78 155.55 47.82
270 4.73 277.53 22.47 54.79 33.97
270 273.62 129.54 25.23 61.54 33.94
270 480.38 193.54 25.23 61.54 30.42
270 137.67 60.00 63.78 155.55 21.59
270 6.67 91.74 31.71 77.35 17.67
300 353.53 123.10 28.28 68.97 54.62
300 22.13 265.16 31.71 77.35 36.87
300 14.22 283.10 28.28 68.97 22.75
300 121.06 122.71 31.71 77.35 4.00
330 13.49 176.71 22.47 54.79 58.52
330 417.93 120.43 35.65 86.96 31.17
330 308.60 69.51 20.00 48.78 21.34
330 609.66 34.25 22.47 54.79 8.38
360 237.05 148.22 22.47 54.79 39.19
360 226.85 154.15 25.23 61.54 35.69
360 452.72 116.96 35.65 86.96 22.46
360 10.23 181.23 25.23 61.54 19.06
360 46.86 150.58 31.71 77.35 4.39
360 124.15 48.39 31.71 77.35 1.31
390 223.88 156.21 28.28 68.97 24.80
390 457.20 115.61 40.00 97.56 24.33
390 4.73 183.29 22.47 54.79 17.78
390 37.58 150.58 31.71 77.35 11.63
420 8.71 192.07 28.28 68.97 53.13
420 52.84 32.07 28.28 68.97 47.52
420 556.79 143.70 17.83 43.48 42.35
420 431.85 23.04 35.65 86.96 31.61
420 71.31 11.56 45.20 110.24 5.89
450 435.43 153.41 20.00 48.78 36.42
450 303.15 26.52 35.65 86.96 34.02
450 113.78 127.32 40.00 97.56 27.52
480 348.02 15.52 28.28 68.97 48.52
480 16.22 14.15 40.00 97.56 44.07
510 516.74 161.44 50.80 123.90 55.69
540 495.00 80.87 71.30 173.91 81.08
540 230.65 66.96 71.30 173.91 58.75
540 578.90 126.06 45.20 110.24 56.47
540 395.89 49.09 89.69 218.76 49.06
540 616.23 132.88 22.47 54.79 43.91
540 604.57 84.48 28.28 68.97 41.68
540 522.83 80.87 71.30 173.91 36.44
540 246.46 197.56 40.00 97.56 30.19
540 451.60 67.87 80.85 197.19 29.82
540 199.31 68.81 45.20 110.24 26.55
540 293.28 102.76 56.55 137.93 25.00
540 261.41 26.52 35.65 86.96 22.71
540 611.85 163.56 22.47 54.79 8.16
570 243.88 107.01 50.80 123.90 94.81
570 343.67 132.00 31.71 77.35 63.03
570 528.56 187.67 22.47 54.79 62.78
570 137.67 72.47 63.78 155.55 61.43
570 313.59 123.91 35.65 86.96 45.61
570 230.21 95.23 45.20 110.24 45.01
570 257.93 57.83 35.65 86.96 39.41
570 54.18 183.70 17.83 43.48 38.63
570 543.15 193.48 35.65 86.96 38.34
570 411.17 95.23 45.20 110.24 37.44
570 550.85 154.63 40.00 97.56 33.34
570 63.88 37.59 28.28 68.97 30.18
570 356.04 125.81 31.71 77.35 28.31
570 167.44 181.55 31.71 77.35 26.98
570 265.52 121.65 45.20 110.24 19.61
570 372.84 136.90 28.28 68.97 16.88
570 579.82 128.05 20.00 48.78 12.51
570 378.36 117.59 28.28 68.97 10.76
600 145.80 147.48 31.71 77.35 68.20
600 268.02 134.14 28.28 68.97 58.33
600 164.73 167.95 22.47 54.79 56.97
600 443.46 183.69 25.23 61.54 46.79
600 219.67 127.39 35.65 86.96 45.07
600 17.41 75.17 56.55 137.93 41.10
600 548.60 100.73 20.00 48.78 30.87
600 117.68 103.90 40.00 97.56 25.04
600 425.67 192.44 20.00 48.78 22.76
600 470.54 122.15 25.23 61.54 20.33
600 174.46 130.87 35.65 86.96 14.72
600 468.90 205.37 40.00 97.56 12.68
600 47.33 51.38 28.28 68.97 9.74
600 201.45 135.10 31.71 77.35 6.91
600 237.07 123.91 35.65 86.96 4.81
600 452.84 178.28 28.28 68.97 4.58
630 111.15 168.92 25.23 61.54 104.22
630 203.54 119.51 40.00 97.56 61.82
630 490.62 183.30 45.20 110.24 49.41
630 129.77 102.06 50.80 123.90 39.86
630 476.62 187.74 31.71 77.35 39.18
630 601.59 228.78 40.00 97.56 36.42
630 389.31 141.85 25.23 61.54 31.68
630 253.92 136.92 25.23 61.54 21.62
630 84.21 176.83 20.00 48.78 17.03
630 172.32 115.61 40.00 97.56 15.16
630 35.05 74.13 17.83 43.48 13.75
630 357.38 139.76 20.00 48.78 9.25
630 470.43 203.23 31.71 77.35 3.23
630 458.07 181.55 31.71 77.35 1.93
660 19.61 91.17 63.78 155.55 74.86
660 105.60 88.65 31.71 77.35 42.30
660 414.78 122.71 31.71 77.35 41.63
660 27.17 20.37 45.20 110.24 34.18
660 80.14 117.25 45.20 110.24 32.96
660 79.15 45.85 25.23 61.54 26.26
660 121.59 115.61 40.00 97.56 15.26
660 300.62 5.75 22.47 54.79 12.46
660 219.07 82.27 50.80 123.90 12.18
660 342.26 126.30 22.47 54.79 6.66
660 529.13 47.53 63.78 155.55 3.77
660 604.57 230.69 28.28 68.97 2.13
690 433.24 112.84 45.20 110.24 58.20
690 477.07 127.39 35.65 86.96 49.50
690 335.15 119.69 25.23 61.54 43.37
690 347.46 119.69 25.23 61.54 36.75
690 105.69 86.21 56.55 137.93 34.85
690 30.54 97.11 50.80 123.90 29.65
690 392.67 165.75 22.47 54.79 21.01
690 491.47 109.31 28.28 68.97 19.44
690 25.26 7.24 28.28 68.97 17.57
690 390.05 122.71 31.71 77.35 16.82
690 422.07 100.00 40.00 97.56 14.85
690 572.01 51.95 20.00 48.78 14.28
690 90.37 80.49 40.00 97.56 9.66
720 45.00 14.48 56.55 137.93 70.01
720 464.31 80.69 56.55 137.93 65.99
720 22.76 11.56 45.20 110.24 58.88
720 600.89 36.44 22.47 54.79 56.37
720 416.78 174.52 22.47 54.79 50.10
720 529.78 46.09 71.30 173.91 48.34
720 529.13 147.27 63.78 155.55 44.84
720 516.81 206.32 31.71 77.35 39.35
720 434.32 183.29 22.47 54.79 22.83
720 138.36 125.86 28.28 68.97 22.44
720 5.95 15.52 28.28 68.97 17.98
720 515.87 80.87 71.30 173.91 16.80
720 412.40 187.67 22.47 54.79 8.87
720 501.41 196.96 35.65 86.96 4.59
750 503.69 25.71 100.71 245.62 43.51
750 593.32 169.78 17.83 43.48 34.71
750 492.01 247.07 20.00 48.78 34.16
750 594.32 38.63 22.47 54.79 31.45
750 33.48 165.12 20.00 48.78 20.33
750 606.47 138.19 31.71 77.35 18.51
750 427.74 5.75 22.47 54.79 18.25
750 21.14 4.57 17.83 43.48 17.43
750 466.03 22.91 89.69 218.76 11.26
780 506.64 146.03 22.47 54.79 54.81
780 359.79 124.11 22.47 54.79 29.94
780 179.81 119.61 31.71 77.35 15.88
780 492.01 165.12 20.00 48.78 7.59
780 508.02 164.48 28.28 68.97 5.70
780 532.08 8.92 25.23 61.54 3.12
780 195.33 103.04 35.65 86.96 2.90
810 583.77 161.54 25.23 61.54 145.32
810 593.53 156.21 28.28 68.97 142.15
810 201.28 46.10 20.00 48.78 56.48
810 422.50 12.76 28.28 68.97 19.49
810 19.03 147.48 31.71 77.35 19.22
810 427.62 100.73 20.00 48.78 18.54
810 149.61 72.37 50.80 123.90 18.51
810 277.38 55.85 20.00 48.78 18.42
810 414.59 110.96 22.47 54.79 16.39
810 557.61 18.26 71.30 173.91 16.10
810 364.18 126.30 22.47 54.79 7.54
810 502.88 8.04 17.83 43.48 5.84
840 203.75 23.70 17.83 43.48 64.60
840 195.05 28.91 17.83 43.48 64.02
840 173.96 10.98 20.00 48.78 55.63
840 131.46 53.77 63.78 155.55 50.20
840 553.91 8.13 31.71 77.35 35.18
840 145.00 18.05 40.00 97.56 34.34
840 182.26 25.48 22.47 54.79 33.69
840 291.11 11.23 31.71 77.35 30.97
840 396.23 113.42 31.71 77.35 29.80
840 541.92 8.92 25.23 61.54 19.93
840 271.15 33.54 25.23 61.54 15.77
840 59.67 134.35 35.65 86.96 13.71
840 94.46 64.78 35.65 86.96 12.19
840 365.76 106.52 35.65 86.96 11.74
840 446.48 108.44 45.20 110.24 10.34
870 40.74 28.52 80.85 197.19 54.81
870 111.52 5.12 20.00 48.78 52.43
870 472.80 115.61 40.00 97.56 51.26
870 11.90 14.48 56.55 137.93 51.03
870 83.63 7.95 22.47 54.79 47.40
870 370.75 137.26 22.47 54.79 39.24
870 15.66 92.16 50.80 123.90 33.25
870 131.85 5.75 22.47 54.79 32.16
870 445.49 103.90 40.00 97.56 29.34
870 572.01 161.22 20.00 48.78 27.34
870 207.13 137.80 20.00 48.78 23.86
870 170.06 9.02 20.00 48.78 23.00
870 394.91 123.10 28.28 68.97 22.59
870 162.26 10.98 20.00 48.78 11.04
900 543.59 134.86 45.20 110.24 39.30
900 515.05 119.35 17.83 43.48 34.25
900 370.09 131.38 28.28 68.97 32.66
900 198.53 143.70 17.83 43.48 7.08
900 397.93 104.04 45.20 110.24 4.91
930 614.18 107.17 17.83 43.48 26.13
930 185.26 123.10 28.28 68.97 26.08
930 380.77 125.81 31.71 77.35 19.73
930 160.61 111.71 40.00 97.56 8.27
930 405.82 154.79 22.47 54.79 2.28
960 125.49 100.00 40.00 97.56 63.91
960 109.88 115.61 40.00 97.56 57.59
960 99.74 142.41 28.28 68.97 57.18
960 541.92 146.77 25.23 61.54 47.62
960 162.85 129.54 25.23 61.54 35.16
960 156.79 166.30 17.83 43.48 16.79
990 42.01 171.52 17.83 43.48 71.60
990 127.47 143.84 22.47 54.79 68.83
990 92.45 162.83 17.83 43.48 58.93
990 135.77 139.38 25.23 61.54 45.69
990 581.31 154.15 25.23 61.54 38.70
990 115.05 161.09 17.83 43.48 20.91
990 480.38 141.85 25.23 61.54 15.76
990 15.66 22.89 50.80 123.90 3.98
1020 23.72 157.32 20.00 48.78 87.29
1020 64.62 157.61 17.83 43.48 86.96
1020 474.79 31.64 89.69 218.76 50.93
1020 560.43 161.72 28.28 68.97 49.50
1020 263.36 128.49 22.47 54.79 31.60
1020 276.51 128.49 22.47 54.79 29.99
1020 98.85 139.38 25.23 61.54 28.85
1020 601.81 145.17 28.28 68.97 20.12
1020 582.88 180.22 17.83 43.48 7.89
1050 457.26 22.91 89.69 218.76 44.13
1050 604.57 7.24 28.28 68.97 31.47
1050 474.45 5.12 20.00 48.78 29.61
1050 331.30 107.23 31.71 77.35 4.74
1080 254.22 123.10 28.28 68.97 48.13
1080 160.38 134.46 25.23 61.54 28.93
1080 109.93 148.22 22.47 54.79 7.97
1110 460.69 191.08 25.23 61.54 44.17
1110 439.05 117.59 28.28 68.97 24.04
1110 5.31 151.69 25.23 61.54 15.98
1110 68.10 143.70 17.83 43.48 9.46
1140 59.40 143.70 17.83 43.48 54.12
1140 453.29 150.73 40.00 97.56 44.39
1140 121.59 107.80 40.00 97.56 34.47
1140 411.46 139.38 25.23 61.54 34.17
1140 66.63 110.00 35.65 86.96 17.52
1140 435.43 139.76 20.00 48.78 12.54
1140 534.76 117.25 45.20 110.24 7.51
1140 230.48 139.45 22.47 54.79 6.21
1170 540.79 106.59 20.00 48.78 62.61
1170 449.39 111.71 40.00 97.56 53.75
1170 182.90 125.81 31.71 77.35 50.68
1170 379.67 9.13 35.65 86.96 45.89
1170 436.51 141.64 22.47 54.79 37.38
1170 248.11 143.66 20.00 48.78 37.14
1170 164.35 128.90 31.71 77.35 33.38
1170 52.95 156.99 22.47 54.79 31.56
1170 473.53 128.90 31.71 77.35 24.70
1170 499.45 104.04 45.20 110.24 11.11
1200 463.15 113.48 35.65 86.96 68.62
1200 130.34 125.81 31.71 77.35 56.68
1200 508.91 53.04 71.30 173.91 48.04
1200 151.58 138.48 17.83 43.48 37.71
1200 424.89 110.00 35.65 86.96 32.75
1200 5.95 136.90 28.28 68.97 30.98
1200 580.17 130.34 56.55 137.93 26.78
1200 451.04 149.51 20.00 48.78 25.81
1200 88.97 51.19 45.20 110.24 16.13
1200 100.00 82.27 50.80 123.90 11.83
1200 195.41 146.03 22.47 54.79 2.58
1230 457.26 22.91 89.69 218.76 90.22
1230 427.90 28.52 80.85 197.19 58.10
1230 80.16 92.16 50.80 123.90 54.25
1230 127.33 142.41 28.28 68.97 51.61
1230 7.50 47.39 35.65 86.96 33.70
1230 503.72 5.12 20.00 48.78 29.13
1230 570.06 170.98 20.00 48.78 28.04
1230 31.58 98.48 17.83 43.48 21.19
1230 374.94 5.12 20.00 48.78 17.99
1230 412.56 12.99 50.80 123.90 17.84
1230 492.01 5.12 20.00 48.78 10.82
1230 39.63 80.49 40.00 97.56 9.05
1260 527.40 22.91 89.69 218.76 68.52
1260 38.80 82.17 35.65 86.96 36.01
1260 466.03 22.91 89.69 218.76 31.59
1260 66.95 123.41 40.00 97.56 21.41
1290 377.68 128.90 31.71 77.35 48.74
1290 407.50 116.96 35.65 86.96 21.05
1290 28.91 46.09 71.30 173.91 6.42
1320 121.81 128.62 28.28 68.97 28.71
1320 22.13 57.68 31.71 77.35 24.77
1350 495.68 126.30 22.47 54.79 61.70
1350 110.78 125.86 28.28 68.97 52.75
1380 495.17 119.61 31.71 77.35 47.67
1380 162.26 143.66 20.00 48.78 36.03
1380 458.79 91.72 56.55 137.93 15.59
1380 441.81 158.97 28.28 68.97 13.03
1380 250.21 135.07 22.47 54.79 5.45
1410 344.89 127.39 35.65 86.96 86.16
1410 5.31 149.23 25.23 61.54 25.66
1410 328.21 45.29 31.71 77.35 21.87
1410 427.74 38.63 22.47 54.79 19.47
1410 421.14 49.78 17.83 43.48 16.63
1440 409.00 215.69 25.23 61.54 78.90
1440 496.22 115.61 40.00 97.56 77.15
1440 330.98 57.83 35.65 86.96 69.22
1440 539.52 161.37 22.47 54.79 61.28
1440 566.16 161.22 20.00 48.78 21.13
1440 572.45 175.00 17.83 43.48 19.52
1440 578.97 156.99 22.47 54.79 15.74
1440 25.22 150.58 31.71 77.35 12.36
1440 430.24 147.48 31.71 77.35 10.38
1470 554.32 60.00 80.85 197.19 84.02
1470 27.46 159.08 25.23 61.54 46.41
1470 529.78 46.09 71.30 173.91 44.67
1470 42.23 156.62 25.23 61.54 26.06
1470 546.64 15.52 28.28 68.97 25.09
1470 106.60 84.94 63.78 155.55 14.01
1470 271.23 40.47 114.81 280.01 12.27
1470 63.88 153.45 28.28 68.97 10.89
1500 531.63 131.75 50.80 123.90 79.82
1500 318.29 131.75 50.80 123.90 76.58
1500 293.49 151.55 50.80 123.90 75.25
1500 11.90 53.10 56.55 137.93 70.77
1500 96.38 31.08 25.23 61.54 57.92
1500 144.65 156.49 50.80 123.90 53.70
1500 168.74 128.57 63.78 155.55 49.21
1500 343.10 126.80 50.80 123.90 45.70
1500 44.83 51.19 45.20 110.24 44.45
1500 153.59 120.43 35.65 86.96 42.93
1500 10.98 19.57 35.65 86.96 36.33
1500 58.07 29.17 45.20 110.24 30.18
1500 285.49 127.32 40.00 97.56 29.15
1500 418.85 178.77 25.23 61.54 27.69
1500 3.75 23.70 17.83 43.48 23.69
1500 251.46 107.38 25.23 61.54 21.73
1500 212.08 90.15 25.23 61.54 8.71
1500 398.53 178.48 17.83 43.48 7.82
1500 498.06 97.40 63.78 155.55 7.26
1500 141.14 18.48 17.83 43.48 5.41
1530 191.58 154.13 17.83 43.48 63.07
1530 519.79 45.21 22.47 54.79 53.82
1530 362.83 73.91 71.30 173.91 48.38
1530 160.38 151.69 25.23 61.54 47.20
1530 201.28 188.54 20.00 48.78 38.46
1530 170.23 159.08 25.23 61.54 37.87
1530 177.88 115.34 22.47 54.79 36.27
1530 443.08 172.33 22.47 54.79 34.33
1530 269.93 130.46 45.20 110.24 31.50
1530 247.23 164.57 17.83 43.48 25.00
1530 19.61 22.60 63.78 155.55 24.80
1530 134.94 139.76 20.00 48.78 21.74
1530 462.17 116.91 50.80 123.90 20.17
1530 476.62 8.13 31.71 77.35 20.09
1530 84.55 60.00 45.20 110.24 16.88
1530 398.10 108.28 56.55 137.93 12.30
1560 29.84 124.57 17.83 43.48 50.28
1560 181.14 4.57 17.83 43.48 43.13
1560 44.83 99.63 45.20 110.24 40.55
1560 581.74 23.61 31.71 77.35 39.71
1560 100.00 126.80 50.80 123.90 32.45
1560 325.19 36.39 80.85 197.19 31.79
1560 6.67 113.42 31.71 77.35 30.74
1560 491.94 131.75 50.80 123.90 23.94
1560 214.11 102.06 50.80 123.90 23.63
1560 558.35 169.02 20.00 48.78 18.78
1560 440.27 4.57 17.83 43.48 15.74
1560 462.88 9.78 17.83 43.48 12.00
1560 92.01 135.85 20.00 48.78 8.45
1560 155.46 168.92 25.23 61.54 8.33
1560 487.77 6.46 25.23 61.54 7.67
1590 115.05 178.48 17.83 43.48 112.90
1590 30.54 111.96 50.80 123.90 69.99
1590 309.84 4.57 17.83 43.48 60.96
1590 19.03 91.74 31.71 77.35 41.90
1590 224.62 4.57 17.83 43.48 40.81
1590 541.55 12.99 50.80 123.90 37.55
1590 597.68 166.34 40.00 97.56 34.10
1590 531.63 116.91 50.80 123.90 33.37
1590 15.94 162.97 31.71 77.35 30.68
1590 316.40 12.93 20.00 48.78 29.70
1590 315.85 122.71 31.71 77.35 29.60
1590 578.85 159.08 25.23 61.54 29.43
1590 80.30 153.41 20.00 48.78 27.80
1590 228.60 165.12 20.00 48.78 26.15
1590 254.01 8.13 31.71 77.35 21.09
1590 295.92 15.00 17.83 43.48 17.94
1590 168.74 78.70 63.78 155.55 9.68
1590 164.21 5.12 20.00 48.78 3.65
1620 39.33 176.83 20.00 48.78 169.91
1620 501.77 165.12 20.00 48.78 54.30
1620 141.64 22.91 89.69 218.76 35.64
1620 103.95 44.26 80.85 197.19 33.05
1620 532.95 106.58 22.47 54.79 31.43
1620 447.23 154.13 17.83 43.48 31.31
1620 93.96 100.73 20.00 48.78 23.23
1650 146.65 159.27 20.00 48.78 52.56
1650 571.52 66.96 71.30 173.91 36.43
1650 466.63 127.39 35.65 86.96 29.60
1650 6.16 90.98 20.00 48.78 26.73
1650 234.45 153.41 20.00 48.78 25.57
1650 43.54 131.22 40.00 97.56 19.28
1650 561.40 37.73 50.80 123.90 10.23
1650 10.98 106.52 35.65 86.96 5.59
1680 10.23 40.92 25.23 61.54 61.18
1680 12.01 10.98 20.00 48.78 31.25
1680 530.09 131.38 28.28 68.97 23.03
1680 20.08 48.31 25.23 61.54 8.49
1680 326.38 75.17 56.55 137.93 -0.10
1710 197.60 130.68 22.47 54.79 51.21
1710 506.91 52.13 80.85 197.19 44.45
1710 54.18 164.57 17.83 43.48 40.62
1710 81.44 137.26 22.47 54.79 39.93
1710 500.12 189.76 40.00 97.56 36.07
1710 212.99 40.24 20.00 48.78 35.02
1710 5.49 178.48 17.83 43.48 33.01
1710 478.15 227.12 22.47 54.79 31.12
1710 212.72 99.57 35.65 86.96 24.73
1710 221.71 7.95 22.47 54.79 21.64
1710 176.71 128.90 31.71 77.35 19.54
1710 487.77 95.08 25.23 61.54 9.18
1710 170.23 114.77 25.23 61.54 2.97
1740 337.66 4.57 17.83 43.48 43.31
1740 83.96 79.35 31.71 77.35 41.03
1740 5.95 125.86 28.28 68.97 39.68
1740 530.75 97.81 22.47 54.79 27.87
1740 31.59 60.00 45.20 110.24 24.81
1740 476.62 73.16 31.71 77.35 18.39
1740 450.85 109.85 25.23 61.54 7.78
1740 157.07 106.52 35.65 86.96 5.50
1740 432.12 124.11 22.47 54.79 1.25
1770 556.79 115.87 17.83 43.48 42.08
1770 49.95 85.55 31.71 77.35 35.37
1770 105.55 146.03 22.47 54.79 25.48
1770 493.49 102.19 22.47 54.79 24.53
1770 171.30 130.68 22.47 54.79 17.63
1770 135.92 135.00 17.83 43.48 17.26
1770 203.75 136.74 17.83 43.48 13.75
1770 42.23 72.92 25.23 61.54 10.46
1770 397.67 120.34 28.28 68.97 8.82
1770 589.84 166.30 17.83 43.48 7.23
1770 343.72 50.00 20.00 48.78 4.34
1800 604.57 92.76 28.28 68.97 53.71
1800 172.69 129.54 25.23 61.54 45.88
1800 346.36 44.57 17.83 43.48 24.68
1800 9.76 147.48 31.71 77.35 21.02
1800 417.87 125.81 31.71 77.35 18.49
1800 532.95 139.45 22.47 54.79 8.28
1830 157.67 117.59 28.28 68.97 85.96
1830 10.06 67.56 20.00 48.78 38.02
1830 21.14 74.13 17.83 43.48 37.56
1830 578.97 117.53 22.47 54.79 35.32
1830 462.74 133.90 20.00 48.78 25.51
1830 44.83 99.63 45.20 110.24 25.11
