30 565.95 158.97 28.28 68.97 26.13
30 66.10 207.40 22.47 54.79 17.68
60 174.18 176.74 17.83 43.48 48.28
60 87.05 169.16 31.71 77.35 29.41
60 433.62 161.54 25.23 61.54 18.05
60 228.29 38.63 22.47 54.79 17.65
90 584.83 141.29 31.71 77.35 44.45
90 14.22 186.55 28.28 68.97 40.54
90 123.46 168.92 25.23 61.54 35.74
90 198.53 161.09 17.83 43.48 32.66
90 556.83 130.46 45.20 110.24 27.25
90 181.14 131.52 17.83 43.48 15.38
90 597.68 119.51 40.00 97.56 4.11
120 557.67 164.48 28.28 68.97 1.97
150 179.81 125.81 31.71 77.35 72.74
150 508.37 137.83 35.65 86.96 47.25
150 210.09 125.86 28.28 68.97 29.09
150 477.05 97.11 50.80 123.90 23.14
150 16.98 78.97 28.28 68.97 17.64
150 231.77 8.92 25.23 61.54 13.34
150 4.21 174.88 20.00 48.78 13.29
150 141.93 112.84 45.20 110.24 9.55
150 617.66 140.22 17.83 43.48 8.14
180 201.45 119.61 31.71 77.35 57.82
180 5.49 209.78 17.83 43.48 53.19
180 550.11 158.70 35.65 86.96 53.13
180 188.02 120.34 28.28 68.97 50.44
180 523.54 139.02 40.00 97.56 42.59
180 572.46 138.19 31.71 77.35 21.68
180 123.23 170.98 20.00 48.78 18.80
180 15.94 8.13 31.71 77.35 12.94
180 4.21 151.46 20.00 48.78 10.57
180 215.24 103.90 40.00 97.56 3.04
210 75.05 166.30 17.83 43.48 57.97
210 578.85 149.23 25.23 61.54 37.49
210 603.38 107.23 31.71 77.35 24.11
210 5.31 6.46 25.23 61.54 19.96
210 588.02 67.93 28.28 68.97 12.73
210 219.40 148.91 17.83 43.48 12.34
210 515.05 126.30 17.83 43.48 4.67
240 104.89 130.87 35.65 86.96 68.07
240 84.02 134.35 35.65 86.96 38.84
240 585.98 107.80 40.00 97.56 26.90
240 529.18 141.29 31.71 77.35 18.48
240 447.23 169.78 17.83 43.48 10.38
240 429.84 162.83 17.83 43.48 7.71
270 17.04 36.39 80.85 197.19 44.02
270 490.23 173.85 25.23 61.54 42.42
270 470.43 147.48 31.71 77.35 28.15
270 499.45 165.69 45.20 110.24 25.17
270 135.77 117.23 25.23 61.54 15.33
270 4.73 163.56 22.47 54.79 7.46
270 162.01 131.52 17.83 43.48 2.21
270 390.05 122.71 31.71 77.35 1.52
300 423.72 163.17 20.00 48.78 38.49
300 603.75 119.35 17.83 43.48 26.02
300 219.40 155.87 17.83 43.48 17.37
300 323.75 9.78 17.83 43.48 17.33
300 447.47 167.95 22.47 54.79 12.59
300 417.66 122.83 17.83 43.48 5.94
330 154.45 32.44 20.00 48.78 44.28
330 443.08 165.75 22.47 54.79 44.04
330 195.05 162.83 17.83 43.48 20.58
330 467.19 174.52 22.47 54.79 15.99
330 452.84 170.00 28.28 68.97 9.26
330 259.40 135.00 17.83 43.48 5.35
330 487.50 158.70 35.65 86.96 4.24
360 462.81 178.90 22.47 54.79 68.41
360 473.53 169.16 31.71 77.35 39.21
360 559.15 196.00 25.23 61.54 36.45
360 509.92 173.85 25.23 61.54 33.83
360 437.38 151.46 20.00 48.78 30.39
360 75.72 130.46 45.20 110.24 29.66
360 250.71 136.74 17.83 43.48 29.18
360 568.01 189.86 22.47 54.79 27.38
360 165.95 147.93 28.28 68.97 27.04
360 258.85 124.62 25.23 61.54 25.89
360 447.13 153.41 20.00 48.78 16.23
360 165.95 32.07 28.28 68.97 12.89
360 212.99 59.76 20.00 48.78 9.81
360 576.98 158.97 28.28 68.97 6.90
390 465.00 154.79 22.47 54.79 77.47
390 166.16 38.29 20.00 48.78 56.50
390 242.01 138.48 17.83 43.48 41.49
390 160.43 109.31 28.28 68.97 40.93
390 136.23 29.86 22.47 54.79 35.83
390 13.49 152.60 22.47 54.79 34.37
390 183.72 159.27 20.00 48.78 32.30
390 541.55 176.29 50.80 123.90 30.69
390 603.38 128.90 31.71 77.35 25.43
390 138.42 5.75 22.47 54.79 22.15
390 145.00 12.33 22.47 54.79 20.40
390 512.38 183.69 25.23 61.54 17.51
390 197.31 144.31 25.23 61.54 16.42
390 7.23 147.17 17.83 43.48 15.35
390 174.18 48.04 17.83 43.48 13.57
390 48.56 7.95 22.47 54.79 13.38
390 451.04 145.61 20.00 48.78 11.42
420 96.38 8.92 25.23 61.54 67.56
420 166.16 170.98 20.00 48.78 50.94
420 149.40 101.03 28.28 68.97 50.78
420 35.05 4.57 17.83 43.48 45.02
420 43.23 10.98 20.00 48.78 43.31
420 135.92 30.65 17.83 43.48 32.65
420 87.50 151.74 35.65 86.96 25.67
420 189.92 144.31 25.23 61.54 20.90
420 5.49 129.78 17.83 43.48 18.07
420 469.38 139.45 22.47 54.79 15.68
420 410.71 161.09 17.83 43.48 14.04
420 28.10 6.30 17.83 43.48 12.61
420 66.36 159.35 17.83 43.48 12.53
420 571.46 151.69 25.23 61.54 12.51
420 469.84 171.52 17.83 43.48 12.37
420 12.69 109.85 25.23 61.54 2.80
420 180.07 43.01 22.47 54.79 1.54
450 9.76 178.45 31.71 77.35 87.37
450 5.49 4.57 17.83 43.48 53.72
450 58.84 190.49 20.00 48.78 53.68
450 132.84 153.45 28.28 68.97 47.73
450 435.43 169.02 20.00 48.78 40.30
450 418.85 156.62 25.23 61.54 32.61
450 163.19 128.62 28.28 68.97 31.29
450 107.62 9.02 20.00 48.78 30.62
450 298.36 161.72 28.28 68.97 27.61
450 51.04 7.07 20.00 48.78 25.27
450 153.77 167.95 22.47 54.79 17.69
450 486.38 80.69 56.55 137.93 15.77
450 10.98 137.83 35.65 86.96 11.99
450 138.84 12.93 20.00 48.78 2.18
480 163.75 150.65 17.83 43.48 64.76
480 233.32 138.48 17.83 43.48 62.68
480 106.62 99.63 45.20 110.24 40.14
480 494.22 134.14 28.28 68.97 39.64
480 452.72 162.17 35.65 86.96 36.34
480 294.20 141.29 31.71 77.35 35.38
480 105.67 176.83 20.00 48.78 34.48
480 278.80 162.17 35.65 86.96 32.77
480 433.33 144.39 31.71 77.35 29.50
480 525.93 130.46 45.20 110.24 28.25
480 551.47 111.96 50.80 123.90 19.02
480 143.88 125.86 28.28 68.97 18.93
480 219.46 119.69 25.23 61.54 18.25
480 13.96 200.24 20.00 48.78 14.89
480 274.32 121.92 22.47 54.79 13.52
480 439.52 159.87 31.71 77.35 10.89
510 152.50 147.56 20.00 48.78 60.79
510 504.62 135.00 17.83 43.48 54.36
510 228.10 138.48 17.83 43.48 44.59
510 578.17 119.51 40.00 97.56 39.93
510 89.14 108.28 56.55 137.93 37.91
510 536.59 126.80 50.80 123.90 16.85
510 173.49 141.64 22.47 54.79 5.59
540 509.84 133.26 17.83 43.48 74.85
540 414.59 97.81 22.47 54.79 43.63
540 226.36 140.22 17.83 43.48 40.10
540 536.89 137.80 20.00 48.78 39.27
540 525.18 159.27 20.00 48.78 30.81
540 212.08 132.00 25.23 61.54 25.21
540 156.40 153.41 20.00 48.78 9.53
540 525.18 10.98 20.00 48.78 7.36
570 513.32 138.48 17.83 43.48 82.14
570 487.23 157.61 17.83 43.48 66.63
570 552.67 161.37 22.47 54.79 34.63
570 14.46 172.61 35.65 86.96 34.33
570 519.79 137.26 22.47 54.79 15.72
570 495.15 151.69 25.23 61.54 5.35
600 482.01 164.57 17.83 43.48 77.26
600 508.02 150.69 28.28 68.97 64.17
600 269.84 230.65 17.83 43.48 46.54
600 98.97 141.64 22.47 54.79 32.51
600 4.21 215.85 20.00 48.78 27.44
600 489.11 146.03 22.47 54.79 21.56
600 413.96 110.49 20.00 48.78 21.28
600 521.81 150.69 28.28 68.97 19.93
600 226.65 145.61 20.00 48.78 16.11
600 101.77 112.44 20.00 48.78 10.57
600 109.92 92.16 50.80 123.90 8.78
600 475.05 63.70 17.83 43.48 8.06
630 504.89 144.78 35.65 86.96 57.36
630 90.08 111.96 50.80 123.90 44.38
630 526.37 152.60 22.47 54.79 31.52
630 222.74 157.32 20.00 48.78 24.47
630 215.14 7.95 22.47 54.79 19.29
630 209.62 149.23 25.23 61.54 12.02
630 415.91 114.39 20.00 48.78 8.32
660 469.84 173.26 17.83 43.48 52.49
660 207.15 154.15 25.23 61.54 43.21
660 508.37 148.26 35.65 86.96 35.76
660 415.91 118.29 20.00 48.78 32.08
660 495.15 161.54 25.23 61.54 27.31
660 539.67 151.74 35.65 86.96 24.30
660 3.75 230.65 17.83 43.48 18.43
660 10.23 203.38 25.23 61.54 7.28
660 355.41 110.96 22.47 54.79 0.70
690 224.70 161.22 20.00 48.78 58.20
690 532.27 162.97 31.71 77.35 44.01
690 196.79 162.83 17.83 43.48 43.23
690 87.05 122.71 31.71 77.35 43.12
690 108.70 159.87 31.71 77.35 22.34
690 90.14 166.06 31.71 77.35 18.07
690 325.49 135.00 17.83 43.48 17.83
690 523.75 155.87 17.83 43.48 11.24
690 4.21 155.37 20.00 48.78 10.65
690 212.95 16.71 22.47 54.79 1.03
720 448.79 184.65 31.71 77.35 47.95
720 546.63 12.61 35.65 86.96 33.53
720 461.12 197.59 28.28 68.97 30.32
720 414.18 175.00 17.83 43.48 28.99
720 297.29 178.45 31.71 77.35 24.38
720 575.92 161.09 17.83 43.48 24.13
720 538.84 155.37 20.00 48.78 17.54
720 513.32 178.48 17.83 43.48 14.65
720 94.17 97.40 63.78 155.55 12.70
720 607.23 204.57 17.83 43.48 9.67
720 325.49 141.96 17.83 43.48 2.52
720 28.02 211.38 28.28 68.97 0.20
750 568.71 158.97 28.28 68.97 57.60
750 470.11 183.04 35.65 86.96 51.46
750 11.30 231.51 22.47 54.79 43.37
750 233.32 168.04 17.83 43.48 26.53
750 5.49 188.91 17.83 43.48 26.28
750 69.31 188.62 25.23 61.54 24.65
750 300.69 183.69 25.23 61.54 24.43
750 576.28 201.03 50.80 123.90 21.48
750 84.02 162.17 35.65 86.96 18.48
750 274.32 152.60 22.47 54.79 9.93
750 134.94 7.07 20.00 48.78 4.56
780 4.73 178.90 22.47 54.79 69.45
780 35.87 80.87 71.30 173.91 50.58
780 519.77 230.46 25.23 61.54 50.10
780 113.48 190.49 20.00 48.78 42.38
780 23.72 210.00 20.00 48.78 38.08
780 212.45 171.52 17.83 43.48 36.73
780 185.99 153.68 31.71 77.35 24.29
780 530.34 152.48 45.20 110.24 9.58
780 511.52 7.07 20.00 48.78 4.57
810 494.18 178.48 17.83 43.48 110.41
810 20.62 102.06 50.80 123.90 60.92
810 506.64 178.90 22.47 54.79 53.75
810 170.23 154.15 25.23 61.54 43.87
810 548.29 238.08 22.47 54.79 41.71
810 67.07 108.28 56.55 137.93 40.76
810 520.27 135.00 17.83 43.48 34.25
810 197.38 161.22 20.00 48.78 34.17
810 54.54 97.54 25.23 61.54 30.01
810 516.81 169.16 31.71 77.35 29.64
810 327.77 122.15 25.23 61.54 23.01
810 223.90 146.03 22.47 54.79 21.99
810 539.52 240.27 22.47 54.79 18.40
810 78.10 75.17 56.55 137.93 8.82
840 505.67 174.88 20.00 48.78 204.30
840 538.36 172.76 28.28 68.97 109.22
840 45.43 87.22 50.80 123.90 69.40
840 513.48 174.88 20.00 48.78 60.49
840 284.93 172.26 31.71 77.35 37.44
840 11.90 102.76 56.55 137.93 31.16
840 557.07 165.65 35.65 86.96 23.69
840 174.22 139.66 28.28 68.97 23.01
840 173.62 8.13 31.71 77.35 5.27
870 521.28 169.02 20.00 48.78 221.44
870 584.89 165.65 35.65 86.96 113.27
870 513.48 169.02 20.00 48.78 80.19
870 552.50 161.22 20.00 48.78 73.41
870 19.61 60.00 63.78 155.55 61.05
870 598.80 155.22 35.65 86.96 43.37
870 141.14 241.09 17.83 43.48 38.06
870 221.12 164.48 28.28 68.97 36.85
870 558.35 167.07 20.00 48.78 30.45
870 250.06 188.54 20.00 48.78 15.74
870 10.23 146.77 25.23 61.54 10.91
870 14.22 161.72 28.28 68.97 7.16
900 530.75 163.56 22.47 54.79 222.53
900 539.52 163.56 22.47 54.79 101.52
900 7.50 50.87 35.65 86.96 57.04
900 548.60 161.22 20.00 48.78 57.01
900 573.96 159.27 20.00 48.78 51.00
900 610.85 154.15 25.23 61.54 48.61
900 593.62 151.69 25.23 61.54 32.83
900 250.06 151.46 20.00 48.78 26.77
900 316.71 88.29 40.00 97.56 11.06
900 44.47 97.40 63.78 155.55 5.88
930 535.14 159.18 22.47 54.79 207.17
930 543.90 159.18 22.47 54.79 84.65
930 550.48 152.60 22.47 54.79 55.62
930 303.41 77.32 50.80 123.90 50.41
930 559.25 152.60 22.47 54.79 36.84
930 591.52 155.37 20.00 48.78 30.01
930 192.38 134.46 25.23 61.54 16.49
960 527.15 151.69 25.23 61.54 202.96
960 600.89 143.84 22.47 54.79 54.23
960 517.31 149.23 25.23 61.54 42.97
960 185.67 130.00 20.00 48.78 42.16
960 541.92 139.38 25.23 61.54 36.73
960 468.60 87.07 20.00 48.78 34.46
960 463.15 284.62 25.23 61.54 30.27
960 568.11 149.51 20.00 48.78 27.41
960 172.45 124.57 17.83 43.48 25.25
960 95.91 46.10 20.00 48.78 19.01
990 500.08 154.15 25.23 61.54 239.87
990 186.64 130.68 22.47 54.79 38.85
990 607.13 149.51 20.00 48.78 38.45
990 308.37 72.37 50.80 123.90 28.69
990 475.05 86.30 17.83 43.48 27.32
990 544.38 141.85 25.23 61.54 11.52
990 588.69 139.38 25.23 61.54 11.29
990 141.14 140.22 17.83 43.48 10.79
990 443.08 146.03 22.47 54.79 1.99
1020 547.77 147.27 63.78 155.55 173.13
1020 460.69 161.54 25.23 61.54 88.91
1020 445.92 151.69 25.23 61.54 26.71
1020 182.26 139.45 22.47 54.79 26.24
1050 445.92 156.62 25.23 61.54 78.54
1050 59.15 154.63 40.00 97.56 55.97
1050 554.86 159.18 22.47 54.79 25.89
1050 572.40 163.56 22.47 54.79 23.31
1050 188.10 145.43 17.83 43.48 22.98
1050 455.60 164.48 28.28 68.97 20.28
1050 167.23 140.22 17.83 43.48 20.23
1050 261.41 134.35 35.65 86.96 16.35
1050 308.90 88.29 40.00 97.56 4.11
1080 450.85 134.46 25.23 61.54 31.64
1080 309.66 94.84 31.71 77.35 20.97
1080 186.64 146.03 22.47 54.79 16.76
1080 445.27 163.56 22.47 54.79 14.06
1110 226.95 166.34 40.00 97.56 52.97
1110 61.14 152.39 17.83 43.48 36.33
1110 189.57 147.56 20.00 48.78 31.30
1110 107.74 148.22 22.47 54.79 24.95
1110 543.88 153.45 28.28 68.97 21.33
1110 445.92 159.08 25.23 61.54 18.30
1140 119.03 153.51 63.78 155.55 233.34
1140 94.17 153.51 63.78 155.55 102.24
1140 609.66 163.56 22.47 54.79 36.59
1140 309.66 97.94 31.71 77.35 27.83
1140 591.15 156.62 25.23 61.54 21.98
1140 302.88 122.83 17.83 43.48 17.18
1140 78.53 190.65 17.83 43.48 8.22
1170 11.90 168.97 56.55 137.93 257.82
1170 32.04 159.74 63.78 155.55 59.05
1170 594.32 165.75 22.47 54.79 23.60
1170 451.88 150.58 31.71 77.35 22.98
1170 99.40 169.78 17.83 43.48 19.70
1170 443.08 165.75 22.47 54.79 17.09
1170 475.05 101.96 17.83 43.48 10.41
1170 551.77 164.00 25.23 61.54 9.61
1170 309.66 101.03 31.71 77.35 6.78
1200 544.38 164.00 25.23 61.54 68.64
1200 214.54 176.31 25.23 61.54 52.12
1200 165.49 145.43 17.83 43.48 46.55
1200 594.32 165.75 22.47 54.79 35.47
1200 609.09 170.98 20.00 48.78 32.59
1200 315.85 94.84 31.71 77.35 23.95
1200 557.05 165.75 22.47 54.79 18.45
1200 445.92 161.54 25.23 61.54 14.53
1200 501.77 139.76 20.00 48.78 13.94
1200 262.50 145.17 28.28 68.97 11.11
1200 56.89 165.12 20.00 48.78 10.90
1200 231.58 162.83 17.83 43.48 8.13
1200 180.12 119.51 40.00 97.56 7.17
1230 549.31 161.54 25.23 61.54 57.57
1230 501.77 139.76 20.00 48.78 50.65
1230 594.32 165.75 22.47 54.79 36.75
1230 471.58 104.38 22.47 54.79 30.02
1230 212.45 133.26 17.83 43.48 23.81
1230 310.11 99.57 35.65 86.96 16.40
1230 611.04 169.02 20.00 48.78 14.75
1230 452.84 156.21 28.28 68.97 12.32
1230 191.83 181.95 40.00 97.56 9.24
1230 576.78 165.75 22.47 54.79 3.38
1230 440.89 165.75 22.47 54.79 2.58
1260 153.77 178.90 22.47 54.79 155.67
1260 549.31 161.54 25.23 61.54 73.35
1260 187.62 153.41 20.00 48.78 37.49
1260 111.58 155.87 17.83 43.48 33.60
1260 309.66 97.94 31.71 77.35 32.81
1260 594.32 165.75 22.47 54.79 32.71
1260 473.32 103.70 17.83 43.48 25.51
1260 605.18 170.98 20.00 48.78 21.31
1260 615.77 159.08 25.23 61.54 15.66
1260 263.29 141.29 31.71 77.35 14.34
1260 574.59 167.95 22.47 54.79 2.68
1290 500.07 137.26 22.47 54.79 63.13
1290 313.59 92.61 35.65 86.96 45.68
1290 546.85 161.54 25.23 61.54 43.63
1290 184.62 152.39 17.83 43.48 35.35
1290 591.15 159.08 25.23 61.54 31.91
1290 563.63 167.95 22.47 54.79 25.24
1290 137.66 162.83 17.83 43.48 25.14
1290 607.13 170.98 20.00 48.78 21.85
1290 302.74 124.15 20.00 48.78 20.67
1290 451.85 139.45 22.47 54.79 17.17
1290 149.84 157.61 17.83 43.48 13.88
1320 105.67 180.73 20.00 48.78 164.94
1320 546.85 161.54 25.23 61.54 51.38
1320 181.77 151.46 20.00 48.78 38.42
1320 495.15 134.46 25.23 61.54 31.51
1320 375.14 119.73 22.47 54.79 26.51
1320 452.84 156.21 28.28 68.97 25.26
1320 264.89 137.83 35.65 86.96 12.50
1320 470.55 108.54 20.00 48.78 6.55
1320 170.06 151.46 20.00 48.78 1.92
1350 95.92 181.96 17.83 43.48 194.20
1350 471.58 113.15 22.47 54.79 32.79
1350 609.66 167.95 22.47 54.79 21.17
1350 168.97 147.17 17.83 43.48 15.26
1350 205.49 138.48 17.83 43.48 7.16
1350 186.64 150.41 22.47 54.79 5.99
1380 90.71 181.96 17.83 43.48 193.05
1380 82.26 184.63 20.00 48.78 39.38
1380 449.66 137.26 22.47 54.79 37.34
1380 445.92 164.00 25.23 61.54 29.25
1380 168.97 147.17 17.83 43.48 12.78
1380 310.11 99.57 35.65 86.96 11.08
1380 472.50 106.59 20.00 48.78 8.78
1380 372.95 117.53 22.47 54.79 1.83
1410 87.23 183.70 17.83 43.48 155.06
1410 550.48 165.75 22.47 54.79 59.78
1410 500.07 137.26 22.47 54.79 33.77
1410 375.14 119.73 22.47 54.79 33.16
1410 109.93 62.74 22.47 54.79 31.25
1410 608.97 173.26 17.83 43.48 26.46
1410 313.59 92.61 35.65 86.96 18.76
1410 84.02 30.00 35.65 86.96 8.47
1410 167.23 147.17 17.83 43.48 6.81
1410 572.45 178.48 17.83 43.48 6.63
1440 88.11 178.78 20.00 48.78 163.51
1440 445.27 165.75 22.47 54.79 54.74
1440 605.27 167.95 22.47 54.79 44.38
1440 593.62 161.54 25.23 61.54 39.45
1440 165.49 147.17 17.83 43.48 31.40
1440 80.30 182.68 20.00 48.78 26.93
1440 315.85 97.94 31.71 77.35 23.53
1440 306.36 124.57 17.83 43.48 20.77
1440 451.04 139.76 20.00 48.78 18.20
1440 187.62 151.46 20.00 48.78 16.62
1440 549.31 161.54 25.23 61.54 13.56
1440 221.38 134.86 45.20 110.24 1.45
1440 495.91 141.71 20.00 48.78 1.04
1470 95.92 178.48 17.83 43.48 213.36
1470 90.71 183.70 17.83 43.48 89.75
1470 546.85 164.00 25.23 61.54 62.66
1470 495.91 141.71 20.00 48.78 23.60
1470 186.64 150.41 22.47 54.79 21.25
1470 312.75 94.84 31.71 77.35 17.65
1470 445.27 165.75 22.47 54.79 15.21
1470 380.79 124.15 20.00 48.78 11.31
1470 611.04 170.98 20.00 48.78 3.86
1500 101.14 178.48 17.83 43.48 230.22
1500 546.85 161.54 25.23 61.54 69.39
1500 94.18 181.96 17.83 43.48 47.92
1500 497.88 139.45 22.47 54.79 46.46
1500 525.49 152.39 17.83 43.48 30.20
1500 609.09 172.93 20.00 48.78 24.00
1500 596.51 165.75 22.47 54.79 23.52
1500 109.57 172.93 20.00 48.78 22.81
1500 445.27 165.75 22.47 54.79 19.72
1500 58.84 165.12 20.00 48.78 11.21
1500 305.00 119.73 22.47 54.79 7.64
1500 167.23 147.17 17.83 43.48 1.37
1530 108.10 180.22 17.83 43.48 227.55
1530 546.85 164.00 25.23 61.54 72.44
1530 101.14 181.96 17.83 43.48 50.13
1530 499.82 141.71 20.00 48.78 44.11
1530 594.32 161.37 22.47 54.79 25.24
1530 317.07 89.13 35.65 86.96 19.64
1560 113.32 180.22 17.83 43.48 171.52
1560 607.47 167.95 22.47 54.79 52.18
1560 451.88 150.58 31.71 77.35 29.59
1560 309.66 97.94 31.71 77.35 3.25
1590 116.79 178.48 17.83 43.48 89.64
1590 607.47 167.95 22.47 54.79 54.40
1590 61.14 155.87 17.83 43.48 51.86
1590 549.31 161.54 25.23 61.54 34.44
1590 308.10 124.57 17.83 43.48 31.02
1590 451.88 150.58 31.71 77.35 24.67
1620 312.75 97.94 31.71 77.35 35.93
1620 452.84 158.97 28.28 68.97 30.59
1620 116.79 178.48 17.83 43.48 30.33
1620 473.77 104.38 22.47 54.79 13.17
1620 451.04 139.76 20.00 48.78 8.40
1650 312.75 97.94 31.71 77.35 46.28
1650 609.09 169.02 20.00 48.78 26.06
1650 452.99 141.71 20.00 48.78 18.21
1650 549.31 164.00 25.23 61.54 13.12
1650 596.51 165.75 22.47 54.79 9.22
1680 546.85 161.54 25.23 61.54 66.77
1680 174.18 188.91 17.83 43.48 25.85
1680 310.11 99.57 35.65 86.96 5.88
1680 372.95 117.53 22.47 54.79 3.93
1710 574.59 135.07 22.47 54.79 53.61
1710 590.78 181.03 28.28 68.97 42.78
1710 491.90 174.48 56.55 137.93 32.40
1710 471.58 102.19 22.47 54.79 30.93
1710 309.66 97.94 31.71 77.35 18.88
1710 534.18 8.04 17.83 43.48 2.79
1740 548.29 163.56 22.47 54.79 48.66
1740 610.71 173.26 17.83 43.48 47.63
1740 471.58 106.58 22.47 54.79 32.18
1740 497.87 143.66 20.00 48.78 19.15
1740 389.84 129.78 17.83 43.48 14.84
1740 451.88 153.68 31.71 77.35 7.29
1770 40.92 192.24 100.71 245.62 97.79
1770 546.85 164.00 25.23 61.54 78.93
1770 60.62 133.47 100.71 245.62 48.22
1770 609.09 172.93 20.00 48.78 45.60
1770 386.36 129.78 17.83 43.48 14.33
1770 470.54 90.15 25.23 61.54 12.65
1770 309.40 101.03 28.28 68.97 11.17
1770 74.91 109.31 28.28 68.97 9.21
1770 87.50 33.48 35.65 86.96 2.65
1800 546.85 161.54 25.23 61.54 65.47
1800 304.70 122.20 20.00 48.78 43.38
1800 473.77 104.38 22.47 54.79 39.83
1800 61.14 155.87 17.83 43.48 34.68
1800 605.18 170.98 20.00 48.78 32.94
1800 107.74 152.60 22.47 54.79 29.16
1800 575.91 174.88 20.00 48.78 24.79
1800 172.45 188.91 17.83 43.48 16.15
1800 581.31 141.85 25.23 61.54 4.55
1800 451.88 153.68 31.71 77.35 3.92
1830 546.85 161.54 25.23 61.54 53.08
1830 113.32 155.87 17.83 43.48 52.50
1830 611.04 170.98 20.00 48.78 35.72
1830 495.68 139.45 22.47 54.79 29.61
1830 309.66 97.94 31.71 77.35 17.61
1830 574.59 167.95 22.47 54.79 15.19
1830 438.70 165.75 22.47 54.79 11.45
1830 172.01 186.59 20.00 48.78 9.95
1830 451.88 153.68 31.71 77.35 7.87
