30 219.40 136.74 17.83 43.48 79.28
30 261.41 89.13 35.65 86.96 76.03
30 22.13 63.87 31.71 77.35 70.48
30 437.38 143.66 20.00 48.78 35.69
30 137.52 86.42 45.20 110.24 34.87
30 228.10 135.00 17.83 43.48 32.65
30 117.97 104.13 31.71 77.35 28.88
30 367.15 63.08 25.23 61.54 28.34
30 585.98 162.44 40.00 97.56 22.53
30 273.78 76.59 40.00 97.56 20.98
30 403.75 6.30 17.83 43.48 17.49
30 355.05 107.17 17.83 43.48 13.69
30 461.12 150.69 28.28 68.97 7.18
30 517.38 141.71 20.00 48.78 3.89
60 165.49 141.96 17.83 43.48 111.99
60 173.96 141.71 20.00 48.78 79.06
60 85.12 87.22 50.80 123.90 60.43
60 230.87 35.06 63.78 155.55 52.90
60 106.62 82.02 45.20 110.24 45.07
60 218.36 120.34 28.28 68.97 44.07
60 331.72 64.40 45.20 110.24 43.31
60 432.12 148.22 22.47 54.79 36.53
60 591.85 9.13 35.65 86.96 34.05
60 587.92 138.19 31.71 77.35 27.19
60 542.88 6.30 17.83 43.48 25.48
60 497.93 155.22 35.65 86.96 19.65
60 322.85 100.00 25.23 61.54 15.31
60 381.12 109.31 28.28 68.97 10.73
90 102.50 134.14 28.28 68.97 80.72
90 408.01 34.25 22.47 54.79 46.36
90 170.53 113.42 31.71 77.35 43.63
90 188.91 25.22 71.30 173.91 33.13
90 617.66 301.96 17.83 43.48 31.06
90 52.99 131.95 20.00 48.78 28.88
90 162.53 128.49 22.47 54.79 21.29
90 61.14 129.78 17.83 43.48 20.36
90 314.07 64.40 45.20 110.24 20.01
120 29.92 134.46 25.23 61.54 220.64
120 109.84 155.87 17.83 43.48 53.03
120 191.03 126.30 22.47 54.79 52.11
120 116.29 23.79 28.28 68.97 31.52
120 294.04 106.58 22.47 54.79 28.88
120 497.62 6.46 25.23 61.54 27.32
120 39.05 125.86 28.28 68.97 25.62
120 90.14 8.13 31.71 77.35 13.79
120 203.75 128.04 17.83 43.48 13.78
150 22.13 135.10 31.71 77.35 62.91
150 168.11 128.05 20.00 48.78 56.37
150 365.49 141.96 17.83 43.48 39.54
150 447.47 16.71 22.47 54.79 34.45
150 550.65 206.09 71.30 173.91 32.06
150 457.21 126.80 50.80 123.90 23.49
150 351.58 143.70 17.83 43.48 16.50
150 146.65 133.90 20.00 48.78 11.54
150 269.84 117.61 17.83 43.48 11.26
150 138.84 133.90 20.00 48.78 9.53
150 384.69 99.63 45.20 110.24 3.12
150 430.24 135.10 31.71 77.35 1.76
180 5.49 185.43 17.83 43.48 51.95
180 432.40 32.78 50.80 123.90 39.96
180 103.77 114.77 25.23 61.54 35.12
180 291.85 106.58 22.47 54.79 32.76
180 509.92 6.46 25.23 61.54 24.67
180 525.00 36.55 56.55 137.93 10.44
180 595.43 126.10 20.00 48.78 7.19
210 566.36 107.01 50.80 123.90 65.61
210 495.68 53.97 22.47 54.79 64.06
210 5.49 408.04 17.83 43.48 51.44
210 408.01 150.41 22.47 54.79 49.86
210 484.21 34.39 20.00 48.78 48.57
210 469.84 211.52 17.83 43.48 48.37
210 11.47 103.79 28.28 68.97 36.83
210 103.36 82.47 22.47 54.79 36.60
210 469.84 39.35 17.83 43.48 31.14
210 285.92 95.08 25.23 61.54 28.70
210 364.69 134.46 25.23 61.54 26.40
210 596.51 78.08 22.47 54.79 24.44
210 475.05 220.22 17.83 43.48 23.64
210 17.62 129.54 25.23 61.54 21.35
210 586.20 102.06 50.80 123.90 20.66
210 471.58 113.15 22.47 54.79 15.23
210 544.38 161.54 25.23 61.54 4.14
240 5.95 65.17 28.28 68.97 57.91
240 419.74 150.69 28.28 68.97 56.20
240 478.35 75.37 20.00 48.78 49.94
240 264.89 82.17 35.65 86.96 47.40
240 403.75 105.43 17.83 43.48 46.92
240 516.29 32.07 28.28 68.97 38.41
240 379.52 139.45 22.47 54.79 34.65
240 247.23 103.70 17.83 43.48 28.40
240 562.56 111.71 40.00 97.56 25.52
240 366.37 141.64 22.47 54.79 24.90
240 574.18 15.00 17.83 43.48 22.77
240 497.93 23.04 35.65 86.96 19.99
240 585.55 45.21 22.47 54.79 12.53
240 485.49 48.04 17.83 43.48 9.53
240 438.53 55.00 17.83 43.48 8.54
240 508.37 57.83 35.65 86.96 6.71
240 597.68 10.24 40.00 97.56 2.09
270 553.91 8.13 31.71 77.35 72.75
270 381.12 136.90 28.28 68.97 68.50
270 364.57 139.66 28.28 68.97 68.43
270 508.02 15.52 28.28 68.97 56.95
270 508.84 56.16 22.47 54.79 53.93
270 554.45 57.80 20.00 48.78 48.45
270 530.75 56.16 22.47 54.79 44.91
270 355.73 166.34 40.00 97.56 36.47
270 201.45 107.23 31.71 77.35 35.05
270 437.68 154.63 40.00 97.56 27.21
270 167.77 11.38 25.23 61.54 23.16
270 499.74 26.55 28.28 68.97 18.37
270 281.59 53.17 40.00 97.56 16.01
270 224.03 62.47 50.80 123.90 13.08
270 544.38 26.15 25.23 61.54 12.09
270 144.70 10.98 20.00 48.78 9.62
270 578.65 54.58 31.71 77.35 8.87
270 210.71 32.39 17.83 43.48 7.49
300 571.47 7.24 28.28 68.97 72.78
300 380.77 187.74 31.71 77.35 64.09
300 554.76 189.76 40.00 97.56 45.29
300 607.23 49.78 17.83 43.48 39.82
300 289.39 60.98 40.00 97.56 38.88
300 193.22 135.07 22.47 54.79 36.88
300 554.76 53.17 40.00 97.56 36.25
300 175.91 5.12 20.00 48.78 33.07
300 226.85 117.23 25.23 61.54 31.55
300 406.16 190.49 20.00 48.78 29.57
300 11.30 165.75 22.47 54.79 27.91
300 543.15 273.48 35.65 86.96 26.70
300 492.32 248.29 40.00 97.56 20.18
300 208.56 139.45 22.47 54.79 19.22
300 152.16 123.10 28.28 68.97 17.84
300 3.75 143.70 17.83 43.48 16.77
300 405.51 141.29 31.71 77.35 15.75
300 397.05 172.33 22.47 54.79 14.25
300 602.01 55.00 17.83 43.48 14.13
300 377.68 166.06 31.71 77.35 10.23
300 167.23 4.57 17.83 43.48 5.48
330 404.21 215.85 20.00 48.78 46.63
330 164.35 11.23 31.71 77.35 43.56
330 416.78 187.67 22.47 54.79 39.44
330 557.07 61.30 35.65 86.96 38.55
330 195.33 127.39 35.65 86.96 37.24
330 428.02 167.24 28.28 68.97 24.85
330 293.29 68.78 40.00 97.56 23.09
330 221.12 18.28 28.28 68.97 19.34
330 425.67 211.95 20.00 48.78 18.44
330 281.59 84.39 40.00 97.56 5.62
330 258.85 134.46 25.23 61.54 5.56
360 209.09 157.32 20.00 48.78 59.29
360 445.70 162.97 31.71 77.35 51.82
360 390.65 206.09 71.30 173.91 49.17
360 458.07 162.97 31.71 77.35 19.44
360 184.45 32.05 22.47 54.79 16.82
360 277.68 64.88 40.00 97.56 7.31
360 435.43 188.54 20.00 48.78 5.61
390 414.46 221.30 35.65 86.96 74.61
390 206.37 159.18 22.47 54.79 73.68
390 254.59 95.62 22.47 54.79 58.72
390 442.28 165.65 35.65 86.96 54.58
390 162.53 36.44 22.47 54.79 47.18
390 177.88 154.79 22.47 54.79 42.39
390 287.33 70.69 28.28 68.97 35.72
390 154.45 149.51 20.00 48.78 26.19
390 437.38 223.66 20.00 48.78 17.08
390 183.72 38.29 20.00 48.78 13.71
390 408.60 320.90 31.71 77.35 11.96
390 218.36 18.28 28.28 68.97 11.19
420 179.82 159.27 20.00 48.78 52.39
420 158.16 20.52 31.71 77.35 50.75
420 421.41 228.26 35.65 86.96 49.39
420 558.66 68.78 40.00 97.56 43.50
420 201.81 167.24 28.28 68.97 31.65
420 253.96 102.68 20.00 48.78 30.30
420 442.28 176.09 35.65 86.96 25.83
420 221.92 28.62 25.23 61.54 12.81
420 228.60 170.98 20.00 48.78 8.50
420 184.45 43.01 22.47 54.79 2.43
450 181.77 51.95 20.00 48.78 70.86
450 452.72 179.57 35.65 86.96 66.37
450 250.06 106.59 20.00 48.78 48.02
450 430.78 233.45 28.28 68.97 42.38
450 153.59 19.57 35.65 86.96 38.95
450 200.27 175.00 17.83 43.48 36.76
450 168.71 164.48 28.28 68.97 33.97
450 265.69 91.72 56.55 137.93 32.13
450 558.66 72.68 40.00 97.56 24.62
450 214.54 36.00 25.23 61.54 16.47
450 207.33 10.00 28.28 68.97 9.75
450 142.88 152.39 17.83 43.48 6.58
450 467.34 203.23 31.71 77.35 4.88
480 556.83 68.81 45.20 110.24 77.05
480 439.05 230.69 28.28 68.97 50.42
480 148.89 29.81 31.71 77.35 37.20
480 243.63 108.77 22.47 54.79 33.10
480 173.96 53.90 20.00 48.78 31.68
480 193.32 175.00 17.83 43.48 31.52
480 415.91 178.78 20.00 48.78 27.36
480 255.73 97.40 63.78 155.55 16.42
480 195.43 63.66 20.00 48.78 16.02
480 204.57 37.59 28.28 68.97 11.42
480 204.57 147.93 28.28 68.97 6.08
480 500.12 178.05 40.00 97.56 4.68
480 243.63 159.18 22.47 54.79 1.10
510 462.74 176.83 20.00 48.78 137.96
510 470.55 178.78 20.00 48.78 67.58
510 258.76 97.11 50.80 123.90 62.70
510 133.43 29.81 31.71 77.35 58.65
510 548.00 64.40 45.20 110.24 49.61
510 262.88 310.65 17.83 43.48 46.82
510 228.60 108.54 20.00 48.78 31.79
510 146.63 19.57 35.65 86.96 29.24
510 306.63 144.78 35.65 86.96 22.52
510 162.01 180.22 17.83 43.48 21.12
510 436.72 224.14 56.55 137.93 10.29
510 588.10 77.61 17.83 43.48 7.99
540 237.09 84.94 63.78 155.55 93.05
540 535.24 68.78 40.00 97.56 73.23
540 111.79 17.42 31.71 77.35 54.85
540 127.47 163.56 22.47 54.79 47.18
540 212.08 97.54 25.23 61.54 43.99
540 185.00 28.62 25.23 61.54 43.44
540 223.15 148.26 35.65 86.96 35.83
540 287.33 145.17 28.28 68.97 29.40
540 129.24 9.13 35.65 86.96 28.03
540 163.75 169.78 17.83 43.48 27.77
540 574.18 70.65 17.83 43.48 24.43
540 471.58 240.27 22.47 54.79 22.69
540 164.35 11.23 31.71 77.35 20.49
540 425.26 62.41 28.28 68.97 7.45
570 525.93 55.60 45.20 110.24 65.52
570 91.47 12.76 28.28 68.97 65.03
570 270.78 136.90 28.28 68.97 53.75
570 189.92 92.62 25.23 61.54 47.59
570 224.03 87.22 50.80 123.90 47.10
570 96.38 159.08 25.23 61.54 46.42
570 148.10 168.04 17.83 43.48 45.56
570 550.85 213.17 40.00 97.56 37.29
570 304.70 153.41 20.00 48.78 32.46
570 101.16 40.82 22.47 54.79 31.29
570 281.81 139.66 28.28 68.97 27.77
570 155.07 11.23 31.71 77.35 23.29
570 106.23 156.62 25.23 61.54 23.13
570 414.18 53.26 17.83 43.48 16.87
570 429.57 50.00 20.00 48.78 11.49
600 167.77 92.62 25.23 61.54 56.46
600 250.92 138.19 31.71 77.35 53.02
600 512.69 46.79 45.20 110.24 44.13
600 123.75 169.78 17.83 43.48 39.37
600 72.16 158.97 28.28 68.97 38.86
600 204.19 87.22 50.80 123.90 29.51
600 398.53 44.57 17.83 43.48 14.23
630 239.15 146.77 25.23 61.54 41.91
630 145.62 95.08 25.23 61.54 39.99
630 59.67 16.09 35.65 86.96 35.88
630 51.04 165.12 20.00 48.78 35.16
630 184.34 92.16 50.80 123.90 32.39
630 531.34 53.17 40.00 97.56 26.16
630 382.88 41.09 17.83 43.48 23.01
630 493.49 51.78 22.47 54.79 16.75
660 226.10 150.41 22.47 54.79 60.32
660 35.43 170.98 20.00 48.78 57.06
660 370.75 40.82 22.47 54.79 52.43
660 38.80 9.13 35.65 86.96 47.87
660 158.16 138.19 31.71 77.35 44.23
660 174.42 97.11 50.80 123.90 36.92
660 494.18 55.00 17.83 43.48 27.31
660 138.42 102.19 22.47 54.79 22.91
660 76.69 164.00 25.23 61.54 21.88
660 109.84 23.70 17.83 43.48 17.55
660 535.92 63.70 17.83 43.48 17.20
660 10.98 155.22 35.65 86.96 8.13
660 532.45 175.00 17.83 43.48 7.15
690 25.67 174.88 20.00 48.78 70.25
690 490.23 58.15 25.23 61.54 63.10
690 31.85 12.61 35.65 86.96 52.58
690 524.18 62.74 22.47 54.79 52.17
690 3.75 154.13 17.83 43.48 44.84
690 177.41 86.21 56.55 137.93 39.14
690 153.59 134.35 35.65 86.96 18.71
690 537.66 70.65 17.83 43.48 16.84
690 128.38 104.92 25.23 61.54 6.90
720 9.76 23.61 31.71 77.35 47.31
720 503.72 67.56 20.00 48.78 40.15
720 466.36 63.70 17.83 43.48 38.86
720 101.31 107.38 25.23 61.54 33.12
720 326.92 49.59 22.47 54.79 32.56
720 144.65 102.06 50.80 123.90 30.59
720 3.75 178.48 17.83 43.48 23.80
720 10.23 171.38 25.23 61.54 23.72
720 121.59 131.22 40.00 97.56 22.18
720 497.66 133.26 17.83 43.48 19.06
750 408.11 63.66 20.00 48.78 48.88
750 63.15 141.30 35.65 86.96 43.70
750 586.20 42.68 50.80 123.90 41.18
750 6.67 14.32 31.71 77.35 33.13
750 459.40 188.91 17.83 43.48 30.24
750 44.69 112.31 25.23 61.54 22.40
750 276.08 50.77 25.23 61.54 20.91
750 14.46 30.00 35.65 86.96 20.70
750 85.12 102.06 50.80 123.90 19.22
750 34.85 50.77 25.23 61.54 14.80
750 285.92 53.23 25.23 61.54 12.78
750 488.97 190.65 17.83 43.48 6.58
780 436.72 47.59 56.55 137.93 66.58
780 21.23 45.31 100.71 245.62 49.79
780 423.77 48.31 25.23 61.54 31.74
780 12.45 187.17 17.83 43.48 30.10
780 254.46 75.22 35.65 86.96 25.47
780 290.71 79.35 17.83 43.48 19.13
780 532.72 85.65 35.65 86.96 18.39
780 476.71 100.00 40.00 97.56 11.54
810 449.66 58.36 22.47 54.79 75.24
810 247.83 29.81 31.71 77.35 37.08
810 458.84 65.61 20.00 48.78 33.97
810 116.72 47.59 56.55 137.93 24.64
810 291.11 166.06 31.71 77.35 21.26
840 396.23 11.23 31.71 77.35 98.89
840 372.95 36.44 22.47 54.79 65.47
840 162.26 63.66 20.00 48.78 55.21
840 148.08 55.69 25.23 61.54 42.39
840 460.79 167.07 20.00 48.78 29.64
840 452.45 53.26 17.83 43.48 6.82
870 143.15 21.23 25.23 61.54 85.97
870 349.84 173.26 17.83 43.48 72.25
870 552.41 121.65 45.20 110.24 58.04
870 506.64 150.41 22.47 54.79 57.84
870 525.93 121.65 45.20 110.24 53.62
870 313.77 163.56 22.47 54.79 19.18
870 322.85 159.08 25.23 61.54 15.65
870 204.54 11.23 31.71 77.35 9.64
870 182.90 8.13 31.71 77.35 2.50
900 246.16 165.12 20.00 48.78 64.53
900 374.18 183.70 17.83 43.48 22.78
900 394.76 139.02 40.00 97.56 21.39
900 477.38 117.25 45.20 110.24 11.44
930 206.37 161.37 22.47 54.79 59.35
930 453.29 127.32 40.00 97.56 59.21
930 142.74 176.83 20.00 48.78 57.00
930 218.84 167.07 20.00 48.78 35.11
930 541.14 55.00 17.83 43.48 22.14
930 477.92 161.54 25.23 61.54 16.55
930 607.33 106.55 28.28 68.97 16.38
930 230.55 163.17 20.00 48.78 10.64
930 393.52 108.44 45.20 110.24 6.93
960 164.51 123.41 40.00 97.56 61.10
960 469.84 178.48 17.83 43.48 46.97
960 85.82 170.14 22.47 54.79 38.02
960 139.61 135.10 31.71 77.35 32.43
960 131.04 159.27 20.00 48.78 32.43
960 29.92 149.23 25.23 61.54 29.14
960 4.73 161.37 22.47 54.79 27.77
960 150.11 120.43 35.65 86.96 22.67
960 6.92 10.14 22.47 54.79 20.00
960 52.45 178.48 17.83 43.48 18.02
960 210.71 171.52 17.83 43.48 12.71
990 19.82 157.32 20.00 48.78 43.40
990 258.97 130.68 22.47 54.79 40.85
990 457.26 22.91 89.69 218.76 39.79
990 105.60 110.32 31.71 77.35 35.98
990 4.73 148.22 22.47 54.79 25.91
990 43.75 185.43 17.83 43.48 21.58
990 44.69 55.69 25.23 61.54 17.94
990 537.00 176.31 25.23 61.54 11.54
990 419.40 53.26 17.83 43.48 5.99
1020 474.91 139.66 28.28 68.97 74.93
1020 495.17 141.29 31.71 77.35 62.46
1020 527.33 153.45 28.28 68.97 46.11
1020 85.95 131.38 28.28 68.97 36.15
1020 308.10 23.70 17.83 43.48 24.04
1020 30.78 134.14 28.28 68.97 23.27
1020 435.43 28.54 20.00 48.78 22.55
1020 438.54 132.00 25.23 61.54 22.52
1020 3.75 173.26 17.83 43.48 20.96
1020 532.84 90.00 28.28 68.97 12.83
1020 44.83 99.63 45.20 110.24 12.57
1050 118.70 5.75 22.47 54.79 38.69
1050 129.66 137.26 22.47 54.79 35.46
1050 612.99 174.88 20.00 48.78 32.07
1050 497.66 147.17 17.83 43.48 31.18
1050 102.50 136.90 28.28 68.97 27.82
1050 85.49 152.39 17.83 43.48 27.76
1050 513.22 124.11 22.47 54.79 22.12
1050 522.28 130.87 35.65 86.96 15.75
1050 283.23 147.56 20.00 48.78 13.93
1050 551.77 156.62 25.23 61.54 13.32
1080 566.28 141.29 31.71 77.35 55.60
1080 70.85 162.44 40.00 97.56 42.96
1080 612.99 73.41 20.00 48.78 30.91
1080 534.18 155.87 17.83 43.48 27.20
1080 31.58 117.61 17.83 43.48 25.16
1080 532.95 119.73 22.47 54.79 22.44
1080 571.46 82.77 25.23 61.54 17.09
1080 371.04 126.10 20.00 48.78 16.18
1080 171.47 90.00 28.28 68.97 12.77
1080 437.68 88.29 40.00 97.56 8.53
1080 174.18 20.22 17.83 43.48 7.94
1080 294.18 168.04 17.83 43.48 4.95
1080 271.58 169.78 17.83 43.48 3.97
1080 92.01 120.24 20.00 48.78 3.95
1110 585.26 109.31 28.28 68.97 57.81
1110 333.49 161.37 22.47 54.79 42.95
1110 37.60 143.84 22.47 54.79 42.78
1110 478.53 136.74 17.83 43.48 38.99
1110 309.66 156.77 31.71 77.35 31.69
1110 66.65 135.85 20.00 48.78 20.20
1110 598.54 114.77 25.23 61.54 18.92
1140 237.67 172.76 28.28 68.97 30.97
1140 12.32 14.15 40.00 97.56 25.07
1140 77.05 58.36 22.47 54.79 22.40
1140 549.40 10.00 28.28 68.97 5.24
1140 481.09 25.22 71.30 173.91 3.14
1170 4.73 14.52 22.47 54.79 53.85
1170 11.30 128.49 22.47 54.79 51.03
1170 534.18 124.57 17.83 43.48 42.46
1170 53.04 104.13 31.71 77.35 38.04
1170 260.17 36.55 56.55 137.93 31.12
1170 501.41 148.26 35.65 86.96 21.38
1170 208.97 4.57 17.83 43.48 20.92
1170 487.23 20.22 17.83 43.48 20.72
1170 195.43 5.12 20.00 48.78 17.56
1170 175.91 167.07 20.00 48.78 14.89
1170 5.49 55.00 17.83 43.48 8.44
1170 45.18 126.10 20.00 48.78 2.27
1170 381.71 110.96 22.47 54.79 0.89
1200 42.83 18.26 71.30 173.91 51.35
1200 219.40 143.70 17.83 43.48 34.09
1200 381.12 147.93 28.28 68.97 27.11
1200 572.01 116.34 20.00 48.78 19.25
1200 31.40 45.29 31.71 77.35 12.58
1230 141.12 263.79 28.28 68.97 66.18
1230 591.85 99.57 35.65 86.96 38.20
1230 13.40 172.21 63.78 155.55 35.19
1230 361.36 97.40 63.78 155.55 32.95
1230 240.54 155.22 35.65 86.96 28.21
1230 5.31 45.85 25.23 61.54 26.04
1230 8.41 310.73 40.00 97.56 18.67
1230 133.28 157.93 56.55 137.93 17.15
1230 133.10 29.17 45.20 110.24 3.64
1230 44.18 47.40 22.47 54.79 3.56
1260 61.71 141.64 22.47 54.79 32.44
1260 570.71 117.61 17.83 43.48 23.38
1260 388.10 115.87 17.83 43.48 13.02
1260 167.23 147.17 17.83 43.48 12.95
1260 530.75 121.92 22.47 54.79 11.47
1260 4.21 28.54 20.00 48.78 4.33
1290 576.28 77.32 50.80 123.90 48.43
1290 252.40 161.37 22.47 54.79 40.76
1290 27.67 22.91 89.69 218.76 40.25
1290 560.30 120.24 20.00 48.78 34.94
1290 396.69 6.46 25.23 61.54 11.89
1290 538.45 11.23 31.71 77.35 1.54
1290 459.67 172.61 35.65 86.96 0.77
1320 220.79 172.93 20.00 48.78 58.36
1320 576.28 82.27 50.80 123.90 43.15
1320 485.95 167.24 28.28 68.97 39.25
1320 339.82 165.12 20.00 48.78 36.56
1320 78.10 80.69 56.55 137.93 36.40
1320 557.67 120.34 28.28 68.97 28.87
1320 25.83 78.70 63.78 155.55 28.84
1320 19.61 35.06 63.78 155.55 28.45
1320 454.18 133.26 17.83 43.48 19.16
1320 331.30 7.95 22.47 54.79 16.13
1320 130.85 144.31 25.23 61.54 11.43
1320 543.90 80.27 22.47 54.79 8.45
1350 576.28 82.27 50.80 123.90 63.80
1350 421.31 161.54 25.23 61.54 51.59
1350 432.40 131.75 50.80 123.90 44.54
1350 21.96 73.91 71.30 173.91 44.52
1350 347.62 157.32 20.00 48.78 41.52
1350 204.18 170.14 22.47 54.79 40.25
1350 268.69 90.15 25.23 61.54 29.02
1350 397.05 7.95 22.47 54.79 28.69
1350 267.74 167.95 22.47 54.79 27.80
1350 361.81 136.90 28.28 68.97 23.63
1350 455.31 148.07 45.20 110.24 19.41
1350 543.90 80.27 22.47 54.79 16.54
1350 559.25 124.11 22.47 54.79 14.51
1350 549.84 107.17 17.83 43.48 13.29
1380 251.46 168.92 25.23 61.54 75.82
1380 21.96 73.91 71.30 173.91 49.86
1380 394.23 6.46 25.23 61.54 47.81
1380 572.40 135.07 22.47 54.79 42.25
1380 318.15 170.14 22.47 54.79 39.18
1380 550.82 119.61 31.71 77.35 34.31
1380 554.91 70.69 28.28 68.97 29.05
1380 427.44 151.55 50.80 123.90 24.74
1380 586.20 87.22 50.80 123.90 18.12
1380 196.29 161.72 28.28 68.97 16.96
1380 326.16 7.07 20.00 48.78 10.69
1380 357.60 36.44 22.47 54.79 9.23
1380 367.15 164.00 25.23 61.54 6.35
1380 408.97 28.91 17.83 43.48 3.99
1380 409.00 168.92 25.23 61.54 3.40
1380 113.53 164.48 28.28 68.97 3.37
1410 244.08 168.92 25.23 61.54 64.52
1410 21.96 18.26 71.30 173.91 42.01
1410 544.38 107.38 25.23 61.54 29.64
1410 537.33 45.21 22.47 54.79 19.45
1410 22.50 156.21 28.28 68.97 16.87
1410 570.06 120.24 20.00 48.78 15.03
1410 476.79 268.91 17.83 43.48 12.37
1410 323.75 178.48 17.83 43.48 8.34
1410 116.08 171.38 25.23 61.54 6.26
1410 348.45 152.41 56.55 137.93 -0.25
1440 16.98 87.24 28.28 68.97 62.65
1440 281.92 145.09 89.69 218.76 48.76
1440 557.67 123.10 28.28 68.97 41.51
1440 351.85 158.70 35.65 86.96 40.88
1440 31.59 37.98 45.20 110.24 38.88
1440 595.43 169.02 20.00 48.78 35.77
1440 237.85 123.67 100.71 245.62 29.88
1440 532.99 46.10 20.00 48.78 24.30
1440 5.49 103.70 17.83 43.48 19.61
1470 19.74 161.72 28.28 68.97 57.28
1470 21.96 25.22 71.30 173.91 34.58
1470 560.43 123.10 28.28 68.97 33.26
1470 593.48 169.02 20.00 48.78 27.05
1470 399.32 169.16 31.71 77.35 24.15
1470 544.38 127.08 25.23 61.54 21.26
1470 204.18 174.52 22.47 54.79 15.30
1470 320.27 181.96 17.83 43.48 11.38
1500 199.79 174.52 22.47 54.79 53.18
1500 410.71 30.65 17.83 43.48 47.99
1500 596.79 171.52 17.83 43.48 45.23
1500 239.15 171.38 25.23 61.54 37.67
1500 11.90 80.69 56.55 137.93 36.53
1500 414.22 170.00 28.28 68.97 27.31
1500 559.15 127.08 25.23 61.54 27.01
1500 320.30 178.78 20.00 48.78 24.02
1500 348.37 155.22 35.65 86.96 22.31
1500 537.33 47.40 22.47 54.79 19.95
1500 363.23 34.39 20.00 48.78 19.50
1500 403.19 170.00 28.28 68.97 13.40
1530 19.74 161.72 28.28 68.97 49.40
1530 557.00 119.61 31.71 77.35 37.82
1530 537.33 47.40 22.47 54.79 32.34
1530 546.64 128.62 28.28 68.97 32.23
1530 15.66 82.27 50.80 123.90 32.12
1530 199.79 174.52 22.47 54.79 30.39
1530 402.42 169.16 31.71 77.35 28.07
1530 348.37 155.22 35.65 86.96 16.89
1530 595.43 169.02 20.00 48.78 15.59
1530 408.11 32.44 20.00 48.78 12.30
1560 19.03 156.77 31.71 77.35 68.71
1560 572.40 139.45 22.47 54.79 41.84
1560 415.92 32.39 17.83 43.48 39.80
1560 537.33 47.40 22.47 54.79 39.24
1560 583.31 95.23 45.20 110.24 34.32
1560 201.99 178.90 22.47 54.79 31.09
1560 447.13 149.51 20.00 48.78 28.06
1560 543.88 128.62 28.28 68.97 23.92
1560 269.93 117.53 22.47 54.79 22.27
1560 114.88 166.06 31.71 77.35 22.23
1560 473.32 58.48 17.83 43.48 20.17
1560 322.01 183.70 17.83 43.48 18.56
1560 561.44 128.49 22.47 54.79 17.13
1560 546.36 8.04 17.83 43.48 16.00
1560 549.84 112.39 17.83 43.48 15.48
1560 246.16 182.68 20.00 48.78 13.76
1560 10.70 82.27 50.80 123.90 7.73
1560 508.84 137.26 22.47 54.79 0.17
1590 19.74 164.48 28.28 68.97 60.53
1590 576.28 87.22 50.80 123.90 54.55
1590 556.40 5.12 20.00 48.78 49.36
1590 544.64 122.71 31.71 77.35 47.78
1590 199.79 174.52 22.47 54.79 33.89
1590 12.32 80.49 40.00 97.56 33.52
1590 246.16 182.68 20.00 48.78 20.81
1590 113.62 173.85 25.23 61.54 17.24
1590 408.71 170.00 28.28 68.97 16.45
1590 508.84 137.26 22.47 54.79 15.88
1590 462.88 154.13 17.83 43.48 14.77
1590 534.94 53.90 20.00 48.78 13.19
1590 52.84 23.79 28.28 68.97 12.93
1590 415.92 32.39 17.83 43.48 7.96
1590 394.23 8.92 25.23 61.54 7.13
1590 39.33 149.51 20.00 48.78 2.33
1620 560.43 125.86 28.28 68.97 51.75
1620 201.99 178.90 22.47 54.79 50.30
1620 571.46 139.38 25.23 61.54 47.04
1620 19.03 153.68 31.71 77.35 44.39
1620 534.94 53.90 20.00 48.78 36.86
1620 598.53 171.52 17.83 43.48 31.56
1620 556.40 5.12 20.00 48.78 26.53
1620 52.72 9.13 35.65 86.96 21.76
1620 119.84 92.16 50.80 123.90 20.59
1620 531.34 111.71 40.00 97.56 19.16
1620 13.40 28.83 63.78 155.55 18.31
1650 19.03 156.77 31.71 77.35 58.39
1650 557.67 125.86 28.28 68.97 42.01
1650 202.23 173.85 25.23 61.54 37.61
1650 432.40 156.49 50.80 123.90 30.37
1650 554.45 5.12 20.00 48.78 26.28
1650 586.20 87.22 50.80 123.90 26.27
1650 12.32 80.49 40.00 97.56 18.19
1650 548.10 4.57 17.83 43.48 9.88
1680 19.03 156.77 31.71 77.35 59.88
1680 560.43 125.86 28.28 68.97 41.47
1680 537.33 47.40 22.47 54.79 40.73
1680 586.20 87.22 50.80 123.90 40.67
1680 433.24 161.28 45.20 110.24 26.77
1680 21.96 32.17 71.30 173.91 25.98
1680 110.78 170.00 28.28 68.97 21.65
1680 556.40 5.12 20.00 48.78 17.20
1680 554.86 86.85 22.47 54.79 16.30
1680 544.38 129.54 25.23 61.54 10.06
1680 411.17 104.04 45.20 110.24 8.51
1680 357.38 40.24 20.00 48.78 7.97
1680 404.02 165.65 35.65 86.96 4.50
1680 571.46 139.38 25.23 61.54 2.90
1710 572.40 139.45 22.47 54.79 60.13
1710 427.44 156.49 50.80 123.90 57.89
1710 201.99 176.71 22.47 54.79 52.39
1710 581.24 87.22 50.80 123.90 45.72
1710 19.74 164.48 28.28 68.97 41.18
1710 557.67 125.86 28.28 68.97 39.33
1710 21.96 32.17 71.30 173.91 26.45
1710 237.67 167.24 28.28 68.97 19.99
1710 548.10 6.30 17.83 43.48 13.70
1710 412.01 194.39 20.00 48.78 7.16
1740 560.43 125.86 28.28 68.97 59.06
1740 19.03 153.68 31.71 77.35 54.75
1740 441.81 172.76 28.28 68.97 36.05
1740 580.17 86.21 56.55 137.93 35.03
1740 21.96 32.17 71.30 173.91 27.92
1740 539.52 47.40 22.47 54.79 21.11
1740 202.23 173.85 25.23 61.54 16.79
1740 113.53 167.24 28.28 68.97 11.63
1740 454.94 137.80 20.00 48.78 9.31
1740 415.92 32.39 17.83 43.48 7.72
1740 546.10 84.66 22.47 54.79 4.57
1740 315.96 178.90 22.47 54.79 2.49
1770 557.67 125.86 28.28 68.97 70.62
1770 19.03 156.77 31.71 77.35 47.09
1770 317.92 191.08 25.23 61.54 32.75
1770 408.97 30.65 17.83 43.48 29.38
1770 584.83 132.00 31.71 77.35 28.09
1770 202.23 173.85 25.23 61.54 25.96
1770 415.92 32.39 17.83 43.48 20.89
1770 113.53 170.00 28.28 68.97 20.69
1770 241.62 173.85 25.23 61.54 16.93
1770 441.81 172.76 28.28 68.97 15.83
1770 13.40 28.83 63.78 155.55 12.33
1770 546.85 127.08 25.23 61.54 12.00
1770 571.46 139.38 25.23 61.54 9.55
1770 342.88 61.96 17.83 43.48 7.28
1770 405.95 172.76 28.28 68.97 4.11
1800 19.03 156.77 31.71 77.35 55.14
1800 199.77 173.85 25.23 61.54 47.05
1800 574.59 139.45 22.47 54.79 40.14
1800 317.92 164.00 25.23 61.54 30.62
1800 586.20 87.22 50.80 123.90 27.56
1800 246.16 182.68 20.00 48.78 21.15
1800 96.05 20.66 80.85 197.19 12.52
1800 403.19 172.76 28.28 68.97 7.47
1800 551.77 85.23 25.23 61.54 6.24
1800 394.91 12.76 28.28 68.97 5.74
1800 195.33 12.61 35.65 86.96 4.06
1830 17.87 163.17 20.00 48.78 45.01
1830 431.21 152.41 56.55 137.93 39.22
1830 540.79 46.10 20.00 48.78 31.88
1830 315.96 178.90 22.47 54.79 20.04
1830 570.21 137.26 22.47 54.79 19.39
1830 107.74 183.29 22.47 54.79 17.78
1830 591.16 92.16 50.80 123.90 16.46
1830 237.67 170.00 28.28 68.97 15.97
1830 411.47 172.76 28.28 68.97 12.47
1830 413.96 32.44 20.00 48.78 9.06
1860 12.85 156.77 31.71 77.35 53.58
1860 442.07 152.48 45.20 110.24 42.56
1860 578.85 134.46 25.23 61.54 29.42
1860 277.38 100.73 20.00 48.78 25.45
1860 551.77 124.62 25.23 61.54 22.91
1860 129.24 162.17 35.65 86.96 17.54
1860 313.77 178.90 22.47 54.79 16.48
1860 517.38 137.80 20.00 48.78 9.11
1860 236.69 176.31 25.23 61.54 4.08
