30 237.26 170.38 37.52 91.50 -0.814202
30 181.75 199.00 20.50 50.00 -0.950960
30 139.60 185.51 26.57 64.81 -2.174095
30 -0.35 207.53 28.92 70.53 -2.829875
30 335.75 17.00 20.50 50.00 -4.170786
60 127.75 187.00 20.50 50.00 -0.582841
60 135.75 187.00 20.50 50.00 -1.109961
60 240.84 172.87 34.37 83.83 -1.481978
60 64.49 193.41 28.92 70.53 -1.538417
60 333.75 19.00 20.50 50.00 -3.344889
90 605.81 173.65 28.92 70.53 -0.383866
90 47.29 200.79 24.37 59.45 -1.453374
90 333.75 179.00 20.50 50.00 -1.459886
90 181.75 203.00 20.50 50.00 -2.160813
90 337.75 23.00 20.50 50.00 -3.327636
90 333.75 11.00 20.50 50.00 -3.954022
120 484.64 188.73 22.38 54.58 -0.777525
120 135.00 189.23 31.54 76.92 -0.953894
120 159.62 186.15 31.54 76.92 -1.069572
120 613.77 169.95 26.57 64.81 -1.380790
120 187.75 205.00 20.50 50.00 -1.613792
120 493.38 182.18 22.38 54.58 -1.938393
120 611.45 249.88 28.92 70.53 -3.214442
120 521.75 277.00 20.50 50.00 -3.831773
150 533.77 193.04 107.29 261.69 -0.850888
150 161.49 186.53 24.37 59.45 -1.469620
180 615.91 177.03 24.37 59.45 0.625393
180 529.75 169.00 20.50 50.00 -0.380454
180 361.34 160.40 24.37 59.45 -1.208197
180 608.85 130.77 31.54 76.92 -1.410270
180 606.39 177.03 24.37 59.45 -2.239508
180 168.10 190.70 26.57 64.81 -2.276447
180 -0.30 205.54 24.37 59.45 -2.375035
180 447.75 43.00 20.50 50.00 -2.556662
210 611.45 168.00 28.92 70.53 -0.206301
210 131.20 155.73 37.52 91.50 -1.044749
210 353.75 155.00 20.50 50.00 -1.160209
210 602.97 115.42 37.52 91.50 -1.489148
210 518.86 159.39 37.52 91.50 -1.607671
210 608.85 250.77 31.54 76.92 -1.835227
210 235.75 195.00 20.50 50.00 -1.991934
240 345.75 151.00 20.50 50.00 -0.342013
240 147.31 176.92 31.54 76.92 -0.765195
240 517.55 146.18 44.67 108.95 -1.136648
240 85.18 177.73 26.57 64.81 -1.549858
240 189.76 199.64 22.38 54.58 -1.709338
240 619.75 213.00 20.50 50.00 -1.955766
270 90.05 162.80 34.37 83.83 0.043825
270 349.22 140.73 22.38 54.58 -0.669555
270 243.24 175.14 26.57 64.81 -0.765384
270 4.52 203.87 52.90 129.03 -1.033113
270 266.56 167.35 26.57 64.81 -1.103462
270 255.29 177.82 22.38 54.58 -1.310688
270 12.98 132.59 34.37 83.83 -1.377532
270 230.38 189.23 31.54 76.92 -1.473638
270 -0.30 160.40 24.37 59.45 -1.622624
270 87.75 147.00 20.50 50.00 -1.784345
300 350.38 183.08 31.54 76.92 0.328203
300 375.38 175.14 26.57 64.81 -0.763110
300 554.54 158.18 22.38 54.58 -0.992370
300 83.50 146.00 41.00 100.00 -1.297057
300 3.81 137.45 44.67 108.95 -1.387033
300 294.61 193.09 22.38 54.58 -1.637384
300 167.50 282.00 41.00 100.00 -2.019516
300 147.50 282.00 41.00 100.00 -3.055170
330 361.75 163.00 20.50 50.00 -0.153889
330 561.09 163.64 44.67 108.95 -0.168742
330 481.76 193.41 28.92 70.53 -1.264903
330 10.93 207.53 28.92 70.53 -1.594439
330 23.08 43.08 126.15 307.69 -2.371704
330 401.30 281.51 26.57 64.81 -3.707438
360 -0.27 190.91 22.38 54.58 -1.804164
360 504.32 238.59 28.92 70.53 -1.843384
360 98.02 188.73 22.38 54.58 -2.229248
360 617.88 208.36 22.38 54.58 -2.834662
360 225.75 257.00 20.50 50.00 -3.315377
360 403.75 275.00 20.50 50.00 -3.677016
390 269.75 209.00 20.50 50.00 -0.939245
390 484.21 216.65 26.57 64.81 -1.637336
390 341.75 185.00 20.50 50.00 -1.822990
390 -0.35 165.18 28.92 70.53 -1.942807
390 323.56 260.76 26.57 64.81 -2.462675
420 306.62 234.06 24.37 59.45 -0.611848
420 445.32 147.27 22.38 54.58 -0.710384
420 464.85 204.71 28.92 70.53 -0.841971
420 314.27 249.82 22.38 54.58 -0.947698
420 41.75 127.00 20.50 50.00 -1.165436
420 274.95 156.00 22.38 54.58 -1.461198
420 571.79 64.22 69.16 168.67 -2.836871
450 282.83 253.07 24.37 59.45 0.190187
450 615.91 193.66 24.37 59.45 -0.356005
450 177.17 226.57 34.37 83.83 -0.975336
450 318.63 145.09 22.38 54.58 -1.237944
450 397.75 115.00 20.50 50.00 -1.525658
450 270.31 238.59 28.92 70.53 -1.727050
450 182.40 192.37 37.52 91.50 -1.856111
450 292.34 250.69 24.37 59.45 -2.844355
480 241.19 173.47 48.64 118.64 -0.110417
480 383.08 227.29 28.92 70.53 -0.778494
480 357.71 213.18 28.92 70.53 -0.955994
480 410.38 116.73 22.38 54.58 -1.335763
480 370.20 234.81 26.57 64.81 -1.627463
480 10.93 142.59 28.92 70.53 -2.015463
510 528.85 210.77 31.54 76.92 0.284730
510 520.49 206.27 26.57 64.81 -0.609376
540 157.73 214.05 26.57 64.81 -1.568183
540 617.88 208.36 22.38 54.58 -2.680188
570 608.85 167.69 31.54 76.92 -1.704541
570 131.82 240.00 26.57 64.81 -2.336350
570 595.92 45.82 44.67 108.95 -2.916404
570 170.00 28.57 117.14 285.71 -3.379905
600 235.50 242.00 41.00 100.00 -0.892009
600 463.75 251.00 20.50 50.00 -1.536095
600 130.26 226.57 34.37 83.83 -1.832415
600 533.77 36.52 107.29 261.69 -1.954235
630 595.92 128.73 44.67 108.95 -0.846792
630 434.83 229.09 44.67 108.95 -2.195455
630 191.75 61.00 20.50 50.00 -2.417189
630 226.89 9.82 22.38 54.58 -4.099810
660 397.03 172.28 24.37 59.45 -0.385171
660 617.88 195.27 22.38 54.58 -0.975130
660 430.27 60.00 176.63 430.80 -1.028701
660 619.75 127.00 20.50 50.00 -1.045769
660 397.75 15.00 20.50 50.00 -2.952274
660 381.98 16.36 22.38 54.58 -3.541533
660 355.77 12.00 22.38 54.58 -3.662469
660 23.04 15.11 34.37 83.83 -4.402598
690 543.28 148.80 98.11 239.31 0.227977
690 368.87 136.36 22.38 54.58 -0.765419
690 462.80 86.18 22.38 54.58 -1.449657
690 534.88 162.55 22.38 54.58 -1.961370
690 519.59 60.00 22.38 54.58 -2.855200
690 397.27 3.27 22.38 54.58 -4.102896
690 -0.38 -1.54 31.54 76.92 -4.838929
720 619.75 183.00 20.50 50.00 1.283300
720 485.75 151.00 20.50 50.00 -1.216921
720 349.44 153.27 24.37 59.45 -1.420177
720 360.14 162.55 22.38 54.58 -1.819888
720 505.75 39.00 20.50 50.00 -2.671706
720 519.75 55.00 20.50 50.00 -2.783393
720 485.77 41.54 31.54 76.92 -3.013580
750 485.75 161.00 20.50 50.00 1.538732
750 544.54 172.28 24.37 59.45 -1.663370
750 411.66 154.38 26.57 64.81 -1.712988
750 595.63 76.54 26.57 64.81 -2.452716
750 545.80 49.09 22.38 54.58 -2.507061
750 597.75 35.00 20.50 50.00 -3.665370
750 561.09 14.18 22.38 54.58 -4.357678
780 -0.27 180.00 22.38 54.58 -1.147608
780 23.75 157.00 20.50 50.00 -1.185648
780 244.37 140.73 22.38 54.58 -1.467187
780 362.32 164.73 22.38 54.58 -1.659731
780 577.84 181.78 24.37 59.45 -1.719415
780 615.91 62.97 24.37 59.45 -2.354520
780 604.78 44.73 22.38 54.58 -3.394780
780 556.73 10.91 44.67 108.95 -4.127777
810 592.00 154.46 48.64 118.64 -0.373622
810 11.75 123.00 20.50 50.00 -1.003254
810 591.56 111.27 44.67 108.95 -1.192867
810 608.85 235.38 31.54 76.92 -2.202493
810 -0.30 134.26 24.37 59.45 -2.214722
810 313.75 79.00 20.50 50.00 -2.261845
810 585.97 8.39 34.37 83.83 -4.557185
840 519.75 185.00 20.50 50.00 1.040095
840 483.75 167.00 20.50 50.00 -0.055424
840 608.85 158.46 31.54 76.92 -0.331411
840 339.11 169.95 26.57 64.81 -0.666575
840 318.24 162.35 28.92 70.53 -1.139687
840 615.91 93.86 24.37 59.45 -1.346712
840 403.75 109.00 20.50 50.00 -1.398658
870 529.75 177.00 20.50 50.00 2.528750
870 539.75 175.00 20.50 50.00 -1.015321
870 403.75 107.00 20.50 50.00 -1.237672
900 595.75 171.00 20.50 50.00 0.361577
900 375.38 154.38 26.57 64.81 -0.796433
900 457.75 99.00 20.50 50.00 -0.810326
930 615.91 160.40 24.37 59.45 1.900478
930 469.35 92.73 22.38 54.58 -0.640508
930 25.75 157.00 20.50 50.00 -0.747089
930 566.34 136.94 28.92 70.53 -0.878761
930 391.75 169.00 20.50 50.00 -1.869448
930 617.88 20.73 22.38 54.58 -4.124098
960 617.88 162.55 22.38 54.58 1.123687
960 375.75 141.00 20.50 50.00 -0.334634
960 458.43 90.55 22.38 54.58 -0.352576
960 467.17 86.18 22.38 54.58 -0.834452
960 155.75 183.00 20.50 50.00 -0.901112
960 382.75 143.76 24.37 59.45 -1.729312
960 615.91 10.69 24.37 59.45 -3.865253
960 604.01 13.07 24.37 59.45 -4.812419
990 617.88 164.73 22.38 54.58 2.232323
990 385.75 165.00 20.50 50.00 -0.258498
990 459.75 97.00 20.50 50.00 -0.321419
990 467.17 86.18 22.38 54.58 -1.737893
990 -0.32 149.19 26.57 64.81 -1.957508
990 615.91 5.94 24.37 59.45 -3.934336
1020 153.75 187.00 20.50 50.00 -0.549338
1020 385.75 171.00 20.50 50.00 -0.640979
1020 457.75 95.00 20.50 50.00 -0.815869
1020 230.91 80.00 149.09 363.64 -1.064817
1020 -0.27 188.73 22.38 54.58 -1.294361
1020 619.75 145.00 20.50 50.00 -1.349058
1020 617.88 16.36 22.38 54.58 -3.975397
1050 385.75 167.00 20.50 50.00 0.202073
1050 608.85 152.31 31.54 76.92 -0.655773
1050 458.88 81.98 24.37 59.45 -0.767282
1050 615.91 13.07 24.37 59.45 -4.154780
1080 617.88 166.91 22.38 54.58 3.114774
1080 385.75 171.00 20.50 50.00 -0.885849
1080 -0.25 159.00 20.50 50.00 -0.946942
1080 458.30 79.14 26.57 64.81 -0.976254
1080 173.75 179.00 20.50 50.00 -1.465250
1080 615.91 8.32 24.37 59.45 -4.025745
1110 617.88 169.09 22.38 54.58 1.450146
1110 153.75 189.00 20.50 50.00 -0.199655
1110 458.43 97.09 22.38 54.58 -0.619927
1110 385.75 173.00 20.50 50.00 -0.650201
1110 222.00 56.00 164.00 400.00 -0.875387
1110 466.02 86.73 24.37 59.45 -1.334516
1110 615.91 10.69 24.37 59.45 -4.011986
1140 153.75 187.00 20.50 50.00 0.487437
1140 387.75 171.00 20.50 50.00 0.325950
1140 460.61 90.55 22.38 54.58 -0.521323
1140 617.88 127.64 22.38 54.58 -0.701369
1140 615.91 8.32 24.37 59.45 -4.154398
1140 606.07 380.98 34.37 83.83 -10.154492
1170 617.88 166.91 22.38 54.58 3.167600
1170 442.29 159.53 28.92 70.53 0.698711
1170 153.75 187.00 20.50 50.00 -0.034089
1170 385.75 171.00 20.50 50.00 -0.803416
1170 461.26 84.36 24.37 59.45 -1.278992
1170 587.21 106.91 44.67 108.95 -1.955023
1170 615.91 10.69 24.37 59.45 -3.930208
1200 617.88 166.91 22.38 54.58 3.154196
1200 316.45 171.27 22.38 54.58 -0.684858
1200 193.75 181.00 20.50 50.00 -0.717808
1200 460.89 79.14 26.57 64.81 -0.938015
1200 393.46 149.23 31.54 76.92 -1.005829
1200 153.75 187.00 20.50 50.00 -1.072558
1200 293.75 161.00 20.50 50.00 -1.099072
1200 -0.25 163.00 20.50 50.00 -1.564841
1200 617.88 16.36 22.38 54.58 -3.575821
1200 606.07 380.98 34.37 83.83 -9.638083
1230 617.88 166.91 22.38 54.58 3.003605
1230 199.75 181.00 20.50 50.00 -0.165384
1230 222.00 72.00 164.00 400.00 -0.188089
1230 385.75 169.00 20.50 50.00 -0.596689
1230 153.75 187.00 20.50 50.00 -0.659020
1230 407.75 173.00 20.50 50.00 -0.729093
1230 459.75 97.00 20.50 50.00 -0.832688
1230 -0.25 161.00 20.50 50.00 -1.078436
1230 606.07 115.80 34.37 83.83 -1.404210
1230 564.53 144.00 26.57 64.81 -1.529186
1230 469.75 95.00 20.50 50.00 -1.770251
1230 615.91 10.69 24.37 59.45 -4.185705
1260 617.88 169.09 22.38 54.58 1.814737
1260 461.75 97.00 20.50 50.00 -0.325486
1260 385.75 169.00 20.50 50.00 -0.428397
1260 -0.25 159.00 20.50 50.00 -0.498132
1260 469.75 97.00 20.50 50.00 -1.347903
1260 264.29 152.73 34.37 83.83 -1.924515
1260 606.07 15.11 34.37 83.83 -4.197681
1290 617.88 166.91 22.38 54.58 2.835274
1290 153.75 189.00 20.50 50.00 -0.234168
1290 385.75 173.00 20.50 50.00 -0.309008
1290 463.48 81.73 26.57 64.81 -1.066680
1290 197.17 177.03 24.37 59.45 -1.069202
1290 455.75 97.00 20.50 50.00 -1.455590
1290 563.57 143.76 24.37 59.45 -1.862846
1290 307.71 151.64 22.38 54.58 -1.893444
1290 615.91 10.69 24.37 59.45 -3.646383
1320 615.70 166.91 22.38 54.58 2.637764
1320 153.75 189.00 20.50 50.00 0.339949
1320 385.75 169.00 20.50 50.00 -0.340249
1320 457.75 97.00 20.50 50.00 -1.284741
1320 193.75 173.00 20.50 50.00 -1.373639
1320 201.75 173.00 20.50 50.00 -1.719640
1320 613.77 6.49 26.57 64.81 -3.817773
1350 613.52 166.91 22.38 54.58 1.462602
1350 457.75 97.00 20.50 50.00 -0.363273
1350 155.75 189.00 20.50 50.00 -0.942741
1350 -0.25 161.00 20.50 50.00 -1.049944
1350 222.00 56.00 164.00 400.00 -1.224089
1350 467.17 90.55 22.38 54.58 -1.445734
1350 195.75 207.00 20.50 50.00 -1.550859
1350 615.91 15.45 24.37 59.45 -3.532192
1380 608.77 165.15 24.37 59.45 2.043061
1380 153.75 189.00 20.50 50.00 -0.192686
1380 385.75 171.00 20.50 50.00 -0.716008
1380 456.39 77.65 28.92 70.53 -0.888742
1380 619.75 159.00 20.50 50.00 -1.260139
1380 -0.32 151.78 26.57 64.81 -1.964259
1380 615.91 13.07 24.37 59.45 -3.824249
1410 608.58 162.16 26.57 64.81 1.867003
1410 222.00 56.00 164.00 400.00 -0.768244
1410 377.98 154.38 26.57 64.81 -1.117331
1410 455.71 89.51 26.57 64.81 -1.119783
1410 615.91 8.32 24.37 59.45 -4.372670
1440 608.77 165.15 24.37 59.45 1.540878
1440 385.75 169.00 20.50 50.00 0.148819
1440 222.00 72.00 164.00 400.00 -0.380607
1440 163.87 184.16 24.37 59.45 -1.031231
1440 -0.25 159.00 20.50 50.00 -1.530760
1440 456.51 86.73 24.37 59.45 -1.747659
1440 613.77 6.49 26.57 64.81 -3.382789
1470 153.75 189.00 20.50 50.00 0.040487
1470 456.39 77.65 28.92 70.53 -0.431648
1470 595.92 176.73 44.67 108.95 -1.281662
1470 615.91 10.69 24.37 59.45 -3.729826
1500 611.15 162.77 24.37 59.45 1.354917
1500 460.61 92.73 22.38 54.58 -0.472473
1500 151.75 191.00 20.50 50.00 -0.906459
1500 222.70 42.86 176.63 430.80 -1.473150
1500 469.75 99.00 20.50 50.00 -2.225417
1500 615.91 13.07 24.37 59.45 -3.628348
1530 611.15 165.15 24.37 59.45 1.567937
1530 153.75 189.00 20.50 50.00 -0.149503
1530 385.75 171.00 20.50 50.00 -0.287286
1530 222.00 72.00 164.00 400.00 -0.633129
1530 464.98 94.91 22.38 54.58 -0.647066
1530 412.56 173.45 22.38 54.58 -2.051954
1530 617.88 16.36 22.38 54.58 -3.440074
1560 595.92 115.64 44.67 108.95 0.848830
1560 222.00 72.00 164.00 400.00 -0.112158
1560 385.75 171.00 20.50 50.00 -0.166563
1560 464.98 94.91 22.38 54.58 -0.288945
1560 42.69 103.08 31.54 76.92 -2.098655
1560 613.77 9.08 26.57 64.81 -4.464764
1590 611.15 162.77 24.37 59.45 1.694566
1590 153.75 189.00 20.50 50.00 0.076577
1590 222.00 72.00 164.00 400.00 -0.116499
1590 387.75 171.00 20.50 50.00 -0.334228
1590 458.30 79.14 26.57 64.81 -0.803313
1590 619.75 23.00 20.50 50.00 -4.045881
1620 613.53 167.52 24.37 59.45 1.706207
1620 385.75 169.00 20.50 50.00 0.569153
1620 151.75 189.00 20.50 50.00 -0.410235
1620 461.75 97.00 20.50 50.00 -0.983062
1620 615.91 8.32 24.37 59.45 -3.746177
1620 608.85 383.08 31.54 76.92 -9.677968
1650 615.91 165.15 24.37 59.45 2.124482
1650 153.75 189.00 20.50 50.00 -0.376121
1650 457.75 97.00 20.50 50.00 -0.525932
1650 387.75 173.00 20.50 50.00 -0.604422
1650 261.84 140.73 22.38 54.58 -1.115603
1650 563.28 147.27 22.38 54.58 -1.161693
1650 -0.25 159.00 20.50 50.00 -1.719808
1650 13.75 159.00 20.50 50.00 -1.729114
1650 469.35 92.73 22.38 54.58 -2.070999
1650 615.70 16.36 22.38 54.58 -3.890899
1680 604.01 167.52 24.37 59.45 3.506690
1680 385.75 169.00 20.50 50.00 0.201827
1680 565.46 147.27 22.38 54.58 -0.256068
1680 409.75 173.00 20.50 50.00 -0.519078
1680 245.45 80.00 149.09 363.64 -1.073921
1680 458.43 90.55 22.38 54.58 -1.192422
1680 149.75 187.00 20.50 50.00 -1.409772
1680 3.75 155.00 20.50 50.00 -1.602812
1680 379.75 5.00 20.50 50.00 -4.651303
1710 585.12 166.91 22.38 54.58 0.733639
1710 385.75 169.00 20.50 50.00 0.508183
1710 408.19 169.09 22.38 54.58 -0.513931
1710 222.00 72.00 164.00 400.00 -0.742287
1710 459.75 99.00 20.50 50.00 -0.992353
1710 617.88 22.91 22.38 54.58 -3.235470
1710 379.75 5.00 20.50 50.00 -4.071176
1740 578.57 177.82 22.38 54.58 3.535011
1740 584.98 167.52 24.37 59.45 -0.222939
1740 617.88 158.18 22.38 54.58 -1.292428
1740 377.98 156.97 26.57 64.81 -1.491849
1740 139.75 191.00 20.50 50.00 -1.733752
1740 455.71 81.73 26.57 64.81 -2.295577
1740 617.88 16.36 22.38 54.58 -3.480755
1770 611.45 165.18 28.92 70.53 1.820107
1770 250.49 172.17 107.29 261.69 -0.550835
1770 387.75 177.00 20.50 50.00 -0.725511
1770 455.75 105.00 20.50 50.00 -0.895287
1770 129.75 195.00 20.50 50.00 -1.588733
1800 403.75 177.00 20.50 50.00 -0.674445
1800 615.91 134.26 24.37 59.45 -1.246609
1800 311.75 179.00 20.50 50.00 -1.247494
1830 429.80 177.73 26.57 64.81 -0.279188
1830 77.41 188.11 26.57 64.81 -1.081263
1830 91.75 197.00 20.50 50.00 -1.913405
1830 295.75 167.00 20.50 50.00 -1.990266
