30 549.75 185.00 20.50 50.00 0.866547
30 587.74 121.29 52.90 129.03 -0.527263
30 383.75 141.00 20.50 50.00 -1.125878
30 291.75 59.00 20.50 50.00 -2.018358
30 464.23 192.31 31.54 76.92 -2.031582
30 21.22 216.00 44.67 108.95 -2.204315
60 549.29 184.16 24.37 59.45 1.001977
60 595.92 133.09 44.67 108.95 0.067764
60 559.35 175.14 26.57 64.81 -1.120667
60 305.53 68.73 22.38 54.58 -2.030483
60 459.50 366.00 41.00 100.00 -8.427102
90 554.17 188.11 26.57 64.81 1.307210
90 599.50 150.00 41.00 100.00 -0.039360
90 -1.67 140.00 136.67 333.33 -0.540316
90 395.75 157.00 20.50 50.00 -1.129252
90 344.71 129.23 34.37 83.83 -1.252999
90 585.75 163.00 20.50 50.00 -1.260196
90 619.75 129.00 20.50 50.00 -1.847365
90 309.75 93.00 20.50 50.00 -1.955789
90 417.41 373.09 44.67 108.95 -5.615684
90 438.06 348.39 52.90 129.03 -6.527623
120 566.40 166.72 37.52 91.50 0.554393
120 63.07 204.00 22.38 54.58 -1.361326
120 71.81 217.09 22.38 54.58 -1.408224
120 312.08 88.36 22.38 54.58 -1.608668
120 84.92 295.64 22.38 54.58 -3.518433
120 418.41 324.71 57.98 141.42 -4.314943
120 482.96 363.56 48.64 118.64 -7.878666
150 602.97 163.05 37.52 91.50 0.738002
150 419.75 163.00 20.50 50.00 -0.936822
150 79.75 211.00 20.50 50.00 -1.650389
150 617.88 142.91 22.38 54.58 -1.692674
150 89.28 195.27 22.38 54.58 -1.719640
150 357.94 115.42 37.52 91.50 -1.920020
150 49.97 258.55 22.38 54.58 -3.068259
150 118.66 400.40 24.37 59.45 -10.868006
180 619.75 201.00 20.50 50.00 1.086801
180 599.50 130.00 41.00 100.00 -0.173332
180 587.30 149.45 22.38 54.58 -0.865489
180 578.57 151.64 22.38 54.58 -1.343713
180 111.13 406.91 22.38 54.58 -10.122943
180 99.63 405.15 24.37 59.45 -10.945250
210 582.67 149.19 26.57 64.81 -0.078625
210 617.88 169.09 22.38 54.58 -1.397991
210 359.50 110.00 41.00 100.00 -1.419863
210 596.04 151.64 22.38 54.58 -1.578034
210 55.50 202.00 41.00 100.00 -1.589701
210 329.75 75.00 20.50 50.00 -2.412386
240 611.45 151.06 28.92 70.53 -0.027936
240 547.75 181.00 20.50 50.00 -0.881377
240 586.08 151.06 28.92 70.53 -1.088705
240 331.75 83.00 20.50 50.00 -1.814899
240 70.52 192.48 48.64 118.64 -1.987184
240 305.75 79.00 20.50 50.00 -2.499528
240 447.50 366.00 41.00 100.00 -7.695490
270 611.45 139.76 28.92 70.53 -0.395355
270 599.26 148.51 24.37 59.45 -0.991420
270 473.75 177.00 20.50 50.00 -1.039658
270 363.50 110.00 41.00 100.00 -1.275089
270 -1.67 140.00 136.67 333.33 -1.309529
270 333.75 77.00 20.50 50.00 -1.781514
300 582.62 139.30 34.37 83.83 -0.148453
300 617.88 142.91 22.38 54.58 -0.382236
300 -1.54 153.85 126.15 307.69 -1.021902
300 619.75 171.00 20.50 50.00 -1.866946
300 311.38 55.84 24.37 59.45 -3.061435
330 605.99 141.41 26.57 64.81 -1.222478
330 34.29 202.91 44.67 108.95 -1.535072
330 371.50 106.00 41.00 100.00 -1.720376
330 306.96 52.23 28.92 70.53 -2.231989
360 604.01 148.51 24.37 59.45 0.801624
360 365.77 130.77 31.54 76.92 -0.800802
360 613.53 146.14 24.37 59.45 -1.018564
360 590.45 149.19 26.57 64.81 -1.339799
360 43.50 210.00 41.00 100.00 -1.371352
360 53.75 293.00 20.50 50.00 -4.450655
390 601.64 158.02 24.37 59.45 0.454551
390 357.71 139.76 28.92 70.53 0.363613
390 331.74 90.55 22.38 54.58 -0.558732
390 572.57 156.08 34.37 83.83 -0.987740
390 82.69 189.23 31.54 76.92 -0.994060
390 421.78 189.65 34.37 83.83 -1.088040
390 483.75 191.00 20.50 50.00 -1.492050
390 590.45 154.38 26.57 64.81 -1.626872
390 86.70 216.50 34.37 83.83 -1.759084
390 430.81 325.54 48.64 118.64 -5.015146
390 427.50 382.00 41.00 100.00 -8.102722
420 420.82 188.91 24.37 59.45 3.150541
420 594.54 159.53 28.92 70.53 1.250337
420 608.77 160.40 24.37 59.45 0.955541
420 432.39 190.70 26.57 64.81 0.945305
420 401.30 180.32 26.57 64.81 -0.094698
420 321.63 111.27 44.67 108.95 -1.142304
420 617.88 156.00 22.38 54.58 -1.419823
420 587.75 187.00 20.50 50.00 -1.439432
420 95.84 230.18 22.38 54.58 -2.483418
420 7.75 241.00 20.50 50.00 -3.023228
420 388.34 315.24 26.57 64.81 -4.190144
450 445.11 184.94 28.92 70.53 3.691677
450 331.74 169.09 22.38 54.58 1.826332
450 606.07 152.73 34.37 83.83 0.607259
450 553.75 195.00 20.50 50.00 -0.617300
450 419.50 162.00 41.00 100.00 -0.693220
450 171.92 223.08 31.54 76.92 -1.000537
450 373.24 188.73 22.38 54.58 -1.039994
450 385.13 198.42 24.37 59.45 -1.117569
450 545.80 184.36 22.38 54.58 -1.319444
450 339.93 162.77 24.37 59.45 -1.551530
450 494.57 188.11 26.57 64.81 -1.708575
450 368.48 288.71 24.37 59.45 -1.907881
450 349.47 185.51 26.57 64.81 -2.144104
480 485.94 170.38 37.52 91.50 6.260073
480 475.75 197.00 20.50 50.00 0.556809
480 500.14 150.55 44.67 108.95 -0.558666
480 333.92 166.91 22.38 54.58 -0.560564
480 351.50 158.00 41.00 100.00 -0.961646
480 619.75 139.00 20.50 50.00 -1.845888
510 561.94 147.10 52.90 129.03 5.726866
510 587.74 147.10 52.90 129.03 -0.344462
510 318.24 148.24 28.92 70.53 -0.768847
510 207.24 201.82 22.38 54.58 -0.769741
510 459.75 195.00 20.50 50.00 -0.825936
510 351.82 150.89 24.37 59.45 -1.168889
510 112.42 173.65 28.92 70.53 -2.046231
510 401.78 207.92 24.37 59.45 -2.149369
540 563.28 195.27 22.38 54.58 0.032067
540 209.75 207.00 20.50 50.00 -0.052895
540 347.27 94.55 149.09 363.64 -0.078566
540 608.85 96.92 31.54 76.92 -1.987413
540 582.62 182.94 34.37 83.83 -2.274892
540 335.17 43.96 24.37 59.45 -2.975496
540 523.12 22.57 24.37 59.45 -3.562030
570 389.89 172.39 69.16 168.67 0.769418
570 487.75 189.00 20.50 50.00 0.398772
570 219.56 204.71 28.92 70.53 -0.087226
570 500.57 177.71 37.52 91.50 -1.023193
570 617.88 182.18 22.38 54.58 -1.090233
570 585.75 191.00 20.50 50.00 -1.766012
600 341.75 195.00 20.50 50.00 2.298895
600 478.18 94.55 149.09 363.64 1.055305
600 362.32 204.00 22.38 54.58 0.285079
600 121.75 187.00 20.50 50.00 -0.440534
600 445.34 141.41 26.57 64.81 -0.701613
600 -0.27 81.82 22.38 54.58 -2.089433
630 335.75 193.00 20.50 50.00 0.202634
630 563.75 195.00 20.50 50.00 0.070702
630 -1.31 182.61 107.29 261.69 -0.875227
630 104.39 186.53 24.37 59.45 -0.939540
630 3.75 89.00 20.50 50.00 -1.004043
630 431.50 138.00 41.00 100.00 -1.275475
630 357.75 199.00 20.50 50.00 -1.337473
630 365.75 195.00 20.50 50.00 -1.391881
630 514.69 110.12 57.98 141.42 -1.838713
630 303.34 177.82 22.38 54.58 -1.907863
630 323.75 111.00 20.50 50.00 -1.995586
660 359.75 199.00 20.50 50.00 1.338966
660 331.75 177.00 20.50 50.00 0.144197
660 329.75 193.00 20.50 50.00 0.080767
660 468.66 172.54 26.57 64.81 0.015879
660 575.75 201.00 20.50 50.00 -0.600173
660 342.66 186.55 22.38 54.58 -0.850920
660 417.69 101.54 63.08 153.85 -1.001397
660 59.18 200.79 24.37 59.45 -1.365598
660 295.00 170.77 31.54 76.92 -1.454090
660 -0.50 162.00 41.00 100.00 -1.936097
660 393.08 89.23 63.08 153.85 -2.164066
660 337.75 199.00 20.50 50.00 -2.227586
690 331.75 171.00 20.50 50.00 0.197170
690 579.75 199.00 20.50 50.00 -0.149133
690 359.75 199.00 20.50 50.00 -0.532144
690 327.75 193.00 20.50 50.00 -0.879977
690 325.19 97.09 22.38 54.58 -1.117832
690 473.16 167.52 24.37 59.45 -1.537004
690 364.51 114.55 22.38 54.58 -1.827889
690 25.75 209.00 20.50 50.00 -1.993392
720 583.75 199.00 20.50 50.00 -0.268786
720 332.79 162.77 24.37 59.45 -0.602191
720 -0.59 140.20 48.64 118.64 -0.766818
720 49.75 201.00 20.50 50.00 -1.040506
720 327.37 94.91 22.38 54.58 -1.182951
720 327.75 197.00 20.50 50.00 -1.270662
720 534.62 89.23 63.08 153.85 -1.922733
720 316.45 101.45 22.38 54.58 -1.930948
720 -0.35 66.35 28.92 70.53 -2.701231
720 148.26 38.18 22.38 54.58 -3.497755
750 583.75 199.00 20.50 50.00 0.248214
750 325.65 91.48 24.37 59.45 -1.143001
750 361.75 115.00 20.50 50.00 -1.220775
750 93.75 179.00 20.50 50.00 -1.294117
750 327.75 193.00 20.50 50.00 -1.573315
750 539.85 125.94 48.64 118.64 -1.708596
750 450.53 77.75 69.16 168.67 -2.123029
750 316.45 29.45 22.38 54.58 -3.490666
780 331.74 164.73 22.38 54.58 0.306065
780 539.85 125.94 48.64 118.64 -1.050034
780 475.90 175.64 22.38 54.58 -1.099548
780 592.00 121.19 48.64 118.64 -1.360786
780 323.27 91.48 24.37 59.45 -1.361619
780 360.53 176.47 28.92 70.53 -1.510425
780 386.92 83.08 63.08 153.85 -1.935660
780 145.75 77.00 20.50 50.00 -2.598312
780 2.47 60.71 28.92 70.53 -3.097078
810 584.98 191.29 24.37 59.45 0.460684
810 331.75 169.00 20.50 50.00 0.161589
810 143.75 177.00 20.50 50.00 -1.173469
810 292.86 179.29 28.92 70.53 -1.248842
810 359.75 195.00 20.50 50.00 -1.421148
810 325.19 184.36 22.38 54.58 -1.598590
810 -0.50 150.00 41.00 100.00 -1.678129
810 545.75 189.00 20.50 50.00 -1.691021
810 457.26 84.51 69.16 168.67 -1.814468
810 147.75 73.00 20.50 50.00 -2.239264
810 386.92 83.08 63.08 153.85 -2.368879
810 319.75 31.00 20.50 50.00 -3.582148
840 582.60 186.53 24.37 59.45 -0.118423
840 329.56 169.09 22.38 54.58 -0.349649
840 327.75 189.00 20.50 50.00 -0.795126
840 470.48 153.88 28.92 70.53 -1.130222
840 359.75 197.00 20.50 50.00 -1.409515
840 534.62 89.23 63.08 153.85 -1.800176
840 318.63 27.27 22.38 54.58 -3.444851
870 467.75 181.00 20.50 50.00 2.807438
870 585.75 197.00 20.50 50.00 -0.062156
870 329.75 171.00 20.50 50.00 -0.287905
870 325.65 91.48 24.37 59.45 -0.527090
870 359.75 195.00 20.50 50.00 -0.797242
870 87.05 187.76 28.92 70.53 -0.927878
870 535.11 125.94 48.64 118.64 -1.606873
870 317.75 101.00 20.50 50.00 -1.733621
870 619.75 185.00 20.50 50.00 -1.794509
900 467.75 161.00 20.50 50.00 -0.494625
900 -0.59 144.95 48.64 118.64 -0.782156
900 584.98 188.91 24.37 59.45 -0.866467
900 317.91 88.95 34.37 83.83 -1.768056
900 147.75 39.00 20.50 50.00 -3.569301
930 460.61 184.36 22.38 54.58 5.157654
930 469.35 184.36 22.38 54.58 2.248688
930 585.75 195.00 20.50 50.00 -0.333513
930 592.00 121.19 48.64 118.64 -1.185284
930 360.53 105.88 28.92 70.53 -1.775750
930 2.93 179.58 34.37 83.83 -2.167687
960 371.92 167.69 31.54 76.92 -0.394738
960 328.03 155.64 24.37 59.45 -0.608205
960 361.75 113.00 20.50 50.00 -0.835771
960 619.75 167.00 20.50 50.00 -0.956356
960 359.75 195.00 20.50 50.00 -1.100113
960 325.19 184.36 22.38 54.58 -1.520636
960 589.75 95.00 20.50 50.00 -1.894668
960 333.92 180.00 22.38 54.58 -2.019954
960 149.75 37.00 20.50 50.00 -3.070454
990 449.75 187.00 20.50 50.00 3.489240
990 333.75 161.00 20.50 50.00 0.356204
990 457.75 189.00 20.50 50.00 0.064059
990 468.66 167.35 26.57 64.81 -0.145952
990 592.00 121.19 48.64 118.64 -0.770821
990 333.45 200.47 57.98 141.42 -0.946328
990 549.75 187.00 20.50 50.00 -0.969579
990 276.81 177.88 57.98 141.42 -1.375523
990 358.96 155.64 24.37 59.45 -1.933500
990 117.68 245.45 22.38 54.58 -2.729918
990 319.75 29.00 20.50 50.00 -2.992773
1020 434.40 188.73 22.38 54.58 6.482641
1020 414.74 186.55 22.38 54.58 5.355311
1020 423.48 188.73 22.38 54.58 2.671654
1020 407.75 193.00 20.50 50.00 1.388864
1020 333.75 193.00 20.50 50.00 0.189662
1020 361.75 113.00 20.50 50.00 -0.593405
1020 333.75 171.00 20.50 50.00 -0.630216
1020 359.75 195.00 20.50 50.00 -0.633361
1020 473.75 183.00 20.50 50.00 -0.691074
1020 439.85 172.28 24.37 59.45 -1.538166
1020 320.82 188.73 22.38 54.58 -1.595027
1020 557.75 93.00 20.50 50.00 -2.497857
1050 388.53 186.55 22.38 54.58 6.011711
1050 412.56 190.91 22.38 54.58 5.984123
1050 397.03 179.41 24.37 59.45 1.171973
1050 403.82 195.27 22.38 54.58 0.592723
1050 335.75 189.00 20.50 50.00 0.381446
1050 359.75 195.00 20.50 50.00 0.237080
1050 428.48 162.80 34.37 83.83 -0.868593
1050 477.75 187.00 20.50 50.00 -0.912207
1050 585.75 197.00 20.50 50.00 -1.035698
1050 332.79 160.40 24.37 59.45 -1.509057
1050 321.75 193.00 20.50 50.00 -1.521037
1050 149.75 37.00 20.50 50.00 -2.427468
1080 392.90 188.73 22.38 54.58 7.211796
1080 375.43 184.36 22.38 54.58 5.220217
1080 383.75 193.00 20.50 50.00 0.813572
1080 477.75 183.00 20.50 50.00 0.469728
1080 360.53 176.47 28.92 70.53 0.225075
1080 399.45 195.27 22.38 54.58 0.169960
1080 587.30 190.91 22.38 54.58 -0.522624
1080 336.11 184.36 22.38 54.58 -0.731415
1080 -0.59 144.95 48.64 118.64 -1.001126
1080 333.92 162.55 22.38 54.58 -1.321160
1080 592.00 116.44 48.64 118.64 -1.741901
1110 375.43 190.91 22.38 54.58 6.866117
1110 362.43 182.92 26.57 64.81 6.864988
1110 384.16 190.91 22.38 54.58 1.409310
1110 330.41 158.02 24.37 59.45 -0.656913
1110 591.75 205.00 20.50 50.00 -1.028984
1110 585.75 193.00 20.50 50.00 -1.278356
1110 457.26 77.75 69.16 168.67 -1.633690
1110 337.75 191.00 20.50 50.00 -1.816732
1110 305.75 171.00 20.50 50.00 -1.872755
1110 592.00 116.44 48.64 118.64 -1.887109
1140 359.84 182.92 26.57 64.81 6.058198
1140 375.43 193.09 22.38 54.58 5.545688
1140 331.74 162.55 22.38 54.58 -1.052511
1140 403.75 189.00 20.50 50.00 -1.229605
1140 336.11 188.73 22.38 54.58 -1.357621
1140 457.26 77.75 69.16 168.67 -2.043610
1140 531.37 84.51 69.16 168.67 -2.098221
1170 341.36 182.94 34.37 83.83 0.084550
1170 328.85 161.54 31.54 76.92 -0.447495
1170 458.30 125.84 26.57 64.81 -0.563168
1170 363.50 166.00 41.00 100.00 -0.610373
1170 323.00 97.09 22.38 54.58 -1.535880
1170 538.11 104.79 69.16 168.67 -1.635740
1170 471.50 166.00 41.00 100.00 -1.678524
1170 319.75 31.00 20.50 50.00 -3.424256
1200 143.44 131.29 28.92 70.53 0.910279
1200 316.46 160.94 57.98 141.42 0.665688
1200 159.18 153.82 22.38 54.58 -0.602463
1200 334.84 203.87 52.90 129.03 -0.836953
1200 161.75 231.00 20.50 50.00 -0.855427
1200 475.90 217.09 22.38 54.58 -0.902670
1200 543.00 100.00 82.00 200.00 -1.184615
1200 364.82 172.87 34.37 83.83 -1.185582
1200 247.54 229.93 34.37 83.83 -2.721134
1200 181.75 7.00 20.50 50.00 -4.313534
1230 357.25 125.84 26.57 64.81 -1.346164
1230 432.39 133.62 26.57 64.81 -1.530486
1230 517.89 131.03 26.57 64.81 -1.544117
1230 572.01 138.55 22.38 54.58 -1.652490
1230 382.75 129.50 24.37 59.45 -1.758648
1230 46.81 159.21 48.64 118.64 -1.807264
1230 310.40 89.77 37.52 91.50 -2.102958
1230 573.09 234.06 24.37 59.45 -2.748930
1230 593.75 231.00 20.50 50.00 -2.960967
1260 589.75 197.00 20.50 50.00 -0.291306
1260 596.04 204.00 22.38 54.58 -0.689658
1260 337.75 183.00 20.50 50.00 -1.215943
1260 563.28 190.91 22.38 54.58 -2.236543
1260 293.75 243.00 20.50 50.00 -2.443662
1260 313.75 29.00 20.50 50.00 -2.463072
1260 145.75 35.00 20.50 50.00 -2.885292
1260 135.15 31.64 22.38 54.58 -3.112682
1290 473.46 167.69 31.54 76.92 1.075592
1290 21.57 199.64 22.38 54.58 0.291644
1290 -0.35 173.65 28.92 70.53 -0.934299
1290 307.75 105.00 20.50 50.00 -1.372601
1290 408.92 174.65 24.37 59.45 -1.386729
1290 355.75 125.00 20.50 50.00 -1.594470
1290 422.56 159.53 28.92 70.53 -1.702653
1290 538.11 91.27 69.16 168.67 -1.764102
1290 341.75 119.00 20.50 50.00 -1.819573
1290 353.46 250.77 31.54 76.92 -2.363070
1320 255.29 99.27 22.38 54.58 -0.940874
1320 416.06 196.04 24.37 59.45 -1.472103
1320 543.75 169.00 20.50 50.00 -1.599684
1320 247.75 107.00 20.50 50.00 -1.674872
1320 255.75 29.00 20.50 50.00 -3.682306
1350 615.91 205.54 24.37 59.45 -0.583415
1350 602.72 132.59 34.37 83.83 -0.759989
1350 581.03 130.08 37.52 91.50 -1.513454
1350 2.93 169.51 34.37 83.83 -1.529103
1380 490.22 128.47 28.92 70.53 -0.994991
1380 252.26 157.42 52.90 129.03 -1.219480
1380 515.30 216.65 26.57 64.81 -1.488246
1380 587.31 195.38 31.54 76.92 -1.567110
1380 135.32 234.06 24.37 59.45 -2.948661
1410 187.23 186.29 34.37 83.83 -0.624102
1410 329.52 187.76 28.92 70.53 -1.360226
1410 440.96 175.64 22.38 54.58 -1.630636
1410 -0.35 238.59 28.92 70.53 -2.326086
1440 23.75 209.00 20.50 50.00 0.112319
1440 171.75 177.00 20.50 50.00 -0.455993
1440 615.91 191.29 24.37 59.45 -0.461095
1440 608.58 172.54 26.57 64.81 -0.806924
1440 2.69 176.92 31.54 76.92 -1.011356
1440 518.95 152.73 34.37 83.83 -1.354051
1440 65.26 180.00 22.38 54.58 -2.053304
1440 617.88 18.55 22.38 54.58 -3.795655
1470 411.75 155.00 20.50 50.00 1.196200
1470 493.75 167.00 20.50 50.00 0.042698
1470 459.75 187.00 20.50 50.00 -0.555618
1470 593.75 145.00 20.50 50.00 -1.030806
1470 443.75 163.00 20.50 50.00 -1.127730
1470 77.75 177.00 20.50 50.00 -1.290432
1470 483.75 199.00 20.50 50.00 -1.469520
1470 377.98 180.32 26.57 64.81 -1.550998
1470 484.64 175.64 22.38 54.58 -1.643395
1470 405.75 37.00 20.50 50.00 -2.643284
1500 587.31 130.77 31.54 76.92 1.205607
1500 617.88 171.27 22.38 54.58 0.019840
1500 530.51 169.09 22.38 54.58 -0.041785
1500 593.86 173.45 22.38 54.58 -0.220615
1500 381.15 167.69 31.54 76.92 -0.383420
1500 395.09 138.55 22.38 54.58 -0.670383
1500 579.75 161.00 20.50 50.00 -0.957470
1500 442.23 129.50 24.37 59.45 -1.265144
1500 32.49 162.55 22.38 54.58 -1.286124
1500 476.54 158.46 31.54 76.92 -1.327662
1500 327.75 169.00 20.50 50.00 -1.375152
1500 544.54 160.40 24.37 59.45 -1.732420
1500 41.75 165.00 20.50 50.00 -1.758404
1500 510.38 158.46 31.54 76.92 -2.058804
1530 599.50 158.00 41.00 100.00 0.459001
1530 416.92 168.00 28.92 70.53 0.458270
1530 237.75 169.00 20.50 50.00 -0.099637
1530 143.44 151.06 28.92 70.53 -0.133876
1530 466.02 120.00 24.37 59.45 -0.430077
1530 283.69 166.91 22.38 54.58 -0.575166
1530 47.75 177.00 20.50 50.00 -0.964845
1530 575.75 167.00 20.50 50.00 -1.220015
1530 552.35 145.09 22.38 54.58 -1.492818
1530 33.48 151.06 28.92 70.53 -1.581958
1530 526.87 170.82 28.92 70.53 -1.685802
1530 419.43 128.43 26.57 64.81 -1.753955
1530 -0.30 174.65 24.37 59.45 -1.955352
1530 513.75 137.00 20.50 50.00 -1.984052
1530 559.35 154.38 26.57 64.81 -2.090233
1530 593.75 55.00 20.50 50.00 -2.270908
1560 499.31 136.62 75.52 184.20 1.713947
1560 285.87 164.73 22.38 54.58 -0.543313
1560 613.77 156.97 26.57 64.81 -0.872690
1560 485.38 83.08 63.08 153.85 -1.355812
1560 584.98 184.16 24.37 59.45 -1.476426
1560 217.75 167.00 20.50 50.00 -1.807330
1560 592.00 73.66 48.64 118.64 -2.043214
1560 537.35 81.88 57.98 141.42 -2.081469
1560 543.79 283.76 28.92 70.53 -2.615970
1560 606.07 307.13 34.37 83.83 -5.563098
1590 608.85 149.23 31.54 76.92 1.311210
1590 613.77 190.70 26.57 64.81 0.089744
1590 578.08 152.31 31.54 76.92 -0.071171
1590 297.75 167.00 20.50 50.00 -0.928304
1590 569.83 173.45 22.38 54.58 -0.967009
1590 393.52 112.86 26.57 64.81 -1.141379
1590 166.25 143.76 24.37 59.45 -1.191866
1590 225.72 172.28 24.37 59.45 -1.280486
1590 615.91 51.09 24.37 59.45 -2.541854
1590 565.38 46.15 63.08 153.85 -2.659627
1590 -0.38 7.69 31.54 76.92 -4.092767
1620 372.79 133.62 26.57 64.81 -0.171174
1620 384.92 112.45 34.37 83.83 -1.080708
1620 261.75 159.00 20.50 50.00 -1.215087
1620 225.75 165.00 20.50 50.00 -1.231264
1620 429.75 235.00 20.50 50.00 -1.258881
1620 248.74 160.36 22.38 54.58 -1.282443
1620 47.09 86.11 37.52 91.50 -1.287561
1620 420.11 100.76 37.52 91.50 -1.847991
1620 615.70 110.18 22.38 54.58 -1.944461
1620 510.12 252.97 26.57 64.81 -2.596747
1650 381.15 124.62 31.54 76.92 0.375270
1650 519.59 156.00 22.38 54.58 0.025879
1650 427.74 69.68 52.90 129.03 -0.231056
1650 606.07 78.88 34.37 83.83 -0.322024
1650 11.75 151.00 20.50 50.00 -0.869141
1650 489.81 153.27 24.37 59.45 -0.887046
1650 153.14 111.76 37.52 91.50 -1.106603
1650 67.05 141.41 26.57 64.81 -1.306457
1650 558.32 37.18 69.16 168.67 -2.207563
1650 558.91 243.27 22.38 54.58 -2.410385
1650 606.07 31.89 34.37 83.83 -3.406737
1650 563.52 261.18 28.92 70.53 -3.447465
1650 617.88 300.00 22.38 54.58 -5.381604
1680 613.53 158.02 24.37 59.45 0.813785
1680 506.48 132.00 22.38 54.58 -0.238360
1680 495.75 173.00 20.50 50.00 -0.399486
1680 87.75 163.00 20.50 50.00 -0.408741
1680 601.64 165.15 24.37 59.45 -0.789331
1680 55.00 130.77 31.54 76.92 -0.801038
1680 390.38 115.38 31.54 76.92 -0.989530
1680 315.75 151.00 20.50 50.00 -1.207393
1680 305.75 157.00 20.50 50.00 -1.426704
1680 611.45 114.35 28.92 70.53 -1.659480
1680 591.75 179.00 20.50 50.00 -1.933727
1680 197.75 53.00 20.50 50.00 -2.835232
1680 519.00 20.00 82.00 200.00 -3.600263
1710 587.36 188.91 24.37 59.45 1.837907
1710 13.75 181.00 20.50 50.00 0.336749
1710 582.60 155.64 24.37 59.45 -0.559626
1710 288.46 122.75 37.52 91.50 -0.640631
1710 615.91 184.16 24.37 59.45 -0.916710
1710 23.75 163.00 20.50 50.00 -1.080551
1710 365.75 145.00 20.50 50.00 -1.089812
1710 619.75 143.00 20.50 50.00 -1.426175
1710 132.16 120.00 28.92 70.53 -1.434116
1710 582.60 177.03 24.37 59.45 -1.881544
1710 539.25 138.55 22.38 54.58 -1.993841
1710 442.69 56.92 31.54 76.92 -2.527635
1710 462.53 40.62 75.52 184.20 -2.528183
1710 531.92 7.69 31.54 76.92 -3.616298
1740 315.75 155.00 20.50 50.00 -0.209153
1740 580.22 143.76 24.37 59.45 -0.449921
1740 611.45 159.53 28.92 70.53 -0.543142
1740 28.25 174.65 24.37 59.45 -0.560546
1740 291.75 159.00 20.50 50.00 -0.574383
1740 382.75 129.50 24.37 59.45 -0.785057
1740 251.75 161.00 20.50 50.00 -0.849669
1740 604.78 188.73 22.38 54.58 -0.942675
1740 409.14 100.76 37.52 91.50 -1.180294
1740 126.91 112.45 34.37 83.83 -1.513971
1740 107.75 101.00 20.50 50.00 -1.546832
1740 425.13 109.09 34.37 83.83 -1.793897
1740 567.75 139.00 20.50 50.00 -1.901084
1740 501.71 60.59 24.37 59.45 -2.953123
1740 595.92 2.18 44.67 108.95 -4.358109
1770 365.75 157.00 20.50 50.00 1.428577
1770 325.75 155.00 20.50 50.00 0.681396
1770 606.07 135.94 34.37 83.83 -0.536466
1770 535.02 150.89 24.37 59.45 -0.719768
1770 333.75 149.00 20.50 50.00 -1.162741
1770 596.04 142.91 22.38 54.58 -1.634584
1770 99.75 93.00 20.50 50.00 -2.162701
1770 -0.59 83.17 48.64 118.64 -2.267431
1800 489.75 161.00 20.50 50.00 0.148070
1800 587.74 116.13 52.90 129.03 -0.340501
1800 493.75 151.00 20.50 50.00 -0.354228
1800 343.61 145.41 28.92 70.53 -0.518257
1800 499.76 120.65 26.57 64.81 -0.668142
1800 503.75 159.00 20.50 50.00 -0.670865
1800 233.75 169.00 20.50 50.00 -0.941267
1800 520.49 151.78 26.57 64.81 -1.507340
1800 469.35 153.82 22.38 54.58 -1.736739
1800 119.75 153.00 20.50 50.00 -1.739575
1800 526.14 49.09 22.38 54.58 -2.612361
1800 617.75 37.00 20.50 50.00 -2.687750
1830 61.75 153.00 20.50 50.00 -0.319049
1830 493.75 163.00 20.50 50.00 -0.912353
1830 436.15 101.54 63.08 153.85 -1.209424
1830 525.50 158.02 24.37 59.45 -1.259852
1830 28.12 156.00 22.38 54.58 -1.411385
1830 380.77 101.54 63.08 153.85 -1.442615
1830 181.75 159.00 20.50 50.00 -1.560630
1830 139.75 75.00 20.50 50.00 -2.012902
1830 577.69 58.46 63.08 153.85 -2.530972
