30 411.75 153.00 20.50 50.00 0.255764
30 -0.59 116.44 48.64 118.64 0.097687
30 427.75 175.00 20.50 50.00 -0.209854
30 453.03 177.71 37.52 91.50 -0.229692
30 11.75 65.00 20.50 50.00 -0.689938
30 495.56 180.00 22.38 54.58 -1.054353
30 619.75 191.00 20.50 50.00 -1.270969
30 416.93 212.73 22.38 54.58 -1.575799
30 602.97 283.97 37.52 91.50 -1.580851
30 27.85 116.44 48.64 118.64 -2.179697
30 429.75 195.00 20.50 50.00 -2.292698
30 507.40 74.18 89.69 218.76 -2.572916
30 -0.35 80.47 28.92 70.53 -2.617910
30 427.96 22.57 24.37 59.45 -3.921981
30 405.64 7.06 28.92 70.53 -4.181133
30 599.31 309.62 37.52 91.50 -4.275139
30 454.13 8.32 24.37 59.45 -4.752571
60 2.69 146.15 31.54 76.92 0.090745
60 18.08 146.15 31.54 76.92 -0.445251
60 499.76 68.76 26.57 64.81 -0.830974
60 615.91 219.80 24.37 59.45 -0.943354
60 171.00 174.65 24.37 59.45 -0.964710
60 479.03 227.03 26.57 64.81 -1.164587
60 383.75 169.00 20.50 50.00 -1.245738
60 491.75 105.00 20.50 50.00 -1.272801
60 521.75 159.00 20.50 50.00 -1.311055
60 543.62 225.82 22.38 54.58 -1.369936
60 339.75 175.00 20.50 50.00 -1.487108
60 135.75 169.00 20.50 50.00 -1.857437
60 355.77 164.73 22.38 54.58 -1.867656
60 491.98 237.41 26.57 64.81 -2.051768
60 420.82 98.61 24.37 59.45 -2.145104
60 535.75 225.00 20.50 50.00 -2.621209
60 551.75 289.00 20.50 50.00 -3.579214
90 371.06 173.45 22.38 54.58 0.460652
90 608.77 165.15 24.37 59.45 -0.045208
90 608.63 100.24 28.92 70.53 -1.115907
90 49.75 115.00 20.50 50.00 -1.305017
90 408.19 180.00 22.38 54.58 -1.807749
90 427.75 179.00 20.50 50.00 -1.856208
90 587.30 29.45 22.38 54.58 -3.788420
90 611.33 22.91 22.38 54.58 -3.908729
90 601.75 309.00 20.50 50.00 -4.347460
90 613.53 307.72 24.37 59.45 -4.795675
120 333.93 167.35 26.57 64.81 0.559488
120 435.75 183.00 20.50 50.00 0.432905
120 278.07 158.02 24.37 59.45 0.404531
120 420.82 184.16 24.37 59.45 -0.649102
120 323.00 184.36 22.38 54.58 -1.128515
120 592.00 106.93 48.64 118.64 -2.209561
150 449.78 154.46 48.64 118.64 1.444047
150 599.75 165.00 20.50 50.00 0.140982
150 317.71 141.07 37.52 91.50 0.018517
150 357.95 208.36 22.38 54.58 -0.172983
150 202.64 151.06 28.92 70.53 -0.247695
150 215.97 171.27 22.38 54.58 -0.721980
150 437.75 147.00 20.50 50.00 -1.335949
150 103.75 167.00 20.50 50.00 -1.445137
150 608.85 133.85 31.54 76.92 -1.515732
150 104.57 66.55 22.38 54.58 -2.787895
180 287.75 167.00 20.50 50.00 -0.943986
180 471.75 165.00 20.50 50.00 -1.119450
180 39.75 165.00 20.50 50.00 -1.161112
180 373.75 153.00 20.50 50.00 -1.421281
180 477.92 146.14 24.37 59.45 -1.492154
180 543.79 145.41 28.92 70.53 -1.671678
180 321.75 5.00 20.50 50.00 -2.441458
180 311.75 5.00 20.50 50.00 -3.994327
180 539.78 8.32 24.37 59.45 -4.310913
210 451.75 171.00 20.50 50.00 1.127932
210 469.75 171.00 20.50 50.00 -0.170315
210 354.96 121.19 48.64 118.64 -0.189402
210 411.75 163.00 20.50 50.00 -0.499871
210 479.75 169.00 20.50 50.00 -0.791890
210 599.50 122.00 41.00 100.00 -0.885093
210 41.75 153.00 20.50 50.00 -0.895013
210 579.27 156.08 34.37 83.83 -1.243810
210 148.26 225.82 22.38 54.58 -1.370318
210 570.71 169.90 24.37 59.45 -1.403673
210 561.19 165.15 24.37 59.45 -1.664325
210 307.85 132.59 34.37 83.83 -1.881011
210 415.75 85.00 20.50 50.00 -2.131035
210 229.75 47.00 20.50 50.00 -2.619072
240 341.75 177.00 20.50 50.00 1.171957
240 311.50 146.00 41.00 100.00 -0.385864
240 390.72 166.91 22.38 54.58 -0.486831
240 362.32 175.64 22.38 54.58 -1.149421
240 353.75 179.00 20.50 50.00 -1.318167
240 471.54 180.00 22.38 54.58 -1.462430
240 403.75 181.00 20.50 50.00 -1.492107
240 291.16 141.82 44.67 108.95 -1.528048
240 463.75 185.00 20.50 50.00 -1.721009
240 416.46 152.06 37.52 91.50 -1.767536
240 551.23 56.73 89.69 218.76 -2.289314
240 615.91 34.45 24.37 59.45 -3.001701
240 475.90 44.73 22.38 54.58 -3.155583
270 25.94 177.82 22.38 54.58 -1.532739
270 44.76 165.18 28.92 70.53 -1.812230
300 230.84 139.76 28.92 70.53 -1.294878
330 602.97 177.71 37.52 91.50 -0.741653
360 556.72 195.27 22.38 54.58 0.267588
360 565.75 201.00 20.50 50.00 -1.133823
360 149.96 255.57 26.57 64.81 -1.754540
360 43.43 269.31 37.52 91.50 -2.673699
360 -0.25 249.00 20.50 50.00 -3.694431
390 401.30 180.32 26.57 64.81 0.494284
390 421.75 191.00 20.50 50.00 0.284581
390 508.85 188.91 24.37 59.45 -1.607309
390 523.08 180.32 26.57 64.81 -1.916869
390 565.52 84.92 75.52 184.20 -2.212677
420 366.69 190.91 22.38 54.58 0.499309
420 395.09 186.55 22.38 54.58 0.367500
420 388.53 197.45 22.38 54.58 -0.252577
420 344.85 160.36 22.38 54.58 -0.286539
420 488.85 180.00 31.54 76.92 -0.885357
420 50.27 177.88 57.98 141.42 -1.039099
420 397.27 201.82 22.38 54.58 -1.422560
420 34.68 42.55 22.38 54.58 -3.443637
450 375.61 186.53 24.37 59.45 0.919589
450 406.48 185.51 26.57 64.81 0.809965
450 397.03 188.91 24.37 59.45 -1.087193
450 366.10 184.16 24.37 59.45 -1.218695
450 75.77 125.65 28.92 70.53 -1.476183
450 555.75 193.00 20.50 50.00 -1.775397
450 79.61 158.46 31.54 76.92 -2.207927
480 438.53 169.51 34.37 83.83 0.807488
480 391.75 197.00 20.50 50.00 0.764745
480 424.62 201.08 26.57 64.81 0.575297
480 403.75 157.00 20.50 50.00 -0.917947
480 397.27 206.18 22.38 54.58 -0.965306
480 459.75 157.00 20.50 50.00 -1.008762
480 539.78 108.12 24.37 59.45 -1.080907
480 27.50 110.00 41.00 100.00 -1.211802
480 412.56 186.55 22.38 54.58 -1.218510
480 433.83 201.88 28.92 70.53 -1.427805
480 602.97 137.40 37.52 91.50 -1.669302
480 519.75 35.00 20.50 50.00 -3.688112
510 419.74 193.41 28.92 70.53 1.398526
510 529.75 151.00 20.50 50.00 1.357424
510 534.88 175.64 22.38 54.58 0.855197
510 425.37 210.35 28.92 70.53 -0.232185
510 545.80 147.27 22.38 54.58 -0.440572
510 480.71 149.65 57.98 141.42 -0.580570
510 218.16 184.36 22.38 54.58 -0.776459
510 525.50 241.19 24.37 59.45 -0.912059
510 6.28 127.64 22.38 54.58 -1.131980
510 408.19 195.27 22.38 54.58 -1.529545
510 423.75 59.00 20.50 50.00 -1.727620
510 352.11 102.55 44.67 108.95 -1.836534
510 414.74 86.18 22.38 54.58 -1.868746
510 545.80 166.91 22.38 54.58 -1.916272
510 -0.25 97.00 20.50 50.00 -2.003159
510 51.75 81.00 20.50 50.00 -2.066673
510 466.02 198.42 24.37 59.45 -2.095547
540 511.54 196.03 37.52 91.50 0.847723
540 504.30 134.18 22.38 54.58 0.081888
540 459.26 182.97 48.64 118.64 -0.147853
540 599.50 226.00 41.00 100.00 -0.522543
540 497.75 114.55 22.38 54.58 -0.894263
540 380.37 162.77 24.37 59.45 -1.291115
540 481.75 103.00 20.50 50.00 -1.293467
540 473.72 160.36 22.38 54.58 -1.360237
540 433.83 173.65 28.92 70.53 -1.420911
540 425.58 98.61 24.37 59.45 -1.452447
540 104.39 226.93 24.37 59.45 -1.778169
540 46.32 118.31 69.16 168.67 -1.969001
540 565.46 223.64 22.38 54.58 -2.323318
540 567.75 271.00 20.50 50.00 -2.452657
540 596.88 46.34 24.37 59.45 -3.318024
540 467.66 12.82 37.52 91.50 -3.971420
570 547.99 84.00 22.38 54.58 -0.106629
570 359.62 146.15 31.54 76.92 -0.195980
570 427.85 186.55 22.38 54.58 -0.418668
570 599.50 250.00 41.00 100.00 -0.595824
570 371.52 142.66 34.37 83.83 -1.086430
570 41.13 237.41 26.57 64.81 -1.701322
570 184.23 167.69 31.54 76.92 -1.808635
570 608.85 109.23 31.54 76.92 -1.957316
570 50.40 247.06 28.92 70.53 -2.223064
570 43.41 278.18 22.38 54.58 -3.322351
570 569.83 5.45 22.38 54.58 -4.034771
600 161.37 160.36 22.38 54.58 -1.018875
600 339.75 171.00 20.50 50.00 -1.102341
600 92.69 264.00 28.92 70.53 -1.561575
600 606.07 159.44 34.37 83.83 -1.685946
600 120.21 203.08 34.37 83.83 -2.176955
630 611.45 168.00 28.92 70.53 0.843442
630 391.75 189.00 20.50 50.00 0.477330
630 131.75 177.00 20.50 50.00 -0.398296
630 149.75 165.00 20.50 50.00 -0.914968
630 617.88 112.36 22.38 54.58 -1.915181
630 563.57 43.96 24.37 59.45 -3.136425
630 15.75 295.00 20.50 50.00 -4.921868
660 83.75 181.00 20.50 50.00 4.022684
660 371.06 186.55 22.38 54.58 0.472238
660 592.00 121.19 48.64 118.64 -0.131530
660 362.32 188.73 22.38 54.58 -1.260605
660 235.75 165.00 20.50 50.00 -1.267423
660 123.42 153.27 24.37 59.45 -1.515780
660 611.45 35.29 28.92 70.53 -3.715167
690 18.74 179.41 24.37 59.45 5.228564
690 358.96 181.78 24.37 59.45 -0.683402
690 323.00 171.27 22.38 54.58 -0.834131
690 407.75 199.00 20.50 50.00 -1.140704
690 217.75 163.00 20.50 50.00 -1.601070
690 65.75 25.00 20.50 50.00 -3.532456
690 569.72 29.84 26.57 64.81 -3.667561
720 468.66 185.51 26.57 64.81 -0.413392
720 380.26 173.65 28.92 70.53 -0.722503
720 423.48 195.27 22.38 54.58 -0.890597
720 370.20 182.92 26.57 64.81 -0.926133
720 35.48 100.65 52.90 129.03 -1.594453
720 409.07 185.51 26.57 64.81 -1.937191
720 401.75 143.00 20.50 50.00 -1.937809
720 132.16 74.82 28.92 70.53 -1.972584
720 615.91 8.32 24.37 59.45 -4.369887
750 617.88 180.00 22.38 54.58 -0.233750
750 131.75 169.00 20.50 50.00 -0.260507
750 28.25 177.03 24.37 59.45 -0.653446
750 425.67 138.55 22.38 54.58 -1.032657
750 384.23 176.92 31.54 76.92 -1.322204
750 358.12 159.44 34.37 83.83 -1.337679
750 397.18 179.29 28.92 70.53 -1.344157
750 48.91 76.54 26.57 64.81 -1.572182
750 112.42 170.82 28.92 70.53 -1.901626
750 491.43 37.09 44.67 108.95 -3.433475
780 396.54 186.15 31.54 76.92 -1.495261
780 249.75 165.00 20.50 50.00 -1.518462
780 204.34 177.71 37.52 91.50 -1.911914
780 411.28 114.35 28.92 70.53 -2.076686
780 16.56 63.53 28.92 70.53 -2.169774
780 464.85 196.24 28.92 70.53 -2.245904
780 -0.32 68.76 26.57 64.81 -2.957494
780 551.23 39.27 89.69 218.76 -3.266382
810 257.75 171.00 20.50 50.00 1.056463
810 417.41 168.00 44.67 108.95 -0.537213
810 285.75 165.00 20.50 50.00 -0.572820
810 200.68 225.82 22.38 54.58 -0.836724
810 543.62 175.64 22.38 54.58 -0.876483
810 224.71 158.18 22.38 54.58 -1.046146
810 394.65 181.78 24.37 59.45 -1.108912
810 29.75 195.00 20.50 50.00 -1.119191
810 619.75 79.00 20.50 50.00 -1.183559
810 357.75 179.00 20.50 50.00 -1.645200
810 405.03 176.22 34.37 83.83 -1.792817
810 617.88 219.27 22.38 54.58 -2.490424
840 285.87 164.73 22.38 54.58 1.064839
840 256.65 160.40 24.37 59.45 0.867246
840 413.75 169.00 20.50 50.00 -0.201927
840 236.48 151.06 28.92 70.53 -0.440906
840 223.75 167.00 20.50 50.00 -0.470918
840 447.51 169.09 22.38 54.58 -0.545748
840 181.05 237.41 26.57 64.81 -0.557859
840 371.81 159.53 28.92 70.53 -0.612131
840 419.75 161.00 20.50 50.00 -1.602318
840 56.55 92.31 34.37 83.83 -1.803358
840 611.45 145.41 28.92 70.53 -1.931719
840 619.75 67.00 20.50 50.00 -2.237235
870 255.29 173.45 22.38 54.58 2.601689
870 266.21 175.64 22.38 54.58 1.776952
870 292.47 162.16 26.57 64.81 1.719431
870 243.24 162.16 26.57 64.81 0.437556
870 277.13 173.45 22.38 54.58 -0.017533
870 429.75 149.00 20.50 50.00 -0.509765
870 220.73 146.01 34.37 83.83 -0.527615
870 323.00 123.27 22.38 54.58 -1.099452
870 163.50 230.00 41.00 100.00 -1.486271
870 479.35 162.58 52.90 129.03 -1.844312
870 441.06 81.88 57.98 141.42 -2.286103
870 611.45 173.65 28.92 70.53 -2.393474
870 325.03 243.66 37.52 91.50 -2.508456
870 149.49 243.66 37.52 91.50 -3.262794
870 134.41 6.49 26.57 64.81 -4.069484
900 245.77 158.46 31.54 76.92 1.625157
900 261.85 168.00 28.92 70.53 1.528600
900 291.92 158.46 31.54 76.92 1.043106
900 434.55 109.09 149.09 363.64 0.052751
900 332.05 126.55 89.69 218.76 -0.605088
900 233.45 180.00 22.38 54.58 -0.656049
900 199.62 158.46 31.54 76.92 -0.713143
900 361.79 187.20 98.11 239.31 -0.783601
900 323.00 123.27 22.38 54.58 -1.621513
900 121.36 255.27 44.67 108.95 -1.889962
900 402.69 133.85 31.54 76.92 -1.975624
900 141.63 244.75 48.64 118.64 -2.702891
900 335.00 260.00 82.00 200.00 -2.937569
900 111.13 20.73 22.38 54.58 -3.677642
930 77.75 177.00 20.50 50.00 1.623780
930 239.62 158.46 31.54 76.92 1.596743
930 254.24 156.08 34.37 83.83 1.298162
930 291.10 156.08 34.37 83.83 0.921207
930 327.75 125.00 20.50 50.00 -0.247921
930 203.26 125.94 48.64 118.64 -0.365518
930 379.89 144.73 37.52 91.50 -0.986961
930 510.00 163.08 63.08 153.85 -1.002757
930 102.58 260.65 52.90 129.03 -1.452964
930 373.23 260.20 24.37 59.45 -1.523652
930 129.23 9.08 26.57 64.81 -3.956863
960 236.54 167.69 31.54 76.92 1.788205
960 284.80 155.73 37.52 91.50 1.421346
960 254.24 162.80 34.37 83.83 1.180653
960 434.55 94.55 149.09 363.64 0.193671
960 97.75 269.00 20.50 50.00 -0.648064
960 37.75 177.00 20.50 50.00 -0.715526
960 301.15 166.15 34.37 83.83 -0.889095
960 224.71 188.73 22.38 54.58 -1.140260
960 379.89 148.40 37.52 91.50 -1.302639
960 371.75 267.00 20.50 50.00 -1.477366
960 379.75 131.00 20.50 50.00 -1.547415
960 577.75 213.00 20.50 50.00 -1.724605
960 599.50 170.00 41.00 100.00 -2.000608
960 173.82 162.80 34.37 83.83 -2.023424
960 383.75 267.00 20.50 50.00 -2.615923
960 391.75 263.00 20.50 50.00 -3.194222
960 126.52 12.71 28.92 70.53 -3.307529
960 106.95 280.56 69.16 168.67 -3.621729
960 80.00 287.32 69.16 168.67 -4.864953
990 237.49 169.51 34.37 83.83 1.842008
990 287.50 150.00 41.00 100.00 1.646454
990 250.89 166.15 34.37 83.83 1.351422
990 9.22 172.28 24.37 59.45 0.633778
990 95.75 273.00 20.50 50.00 -0.464355
990 17.81 159.57 26.57 64.81 -0.613468
990 327.75 129.00 20.50 50.00 -1.010976
990 321.75 201.00 20.50 50.00 -1.060065
990 379.50 150.00 41.00 100.00 -1.099896
990 190.00 107.69 63.08 153.85 -1.481981
990 388.34 260.76 26.57 64.81 -2.250316
990 537.06 284.73 22.38 54.58 -2.758504
990 373.23 264.95 24.37 59.45 -2.929289
990 126.52 12.71 28.92 70.53 -3.719708
990 357.95 265.09 22.38 54.58 -4.083037
1020 283.50 154.00 41.00 100.00 2.247337
1020 239.50 154.00 41.00 100.00 2.135036
1020 223.50 154.00 41.00 100.00 1.648236
1020 255.50 154.00 41.00 100.00 1.009320
1020 449.09 109.09 149.09 363.64 0.367816
1020 93.75 275.00 20.50 50.00 0.019941
1020 383.54 152.06 37.52 91.50 -1.245367
1020 367.00 260.00 82.00 200.00 -1.520621
1020 318.51 193.66 24.37 59.45 -1.593399
1020 182.40 159.39 37.52 91.50 -1.676675
1020 85.75 271.00 20.50 50.00 -3.155289
1020 106.95 287.32 69.16 168.67 -4.155626
1050 283.50 158.00 41.00 100.00 2.378499
1050 235.50 154.00 41.00 100.00 2.113334
1050 254.24 172.87 34.37 83.83 1.821129
1050 219.50 158.00 41.00 100.00 0.411774
1050 373.24 269.45 22.38 54.58 -0.463091
1050 331.74 125.45 22.38 54.58 -0.693000
1050 385.75 271.14 26.57 64.81 -0.968372
1050 93.75 277.00 20.50 50.00 -1.330093
1050 383.50 150.00 41.00 100.00 -1.685871
1050 140.63 77.75 69.16 168.67 -1.733651
1050 370.86 124.75 24.37 59.45 -1.808184
1050 538.15 275.29 28.92 70.53 -1.935451
1050 85.75 273.00 20.50 50.00 -2.687603
1050 123.70 12.71 28.92 70.53 -4.127282
1080 237.26 166.72 37.52 91.50 2.800795
1080 284.80 163.05 37.52 91.50 1.956459
1080 449.09 123.64 149.09 363.64 1.727179
1080 255.00 176.92 31.54 76.92 1.393748
1080 222.53 193.09 22.38 54.58 -0.701959
1080 329.52 120.00 28.92 70.53 -0.931814
1080 392.31 166.15 126.15 307.69 -1.005214
1080 87.75 275.00 20.50 50.00 -1.109270
1080 383.75 273.00 20.50 50.00 -1.220869
1080 373.75 275.00 20.50 50.00 -1.298134
1080 299.43 166.72 37.52 91.50 -1.310823
1080 383.54 152.06 37.52 91.50 -1.946399
1080 157.75 85.00 20.50 50.00 -2.309374
1110 237.49 172.87 34.37 83.83 2.224664
1110 284.80 163.05 37.52 91.50 1.896694
1110 250.89 172.87 34.37 83.83 1.623911
1110 449.09 123.64 149.09 363.64 1.202556
1110 215.00 180.00 31.54 76.92 0.204617
1110 365.90 213.91 107.29 261.69 -0.273970
1110 93.75 279.00 20.50 50.00 -0.514661
1110 383.54 159.39 37.52 91.50 -0.827777
1110 173.82 162.80 34.37 83.83 -0.994895
1110 328.03 124.75 24.37 59.45 -1.694591
1110 305.75 47.00 20.50 50.00 -1.915820
1110 85.75 275.00 20.50 50.00 -2.353020
1110 94.87 17.82 24.37 59.45 -4.016706
1140 231.50 158.00 41.00 100.00 2.071990
1140 284.80 163.05 37.52 91.50 1.787048
1140 251.89 170.38 37.52 91.50 1.766375
1140 451.67 140.00 136.67 333.33 1.395613
1140 365.90 213.91 107.29 261.69 0.207461
1140 211.50 154.00 41.00 100.00 -0.061080
1140 318.63 201.82 22.38 54.58 -1.171009
1140 89.75 277.00 20.50 50.00 -1.369866
1140 189.04 140.20 48.64 118.64 -1.454412
1140 443.75 187.00 20.50 50.00 -1.510315
1140 326.70 122.82 28.92 70.53 -1.597309
1140 171.92 173.85 31.54 76.92 -1.736757
1170 282.45 150.55 44.67 108.95 2.266535
1170 234.14 172.87 34.37 83.83 2.177921
1170 434.55 123.64 149.09 363.64 1.781315
1170 250.89 179.58 34.37 83.83 1.235480
1170 93.75 279.00 20.50 50.00 -0.590326
1170 224.71 195.27 22.38 54.58 -1.067489
1170 182.40 163.05 37.52 91.50 -1.424668
1170 155.14 81.73 26.57 64.81 -1.729688
1170 327.27 -9.60 197.95 482.80 -2.205019
1170 85.75 279.00 20.50 50.00 -2.720824
1170 105.75 31.00 20.50 50.00 -3.249164
1200 239.50 158.00 41.00 100.00 2.090802
1200 283.50 158.00 41.00 100.00 1.895730
1200 449.09 123.64 149.09 363.64 1.202768
1200 223.50 162.00 41.00 100.00 0.721384
1200 255.54 170.38 37.52 91.50 0.241317
1200 191.86 121.41 57.98 141.42 -0.158165
1200 318.51 200.79 24.37 59.45 -0.428851
1200 326.70 125.65 28.92 70.53 -1.154626
1200 346.67 9.60 197.95 482.80 -1.363364
1200 93.75 281.00 20.50 50.00 -1.840493
1200 85.75 277.00 20.50 50.00 -2.193428
1230 237.49 172.87 34.37 83.83 2.525297
1230 251.89 170.38 37.52 91.50 1.963274
1230 288.46 163.05 37.52 91.50 1.854359
1230 449.09 123.64 149.09 363.64 0.892156
1230 56.36 109.09 149.09 363.64 0.456885
1230 440.96 184.36 22.38 54.58 -0.499651
1230 223.35 193.66 24.37 59.45 -0.593809
1230 383.54 155.73 37.52 91.50 -0.680150
1230 321.78 135.45 48.64 118.64 -1.235226
1230 373.24 273.82 22.38 54.58 -1.313069
1230 182.40 163.05 37.52 91.50 -1.872065
1230 385.13 267.33 24.37 59.45 -2.573622
1230 104.39 24.95 24.37 59.45 -3.369412
1260 251.89 170.38 37.52 91.50 2.254211
1260 233.60 163.05 37.52 91.50 2.043717
1260 449.09 123.64 149.09 363.64 1.484719
1260 287.50 158.00 41.00 100.00 1.255679
1260 95.75 279.00 20.50 50.00 -0.239871
1260 219.92 190.70 26.57 64.81 -1.021249
1260 175.00 170.77 31.54 76.92 -1.392067
1260 375.75 277.00 20.50 50.00 -1.773365
1260 327.37 125.45 22.38 54.58 -1.786348
1260 383.75 279.00 20.50 50.00 -1.928566
1260 57.75 83.00 20.50 50.00 -2.629442
1260 104.39 24.95 24.37 59.45 -3.039480
1260 126.52 18.35 28.92 70.53 -3.360953
1290 234.14 169.51 34.37 83.83 2.066566
1290 250.89 176.22 34.37 83.83 1.936080
1290 282.45 150.55 44.67 108.95 1.900463
1290 451.67 153.33 136.67 333.33 0.707775
1290 329.52 122.82 28.92 70.53 -0.566649
1290 183.85 107.69 63.08 153.85 -0.602515
1290 379.50 154.00 41.00 100.00 -0.753589
1290 89.75 279.00 20.50 50.00 -0.954535
1290 373.75 275.00 20.50 50.00 -1.754570
1290 134.62 95.39 63.08 153.85 -2.009619
1290 386.35 278.18 22.38 54.58 -2.692604
1290 98.02 276.00 22.38 54.58 -2.904223
1290 105.75 31.00 20.50 50.00 -2.967236
1320 287.50 154.00 41.00 100.00 2.143977
1320 250.89 169.51 34.37 83.83 1.941602
1320 234.14 166.15 34.37 83.83 1.423990
1320 451.67 140.00 136.67 333.33 0.701197
1320 30.00 88.00 164.00 400.00 0.212445
1320 328.03 127.13 24.37 59.45 -0.571198
1320 379.50 154.00 41.00 100.00 -0.745143
1320 175.50 154.00 41.00 100.00 -0.903153
1320 190.00 113.85 63.08 153.85 -1.128636
1320 373.75 275.00 20.50 50.00 -2.334770
1320 386.35 280.36 22.38 54.58 -3.106325
1350 240.91 163.05 37.52 91.50 2.288472
1350 288.46 163.05 37.52 91.50 1.894866
1350 203.50 150.00 41.00 100.00 0.663766
1350 463.64 123.64 149.09 363.64 0.517225
1350 332.05 135.27 89.69 218.76 -0.266682
1350 258.08 176.92 31.54 76.92 -0.325217
1350 304.50 172.87 34.37 83.83 -1.605813
1350 16.97 9.60 197.95 482.80 -1.702785
1350 366.06 -9.60 197.95 482.80 -2.367008
1380 242.69 173.85 31.54 76.92 1.776717
1380 255.00 170.77 31.54 76.92 1.407226
1380 284.40 169.51 34.37 83.83 1.007439
1380 451.67 140.00 136.67 333.33 0.348213
1380 334.00 72.00 164.00 400.00 -0.150901
1380 202.64 173.65 28.92 70.53 -0.588724
1380 46.00 56.00 164.00 400.00 -1.204658
1380 214.03 162.80 34.37 83.83 -1.237514
1380 264.23 180.00 31.54 76.92 -1.244978
1380 123.70 24.00 28.92 70.53 -3.475296
1410 261.75 193.00 20.50 50.00 1.795705
1410 251.75 191.00 20.50 50.00 1.612396
1410 280.45 181.78 24.37 59.45 1.003763
1410 233.66 170.82 28.92 70.53 0.773380
1410 270.93 181.78 24.37 59.45 -0.151550
1410 215.75 189.00 20.50 50.00 -0.518020
1410 346.67 9.60 197.95 482.80 -2.220278
1410 39.75 89.00 20.50 50.00 -2.317819
1410 326.15 260.76 26.57 64.81 -3.390541
1410 113.51 18.46 34.37 83.83 -3.646716
1440 261.75 191.00 20.50 50.00 1.040070
1440 281.75 189.00 20.50 50.00 1.033766
1440 244.37 182.18 22.38 54.58 0.176524
1440 235.63 184.36 22.38 54.58 -0.144513
1440 429.75 103.00 20.50 50.00 -0.565908
1440 405.64 207.53 28.92 70.53 -0.718067
1440 320.82 252.00 22.38 54.58 -1.059185
1440 213.83 177.03 24.37 59.45 -1.402187
1440 416.46 196.03 37.52 91.50 -1.740439
1440 194.80 253.07 24.37 59.45 -1.978630
1440 497.75 235.00 20.50 50.00 -2.794160
1440 107.31 13.85 31.54 76.92 -3.973963
1440 606.07 15.11 34.37 83.83 -4.054959
1440 -0.27 12.00 22.38 54.58 -4.060903
1470 201.75 251.00 20.50 50.00 -0.368321
1470 433.75 159.00 20.50 50.00 -0.370173
1470 235.24 181.78 24.37 59.45 -0.936107
1470 89.75 99.00 20.50 50.00 -1.163520
1470 405.64 207.53 28.92 70.53 -1.267107
1470 385.90 204.71 28.92 70.53 -1.421765
1470 446.99 84.36 24.37 59.45 -2.038732
1470 303.75 243.00 20.50 50.00 -2.355205
1470 617.88 44.73 22.38 54.58 -2.681515
1470 194.13 241.09 22.38 54.58 -2.958945
1500 466.02 162.77 24.37 59.45 -0.764612
1500 51.75 83.00 20.50 50.00 -1.010237
1500 445.32 147.27 22.38 54.58 -1.019596
1500 383.16 201.08 26.57 64.81 -1.796001
1500 -0.32 146.59 26.57 64.81 -1.819134
1500 79.75 221.00 20.50 50.00 -1.866193
1500 375.61 210.30 24.37 59.45 -1.901808
1500 524.18 33.60 98.11 239.31 -2.390743
1530 430.33 196.04 24.37 59.45 -0.697594
1530 370.86 191.29 24.37 59.45 -0.849254
1530 543.00 44.00 82.00 200.00 -2.608877
1530 411.66 53.19 26.57 64.81 -2.846107
1530 485.45 31.89 34.37 83.83 -3.248723
1560 227.75 169.00 20.50 50.00 -1.142395
1560 595.92 150.55 44.67 108.95 -1.260606
1560 615.91 67.72 24.37 59.45 -1.974819
1560 581.03 53.13 37.52 91.50 -2.857089
1560 498.63 39.27 89.69 218.76 -3.253524
1560 525.67 9.08 26.57 64.81 -3.583510
1560 482.09 15.11 34.37 83.83 -4.320109
1560 611.75 9.00 20.50 50.00 -4.462229
1590 342.66 180.00 22.38 54.58 0.370740
1590 480.27 121.09 22.38 54.58 -0.625901
1590 140.07 210.30 24.37 59.45 -1.443979
1590 195.50 166.00 41.00 100.00 -1.543423
1590 499.93 88.36 22.38 54.58 -1.596461
1590 227.75 159.00 20.50 50.00 -1.832132
1590 517.75 171.00 20.50 50.00 -1.947285
1590 619.75 171.00 20.50 50.00 -1.987996
1590 515.75 43.00 20.50 50.00 -3.232050
1590 571.79 30.42 69.16 168.67 -3.434437
1620 241.75 161.00 20.50 50.00 -0.221263
1620 619.75 83.00 20.50 50.00 -0.654113
1620 571.75 103.00 20.50 50.00 -0.790556
1620 565.75 213.00 20.50 50.00 -1.015775
1620 491.43 137.45 44.67 108.95 -1.357391
1620 -0.65 167.74 52.90 129.03 -1.438528
1620 449.75 189.00 20.50 50.00 -1.769074
1620 582.94 173.45 22.38 54.58 -1.886107
1620 602.69 41.54 31.54 76.92 -2.144016
1620 512.25 88.95 34.37 83.83 -2.254815
1620 522.69 69.23 31.54 76.92 -2.754367
1620 577.75 45.00 20.50 50.00 -3.046664
1620 547.31 20.00 31.54 76.92 -4.150028
1620 615.91 10.69 24.37 59.45 -4.159961
1620 467.75 11.00 20.50 50.00 -4.622179
1650 263.75 165.00 20.50 50.00 -1.032434
1650 421.75 167.00 20.50 50.00 -1.423171
1650 89.28 234.55 22.38 54.58 -2.563366
1650 559.00 36.00 82.00 200.00 -2.959427
1680 281.75 173.00 20.50 50.00 -0.431689
1680 487.75 187.00 20.50 50.00 -1.187643
1680 611.45 26.82 28.92 70.53 -3.512467
1680 593.04 14.27 26.57 64.81 -3.974035
1710 611.45 244.24 28.92 70.53 -0.075682
1710 338.29 164.73 22.38 54.58 -0.641709
1710 607.75 231.00 20.50 50.00 -1.060223
1710 497.75 169.09 22.38 54.58 -1.350796
1710 453.75 175.00 20.50 50.00 -1.581091
1710 565.52 77.54 75.52 184.20 -2.140201
1740 608.85 118.46 31.54 76.92 -0.340449
1740 193.75 157.00 20.50 50.00 -0.951330
1740 495.75 189.00 20.50 50.00 -1.602951
1740 564.53 190.70 26.57 64.81 -1.890087
1770 509.75 191.00 20.50 50.00 1.324249
1770 445.71 141.07 37.52 91.50 -0.161588
1770 427.75 163.00 20.50 50.00 -0.705178
1770 471.31 141.07 37.52 91.50 -1.267315
1770 521.75 193.00 20.50 50.00 -1.324743
1770 571.79 77.75 69.16 168.67 -2.089488
1770 -0.46 188.70 37.52 91.50 -2.559649
1800 539.25 188.73 22.38 54.58 1.231852
1800 619.75 195.00 20.50 50.00 -0.414399
1800 491.75 177.00 20.50 50.00 -0.884849
1800 547.31 167.69 31.54 76.92 -1.838626
1800 619.75 83.00 20.50 50.00 -2.373246
1830 578.57 190.91 22.38 54.58 1.053126
1830 585.12 201.82 22.38 54.58 0.196562
