30 521.23 165.18 28.92 70.53 -0.767471
30 -0.38 186.15 31.54 76.92 -2.150253
60 473.75 167.00 20.50 50.00 -0.533943
60 617.88 138.55 22.38 54.58 -0.727146
60 108.94 55.64 22.38 54.58 -2.793177
90 532.64 167.52 24.37 59.45 -1.935573
120 550.80 70.15 75.52 184.20 -2.477423
150 59.75 197.00 20.50 50.00 0.121976
150 135.15 186.55 22.38 54.58 -1.249127
150 127.75 189.00 20.50 50.00 -1.635580
210 430.03 173.45 22.38 54.58 -0.592048
210 571.79 84.51 69.16 168.67 -0.678328
210 335.75 61.00 20.50 50.00 -1.231416
240 399.75 173.00 20.50 50.00 -0.672917
270 451.94 152.73 34.37 83.83 0.110660
300 615.91 110.50 24.37 59.45 -0.399282
300 501.71 160.40 24.37 59.45 -1.026515
300 408.19 73.09 22.38 54.58 -1.810319
300 333.75 177.00 20.50 50.00 -2.050715
300 523.75 33.00 20.50 50.00 -2.229658
300 513.61 15.45 24.37 59.45 -3.072403
300 532.70 33.82 22.38 54.58 -3.485463
300 587.74 2.58 52.90 129.03 -4.507098
330 608.85 149.23 31.54 76.92 -0.398675
330 157.75 169.00 20.50 50.00 -1.399401
330 455.17 40.62 75.52 184.20 -3.274555
330 491.75 17.00 20.50 50.00 -3.744919
360 592.00 130.69 48.64 118.64 0.115419
360 13.75 183.00 20.50 50.00 -1.727955
360 455.75 173.00 20.50 50.00 -1.907841
360 502.20 28.53 34.37 83.83 -3.870888
390 133.75 165.00 20.50 50.00 -0.561576
390 493.38 162.55 22.38 54.58 -1.863956
420 599.50 138.00 41.00 100.00 0.224807
420 547.31 155.38 31.54 76.92 -0.553545
420 -0.35 187.76 28.92 70.53 -1.111279
420 227.75 153.00 20.50 50.00 -1.694470
450 61.75 181.00 20.50 50.00 -1.822963
480 460.61 153.82 22.38 54.58 -0.673728
480 19.75 193.00 20.50 50.00 -1.721222
480 617.88 90.55 22.38 54.58 -2.549828
480 469.38 19.77 57.98 141.42 -4.027304
510 467.75 167.00 20.50 50.00 -0.332965
510 336.11 166.91 22.38 54.58 -0.859677
540 524.05 156.71 28.92 70.53 -0.671950
540 51.75 85.00 20.50 50.00 -2.011350
570 599.37 142.66 34.37 83.83 0.800297
570 552.35 173.45 22.38 54.58 -1.013947
570 126.42 177.82 22.38 54.58 -1.500702
600 409.75 197.00 20.50 50.00 -0.807276
600 37.75 119.00 20.50 50.00 -1.129010
630 440.30 149.70 48.64 118.64 -0.931639
690 287.58 122.38 24.37 59.45 -1.611129
720 602.97 174.05 37.52 91.50 -1.028589
750 219.75 123.00 20.50 50.00 -1.560612
780 139.75 193.00 20.50 50.00 -1.428511
780 613.77 84.32 26.57 64.81 -1.479725
840 619.75 153.00 20.50 50.00 -0.443438
840 220.34 134.18 22.38 54.58 -0.699109
840 270.58 121.09 22.38 54.58 -0.905518
930 602.97 67.79 37.52 91.50 -1.721124
930 31.75 169.00 20.50 50.00 -2.044374
930 530.26 236.44 24.37 59.45 -2.071999
930 557.75 79.00 20.50 50.00 -2.248724
930 617.88 313.09 22.38 54.58 -3.933895
930 607.75 319.00 20.50 50.00 -6.206648
960 587.74 80.00 52.90 129.03 -1.502081
960 53.05 50.70 69.16 168.67 -2.262312
990 617.88 118.91 22.38 54.58 -0.745018
990 608.85 364.62 31.54 76.92 -9.146408
1020 617.88 129.82 22.38 54.58 -1.047882
1020 613.77 154.38 26.57 64.81 -1.361246
1020 615.91 98.61 24.37 59.45 -1.495140
1050 592.00 68.91 48.64 118.64 -0.916106
1080 113.75 159.00 20.50 50.00 -0.315204
1080 619.75 263.00 20.50 50.00 -1.878502
1110 539.78 117.62 24.37 59.45 -0.934328
1110 578.57 38.18 22.38 54.58 -3.274522
1110 3.20 23.82 37.52 91.50 -4.073909
1170 615.91 115.25 24.37 59.45 -1.082866
1170 -0.38 90.77 31.54 76.92 -2.491595
1170 619.75 35.00 20.50 50.00 -3.742983
1200 615.91 131.88 24.37 59.45 -0.320455
1200 501.75 149.00 20.50 50.00 -1.062518
1200 611.17 71.35 26.57 64.81 -2.327850
1230 585.12 149.45 22.38 54.58 -0.328330
1230 -0.38 201.54 31.54 76.92 -1.317937
1230 608.85 130.77 31.54 76.92 -2.001119
1260 592.00 163.96 48.64 118.64 -1.031339
1260 595.92 120.00 44.67 108.95 -1.099476
1260 495.75 151.00 20.50 50.00 -1.628751
1290 396.11 136.22 26.57 64.81 0.513175
1290 215.97 149.45 22.38 54.58 -0.819934
1290 619.75 231.00 20.50 50.00 -0.974722
1290 381.57 105.73 34.37 83.83 -1.652538
1290 9.75 169.00 20.50 50.00 -1.751879
1320 37.75 181.00 20.50 50.00 0.214053
1320 269.75 149.00 20.50 50.00 -1.039430
1320 611.17 138.81 26.57 64.81 -1.260779
1320 530.26 371.88 24.37 59.45 -9.402506
1350 567.75 169.00 20.50 50.00 -0.349573
1350 55.75 119.00 20.50 50.00 -0.966227
1350 136.96 122.52 34.37 83.83 -0.995902
1350 97.75 97.00 20.50 50.00 -2.160848
1350 8.46 27.27 22.38 54.58 -3.875970
1380 617.88 158.18 22.38 54.58 0.027752
1380 19.39 149.45 22.38 54.58 -0.467944
1380 281.05 142.66 34.37 83.83 -0.895872
1380 300.24 154.38 26.57 64.81 -1.320459
1380 103.75 179.00 20.50 50.00 -1.331212
1380 79.75 185.00 20.50 50.00 -1.341427
1380 111.75 179.00 20.50 50.00 -1.467292
1380 -0.27 149.45 22.38 54.58 -1.616612
1410 561.75 177.00 20.50 50.00 -0.398527
1410 571.75 181.00 20.50 50.00 -0.599098
1410 299.75 171.00 20.50 50.00 -1.359355
1410 38.64 194.18 44.67 108.95 -1.430014
1410 613.77 27.24 26.57 64.81 -3.622116
1440 617.88 197.45 22.38 54.58 -0.996138
1470 171.75 155.00 20.50 50.00 -0.542128
1470 303.75 141.00 20.50 50.00 -1.689262
1470 205.77 133.85 31.54 76.92 -1.725912
1500 2.08 165.15 24.37 59.45 -1.156308
1530 394.36 153.88 28.92 70.53 -1.167873
1530 149.75 149.00 20.50 50.00 -1.709789
1530 504.23 108.09 37.52 91.50 -2.268968
1530 608.85 358.46 31.54 76.92 -5.465326
1560 606.07 142.66 34.37 83.83 -0.679909
1560 41.75 111.00 20.50 50.00 -1.599483
1590 392.90 90.55 22.38 54.58 -1.433706
1650 502.12 151.64 22.38 54.58 -0.826686
1650 291.75 133.00 20.50 50.00 -1.333956
1650 479.62 127.69 31.54 76.92 -1.475015
1650 8.89 192.48 48.64 118.64 -1.542455
1650 25.87 108.12 24.37 59.45 -1.869650
1680 513.61 167.52 24.37 59.45 0.126852
1680 526.14 173.45 22.38 54.58 -0.620585
1710 537.06 171.27 22.38 54.58 -0.637930
1710 89.75 127.00 20.50 50.00 -0.723399
1710 221.75 109.00 20.50 50.00 -1.073094
1710 -0.77 132.31 63.08 153.85 -1.958891
1740 242.11 122.82 28.92 70.53 -0.673901
1740 127.75 137.00 20.50 50.00 -0.816799
1740 411.30 105.74 24.37 59.45 -1.611220
1740 469.38 87.53 57.98 141.42 -1.869577
1740 141.75 101.00 20.50 50.00 -1.923007
1740 565.52 48.00 75.52 184.20 -2.323186
1770 3.75 83.00 20.50 50.00 -1.593669
1770 25.02 86.12 28.92 70.53 -1.830517
1770 19.75 71.00 20.50 50.00 -2.685369
1800 139.75 75.00 20.50 50.00 -2.385884
1830 611.45 162.35 28.92 70.53 -0.516523
