30 523.75 177.00 20.50 50.00 -1.320472
30 517.75 183.00 20.50 50.00 -1.736117
90 167.75 163.00 20.50 50.00 -0.963128
90 123.75 105.00 20.50 50.00 -1.744254
120 155.75 165.00 20.50 50.00 -0.937126
120 139.75 161.00 20.50 50.00 -1.491167
210 21.75 173.00 20.50 50.00 -1.298242
210 105.91 154.38 26.57 64.81 -1.363591
210 -0.38 143.08 31.54 76.92 -1.661066
270 117.75 175.00 20.50 50.00 -0.166675
300 -0.65 110.97 52.90 129.03 -2.071052
330 29.75 119.00 20.50 50.00 -0.018922
330 66.60 112.45 34.37 83.83 -1.772369
360 128.18 136.63 24.37 59.45 -1.455832
360 619.75 207.00 20.50 50.00 -1.831766
390 54.42 146.14 24.37 59.45 -0.016834
390 149.75 143.00 20.50 50.00 -0.641732
390 95.51 122.82 28.92 70.53 -1.182765
390 77.75 147.00 20.50 50.00 -1.785427
390 65.75 155.00 20.50 50.00 -1.814719
390 619.75 61.00 20.50 50.00 -2.637513
420 135.15 142.91 22.38 54.58 0.195959
420 127.75 149.00 20.50 50.00 -0.948108
420 143.89 145.09 22.38 54.58 -0.966898
420 2.27 19.46 26.57 64.81 -4.330908
450 70.13 136.94 28.92 70.53 0.525287
450 181.75 145.00 20.50 50.00 -0.703606
450 57.75 149.00 20.50 50.00 -0.739679
450 111.52 141.39 24.37 59.45 -0.928854
450 42.53 143.76 24.37 59.45 -1.827644
450 549.43 162.35 28.92 70.53 -1.893074
510 105.75 133.00 20.50 50.00 -0.201394
510 161.37 129.82 22.38 54.58 -0.749049
510 111.75 141.00 20.50 50.00 -0.978038
510 61.75 121.00 20.50 50.00 -1.401028
510 77.75 123.00 20.50 50.00 -1.679065
510 -0.42 99.02 34.37 83.83 -1.755127
540 133.75 139.00 20.50 50.00 -1.820242
570 23.49 165.15 24.37 59.45 -0.277530
570 535.71 146.01 34.37 83.83 -0.533563
570 137.75 145.00 20.50 50.00 -1.047140
570 106.77 129.50 24.37 59.45 -1.089939
570 89.75 157.00 20.50 50.00 -1.407237
570 -0.32 128.43 26.57 64.81 -1.764374
600 15.75 63.00 20.50 50.00 -1.302749
600 115.49 156.00 22.38 54.58 -1.605848
630 375.43 68.73 22.38 54.58 -0.913396
630 85.75 151.00 20.50 50.00 -0.919956
630 -0.38 127.69 31.54 76.92 -1.592974
630 67.44 149.45 22.38 54.58 -1.790727
630 45.60 166.91 22.38 54.58 -1.876098
630 18.08 130.77 31.54 76.92 -2.203991
660 389.89 48.71 24.37 59.45 -2.470174
690 564.53 182.92 26.57 64.81 -1.110326
720 403.75 177.00 20.50 50.00 -1.599687
750 447.75 199.00 20.50 50.00 -0.577492
750 425.67 166.91 22.38 54.58 -0.729094
750 579.27 193.01 34.37 83.83 -1.035758
750 619.75 65.00 20.50 50.00 -1.854254
750 617.88 90.55 22.38 54.58 -2.146462
780 619.75 209.00 20.50 50.00 -0.287247
810 606.07 125.87 34.37 83.83 -1.212781
810 555.75 177.00 20.50 50.00 -1.318456
840 406.48 167.35 26.57 64.81 -1.410808
840 249.75 179.00 20.50 50.00 -1.734993
870 595.92 216.00 44.67 108.95 0.545624
870 619.75 183.00 20.50 50.00 -0.476134
870 209.75 173.00 20.50 50.00 -0.687649
870 503.75 153.00 20.50 50.00 -1.584766
870 481.75 225.00 20.50 50.00 -2.197862
870 606.07 35.24 34.37 83.83 -2.767587
870 -0.71 256.94 57.98 141.42 -3.100133
870 615.91 288.71 24.37 59.45 -4.205685
900 488.85 136.92 31.54 76.92 -0.447159
900 444.61 172.28 24.37 59.45 -0.621409
900 608.85 158.46 31.54 76.92 -0.829204
900 573.75 243.00 20.50 50.00 -1.229334
900 517.75 237.00 20.50 50.00 -2.007803
900 579.75 267.00 20.50 50.00 -2.871586
900 575.75 277.00 20.50 50.00 -4.473210
930 387.75 187.00 20.50 50.00 0.606842
930 540.80 122.75 37.52 91.50 0.307579
930 395.75 187.00 20.50 50.00 -0.007389
930 451.75 171.00 20.50 50.00 -0.174712
930 619.75 279.00 20.50 50.00 -0.550000
930 219.75 207.00 20.50 50.00 -1.190813
930 619.75 253.00 20.50 50.00 -1.879964
930 475.75 177.00 20.50 50.00 -1.888201
930 131.75 175.00 20.50 50.00 -2.118817
960 458.88 167.52 24.37 59.45 -0.242061
960 411.75 189.00 20.50 50.00 -0.350811
960 611.45 120.00 28.92 70.53 -0.361996
960 471.54 173.45 22.38 54.58 -0.782738
960 335.75 181.00 20.50 50.00 -1.292632
960 1.91 186.55 22.38 54.58 -1.552475
960 481.62 175.14 26.57 64.81 -1.747174
960 447.75 43.00 20.50 50.00 -3.325734
990 -0.30 188.91 24.37 59.45 -0.323685
990 554.54 243.27 22.38 54.58 -1.561163
990 294.61 199.64 22.38 54.58 -1.605857
990 482.46 136.36 22.38 54.58 -1.904165
1020 617.88 147.27 22.38 54.58 -0.596661
1020 177.75 205.00 20.50 50.00 -1.604787
1020 585.12 249.82 22.38 54.58 -2.853770
1020 464.98 40.36 22.38 54.58 -3.512575
1050 482.68 169.90 24.37 59.45 0.115462
1050 495.75 181.00 20.50 50.00 0.086906
1050 611.45 184.94 28.92 70.53 -1.201827
1050 464.98 51.27 22.38 54.58 -2.649127
1080 501.75 181.00 20.50 50.00 0.058574
1080 477.75 175.00 20.50 50.00 -0.400350
1080 489.01 177.82 22.38 54.58 -0.481802
1080 563.75 209.00 20.50 50.00 -0.648719
1080 73.75 189.00 20.50 50.00 -0.852929
1080 153.75 219.00 20.50 50.00 -1.628918
1080 602.97 141.07 37.52 91.50 -1.862364
1080 35.75 193.00 20.50 50.00 -2.222782
1080 495.75 21.00 20.50 50.00 -4.025774
1110 619.75 161.00 20.50 50.00 0.287679
1110 135.75 223.00 20.50 50.00 -0.740761
1110 568.85 192.31 31.54 76.92 -1.483666
1110 300.24 227.03 26.57 64.81 -2.340440
1110 126.42 221.45 22.38 54.58 -2.768647
1110 477.75 55.00 20.50 50.00 -2.896363
1110 461.26 41.58 24.37 59.45 -3.320167
1140 606.07 152.73 34.37 83.83 -1.006043
1140 61.75 183.00 20.50 50.00 -1.240582
1140 106.78 216.00 28.92 70.53 -1.629175
1140 289.88 229.62 26.57 64.81 -1.633621
1140 -0.32 177.73 26.57 64.81 -1.680390
1140 293.33 291.69 75.52 184.20 -3.665094
1140 149.75 313.00 20.50 50.00 -3.953730
1140 619.75 7.00 20.50 50.00 -4.704674
1170 479.75 173.00 20.50 50.00 2.039058
1170 498.68 168.00 28.92 70.53 0.424689
1170 468.40 160.40 24.37 59.45 -0.336623
1170 619.75 185.00 20.50 50.00 -0.353504
1170 489.01 164.73 22.38 54.58 -1.685482
1170 467.31 13.85 31.54 76.92 -3.784278
1200 595.75 187.00 20.50 50.00 0.989202
1200 509.75 179.00 20.50 50.00 -0.853494
1200 481.75 175.00 20.50 50.00 -1.346500
1200 471.26 19.46 26.57 64.81 -2.822242
1200 450.75 15.53 28.92 70.53 -4.498305
1230 347.03 199.64 22.38 54.58 -0.174110
1230 388.53 173.45 22.38 54.58 -0.925791
1230 567.65 193.09 22.38 54.58 -1.453455
1230 617.88 197.45 22.38 54.58 -2.428753
1230 80.00 216.50 34.37 83.83 -2.664420
1230 468.69 8.39 34.37 83.83 -4.659367
1260 336.52 180.32 26.57 64.81 1.473680
1260 509.75 191.00 20.50 50.00 1.314832
1260 16.44 178.91 89.69 218.76 -1.577378
1290 619.75 189.00 20.50 50.00 -0.597856
1290 507.75 119.00 20.50 50.00 -1.977101
1290 284.40 219.86 34.37 83.83 -2.088495
1290 470.38 16.92 31.54 76.92 -3.892759
1320 513.75 183.00 20.50 50.00 0.996070
1320 507.75 189.00 20.50 50.00 0.205265
1320 483.75 175.00 20.50 50.00 -0.727416
1320 619.75 189.00 20.50 50.00 -1.879748
1320 470.38 16.92 31.54 76.92 -4.155655
1320 18.08 266.15 31.54 76.92 -4.179345
1350 509.75 189.00 20.50 50.00 -0.434196
1350 480.27 173.45 22.38 54.58 -0.492955
1350 617.88 186.55 22.38 54.58 -1.016975
1350 -0.38 173.85 31.54 76.92 -1.945571
1380 481.75 171.00 20.50 50.00 -0.408691
1380 511.75 187.00 20.50 50.00 -1.057397
1380 507.75 113.00 20.50 50.00 -1.279253
1380 470.38 13.85 31.54 76.92 -4.115214
1410 511.75 187.00 20.50 50.00 0.049746
1410 481.75 171.00 20.50 50.00 -0.177951
1410 311.38 210.30 24.37 59.45 -1.267667
1410 619.75 187.00 20.50 50.00 -1.719245
1410 619.75 83.00 20.50 50.00 -2.608111
1410 451.88 12.00 22.38 54.58 -4.632480
1440 477.75 175.00 20.50 50.00 0.113346
1440 509.75 185.00 20.50 50.00 -0.640487
1440 619.75 187.00 20.50 50.00 -0.724220
1440 485.75 173.00 20.50 50.00 -0.772288
1440 527.75 185.00 20.50 50.00 -1.213183
1440 91.75 237.00 20.50 50.00 -3.317006
1440 457.75 41.00 20.50 50.00 -3.319757
1440 469.35 36.00 22.38 54.58 -3.529992
1470 481.75 173.00 20.50 50.00 -0.003925
1470 503.75 187.00 20.50 50.00 -0.694296
1470 619.75 187.00 20.50 50.00 -1.011186
1470 467.75 171.00 20.50 50.00 -1.843378
1470 467.67 21.18 28.92 70.53 -3.753807
1470 123.75 331.00 20.50 50.00 -4.440923
1500 481.75 173.00 20.50 50.00 0.014190
1500 508.85 174.65 24.37 59.45 -0.934213
1500 619.75 187.00 20.50 50.00 -1.758724
1500 -0.50 230.00 41.00 100.00 -2.900179
1500 470.38 13.85 31.54 76.92 -3.786544
1530 481.75 171.00 20.50 50.00 -0.723256
1530 619.75 187.00 20.50 50.00 -0.730745
1530 509.75 185.00 20.50 50.00 -0.732161
1530 97.75 245.00 20.50 50.00 -3.111291
1530 462.80 36.00 22.38 54.58 -3.647692
1560 481.75 171.00 20.50 50.00 -0.073387
1560 619.75 187.00 20.50 50.00 -1.191484
1560 507.53 167.35 26.57 64.81 -1.343158
1590 619.75 185.00 20.50 50.00 -0.582688
1590 485.75 171.00 20.50 50.00 -0.791736
1590 509.75 115.00 20.50 50.00 -1.704424
1590 511.75 15.00 20.50 50.00 -3.669611
1620 311.75 223.00 20.50 50.00 -1.663745
1620 456.60 19.64 44.67 108.95 -2.753988
1650 619.75 187.00 20.50 50.00 -0.381340
1650 479.75 173.00 20.50 50.00 -0.480305
1650 509.75 185.00 20.50 50.00 -0.771091
1650 509.75 113.00 20.50 50.00 -1.227906
1650 489.75 175.00 20.50 50.00 -1.742896
1650 88.85 220.00 31.54 76.92 -1.844879
1650 597.75 185.00 20.50 50.00 -2.104125
1650 460.61 36.00 22.38 54.58 -3.306579
1650 471.26 22.05 26.57 64.81 -3.549128
1650 619.75 35.00 20.50 50.00 -3.777231
1680 511.75 181.00 20.50 50.00 -1.008613
1680 619.75 187.00 20.50 50.00 -1.717717
1680 458.88 32.08 24.37 59.45 -3.417029
1680 470.48 15.53 28.92 70.53 -3.819661
1680 287.00 284.00 82.00 200.00 -4.113679
1710 485.75 171.00 20.50 50.00 -0.067913
1710 511.75 183.00 20.50 50.00 -0.315574
1710 617.88 188.73 22.38 54.58 -1.072081
1710 -0.65 234.84 52.90 129.03 -2.436554
1710 451.75 37.00 20.50 50.00 -3.307380
1710 473.30 21.18 28.92 70.53 -3.672878
1740 481.75 171.00 20.50 50.00 -0.420552
1740 619.75 187.00 20.50 50.00 -0.634113
1740 508.67 175.64 22.38 54.58 -0.684039
1740 -0.27 199.64 22.38 54.58 -1.471819
1740 507.75 115.00 20.50 50.00 -1.565982
1740 463.75 37.00 20.50 50.00 -3.294018
1740 473.30 15.53 28.92 70.53 -4.182017
1740 139.75 327.00 20.50 50.00 -5.939273
1770 483.75 171.00 20.50 50.00 0.489893
1770 509.75 185.00 20.50 50.00 -1.004880
1770 619.75 185.00 20.50 50.00 -1.246933
1770 482.68 32.08 24.37 59.45 -3.767795
1800 485.75 171.00 20.50 50.00 -0.086540
1800 509.75 185.00 20.50 50.00 -1.111600
1800 619.75 185.00 20.50 50.00 -1.443477
1800 471.26 19.46 26.57 64.81 -3.492245
1830 481.75 171.00 20.50 50.00 0.117509
1830 509.75 179.00 20.50 50.00 -0.141848
1830 617.88 188.73 22.38 54.58 -0.648180
1830 575.75 179.00 20.50 50.00 -1.550831
1830 347.03 160.36 22.38 54.58 -1.853277
1830 471.26 22.05 26.57 64.81 -3.342454
1830 450.75 15.53 28.92 70.53 -4.248669
