30 377.75 171.00 20.50 50.00 -1.598653
30 583.75 73.00 20.50 50.00 -2.077408
30 619.75 63.00 20.50 50.00 -3.008451
60 427.96 169.90 24.37 59.45 -0.012427
60 371.75 175.00 20.50 50.00 -0.587014
60 499.75 77.00 20.50 50.00 -1.121759
60 418.44 165.15 24.37 59.45 -1.128448
60 491.75 177.00 20.50 50.00 -1.176149
60 381.75 173.00 20.50 50.00 -1.423466
60 447.93 165.18 28.92 70.53 -1.549665
60 82.73 84.00 22.38 54.58 -1.666761
90 455.00 152.31 31.54 76.92 1.581614
90 606.07 159.44 34.37 83.83 -0.378901
90 511.75 195.00 20.50 50.00 -0.584164
90 336.11 173.45 22.38 54.58 -0.915500
90 23.04 162.80 34.37 83.83 -1.064630
90 191.42 167.35 26.57 64.81 -1.099834
90 617.88 112.36 22.38 54.58 -1.198033
90 319.75 179.00 20.50 50.00 -1.299569
90 619.75 221.00 20.50 50.00 -1.836298
90 39.62 164.62 31.54 76.92 -2.148968
90 617.88 73.09 22.38 54.58 -2.187145
120 553.75 209.00 20.50 50.00 1.690085
120 537.06 204.00 22.38 54.58 1.266839
120 561.09 206.18 22.38 54.58 0.378447
120 506.47 191.29 24.37 59.45 0.041072
120 611.33 101.45 22.38 54.58 -0.008748
120 545.75 211.00 20.50 50.00 -0.298629
120 519.59 195.27 22.38 54.58 -0.750620
120 529.75 205.00 20.50 50.00 -1.150030
120 187.75 175.00 20.50 50.00 -1.314160
120 587.31 195.38 31.54 76.92 -1.851765
120 471.75 197.00 20.50 50.00 -1.878699
120 489.39 182.92 26.57 64.81 -1.966422
120 72.95 235.76 28.92 70.53 -2.595488
120 611.17 40.22 26.57 64.81 -3.082413
150 549.75 211.00 20.50 50.00 0.657934
150 501.75 203.00 20.50 50.00 0.634144
150 529.69 190.59 28.92 70.53 0.147439
150 510.12 190.70 26.57 64.81 0.027321
150 582.65 132.71 57.98 141.42 -0.586035
150 487.75 201.00 20.50 50.00 -0.787761
150 375.43 193.09 22.38 54.58 -1.218742
150 194.13 169.09 22.38 54.58 -1.803817
180 443.14 232.36 22.38 54.58 -1.209748
180 351.50 146.00 41.00 100.00 -1.219457
180 556.76 193.30 26.57 64.81 -2.005505
210 569.83 108.00 22.38 54.58 -1.358829
210 458.43 230.18 22.38 54.58 -1.797449
210 515.75 241.00 20.50 50.00 -2.296309
210 517.41 273.82 22.38 54.58 -3.171392
240 509.03 138.35 57.98 141.42 -0.471231
240 363.75 163.00 20.50 50.00 -0.612922
270 505.55 152.73 34.37 83.83 2.638367
270 469.75 139.00 20.50 50.00 -0.172931
270 617.88 142.91 22.38 54.58 -0.752467
270 571.79 165.63 69.16 168.67 -1.307186
270 473.85 156.97 26.57 64.81 -1.343640
270 368.85 143.08 31.54 76.92 -1.512466
270 251.75 121.00 20.50 50.00 -1.525137
270 619.75 65.00 20.50 50.00 -2.027372
270 162.69 170.77 31.54 76.92 -2.075088
300 405.49 144.73 37.52 91.50 0.016305
300 508.84 124.36 44.67 108.95 -0.836713
300 397.27 180.00 22.38 54.58 -1.547731
330 3.75 193.00 20.50 50.00 -0.096457
330 467.75 129.00 20.50 50.00 -0.984357
330 617.88 73.09 22.38 54.58 -1.851924
330 619.75 55.00 20.50 50.00 -2.649026
330 562.69 16.92 31.54 76.92 -3.457413
360 481.76 176.47 28.92 70.53 0.444048
360 266.56 180.32 26.57 64.81 -0.290012
360 613.77 201.08 26.57 64.81 -0.550069
360 602.97 97.10 37.52 91.50 -1.210750
360 279.51 180.32 26.57 64.81 -1.300945
390 473.30 142.59 28.92 70.53 -0.186928
390 324.61 172.87 34.37 83.83 -0.604517
390 396.11 185.51 26.57 64.81 -0.718042
390 307.75 193.00 20.50 50.00 -1.886855
390 183.64 86.92 26.57 64.81 -2.119066
390 315.75 197.00 20.50 50.00 -2.141154
420 411.66 201.08 26.57 64.81 -0.648707
420 401.78 205.54 24.37 59.45 -1.001055
420 43.75 163.00 20.50 50.00 -1.080854
420 475.04 160.94 57.98 141.42 -1.361292
420 515.30 247.78 26.57 64.81 -1.708898
420 611.45 97.41 28.92 70.53 -2.434800
420 615.75 19.00 20.50 50.00 -3.967464
450 445.32 217.09 22.38 54.58 -2.089106
450 401.75 5.00 20.50 50.00 -4.368568
480 11.60 169.90 24.37 59.45 0.428736
480 63.75 177.00 20.50 50.00 -1.390661
480 619.75 109.00 20.50 50.00 -1.782206
510 257.47 158.18 22.38 54.58 -0.979301
540 602.97 177.71 37.52 91.50 -0.380296
540 527.75 119.00 20.50 50.00 -1.345637
540 -0.42 149.37 34.37 83.83 -1.642489
540 585.75 157.00 20.50 50.00 -2.018608
540 538.62 180.32 26.57 64.81 -2.215210
600 341.75 173.00 20.50 50.00 -0.077239
600 -0.59 140.20 48.64 118.64 -1.149008
600 349.75 173.00 20.50 50.00 -1.392748
630 360.14 171.27 22.38 54.58 0.645629
630 283.69 177.82 22.38 54.58 -0.871255
630 368.48 162.77 24.37 59.45 -1.266351
630 351.75 177.00 20.50 50.00 -1.669362
630 381.98 171.27 22.38 54.58 -1.792737
660 405.03 146.01 34.37 83.83 0.949792
660 163.75 189.00 20.50 50.00 -1.231676
660 617.75 67.00 20.50 50.00 -2.617124
690 466.02 181.78 24.37 59.45 1.687331
690 441.75 191.00 20.50 50.00 1.581234
690 515.20 152.06 37.52 91.50 0.235042
690 458.43 188.73 22.38 54.58 0.032799
690 480.30 181.78 24.37 59.45 -0.286197
690 242.69 164.62 31.54 76.92 -0.845657
690 613.77 154.38 26.57 64.81 -1.072474
690 599.37 172.87 34.37 83.83 -1.457156
720 555.81 182.94 34.37 83.83 3.619964
720 602.97 174.05 37.52 91.50 1.657377
720 403.75 177.00 20.50 50.00 0.577536
720 571.50 162.00 41.00 100.00 0.351459
720 336.11 180.00 22.38 54.58 -0.423338
750 347.03 193.09 22.38 54.58 1.636404
750 445.75 183.00 20.50 50.00 0.959451
750 143.50 158.00 41.00 100.00 -0.771606
750 328.03 177.03 24.37 59.45 -1.752839
750 362.43 120.65 26.57 64.81 -1.894875
780 354.89 170.82 28.92 70.53 1.951378
780 365.77 161.54 31.54 76.92 1.483281
780 559.35 190.70 26.57 64.81 0.737926
780 429.75 225.00 20.50 50.00 -0.474225
780 395.75 223.00 20.50 50.00 -0.747462
780 381.15 167.69 31.54 76.92 -1.068414
780 543.81 227.03 26.57 64.81 -1.830607
780 408.19 217.09 22.38 54.58 -2.175001
780 522.30 223.22 34.37 83.83 -2.478384
780 617.88 49.09 22.38 54.58 -3.001537
810 81.75 179.00 20.50 50.00 0.216122
810 400.00 159.27 44.67 108.95 -0.880060
810 619.75 167.00 20.50 50.00 -0.924023
810 191.95 164.73 22.38 54.58 -1.987818
810 552.35 265.09 22.38 54.58 -2.535499
840 388.53 158.18 22.38 54.58 0.360671
840 501.75 223.00 20.50 50.00 -0.695384
870 372.57 130.08 37.52 91.50 -0.399594
870 193.75 163.00 20.50 50.00 -0.626896
870 615.91 124.75 24.37 59.45 -0.671616
870 261.84 160.36 22.38 54.58 -1.150034
900 -0.35 153.88 28.92 70.53 0.317048
900 396.11 172.54 26.57 64.81 -0.799061
900 567.13 110.27 26.57 64.81 -1.080717
900 602.59 127.64 22.38 54.58 -1.756918
930 195.75 167.00 20.50 50.00 -0.401310
930 384.16 68.73 22.38 54.58 -2.657081
960 451.92 155.38 31.54 76.92 0.998465
960 392.89 168.71 48.64 118.64 0.524546
960 144.83 169.90 24.37 59.45 0.143878
960 606.07 125.87 34.37 83.83 -0.471372
960 53.19 149.37 34.37 83.83 -0.801332
960 464.98 190.91 22.38 54.58 -0.876385
960 491.19 145.09 22.38 54.58 -0.877570
990 436.15 126.15 63.08 153.85 1.217922
990 589.75 195.00 20.50 50.00 0.316411
990 487.75 195.00 20.50 50.00 0.085245
990 491.75 171.00 20.50 50.00 -0.551723
990 217.38 152.73 34.37 83.83 -1.048580
990 507.14 139.76 28.92 70.53 -1.223538
990 48.91 164.76 26.57 64.81 -1.440716
990 503.75 201.00 20.50 50.00 -1.569593
990 536.03 193.30 26.57 64.81 -2.268433
1020 427.75 183.00 20.50 50.00 1.636616
1020 283.75 155.00 20.50 50.00 0.837075
1020 528.33 195.27 22.38 54.58 0.535027
1020 76.18 164.73 22.38 54.58 0.054607
1020 477.75 187.00 20.50 50.00 -0.597780
1020 450.53 144.00 26.57 64.81 -0.776624
1020 525.75 179.00 20.50 50.00 -0.833580
1020 538.11 91.27 69.16 168.67 -1.021833
1020 374.62 144.62 63.08 153.85 -1.033275
1020 485.06 172.28 24.37 59.45 -1.286619
1020 435.09 174.65 24.37 59.45 -1.445046
1020 523.75 95.00 20.50 50.00 -2.293810
1050 200.68 158.18 22.38 54.58 1.037107
1050 403.75 169.00 20.50 50.00 0.131132
1050 216.74 136.94 28.92 70.53 -0.455894
1050 209.42 164.73 22.38 54.58 -0.589708
1050 440.96 147.27 22.38 54.58 -1.465951
1080 109.26 137.40 37.52 91.50 0.574201
1080 413.75 179.00 20.50 50.00 0.078348
1080 168.10 141.41 26.57 64.81 -0.796377
1080 383.75 167.00 20.50 50.00 -1.308461
1080 123.56 156.08 34.37 83.83 -1.722394
1080 475.04 76.23 57.98 141.42 -2.144877
1110 408.19 169.09 22.38 54.58 0.909563
1110 379.80 175.64 22.38 54.58 -1.285182
1110 330.41 172.28 24.37 59.45 -1.425090
1110 433.46 176.92 31.54 76.92 -1.428647
1110 -0.46 130.08 37.52 91.50 -1.569503
1110 595.50 42.00 41.00 100.00 -3.070972
1110 619.75 267.00 20.50 50.00 -3.568405
1140 507.53 175.14 26.57 64.81 2.870049
1140 343.75 161.00 20.50 50.00 -1.089200
1140 602.97 104.43 37.52 91.50 -1.478303
1170 87.77 159.57 26.57 64.81 -1.087779
1170 407.75 159.00 20.50 50.00 -1.248025
1170 116.54 140.00 31.54 76.92 -1.331086
1170 565.52 70.15 75.52 184.20 -1.864730
1200 519.75 161.00 20.50 50.00 0.747968
1200 587.50 162.00 41.00 100.00 -0.155727
1200 386.35 145.09 22.38 54.58 -0.683708
1200 608.85 136.92 31.54 76.92 -0.821351
1200 60.89 166.91 22.38 54.58 -1.049904
1200 611.75 111.00 20.50 50.00 -1.460102
1200 619.75 109.00 20.50 50.00 -1.573597
1230 611.45 142.59 28.92 70.53 1.094030
1230 608.63 122.82 28.92 70.53 -0.283827
1230 5.77 164.62 31.54 76.92 -0.460990
1260 475.75 141.00 20.50 50.00 -0.242464
1260 617.88 90.55 22.38 54.58 -2.619837
1290 449.75 171.00 20.50 50.00 1.640242
1290 337.75 167.00 20.50 50.00 -0.667928
1290 47.50 130.00 41.00 100.00 -0.767315
1290 619.75 55.00 20.50 50.00 -1.566862
1290 499.75 53.00 20.50 50.00 -2.841856
1290 511.75 43.00 20.50 50.00 -3.475411
1320 543.79 173.65 28.92 70.53 5.979222
1320 599.50 118.00 41.00 100.00 -0.452744
1320 553.46 164.62 31.54 76.92 -0.831466
1320 519.75 199.00 20.50 50.00 -0.981092
1320 8.89 121.19 48.64 118.64 -1.165151
1320 332.34 133.74 37.52 91.50 -1.741053
1350 87.31 141.07 37.52 91.50 -1.083402
1380 345.16 95.48 52.90 129.03 -0.089732
1380 395.75 187.00 20.50 50.00 -1.323490
1380 445.32 156.00 22.38 54.58 -1.337073
1380 615.91 120.00 24.37 59.45 -2.362647
1380 619.75 57.00 20.50 50.00 -3.115547
1410 418.08 176.92 31.54 76.92 -0.735099
1410 495.50 132.59 34.37 83.83 -1.517269
1440 327.96 132.59 34.37 83.83 0.368472
1440 93.75 133.00 20.50 50.00 -0.900421
1440 343.31 119.08 37.52 91.50 -1.799264
1440 577.49 268.54 26.57 64.81 -2.524435
1470 379.75 171.00 20.50 50.00 2.025451
1470 47.09 141.07 37.52 91.50 -1.187824
1470 431.75 173.00 20.50 50.00 -1.251606
1470 523.96 92.73 22.38 54.58 -1.587948
1470 619.75 83.00 20.50 50.00 -1.824266
1470 613.77 16.86 26.57 64.81 -3.587655
1500 595.92 102.55 44.67 108.95 -0.528229
1500 399.75 169.00 20.50 50.00 -0.723138
1500 504.23 152.31 31.54 76.92 -1.132730
1500 573.75 167.00 20.50 50.00 -1.279752
1500 545.75 201.00 20.50 50.00 -1.362096
1500 525.77 149.23 31.54 76.92 -1.616081
1500 345.75 21.00 20.50 50.00 -3.678246
1530 513.04 177.82 22.38 54.58 -0.804388
1530 381.75 185.00 20.50 50.00 -0.865764
1530 431.75 187.00 20.50 50.00 -1.141544
1560 477.75 183.00 20.50 50.00 4.260731
1560 485.75 183.00 20.50 50.00 1.741846
1560 423.20 191.29 24.37 59.45 0.902317
1560 555.81 166.15 34.37 83.83 0.158698
1560 510.12 193.30 26.57 64.81 -0.284063
1560 504.23 133.74 37.52 91.50 -0.852521
1560 606.07 189.65 34.37 83.83 -0.938589
1560 479.75 197.00 20.50 50.00 -1.019222
1560 195.75 159.00 20.50 50.00 -1.048140
1560 447.75 189.00 20.50 50.00 -1.421096
1560 331.54 76.92 63.08 153.85 -1.593636
1560 526.87 187.76 28.92 70.53 -1.732061
1560 147.75 171.00 20.50 50.00 -1.999574
1590 510.12 164.76 26.57 64.81 0.676476
1590 389.75 163.00 20.50 50.00 0.508729
1590 542.41 172.87 34.37 83.83 0.063451
1590 371.92 170.77 31.54 76.92 -0.235254
1590 401.68 142.66 34.37 83.83 -0.463390
1590 389.75 143.00 20.50 50.00 -0.469936
1590 -0.54 128.73 44.67 108.95 -0.500317
1590 489.60 170.38 37.52 91.50 -0.651841
1590 515.60 186.29 34.37 83.83 -0.725911
1590 606.07 162.80 34.37 83.83 -0.728336
1590 313.75 177.00 20.50 50.00 -0.895355
1590 569.75 205.00 20.50 50.00 -1.113438
1620 393.75 169.00 20.50 50.00 1.055857
1620 311.75 171.00 20.50 50.00 0.474676
1620 571.79 152.11 69.16 168.67 -0.322342
1620 430.38 146.15 31.54 76.92 -0.344532
1620 415.08 125.87 34.37 83.83 -0.397333
1620 455.00 84.00 82.00 200.00 -0.806057
1620 303.75 173.00 20.50 50.00 -1.169151
1620 571.54 89.23 63.08 153.85 -1.381474
1620 589.49 300.00 22.38 54.58 -3.964436
1620 601.75 303.00 20.50 50.00 -4.817807
1650 341.75 183.00 20.50 50.00 5.418754
1650 481.75 175.00 20.50 50.00 2.691477
1650 455.00 152.31 31.54 76.92 1.110015
1650 323.75 169.00 20.50 50.00 -0.364559
1680 370.20 177.73 26.57 64.81 5.253045
1680 549.75 185.00 20.50 50.00 3.946212
1680 380.26 173.65 28.92 70.53 1.197039
1680 577.69 113.85 63.08 153.85 -0.639833
1680 333.92 160.36 22.38 54.58 -1.378089
1680 419.43 154.38 26.57 64.81 -1.423382
1680 406.54 160.40 24.37 59.45 -1.503497
1680 362.32 177.82 22.38 54.58 -1.907657
1710 438.06 157.42 52.90 129.03 7.025099
1710 458.71 157.42 52.90 129.03 -0.239914
1710 605.77 130.77 31.54 76.92 -0.750315
1710 343.61 159.53 28.92 70.53 -0.771796
1710 377.44 159.53 28.92 70.53 -1.049350
1710 469.38 110.12 57.98 141.42 -1.721363
1710 489.60 196.03 37.52 91.50 -1.900399
1740 485.94 141.07 37.52 91.50 -0.300959
1740 327.96 149.37 34.37 83.83 -0.591618
1740 375.50 142.00 41.00 100.00 -0.745978
1740 481.62 107.68 26.57 64.81 -1.017628
1740 599.50 142.00 41.00 100.00 -1.193478
1740 557.75 215.00 20.50 50.00 -1.903624
1740 555.43 240.00 37.52 91.50 -2.723136
1740 587.75 299.00 20.50 50.00 -5.428407
1770 505.55 135.94 34.37 83.83 0.013482
1770 356.46 141.82 44.67 108.95 -0.237539
1770 501.93 173.47 48.64 118.64 -0.438019
1770 417.42 141.94 52.90 129.03 -0.816078
1770 29.75 167.00 20.50 50.00 -1.622865
1770 535.50 78.00 41.00 100.00 -1.942771
1770 608.85 198.46 31.54 76.92 -2.094472
1770 611.45 66.35 28.92 70.53 -2.222207
1800 452.39 144.00 57.98 141.42 -0.072070
1800 415.08 182.94 34.37 83.83 -1.124687
1800 39.75 181.00 20.50 50.00 -1.705628
1800 599.31 108.09 37.52 91.50 -2.279225
1830 531.68 115.76 57.98 141.42 0.423975
1830 456.25 184.36 22.38 54.58 -0.655154
1830 599.50 126.00 41.00 100.00 -0.883168
1830 432.22 169.09 22.38 54.58 -1.392199
1830 585.26 164.76 26.57 64.81 -1.464923
1830 611.45 266.82 28.92 70.53 -3.664638
