30 143.89 171.27 22.38 54.58 -0.783064
30 266.51 130.08 37.52 91.50 -0.886923
30 163.87 165.15 24.37 59.45 -1.654736
30 118.66 203.17 24.37 59.45 -1.665065
30 571.79 240.00 69.16 168.67 -2.688584
60 141.71 169.09 22.38 54.58 0.522907
60 -0.42 172.87 34.37 83.83 -0.233395
60 288.05 151.64 22.38 54.58 -0.493765
60 149.75 185.00 20.50 50.00 -0.583246
60 451.75 171.00 20.50 50.00 -1.135206
60 543.28 196.80 98.11 239.31 -1.461740
90 25.14 159.39 37.52 91.50 -0.365131
90 71.75 175.00 20.50 50.00 -0.698788
90 501.50 162.35 28.92 70.53 -0.864412
120 85.75 213.00 20.50 50.00 -0.564930
120 30.66 187.76 28.92 70.53 -0.782884
150 -0.32 164.76 26.57 64.81 -0.669739
150 549.75 167.00 20.50 50.00 -1.594366
150 -0.27 249.82 22.38 54.58 -2.258215
180 21.95 172.24 57.98 141.42 -0.725060
180 336.11 147.27 22.38 54.58 -0.772261
180 454.13 48.71 24.37 59.45 -3.126493
180 -0.27 282.55 22.38 54.58 -3.243611
210 351.41 146.01 34.37 83.83 -0.324606
210 67.75 201.00 20.50 50.00 -0.391181
210 580.75 94.91 22.38 54.58 -1.453647
210 69.64 227.03 26.57 64.81 -1.757779
210 45.75 95.00 20.50 50.00 -2.135304
210 555.81 41.96 34.37 83.83 -3.344124
210 561.75 19.00 20.50 50.00 -3.394755
210 -0.32 29.84 26.57 64.81 -3.838657
240 433.75 191.00 20.50 50.00 -0.678776
240 91.75 239.00 20.50 50.00 -1.229499
240 359.84 175.14 26.57 64.81 -1.533653
240 515.59 9.88 28.92 70.53 -4.052938
270 19.50 234.00 41.00 100.00 -1.417783
270 504.30 208.36 22.38 54.58 -1.785470
270 432.90 28.39 52.90 129.03 -3.827791
270 471.26 22.05 26.57 64.81 -4.102505
270 8.85 300.00 31.54 76.92 -5.605183
300 440.96 169.09 22.38 54.58 -0.319665
300 218.16 180.00 22.38 54.58 -0.519585
300 385.13 160.40 24.37 59.45 -0.824967
300 113.46 195.38 31.54 76.92 -0.840628
300 368.48 117.62 24.37 59.45 -1.150064
300 59.50 210.00 41.00 100.00 -1.872506
330 407.50 118.00 41.00 100.00 -0.059256
330 144.83 191.29 24.37 59.45 -0.219452
330 73.75 129.00 20.50 50.00 -1.112826
330 439.50 138.00 41.00 100.00 -1.148451
330 442.23 98.61 24.37 59.45 -1.283359
330 401.30 102.49 26.57 64.81 -1.406964
330 492.15 159.44 34.37 83.83 -1.506892
330 439.85 65.35 24.37 59.45 -2.382400
360 385.75 167.00 20.50 50.00 0.581470
360 439.85 150.89 24.37 59.45 0.491573
360 389.75 155.00 20.50 50.00 0.461947
360 169.75 193.00 20.50 50.00 -0.425408
360 571.79 91.27 69.16 168.67 -0.665007
360 482.68 165.15 24.37 59.45 -1.249698
360 459.75 79.00 20.50 50.00 -1.272779
360 240.00 169.90 24.37 59.45 -1.499678
360 479.75 77.00 20.50 50.00 -1.811920
360 170.10 238.91 22.38 54.58 -1.963141
390 530.97 69.68 52.90 129.03 -1.061544
390 161.37 156.00 22.38 54.58 -1.307998
390 417.42 100.65 52.90 129.03 -1.400501
390 619.75 97.00 20.50 50.00 -1.979248
420 353.75 165.00 20.50 50.00 -1.031370
420 365.75 151.00 20.50 50.00 -1.150937
420 559.09 170.38 37.52 91.50 -1.416705
420 383.54 137.40 37.52 91.50 -1.423392
420 430.03 127.64 22.38 54.58 -1.501524
450 361.75 169.00 20.50 50.00 1.759386
450 579.27 142.66 34.37 83.83 0.094804
450 547.31 149.23 31.54 76.92 -0.098976
450 619.75 169.00 20.50 50.00 -0.175414
450 413.68 143.76 24.37 59.45 -1.054246
450 390.38 133.85 31.54 76.92 -1.105334
450 424.07 110.12 57.98 141.42 -1.947235
450 523.50 130.00 41.00 100.00 -1.953171
480 390.72 175.64 22.38 54.58 0.980710
480 323.56 146.59 26.57 64.81 -1.343323
480 437.57 133.62 26.57 64.81 -1.794353
480 209.42 201.82 22.38 54.58 -2.040206
480 2.08 177.03 24.37 59.45 -2.146204
510 452.39 110.12 57.98 141.42 0.072532
510 339.75 161.00 20.50 50.00 -0.384866
510 515.75 157.00 20.50 50.00 -1.759515
540 400.00 122.82 28.92 70.53 -0.484222
540 425.37 134.12 28.92 70.53 -1.149443
540 392.27 139.01 24.37 59.45 -1.466946
570 399.50 114.00 41.00 100.00 1.090431
570 438.40 126.41 37.52 91.50 -0.610765
570 360.14 151.64 22.38 54.58 -1.233639
570 599.62 158.46 31.54 76.92 -2.162414
570 459.75 187.00 20.50 50.00 -2.208945
600 427.74 90.32 52.90 129.03 -1.140548
600 222.51 185.51 26.57 64.81 -1.631300
600 404.35 120.00 44.67 108.95 -1.777604
600 611.45 131.29 28.92 70.53 -1.866987
600 619.75 83.00 20.50 50.00 -2.280423
600 497.69 58.46 63.08 153.85 -2.367669
600 599.50 10.00 41.00 100.00 -4.674605
630 471.00 20.00 82.00 200.00 -3.202150
660 381.75 185.00 20.50 50.00 -0.490354
660 551.23 21.82 89.69 218.76 -2.764527
660 459.75 -1.00 20.50 50.00 -4.077953
660 544.54 8.32 24.37 59.45 -4.479436
690 418.43 169.51 34.37 83.83 -0.498235
690 9.22 191.29 24.37 59.45 -1.668443
690 606.07 300.42 34.37 83.83 -4.613230
690 135.50 350.00 41.00 100.00 -6.639664
720 385.90 139.76 28.92 70.53 -0.286471
750 -0.50 234.00 41.00 100.00 -0.226633
750 407.75 169.00 20.50 50.00 -0.677377
750 572.01 158.18 22.38 54.58 -1.108373
750 -0.50 118.00 41.00 100.00 -1.987576
780 16.87 220.36 44.67 108.95 2.117110
780 388.53 177.82 22.38 54.58 0.046307
780 433.75 155.00 20.50 50.00 -0.976237
780 113.75 157.00 20.50 50.00 -1.708289
780 11.75 91.00 20.50 50.00 -2.084757
780 400.00 102.55 44.67 108.95 -2.233175
810 43.50 210.00 41.00 100.00 2.406667
810 480.30 148.51 24.37 59.45 0.426474
810 505.16 157.42 52.90 129.03 -0.379058
810 451.75 155.64 24.37 59.45 -0.992666
810 27.75 97.00 20.50 50.00 -1.157697
810 134.41 167.35 26.57 64.81 -1.640778
810 495.78 198.55 44.67 108.95 -1.921253
810 500.14 124.36 44.67 108.95 -2.023717
810 38.54 76.54 26.57 64.81 -2.363842
810 17.20 84.00 22.38 54.58 -2.570500
810 -0.38 60.00 31.54 76.92 -2.802923
840 77.41 224.43 26.57 64.81 1.453040
840 462.80 153.82 22.38 54.58 -0.674323
840 341.75 171.00 20.50 50.00 -1.633415
840 595.66 119.08 37.52 91.50 -1.963468
840 41.23 73.09 22.38 54.58 -2.136708
840 519.75 45.00 20.50 50.00 -2.938078
840 91.75 241.00 20.50 50.00 -3.143055
840 409.75 23.00 20.50 50.00 -3.214817
840 366.10 34.45 24.37 59.45 -3.402611
870 100.73 219.24 26.57 64.81 0.544068
870 349.44 146.14 24.37 59.45 -0.986021
870 602.97 254.66 37.52 91.50 -3.488363
900 113.68 208.86 26.57 64.81 0.234858
900 355.77 151.64 22.38 54.58 -0.496771
930 124.05 211.46 26.57 64.81 0.238917
930 95.84 110.18 22.38 54.58 -0.922616
930 21.15 256.92 31.54 76.92 -3.974610
960 123.70 210.35 28.92 70.53 1.198000
960 47.75 105.00 20.50 50.00 1.108465
960 53.75 99.00 20.50 50.00 -0.978341
960 33.36 81.73 26.57 64.81 -1.030718
960 237.75 179.00 20.50 50.00 -1.345121
960 417.75 115.00 20.50 50.00 -1.549511
960 13.63 216.24 48.64 118.64 -2.173253
990 116.28 215.05 24.37 59.45 0.077506
990 231.75 171.00 20.50 50.00 -0.907680
990 44.91 93.86 24.37 59.45 -1.216325
990 25.02 77.65 28.92 70.53 -1.586544
990 483.75 31.00 20.50 50.00 -1.692389
990 4.46 77.23 24.37 59.45 -2.236661
990 619.75 93.00 20.50 50.00 -2.377255
990 473.75 37.00 20.50 50.00 -2.702392
1020 113.68 214.05 26.57 64.81 2.236171
1020 602.97 152.06 37.52 91.50 0.703160
1020 137.75 183.00 20.50 50.00 -1.215491
1020 28.18 89.51 26.57 64.81 -1.480830
1020 -0.25 97.00 20.50 50.00 -1.772562
1020 323.56 50.59 26.57 64.81 -1.896084
1020 619.75 21.00 20.50 50.00 -3.961995
1050 116.28 215.05 24.37 59.45 0.272082
1050 392.90 177.82 22.38 54.58 0.064778
1050 613.77 164.76 26.57 64.81 -0.455200
1050 537.06 160.36 22.38 54.58 -1.057086
1050 385.75 185.00 20.50 50.00 -1.634393
1080 104.57 221.45 22.38 54.58 -0.679681
1080 81.75 119.00 20.50 50.00 -1.232853
1080 602.97 126.41 37.52 91.50 -1.426045
1080 419.75 159.00 20.50 50.00 -1.835194
1080 6.86 60.46 37.52 91.50 -3.133505
1110 95.00 210.77 31.54 76.92 1.834925
1110 449.75 161.00 20.50 50.00 0.328078
1110 215.75 171.00 20.50 50.00 -0.023505
1110 611.45 168.00 28.92 70.53 -0.988273
1110 395.75 181.00 20.50 50.00 -0.990748
1110 469.35 158.18 22.38 54.58 -1.078160
1140 98.08 213.85 31.54 76.92 1.692267
1140 599.50 126.00 41.00 100.00 -0.517785
1140 420.11 133.74 37.52 91.50 -1.040358
1140 91.92 198.46 31.54 76.92 -1.885563
1170 107.31 213.85 31.54 76.92 1.417174
1170 143.75 159.00 20.50 50.00 -0.108482
1170 499.33 186.53 24.37 59.45 -0.964468
1170 582.52 125.94 48.64 118.64 -1.311197
1170 571.98 165.18 28.92 70.53 -1.948037
1170 141.75 217.00 20.50 50.00 -2.560559
1200 104.23 210.77 31.54 76.92 1.410731
1200 617.88 90.55 22.38 54.58 -0.722087
1200 595.92 111.27 44.67 108.95 -1.037253
1200 438.21 100.80 98.11 239.31 -1.401277
1200 541.75 143.00 20.50 50.00 -1.582818
1200 109.60 238.59 28.92 70.53 -1.725588
1230 90.05 203.08 34.37 83.83 3.894530
1230 506.67 106.93 48.64 118.64 -1.295666
1230 91.92 238.46 31.54 76.92 -1.337101
1230 374.63 136.94 28.92 70.53 -1.574690
1230 617.88 64.36 22.38 54.58 -2.385120
1230 50.40 60.71 28.92 70.53 -2.661475
1260 67.31 218.82 28.92 70.53 1.689324
1260 367.75 129.00 20.50 50.00 -0.051650
1260 59.75 101.00 20.50 50.00 -0.593432
1260 539.75 171.00 20.50 50.00 -1.608145
1260 28.18 76.54 26.57 64.81 -1.789900
1260 619.75 107.00 20.50 50.00 -2.006262
1260 526.14 79.64 22.38 54.58 -2.047687
1260 425.67 121.09 22.38 54.58 -2.079491
1290 87.05 218.82 28.92 70.53 2.420318
1290 436.65 136.94 28.92 70.53 -0.177910
1290 613.77 97.30 26.57 64.81 -0.274546
1290 436.59 114.55 22.38 54.58 -0.349399
1290 377.61 118.91 22.38 54.58 -1.290933
1290 547.99 114.55 22.38 54.58 -1.387451
1290 48.91 76.54 26.57 64.81 -1.679940
1290 91.75 111.00 20.50 50.00 -1.705174
1290 269.75 163.00 20.50 50.00 -1.800756
1290 497.75 103.00 20.50 50.00 -2.162823
1290 329.56 75.27 22.38 54.58 -2.343333
1290 525.75 35.00 20.50 50.00 -3.385589
1290 619.75 17.00 20.50 50.00 -3.518418
1320 85.77 213.85 31.54 76.92 0.899125
1320 336.11 160.36 22.38 54.58 0.219841
1320 349.75 141.00 20.50 50.00 -1.297846
1320 285.87 151.64 22.38 54.58 -1.370628
1320 542.47 30.55 89.69 218.76 -2.170448
1320 447.51 38.18 22.38 54.58 -2.809853
1320 513.20 45.82 44.67 108.95 -3.367766
1320 530.85 19.46 26.57 64.81 -4.050390
1320 335.15 7.06 28.92 70.53 -4.056404
1350 81.41 210.35 28.92 70.53 2.119895
1350 606.07 135.94 34.37 83.83 -1.254553
1380 84.23 210.35 28.92 70.53 1.337328
1380 611.75 157.00 20.50 50.00 -0.723384
1380 78.59 196.24 28.92 70.53 -0.768140
1380 129.34 148.24 28.92 70.53 -1.291440
1380 336.11 153.82 22.38 54.58 -1.389159
1380 329.56 160.36 22.38 54.58 -1.703361
1410 101.15 210.35 28.92 70.53 1.819284
1410 408.46 136.94 28.92 70.53 -0.272129
1410 508.85 162.77 24.37 59.45 -0.461491
1410 283.75 165.00 20.50 50.00 -1.117120
1410 383.75 159.00 20.50 50.00 -1.563696
1410 89.75 117.00 20.50 50.00 -1.930862
1410 394.65 148.51 24.37 59.45 -1.983564
1440 113.68 214.05 26.57 64.81 1.027284
1440 377.44 153.88 28.92 70.53 0.962694
1440 417.75 145.00 20.50 50.00 0.471196
1440 443.50 110.00 41.00 100.00 -0.074053
1440 619.75 149.00 20.50 50.00 -0.573651
1440 412.56 158.18 22.38 54.58 -1.135601
1440 401.75 149.00 20.50 50.00 -1.247667
1470 120.88 213.18 28.92 70.53 1.058260
1470 449.78 135.45 48.64 118.64 -0.287133
1470 439.47 139.76 28.92 70.53 -0.485514
1470 424.62 146.59 26.57 64.81 -0.510205
1470 503.50 106.00 41.00 100.00 -1.653885
1470 279.75 159.00 20.50 50.00 -1.679796
1470 149.96 162.16 26.57 64.81 -2.030535
1470 19.69 55.38 34.37 83.83 -2.473693
1470 478.09 27.27 22.38 54.58 -3.618966
1500 139.60 211.46 26.57 64.81 1.081669
1500 504.49 115.64 44.67 108.95 -0.474906
1500 406.54 146.14 24.37 59.45 -0.961768
1500 615.91 165.15 24.37 59.45 -1.420912
1500 59.18 84.36 24.37 59.45 -1.494471
1500 7.50 274.00 41.00 100.00 -4.179503
1530 132.97 217.09 22.38 54.58 0.664703
1530 499.93 123.27 22.38 54.58 0.228925
1530 -1.31 109.57 107.29 261.69 -0.703083
1530 565.52 48.00 75.52 184.20 -2.085193
1530 11.75 87.00 20.50 50.00 -2.508035
1560 132.97 212.73 22.38 54.58 -0.469584
1560 -1.10 126.55 89.69 218.76 -0.558308
1560 487.75 155.00 20.50 50.00 -0.561618
1560 85.39 218.46 63.08 153.85 -0.934309
1560 499.75 163.00 20.50 50.00 -1.190451
1560 619.75 117.00 20.50 50.00 -1.253397
1560 421.30 190.91 22.38 54.58 -1.340676
1560 65.75 97.00 20.50 50.00 -1.421874
1560 54.33 88.36 22.38 54.58 -2.043675
1560 -0.59 78.42 48.64 118.64 -2.925104
1590 142.19 203.68 26.57 64.81 1.122184
1590 615.91 139.01 24.37 59.45 -0.899497
1590 19.37 219.72 69.16 168.67 -1.463857
1590 46.32 212.96 69.16 168.67 -1.544608
1590 77.75 95.00 20.50 50.00 -2.003707
1590 512.86 40.00 117.14 285.71 -2.087897
1590 501.15 78.46 31.54 76.92 -2.395683
1620 156.73 205.54 24.37 59.45 -0.381208
1620 313.75 150.89 24.37 59.45 -0.887957
1620 79.50 194.00 41.00 100.00 -1.113431
1620 408.38 119.16 34.37 83.83 -1.209832
1620 425.13 122.52 34.37 83.83 -1.310012
1620 39.62 63.08 31.54 76.92 -1.394760
1620 587.75 37.00 20.50 50.00 -2.980554
1620 602.97 9.16 37.52 91.50 -4.297985
1650 103.75 97.00 20.50 50.00 -0.091601
1650 325.65 158.02 24.37 59.45 -0.616447
1650 512.78 139.76 28.92 70.53 -0.795124
1650 339.11 146.59 26.57 64.81 -0.803658
1650 137.75 111.00 20.50 50.00 -0.865233
1650 617.88 182.18 22.38 54.58 -0.905077
1650 463.64 117.62 24.37 59.45 -0.935638
1650 433.46 127.69 31.54 76.92 -0.963247
1650 425.75 167.00 20.50 50.00 -1.371254
1650 466.07 136.22 26.57 64.81 -1.593247
1650 126.91 206.43 34.37 83.83 -1.935914
1650 595.92 41.45 44.67 108.95 -2.076452
1680 336.11 162.55 22.38 54.58 0.228925
1680 353.75 159.00 20.50 50.00 -0.466774
1680 231.75 205.00 20.50 50.00 -0.517361
1680 529.69 100.24 28.92 70.53 -1.099464
1680 266.17 150.89 24.37 59.45 -1.494709
1680 370.20 138.81 26.57 64.81 -1.501895
1680 187.50 202.00 41.00 100.00 -1.715869
1680 571.79 50.70 69.16 168.67 -2.274513
1680 619.75 33.00 20.50 50.00 -3.735665
1680 549.29 20.20 24.37 59.45 -4.364149
1710 515.75 167.00 20.50 50.00 0.524520
1710 344.85 162.55 22.38 54.58 0.015662
1710 250.92 164.73 22.38 54.58 -0.263338
1710 429.73 87.53 57.98 141.42 -0.751609
1710 355.75 165.00 20.50 50.00 -1.268252
1710 559.75 95.00 20.50 50.00 -1.316982
1710 65.26 116.73 22.38 54.58 -2.070651
1740 269.75 171.00 20.50 50.00 0.195154
1740 361.75 165.00 20.50 50.00 0.041131
1740 351.40 162.55 22.38 54.58 -0.278116
1740 591.75 175.00 20.50 50.00 -0.337739
1740 397.18 170.82 28.92 70.53 -0.480435
1740 342.66 108.00 22.38 54.58 -1.221828
1740 421.75 123.00 20.50 50.00 -1.225820
1740 -0.30 174.65 24.37 59.45 -2.247206
1740 585.12 90.55 22.38 54.58 -2.441880
1770 367.75 125.00 20.50 50.00 0.959284
1770 515.60 82.24 34.37 83.83 -0.593183
1770 367.61 154.38 26.57 64.81 -0.808504
1770 389.75 109.00 20.50 50.00 -0.948954
1770 619.75 185.00 20.50 50.00 -1.267406
1770 261.75 175.00 20.50 50.00 -1.390796
1770 606.07 62.10 34.37 83.83 -1.601473
1770 371.75 113.00 20.50 50.00 -1.619964
1770 362.32 97.09 22.38 54.58 -1.669918
1770 212.15 182.92 26.57 64.81 -1.786410
1770 596.54 53.85 31.54 76.92 -2.781927
1770 523.96 18.55 22.38 54.58 -3.383399
1770 543.62 20.73 22.38 54.58 -3.745319
1770 567.75 23.00 20.50 50.00 -4.278931
1770 561.75 7.00 20.50 50.00 -4.672314
1770 602.97 12.82 37.52 91.50 -4.847874
1800 259.75 169.00 20.50 50.00 -0.481555
1800 559.75 91.00 20.50 50.00 -0.604055
1800 383.75 99.00 20.50 50.00 -0.655766
1800 591.50 134.00 41.00 100.00 -0.805221
1800 318.63 156.00 22.38 54.58 -0.917869
1800 485.06 103.37 24.37 59.45 -1.119605
1800 360.14 151.64 22.38 54.58 -1.383690
1800 395.75 81.00 20.50 50.00 -1.387122
1800 619.75 127.00 20.50 50.00 -1.433421
1800 388.27 132.59 34.37 83.83 -1.505971
1800 370.20 102.49 26.57 64.81 -1.848934
1800 408.19 73.09 22.38 54.58 -1.887147
1800 606.07 179.58 34.37 83.83 -2.041573
1800 411.75 101.00 20.50 50.00 -2.112077
1800 375.00 53.85 31.54 76.92 -2.157030
1800 451.75 63.00 20.50 50.00 -2.186704
1800 567.75 89.00 20.50 50.00 -2.351791
1800 547.99 5.45 22.38 54.58 -4.790013
1800 608.85 315.38 31.54 76.92 -6.285197
1830 559.75 103.00 20.50 50.00 -1.171887
1830 187.75 173.00 20.50 50.00 -1.683193
1830 605.99 71.35 26.57 64.81 -1.733466
1830 498.68 38.12 28.92 70.53 -2.574691
1830 410.38 33.82 22.38 54.58 -2.668060
1830 464.00 21.39 48.64 118.64 -2.965725
1830 433.75 3.00 20.50 50.00 -4.221428
1830 458.64 1.68 34.37 83.83 -4.649065
1830 530.51 7.64 22.38 54.58 -4.699840
