30 470.38 152.31 31.54 76.92 6.678798
30 339.11 177.73 26.57 64.81 1.201346
30 482.69 152.31 31.54 76.92 -0.128433
30 602.97 111.76 37.52 91.50 -0.512886
30 137.75 175.00 20.50 50.00 -0.845956
30 461.15 143.08 31.54 76.92 -0.847925
30 167.50 122.00 41.00 100.00 -0.870904
30 104.57 81.82 22.38 54.58 -1.639947
30 405.38 64.61 63.08 153.85 -2.185114
30 466.92 46.15 63.08 153.85 -2.632776
30 261.84 18.55 22.38 54.58 -3.030439
30 95.84 31.64 22.38 54.58 -3.602648
30 61.86 9.08 26.57 64.81 -3.851979
60 349.25 165.18 28.92 70.53 8.586384
60 555.50 142.00 41.00 100.00 7.007387
60 359.84 175.14 26.57 64.81 2.867784
60 539.78 155.64 24.37 59.45 1.468198
60 323.75 179.00 20.50 50.00 1.265380
60 339.11 167.35 26.57 64.81 0.496832
60 409.75 179.00 20.50 50.00 -0.073404
60 368.99 162.35 28.92 70.53 -1.052900
60 313.75 165.00 20.50 50.00 -1.205342
60 198.50 138.55 22.38 54.58 -1.310349
60 525.77 130.77 31.54 76.92 -1.480273
60 388.34 188.11 26.57 64.81 -1.504815
60 97.75 257.00 20.50 50.00 -1.887189
60 535.71 52.03 34.37 83.83 -2.030202
90 431.83 162.80 34.37 83.83 6.804079
90 388.27 156.08 34.37 83.83 4.710373
90 445.77 170.77 31.54 76.92 2.501020
90 377.98 185.51 26.57 64.81 1.009392
90 464.00 163.96 48.64 118.64 0.358775
90 113.68 198.49 26.57 64.81 0.336254
90 400.00 182.12 28.92 70.53 -0.459077
90 439.62 189.23 31.54 76.92 -0.495555
90 192.42 165.15 24.37 59.45 -0.641984
90 163.87 167.52 24.37 59.45 -1.019161
90 451.92 186.15 31.54 76.92 -1.142684
90 408.19 153.82 22.38 54.58 -1.287232
90 499.93 164.73 22.38 54.58 -1.442743
90 371.06 77.45 22.38 54.58 -2.266975
90 595.50 26.00 41.00 100.00 -3.172125
90 31.75 297.00 20.50 50.00 -5.426466
120 503.36 138.35 57.98 141.42 6.722641
120 480.71 138.35 57.98 141.42 3.135787
120 515.48 183.23 52.90 129.03 0.982454
120 454.62 126.15 63.08 153.85 0.263133
120 215.00 149.23 31.54 76.92 0.008529
120 535.11 168.71 48.64 118.64 -0.042087
120 75.50 198.00 41.00 100.00 -0.118058
120 492.04 166.59 57.98 141.42 -0.307741
120 611.45 184.94 28.92 70.53 -0.628965
120 407.11 106.93 48.64 118.64 -1.403384
120 589.49 195.27 22.38 54.58 -1.407276
120 530.97 110.97 52.90 129.03 -1.538138
120 404.16 67.72 24.37 59.45 -1.990344
120 -0.32 89.51 26.57 64.81 -2.475481
150 602.97 159.39 37.52 91.50 0.551211
150 124.23 210.55 22.38 54.58 -0.444332
150 584.98 174.65 24.37 59.45 -0.774426
150 257.69 89.23 63.08 153.85 -1.050925
150 416.92 145.41 28.92 70.53 -1.384325
150 537.06 182.18 22.38 54.58 -1.412006
150 189.76 193.09 22.38 54.58 -1.589395
150 8.46 210.55 22.38 54.58 -1.616666
150 460.61 51.27 22.38 54.58 -2.909652
150 617.88 16.36 22.38 54.58 -4.140582
180 587.26 168.71 48.64 118.64 1.164402
180 248.42 77.75 69.16 168.67 -0.521060
180 174.47 193.09 22.38 54.58 -1.408848
180 191.78 30.55 89.69 218.76 -3.946418
210 432.39 164.76 26.57 64.81 0.223859
210 415.75 177.00 20.50 50.00 -0.786247
210 469.35 162.55 22.38 54.58 -0.872127
210 404.16 169.90 24.37 59.45 -1.073730
210 517.75 149.00 20.50 50.00 -1.080921
210 478.09 160.36 22.38 54.58 -1.267612
210 393.52 177.73 26.57 64.81 -1.419251
210 507.75 177.00 20.50 50.00 -1.447808
210 223.50 146.00 41.00 100.00 -1.501496
210 509.96 247.06 28.92 70.53 -1.520055
240 608.63 103.06 28.92 70.53 -0.132807
240 395.65 98.18 44.67 108.95 -0.790054
240 272.76 173.45 22.38 54.58 -0.885408
240 340.48 151.64 22.38 54.58 -1.142507
240 598.22 112.86 26.57 64.81 -1.215668
240 378.08 133.85 31.54 76.92 -1.241849
240 -0.42 95.66 34.37 83.83 -1.807815
240 167.75 217.00 20.50 50.00 -2.372538
270 576.99 115.76 57.98 141.42 0.047402
270 592.00 83.17 48.64 118.64 -0.069478
270 277.13 164.73 22.38 54.58 -0.825793
270 237.75 179.00 20.50 50.00 -1.112123
270 240.65 149.19 26.57 64.81 -1.439157
270 185.39 147.27 22.38 54.58 -1.531647
270 251.89 119.08 37.52 91.50 -1.675065
270 211.45 27.33 24.37 59.45 -3.634882
270 606.07 8.39 34.37 83.83 -3.793136
300 547.31 146.15 31.54 76.92 0.483551
300 518.95 156.08 34.37 83.83 0.044168
300 502.20 152.73 34.37 83.83 0.022554
300 617.88 173.45 22.38 54.58 -0.072033
300 118.66 165.15 24.37 59.45 -0.158295
300 81.75 183.00 20.50 50.00 -0.170440
300 587.21 124.36 44.67 108.95 -0.442620
300 573.71 133.74 37.52 91.50 -0.591166
300 181.75 175.00 20.50 50.00 -0.978085
300 485.06 129.50 24.37 59.45 -1.043312
300 532.51 176.47 28.92 70.53 -1.075246
300 113.90 153.27 24.37 59.45 -1.142875
300 583.26 241.41 28.92 70.53 -1.152392
300 241.75 167.00 20.50 50.00 -1.193093
300 251.75 159.00 20.50 50.00 -1.204222
300 515.75 209.00 20.50 50.00 -1.209663
300 143.75 181.00 20.50 50.00 -2.111761
300 -0.84 64.22 69.16 168.67 -2.558456
300 557.75 17.00 20.50 50.00 -4.109091
330 551.75 201.00 20.50 50.00 3.663312
330 559.75 201.00 20.50 50.00 1.015173
330 543.75 203.00 20.50 50.00 0.091383
330 369.75 133.00 20.50 50.00 -0.631140
330 476.54 124.62 31.54 76.92 -1.020194
330 125.75 171.00 20.50 50.00 -1.127656
330 326.70 148.24 28.92 70.53 -1.403841
330 567.75 201.00 20.50 50.00 -1.454407
330 137.75 173.00 20.50 50.00 -1.525503
330 69.64 172.54 26.57 64.81 -1.540347
330 516.54 161.54 31.54 76.92 -1.571556
330 432.22 151.64 22.38 54.58 -1.740453
330 593.46 183.08 31.54 76.92 -1.852815
330 558.16 48.00 75.52 184.20 -1.894538
330 467.31 109.23 31.54 76.92 -1.948894
360 416.84 201.08 26.57 64.81 0.170722
360 327.75 123.00 20.50 50.00 -0.312519
360 381.98 153.82 22.38 54.58 -0.576098
360 31.75 171.00 20.50 50.00 -0.777462
360 524.93 74.18 89.69 218.76 -1.142167
360 226.92 120.00 63.08 153.85 -1.327449
360 137.34 149.45 22.38 54.58 -1.373936
360 408.46 182.12 28.92 70.53 -1.379493
360 595.92 67.64 44.67 108.95 -1.906365
360 287.58 203.17 24.37 59.45 -1.910697
360 197.00 139.76 28.92 70.53 -1.927058
360 -0.25 187.00 20.50 50.00 -2.135889
360 507.75 249.00 20.50 50.00 -3.092419
360 608.85 35.38 31.54 76.92 -3.486789
390 381.29 136.77 52.90 129.03 0.356341
390 226.96 144.95 48.64 118.64 0.157779
390 571.79 138.59 69.16 168.67 0.113755
390 105.75 161.00 20.50 50.00 -0.219113
390 325.75 115.00 20.50 50.00 -0.420870
390 611.45 97.41 28.92 70.53 -1.704611
390 350.44 76.23 57.98 141.42 -2.187562
390 225.75 273.00 20.50 50.00 -2.219131
390 615.91 53.47 24.37 59.45 -3.242949
390 619.75 25.00 20.50 50.00 -3.550437
420 198.52 154.46 48.64 118.64 0.897366
420 366.17 204.71 28.92 70.53 0.682124
420 80.55 164.73 22.38 54.58 0.050181
420 123.75 163.00 20.50 50.00 -0.133907
420 469.75 171.00 20.50 50.00 -0.750847
420 516.54 164.62 31.54 76.92 -0.871108
420 331.31 122.52 34.37 83.83 -1.291613
420 311.75 119.00 20.50 50.00 -1.532943
420 344.83 62.77 75.52 184.20 -1.760338
420 571.79 64.22 69.16 168.67 -2.300777
450 335.17 205.54 24.37 59.45 0.727502
450 504.09 186.53 24.37 59.45 0.000970
450 69.62 184.36 22.38 54.58 -0.242668
450 204.37 201.08 26.57 64.81 -0.438081
450 80.55 173.45 22.38 54.58 -0.955006
450 356.58 158.02 24.37 59.45 -1.146031
450 45.60 173.45 22.38 54.58 -1.469502
450 414.74 127.64 22.38 54.58 -1.578808
450 423.58 77.75 69.16 168.67 -2.337878
450 551.23 21.82 89.69 218.76 -3.625882
480 558.91 190.91 22.38 54.58 1.043341
480 337.75 209.00 20.50 50.00 0.895678
480 606.07 179.58 34.37 83.83 -0.676480
480 343.40 141.82 44.67 108.95 -0.702241
480 197.75 177.00 20.50 50.00 -0.734440
480 61.56 181.78 24.37 59.45 -0.785512
480 559.75 173.00 20.50 50.00 -0.934007
480 443.14 186.55 22.38 54.58 -1.149119
480 34.68 180.00 22.38 54.58 -1.365800
480 233.60 170.38 37.52 91.50 -1.435994
480 378.08 149.23 31.54 76.92 -1.453407
480 617.88 121.09 22.38 54.58 -1.646500
480 15.22 167.35 26.57 64.81 -1.662842
480 433.75 185.00 20.50 50.00 -1.680091
480 427.21 99.89 26.57 64.81 -2.190481
480 531.75 47.00 20.50 50.00 -3.034326
510 530.26 186.53 24.37 59.45 2.414966
510 325.75 207.00 20.50 50.00 -0.333003
510 192.42 172.28 24.37 59.45 -0.951410
510 453.12 136.22 26.57 64.81 -1.114224
510 537.40 179.41 24.37 59.45 -1.315660
510 -0.32 172.54 26.57 64.81 -1.490820
510 556.54 195.38 31.54 76.92 -1.536943
510 451.75 81.00 20.50 50.00 -1.603704
510 482.96 87.92 48.64 118.64 -1.726500
510 233.46 176.92 31.54 76.92 -1.755761
510 101.75 183.00 20.50 50.00 -1.763427
510 565.52 48.00 75.52 184.20 -2.788719
510 113.75 325.00 20.50 50.00 -6.042138
540 329.75 205.00 20.50 50.00 0.088993
540 235.47 188.11 26.57 64.81 -0.163544
540 515.50 178.00 41.00 100.00 -0.534641
540 619.75 171.00 20.50 50.00 -1.484197
540 205.05 177.82 22.38 54.58 -1.524037
540 571.79 30.42 69.16 168.67 -3.039753
540 103.96 43.77 28.92 70.53 -3.275277
570 337.75 201.00 20.50 50.00 0.954987
570 237.62 193.66 24.37 59.45 0.122432
570 469.75 157.00 20.50 50.00 -0.100358
570 385.75 171.00 20.50 50.00 -0.321438
570 545.75 181.00 20.50 50.00 -0.372119
570 18.74 200.79 24.37 59.45 -0.476823
570 619.75 97.00 20.50 50.00 -0.609252
570 617.88 138.55 22.38 54.58 -0.969281
570 194.80 160.40 24.37 59.45 -1.607199
570 -0.27 123.27 22.38 54.58 -1.650662
570 611.45 57.88 28.92 70.53 -2.716317
570 565.38 46.15 63.08 153.85 -3.093554
570 88.85 23.08 31.54 76.92 -3.542544
600 347.75 197.00 20.50 50.00 0.898660
600 248.74 197.45 22.38 54.58 0.163120
600 396.11 138.81 26.57 64.81 -0.291772
600 414.25 198.49 26.57 64.81 -0.939709
600 537.75 185.00 20.50 50.00 -0.954540
600 549.75 163.00 20.50 50.00 -1.405123
600 197.75 169.00 20.50 50.00 -1.700952
600 504.49 115.64 44.67 108.95 -1.742313
600 561.19 155.64 24.37 59.45 -1.899451
600 591.56 233.45 44.67 108.95 -1.962170
600 354.20 226.93 24.37 59.45 -2.177028
600 599.50 282.00 41.00 100.00 -2.178601
600 619.75 53.00 20.50 50.00 -2.618457
600 543.75 275.00 20.50 50.00 -3.795162
630 203.75 177.00 20.50 50.00 2.146964
630 395.75 201.00 20.50 50.00 1.901220
630 288.05 197.45 22.38 54.58 0.037076
630 561.75 253.00 20.50 50.00 -0.391306
630 607.75 153.00 20.50 50.00 -0.613703
630 445.71 115.42 37.52 91.50 -0.915373
630 470.78 162.77 24.37 59.45 -1.581690
630 558.91 230.18 22.38 54.58 -2.860587
660 245.75 169.00 20.50 50.00 1.192219
660 374.87 172.87 34.37 83.83 0.162774
660 595.92 93.82 44.67 108.95 -0.679901
660 9.22 148.51 24.37 59.45 -0.769532
660 534.88 142.91 22.38 54.58 -1.075995
660 251.75 177.00 20.50 50.00 -1.113382
660 267.50 130.00 41.00 100.00 -1.697477
660 611.75 235.00 20.50 50.00 -2.276453
660 141.75 55.00 20.50 50.00 -2.601751
690 289.75 177.00 20.50 50.00 3.394074
690 242.18 160.36 22.38 54.58 1.742211
690 267.75 169.00 20.50 50.00 0.156521
690 279.32 173.45 22.38 54.58 -0.456617
690 606.07 179.58 34.37 83.83 -0.485358
690 -0.42 176.22 34.37 83.83 -0.510463
690 137.75 161.00 20.50 50.00 -0.670116
690 395.75 177.00 20.50 50.00 -1.111556
690 617.88 160.36 22.38 54.58 -1.163899
720 279.75 183.00 20.50 50.00 3.164404
720 608.85 210.77 31.54 76.92 0.925096
720 353.75 179.00 20.50 50.00 0.281678
720 200.68 160.36 22.38 54.58 0.105458
720 253.11 175.64 22.38 54.58 -0.129977
720 90.05 156.08 34.37 83.83 -0.788008
720 205.05 173.45 22.38 54.58 -0.942779
720 224.71 166.91 22.38 54.58 -1.033097
720 445.75 157.00 20.50 50.00 -1.343113
720 287.75 187.00 20.50 50.00 -1.747626
720 438.77 271.64 22.38 54.58 -2.328384
750 165.51 156.97 26.57 64.81 1.815817
750 219.75 177.00 20.50 50.00 1.787612
750 606.96 132.00 22.38 54.58 1.497148
750 343.75 181.00 20.50 50.00 0.983765
750 251.75 191.00 20.50 50.00 0.115018
750 587.75 159.00 20.50 50.00 -0.062125
750 351.82 174.65 24.37 59.45 -0.136947
750 597.75 137.00 20.50 50.00 -0.741693
750 425.75 159.00 20.50 50.00 -0.954666
750 585.75 137.00 20.50 50.00 -1.020359
750 608.77 150.89 24.37 59.45 -1.132545
750 458.30 182.92 26.57 64.81 -1.399398
750 190.38 146.15 31.54 76.92 -1.561337
750 309.75 191.00 20.50 50.00 -1.639136
750 461.26 279.21 24.37 59.45 -3.364964
780 349.44 179.41 24.37 59.45 4.749186
780 361.34 179.41 24.37 59.45 2.014433
780 219.56 156.71 28.92 70.53 0.957851
780 165.99 151.06 28.92 70.53 0.551063
780 521.75 181.00 20.50 50.00 0.255051
780 507.53 149.19 26.57 64.81 -0.895137
780 619.75 189.00 20.50 50.00 -1.426593
780 235.24 169.90 24.37 59.45 -1.737645
780 475.54 136.63 24.37 59.45 -1.754760
780 559.23 107.69 63.08 153.85 -1.983521
780 565.46 291.27 22.38 54.58 -4.869504
780 615.91 302.97 24.37 59.45 -5.651901
810 455.71 177.73 26.57 64.81 4.402647
810 259.66 188.73 22.38 54.58 2.914680
810 268.40 186.55 22.38 54.58 2.678176
810 361.60 192.37 37.52 91.50 1.215987
810 234.14 152.73 34.37 83.83 1.122012
810 182.90 143.76 24.37 59.45 0.826347
810 615.91 165.15 24.37 59.45 0.692992
810 466.07 175.14 26.57 64.81 0.490423
810 445.34 177.73 26.57 64.81 0.395180
810 277.13 186.55 22.38 54.58 -0.007632
810 547.31 143.08 31.54 76.92 -0.319423
810 574.80 148.24 28.92 70.53 -1.029183
810 219.50 122.00 41.00 100.00 -1.132179
810 293.75 205.00 20.50 50.00 -1.685850
840 222.51 177.73 26.57 64.81 5.877484
840 570.06 159.39 37.52 91.50 5.101742
840 473.46 167.69 31.54 76.92 4.035827
840 589.32 169.51 34.37 83.83 3.378455
840 236.48 173.65 28.92 70.53 3.256409
840 190.04 177.03 24.37 59.45 3.247170
840 178.46 175.14 26.57 64.81 1.305190
840 250.92 190.91 22.38 54.58 1.249604
840 613.77 144.00 26.57 64.81 -0.099382
840 71.08 165.15 24.37 59.45 -0.104191
840 217.33 190.70 26.57 64.81 -0.340168
840 162.69 167.69 31.54 76.92 -0.406088
840 539.78 143.76 24.37 59.45 -0.433067
840 513.61 141.39 24.37 59.45 -0.437544
840 197.17 129.50 24.37 59.45 -0.660927
840 435.09 250.69 24.37 59.45 -1.034982
840 523.96 151.64 22.38 54.58 -1.056241
840 600.18 128.47 28.92 70.53 -1.381902
840 555.43 163.05 37.52 91.50 -1.454637
840 119.75 33.00 20.50 50.00 -3.267572
870 581.03 163.05 37.52 91.50 6.795487
870 138.51 159.39 37.52 91.50 4.500724
870 116.57 163.05 37.52 91.50 4.178261
870 25.14 159.39 37.52 91.50 3.288205
870 156.54 176.92 31.54 76.92 0.600101
870 619.75 171.00 20.50 50.00 0.032589
870 606.07 112.45 34.37 83.83 -0.067206
870 222.22 92.67 48.64 118.64 -0.951967
870 563.50 150.00 41.00 100.00 -0.953227
870 513.04 142.91 22.38 54.58 -1.107926
870 180.09 111.53 28.92 70.53 -1.231264
870 325.75 157.00 20.50 50.00 -1.262178
870 63.75 189.00 20.50 50.00 -1.568928
870 236.44 106.93 48.64 118.64 -1.897120
900 465.75 151.00 20.50 50.00 -0.838455
900 157.88 87.53 57.98 141.42 -0.986645
900 619.75 131.00 20.50 50.00 -1.760931
900 281.50 271.64 22.38 54.58 -2.848063
900 45.60 5.45 22.38 54.58 -4.391486
930 90.11 165.15 24.37 59.45 1.913326
930 119.75 157.00 20.50 50.00 1.126916
930 187.75 173.00 20.50 50.00 0.014739
930 521.90 120.00 44.67 108.95 -0.736435
930 619.75 115.00 20.50 50.00 -0.891123
930 385.00 100.00 136.67 333.33 -1.062466
930 515.99 100.99 24.37 59.45 -1.138348
930 565.46 151.64 22.38 54.58 -1.193066
930 617.88 162.55 22.38 54.58 -1.587080
960 479.75 149.00 20.50 50.00 1.493461
960 15.75 173.00 20.50 50.00 0.376854
960 159.11 181.78 24.37 59.45 -0.759756
960 608.58 149.19 26.57 64.81 -1.431837
960 87.31 97.10 37.52 91.50 -1.617029
960 619.75 97.00 20.50 50.00 -2.184973
990 481.75 161.00 20.50 50.00 0.063799
990 123.42 198.42 24.37 59.45 -1.720475
990 615.70 180.00 22.38 54.58 -1.834937
990 431.00 244.00 82.00 200.00 -2.047097
990 13.75 173.00 20.50 50.00 -2.310880
1020 595.92 124.36 44.67 108.95 0.166737
1020 480.30 162.77 24.37 59.45 -1.022756
1020 69.62 245.45 22.38 54.58 -1.275412
1020 80.00 97.43 48.64 118.64 -1.915577
1020 131.82 395.68 26.57 64.81 -10.962756
1050 480.27 169.09 22.38 54.58 1.546317
1050 602.97 148.40 37.52 91.50 0.846997
1050 -0.65 110.97 52.90 129.03 -1.611461
1050 611.17 118.05 26.57 64.81 -2.299341
1050 211.75 83.00 20.50 50.00 -2.463222
1050 431.01 278.12 28.92 70.53 -3.986598
1080 481.75 175.00 20.50 50.00 1.077066
1080 595.92 137.45 44.67 108.95 0.481772
1080 162.91 201.08 26.57 64.81 -0.620215
1080 4.52 116.13 52.90 129.03 -1.188013
1080 153.75 215.00 20.50 50.00 -1.510024
1080 85.35 158.02 24.37 59.45 -1.533082
1080 491.19 125.45 22.38 54.58 -1.899980
1110 481.75 177.00 20.50 50.00 1.471646
1110 602.97 144.73 37.52 91.50 0.261481
1110 8.89 130.69 48.64 118.64 -1.027296
1110 87.10 164.73 22.38 54.58 -1.156656
1110 147.75 197.00 20.50 50.00 -2.110958
1140 480.27 173.45 22.38 54.58 2.125050
1140 602.97 148.40 37.52 91.50 0.198868
1140 81.94 116.13 52.90 129.03 -0.956008
1140 -0.59 121.19 48.64 118.64 -1.143836
1140 41.75 183.00 20.50 50.00 -1.837328
1140 613.77 120.65 26.57 64.81 -1.888679
1170 481.75 177.00 20.50 50.00 1.744540
1170 602.97 152.06 37.52 91.50 0.538310
1170 4.52 116.13 52.90 129.03 -0.725493
1170 475.75 171.00 20.50 50.00 -1.590279
1200 480.27 173.45 22.38 54.58 2.333616
1200 611.45 165.18 28.92 70.53 -0.418796
1200 4.52 121.29 52.90 129.03 -1.031278
1200 152.55 201.08 26.57 64.81 -1.485105
1200 546.40 175.14 26.57 64.81 -1.615068
1200 437.26 257.45 89.69 218.76 -2.946205
1230 480.27 175.64 22.38 54.58 1.512719
1230 602.97 152.06 37.52 91.50 0.363152
1230 14.17 152.06 37.52 91.50 -0.735598
1230 163.50 198.00 41.00 100.00 -1.237210
1230 431.00 260.00 82.00 200.00 -3.145186
1260 480.27 175.64 22.38 54.58 0.804442
1260 602.97 152.06 37.52 91.50 0.249195
1260 13.75 193.00 20.50 50.00 0.023723
1260 76.77 116.13 52.90 129.03 -1.461803
1260 170.10 256.36 22.38 54.58 -2.502042
1260 431.00 260.00 82.00 200.00 -3.030742
1290 481.75 173.00 20.50 50.00 0.670224
1290 602.97 144.73 37.52 91.50 0.021714
1290 14.17 152.06 37.52 91.50 -0.795848
1290 147.37 158.87 69.16 168.67 -1.221228
1290 76.77 116.13 52.90 129.03 -1.291293
1290 431.00 260.00 82.00 200.00 -2.888205
1290 129.75 313.00 20.50 50.00 -4.093293
1320 480.30 172.28 24.37 59.45 1.487244
1320 163.55 210.55 22.38 54.58 -1.158851
1320 8.89 121.19 48.64 118.64 -1.226394
1320 84.74 111.68 48.64 118.64 -1.877782
1350 480.27 173.45 22.38 54.58 0.671653
1350 4.15 121.19 48.64 118.64 -0.650080
1350 603.75 193.00 20.50 50.00 -0.698405
1350 87.10 121.29 52.90 129.03 -1.175475
1350 611.45 173.65 28.92 70.53 -2.114889
1350 423.00 260.00 82.00 200.00 -3.261532
1380 480.30 172.28 24.37 59.45 1.321964
1380 607.75 197.00 20.50 50.00 0.329542
1380 76.77 116.13 52.90 129.03 -0.249571
1380 163.87 205.54 24.37 59.45 -1.827835
1380 611.45 165.18 28.92 70.53 -1.912419
1410 480.30 172.28 24.37 59.45 1.226309
1410 595.92 137.45 44.67 108.95 0.657292
1410 4.52 116.13 52.90 129.03 -0.979454
1410 80.00 116.44 48.64 118.64 -1.514079
1410 45.75 185.00 20.50 50.00 -1.653660
1410 431.00 260.00 82.00 200.00 -3.130658
1440 480.30 174.65 24.37 59.45 1.763753
1440 605.75 197.00 20.50 50.00 1.472928
1440 613.75 143.00 20.50 50.00 -1.669691
1440 90.05 119.16 34.37 83.83 -1.799550
1470 480.30 174.65 24.37 59.45 2.029506
1470 613.77 133.62 26.57 64.81 -0.821225
1470 45.75 185.00 20.50 50.00 -0.936796
1470 59.75 185.00 20.50 50.00 -0.942591
1470 165.73 210.55 22.38 54.58 -1.199715
1470 87.10 121.29 52.90 129.03 -1.476497
1470 550.17 169.09 22.38 54.58 -1.688963
1470 493.75 129.00 20.50 50.00 -1.715914
1470 9.75 195.00 20.50 50.00 -1.763058
1470 535.75 181.00 20.50 50.00 -2.050146
1500 479.75 177.00 20.50 50.00 1.616104
1500 595.92 141.82 44.67 108.95 -0.487358
1500 487.70 121.19 48.64 118.64 -0.907179
1500 12.83 190.91 22.38 54.58 -1.348005
1500 161.37 206.18 22.38 54.58 -1.611183
1500 443.50 378.00 41.00 100.00 -8.023817
1530 102.01 207.92 24.37 59.45 4.033357
1530 109.60 193.41 28.92 70.53 2.181165
1530 92.49 210.30 24.37 59.45 0.667239
1530 481.75 187.00 20.50 50.00 0.615665
1530 602.97 163.05 37.52 91.50 0.558631
1530 473.72 175.64 22.38 54.58 -0.903516
1530 492.44 125.94 48.64 118.64 -1.940697
1560 478.09 182.18 22.38 54.58 0.756827
1560 121.75 207.00 20.50 50.00 0.496525
1560 113.75 207.00 20.50 50.00 -1.159791
1560 595.92 189.82 44.67 108.95 -1.327678
1560 207.75 95.00 20.50 50.00 -1.745087
1560 3.75 201.00 20.50 50.00 -1.804086
1560 31.75 195.00 20.50 50.00 -2.023808
1560 546.91 174.65 24.37 59.45 -2.140803
1560 173.38 324.36 24.37 59.45 -5.777601
1590 63.75 207.00 20.50 50.00 1.127097
1590 458.08 152.31 31.54 76.92 0.468624
1590 475.75 183.00 20.50 50.00 -0.334569
1590 149.59 186.53 24.37 59.45 -0.908023
1590 602.97 155.73 37.52 91.50 -1.099052
1590 611.45 120.00 28.92 70.53 -1.408042
1590 408.46 159.53 28.92 70.53 -1.562130
1590 25.87 203.17 24.37 59.45 -2.060295
1590 161.75 321.00 20.50 50.00 -5.516854
1620 619.75 141.00 20.50 50.00 1.055865
1620 473.75 179.00 20.50 50.00 -0.744576
1620 377.61 166.91 22.38 54.58 -1.329861
1620 369.75 169.00 20.50 50.00 -1.713830
1620 409.07 156.97 26.57 64.81 -1.808271
1620 112.42 176.47 28.92 70.53 -1.837362
1620 -0.25 199.00 20.50 50.00 -2.001601
1620 613.77 227.03 26.57 64.81 -2.858367
1650 473.16 174.65 24.37 59.45 1.249060
1650 423.77 141.07 37.52 91.50 -0.849698
1650 468.40 162.77 24.37 59.45 -1.208577
1650 48.46 101.54 63.08 153.85 -1.840199
1680 403.75 185.00 20.50 50.00 -0.013135
1680 32.84 98.03 69.16 168.67 -0.334826
1680 6.86 188.70 37.52 91.50 -0.610349
1680 475.75 169.00 20.50 50.00 -1.149983
1680 617.88 132.00 22.38 54.58 -1.174488
1680 61.15 241.54 31.54 76.92 -1.938326
1680 -0.32 291.89 26.57 64.81 -4.423917
1710 58.06 122.75 37.52 91.50 0.076420
1710 477.75 167.00 20.50 50.00 0.002572
1710 379.80 166.91 22.38 54.58 -0.527830
1710 84.92 153.82 22.38 54.58 -0.975523
1710 56.55 223.22 34.37 83.83 -1.866357
1740 390.93 167.35 26.57 64.81 0.198486
1740 -0.30 181.78 24.37 59.45 -1.161282
1740 619.75 21.00 20.50 50.00 -4.170853
1770 377.44 156.71 28.92 70.53 0.419615
1770 617.88 132.00 22.38 54.58 -0.043964
1770 412.74 104.47 57.98 141.42 -1.860640
1770 -0.25 177.00 20.50 50.00 -2.223397
1800 477.75 175.00 20.50 50.00 0.692048
1800 41.94 232.94 28.92 70.53 -1.117769
1800 441.75 197.00 20.50 50.00 -1.438655
1800 356.15 316.92 63.08 153.85 -3.914122
1830 374.87 152.73 34.37 83.83 -0.209519
1830 3.20 166.72 37.52 91.50 -1.430859
1830 546.61 159.53 28.92 70.53 -1.504064
1830 421.30 188.73 22.38 54.58 -1.580597
1830 189.75 89.00 20.50 50.00 -1.939757
1830 47.09 115.42 37.52 91.50 -2.047827
1830 126.64 325.62 26.57 64.81 -4.987050
1830 147.75 345.00 20.50 50.00 -6.921594
