30 406.01 173.45 22.38 54.58 -0.547718
30 390.93 203.68 26.57 64.81 -1.108698
30 175.76 205.54 24.37 59.45 -1.976537
60 427.96 160.40 24.37 59.45 -0.216705
60 394.51 155.73 37.52 91.50 -0.459905
60 -1.00 140.00 82.00 200.00 -0.588187
60 457.75 217.00 20.50 50.00 -1.300071
60 438.77 204.00 22.38 54.58 -1.433416
60 575.75 91.00 20.50 50.00 -1.674499
60 124.23 225.82 22.38 54.58 -2.669127
90 557.75 155.00 20.50 50.00 0.674294
90 449.37 212.67 24.37 59.45 0.656392
90 357.95 166.91 22.38 54.58 -0.954823
90 615.91 276.83 24.37 59.45 -1.002366
90 506.47 169.90 24.37 59.45 -1.113763
90 408.71 137.45 44.67 108.95 -1.122969
90 599.50 114.00 41.00 100.00 -1.548708
90 491.43 211.64 44.67 108.95 -1.606202
90 387.75 193.00 20.50 50.00 -1.874964
90 95.84 234.55 22.38 54.58 -1.998978
90 556.76 221.84 26.57 64.81 -2.295068
90 137.70 198.42 24.37 59.45 -2.468491
90 32.46 232.67 37.52 91.50 -2.772709
90 519.59 284.73 22.38 54.58 -4.072072
120 567.13 99.89 26.57 64.81 0.662209
120 323.75 167.00 20.50 50.00 -0.044067
120 565.05 172.39 69.16 168.67 -0.078024
120 401.78 179.41 24.37 59.45 -0.966867
120 544.54 105.74 24.37 59.45 -1.274677
120 314.27 160.36 22.38 54.58 -1.527282
120 613.77 63.57 26.57 64.81 -1.906012
120 556.43 108.12 24.37 59.45 -1.972183
120 355.75 29.00 20.50 50.00 -3.417402
120 615.91 326.73 24.37 59.45 -6.026676
150 301.86 158.02 24.37 59.45 -0.671754
150 596.54 167.69 31.54 76.92 -0.855854
150 615.91 155.64 24.37 59.45 -1.205975
150 430.32 91.27 69.16 168.67 -1.863273
150 -0.25 191.00 20.50 50.00 -2.044598
150 151.75 97.00 20.50 50.00 -2.305608
150 554.17 255.57 26.57 64.81 -2.447945
180 526.14 236.73 22.38 54.58 0.506582
180 595.92 229.09 44.67 108.95 -0.457663
180 386.35 208.36 22.38 54.58 -0.695261
180 530.51 116.73 22.38 54.58 -1.132165
180 579.27 85.59 34.37 83.83 -1.502021
180 608.85 130.77 31.54 76.92 -1.840676
180 619.75 97.00 20.50 50.00 -1.841331
180 211.75 179.00 20.50 50.00 -1.875232
180 480.30 234.06 24.37 59.45 -2.752181
210 592.00 159.39 37.52 91.50 0.873767
210 309.00 162.77 24.37 59.45 0.114725
210 357.75 171.00 20.50 50.00 -0.496904
210 599.50 262.00 41.00 100.00 -0.863864
210 285.20 160.40 24.37 59.45 -1.252260
210 199.75 171.00 20.50 50.00 -1.883656
210 595.92 189.82 44.67 108.95 -1.945659
210 617.88 12.00 22.38 54.58 -4.396844
240 405.75 175.00 20.50 50.00 -0.073781
240 367.75 175.00 20.50 50.00 -0.220191
240 303.75 163.00 20.50 50.00 -0.367918
240 127.75 193.00 20.50 50.00 -0.368715
240 291.75 161.00 20.50 50.00 -0.692301
240 209.75 173.00 20.50 50.00 -0.789223
240 572.57 105.73 34.37 83.83 -1.382318
240 27.31 161.54 31.54 76.92 -1.610305
240 396.11 149.19 26.57 64.81 -1.650919
240 387.75 167.00 20.50 50.00 -1.902512
240 573.75 9.00 20.50 50.00 -3.082790
240 575.75 33.00 20.50 50.00 -3.101537
240 104.57 42.55 22.38 54.58 -3.507176
270 313.75 165.00 20.50 50.00 0.743771
270 392.90 171.27 22.38 54.58 0.206063
270 530.85 169.95 26.57 64.81 0.100303
270 437.75 177.00 20.50 50.00 -0.091850
270 416.93 169.09 22.38 54.58 -0.514005
270 299.48 160.40 24.37 59.45 -0.705741
270 371.06 86.18 22.38 54.58 -0.813162
270 608.85 152.31 31.54 76.92 -1.098523
270 541.21 162.16 26.57 64.81 -1.536029
270 582.60 172.28 24.37 59.45 -1.826473
270 429.75 177.00 20.50 50.00 -2.102503
300 499.75 183.00 20.50 50.00 5.721500
300 329.56 158.18 22.38 54.58 0.932657
300 459.75 175.00 20.50 50.00 0.103885
300 321.75 167.00 20.50 50.00 -0.072707
300 396.77 110.97 52.90 129.03 -0.713421
300 354.89 159.53 28.92 70.53 -0.971484
300 479.75 173.00 20.50 50.00 -1.335849
300 451.75 179.00 20.50 50.00 -1.612819
330 597.36 176.47 28.92 70.53 7.526010
330 537.75 183.00 20.50 50.00 3.391862
330 332.79 155.64 24.37 59.45 0.676188
330 494.57 184.16 24.37 59.45 0.519888
330 292.34 160.40 24.37 59.45 -0.272568
330 321.75 169.00 20.50 50.00 -1.023004
330 504.09 184.16 24.37 59.45 -1.056203
330 375.75 179.00 20.50 50.00 -1.070069
330 541.75 73.00 20.50 50.00 -1.814746
330 438.06 110.97 52.90 129.03 -2.050026
360 580.08 167.35 26.57 64.81 3.774353
360 573.75 187.00 20.50 50.00 -0.480641
360 561.75 175.00 20.50 50.00 -0.730692
360 587.74 95.48 52.90 129.03 -1.127262
360 555.75 181.00 20.50 50.00 -1.401445
360 504.09 205.54 24.37 59.45 -1.589624
360 617.88 66.55 22.38 54.58 -2.594736
390 283.75 159.00 20.50 50.00 0.617251
390 428.19 165.18 28.92 70.53 0.127409
390 327.75 163.00 20.50 50.00 -0.247261
390 408.92 179.41 24.37 59.45 -0.759331
390 466.02 193.66 24.37 59.45 -0.866643
390 447.75 93.00 20.50 50.00 -1.159599
390 457.75 93.00 20.50 50.00 -1.538171
390 602.97 93.44 37.52 91.50 -2.112109
390 53.75 235.00 20.50 50.00 -3.132310
420 493.04 179.29 28.92 70.53 0.221936
420 104.57 142.91 22.38 54.58 0.029033
420 479.62 173.85 31.54 76.92 -0.393433
420 58.06 130.08 37.52 91.50 -0.747923
420 449.75 203.00 20.50 50.00 -1.024364
420 461.99 179.58 34.37 83.83 -1.370748
420 587.74 105.81 52.90 129.03 -1.617428
420 308.02 92.11 26.57 64.81 -1.947662
420 523.75 59.00 20.50 50.00 -2.583957
420 363.75 29.00 20.50 50.00 -3.555430
450 309.90 156.00 22.38 54.58 4.623467
450 273.31 150.89 24.37 59.45 1.106993
450 515.59 216.00 28.92 70.53 0.838350
450 577.69 150.77 63.08 153.85 0.559322
450 202.64 145.41 28.92 70.53 0.343353
450 285.75 161.00 20.50 50.00 -0.171500
450 355.77 184.36 22.38 54.58 -0.240443
450 533.49 192.37 37.52 91.50 -0.440036
450 491.92 201.54 31.54 76.92 -0.456605
450 246.55 149.45 22.38 54.58 -0.779211
450 121.75 153.00 20.50 50.00 -1.333257
450 525.77 223.08 31.54 76.92 -1.517884
450 214.74 149.19 26.57 64.81 -1.680735
450 119.86 171.27 22.38 54.58 -1.717178
450 -0.46 126.41 37.52 91.50 -2.148129
450 399.75 21.00 20.50 50.00 -3.155611
450 427.75 43.00 20.50 50.00 -3.366649
480 173.28 144.00 26.57 64.81 3.282278
480 19.69 132.59 34.37 83.83 0.403787
480 77.75 165.00 20.50 50.00 0.239835
480 301.75 159.00 20.50 50.00 0.007406
480 63.75 165.00 20.50 50.00 -0.536731
480 509.75 119.00 20.50 50.00 -0.966594
480 405.75 213.00 20.50 50.00 -1.008489
480 124.23 149.45 22.38 54.58 -1.455269
480 491.75 23.00 20.50 50.00 -1.569297
480 -0.46 122.75 37.52 91.50 -2.043070
510 371.75 155.00 20.50 50.00 6.038603
510 345.75 157.00 20.50 50.00 1.420037
510 327.75 157.00 20.50 50.00 1.310324
510 379.80 151.64 22.38 54.58 0.402376
510 301.75 141.00 20.50 50.00 0.348912
510 263.97 162.16 26.57 64.81 0.284487
510 187.66 141.39 24.37 59.45 -0.554702
510 239.75 121.00 20.50 50.00 -0.897765
510 274.95 158.18 22.38 54.58 -1.034112
510 325.75 141.00 20.50 50.00 -1.537849
510 516.54 220.00 31.54 76.92 -1.661445
510 -0.32 118.05 26.57 64.81 -1.703600
510 13.74 266.82 28.92 70.53 -2.798171
510 6.84 300.59 24.37 59.45 -2.808167
540 309.75 147.00 20.50 50.00 1.635343
540 357.75 171.00 20.50 50.00 0.550123
540 556.43 162.77 24.37 59.45 0.344166
540 347.75 167.00 20.50 50.00 0.147489
540 43.75 177.00 20.50 50.00 0.099459
540 431.01 151.06 28.92 70.53 -0.023725
540 297.75 153.00 20.50 50.00 -0.119870
540 8.16 172.36 44.67 108.95 -0.282755
540 270.31 148.24 28.92 70.53 -0.424091
540 339.75 169.00 20.50 50.00 -0.560881
540 156.73 146.14 24.37 59.45 -0.652815
540 545.80 160.36 22.38 54.58 -0.683800
540 139.60 156.97 26.57 64.81 -1.279646
540 619.75 259.00 20.50 50.00 -1.472981
540 470.48 128.47 28.92 70.53 -1.499961
540 167.75 29.00 20.50 50.00 -2.191711
540 5.29 60.71 28.92 70.53 -2.696303
540 585.75 9.00 20.50 50.00 -3.713799
570 149.75 145.00 20.50 50.00 0.733456
570 127.75 159.00 20.50 50.00 0.145430
570 99.63 181.78 24.37 59.45 -0.468820
570 -0.27 105.82 22.38 54.58 -0.635944
570 10.65 182.18 22.38 54.58 -0.897147
570 137.75 147.00 20.50 50.00 -1.243872
570 595.92 102.55 44.67 108.95 -1.555696
570 275.75 93.00 20.50 50.00 -1.968701
600 473.72 169.09 22.38 54.58 5.398493
600 357.95 175.64 22.38 54.58 4.802441
600 403.82 171.27 22.38 54.58 2.926402
600 483.75 171.00 20.50 50.00 2.490170
600 308.02 172.54 26.57 64.81 0.690203
600 366.69 173.45 22.38 54.58 0.496298
600 592.00 97.43 48.64 118.64 -2.623202
600 102.39 18.55 22.38 54.58 -3.115802
630 328.74 172.54 26.57 64.81 7.191973
630 285.87 184.36 22.38 54.58 6.498152
630 418.44 172.28 24.37 59.45 4.991948
630 435.09 169.90 24.37 59.45 3.700013
630 264.03 188.73 22.38 54.58 3.209096
630 271.74 177.73 26.57 64.81 0.158591
630 33.75 187.00 20.50 50.00 0.021762
630 227.69 156.97 26.57 64.81 -0.159214
630 445.75 183.00 20.50 50.00 -0.304449
630 219.75 145.00 20.50 50.00 -0.457601
630 111.75 163.00 20.50 50.00 -1.101525
630 45.75 193.00 20.50 50.00 -1.223126
630 582.60 117.62 24.37 59.45 -1.252358
630 295.06 177.73 26.57 64.81 -1.477891
630 182.40 152.06 37.52 91.50 -1.636962
630 410.38 169.09 22.38 54.58 -1.763743
630 65.26 12.00 22.38 54.58 -3.401984
660 228.02 179.29 28.92 70.53 5.995369
660 384.16 180.00 22.38 54.58 5.968030
660 302.83 177.73 26.57 64.81 4.919117
660 165.73 197.45 22.38 54.58 4.035931
660 187.66 188.91 24.37 59.45 4.010555
660 315.42 176.47 28.92 70.53 3.796318
660 115.24 159.53 28.92 70.53 1.485438
660 132.97 166.91 22.38 54.58 -0.148925
660 163.87 169.90 24.37 59.45 -0.252884
660 326.70 173.65 28.92 70.53 -0.294580
660 243.75 197.00 20.50 50.00 -0.470146
660 449.37 181.78 24.37 59.45 -1.034743
660 392.27 179.41 24.37 59.45 -1.156752
660 157.75 203.00 20.50 50.00 -1.220389
660 70.39 180.00 31.54 76.92 -1.653824
690 78.59 187.76 28.92 70.53 6.106083
690 53.22 190.59 28.92 70.53 6.079624
690 213.83 188.91 24.37 59.45 4.770689
690 595.75 155.00 20.50 50.00 0.611540
690 90.36 190.70 26.57 64.81 -0.051857
690 64.49 199.06 28.92 70.53 -0.834380
690 3.75 217.00 20.50 50.00 -1.011729
690 617.88 149.45 22.38 54.58 -1.370854
690 224.23 186.15 31.54 76.92 -1.885702
690 613.77 115.46 26.57 64.81 -2.121168
690 11.75 211.00 20.50 50.00 -2.586541
720 187.66 174.65 24.37 59.45 -0.083623
720 23.00 232.22 26.57 64.81 -0.617106
720 604.78 158.18 22.38 54.58 -1.595731
720 12.63 221.84 26.57 64.81 -1.962177
720 278.62 48.00 75.52 184.20 -2.754393
750 533.77 203.48 107.29 261.69 0.451092
750 3.75 213.00 20.50 50.00 -0.010075
750 78.59 182.12 28.92 70.53 -0.735433
750 615.91 155.64 24.37 59.45 -1.261919
750 92.49 193.66 24.37 59.45 -1.661224
750 402.19 30.55 89.69 218.76 -2.294825
750 11.75 209.00 20.50 50.00 -2.490777
750 550.80 62.77 75.52 184.20 -2.559265
780 507.75 185.00 20.50 50.00 0.313774
780 430.03 177.82 22.38 54.58 -0.068917
780 408.19 173.45 22.38 54.58 -0.748142
780 473.75 177.00 20.50 50.00 -1.052130
780 515.22 180.00 22.38 54.58 -1.980180
780 554.34 98.82 57.98 141.42 -1.982456
780 543.75 181.00 20.50 50.00 -2.021514
780 547.31 13.85 31.54 76.92 -3.950273
780 228.06 -4.80 98.11 239.31 -4.241482
810 523.75 193.00 20.50 50.00 1.184420
810 451.75 191.00 20.50 50.00 0.538227
810 484.64 188.73 22.38 54.58 0.136484
810 425.75 195.00 20.50 50.00 0.105485
810 469.75 191.00 20.50 50.00 0.101840
810 409.07 177.73 26.57 64.81 -0.604762
810 517.75 183.00 20.50 50.00 -0.729622
810 390.93 159.57 26.57 64.81 -0.881222
810 446.73 81.88 57.98 141.42 -1.636342
810 207.00 28.00 82.00 200.00 -2.985031
840 603.00 176.47 28.92 70.53 2.976504
840 548.99 188.11 26.57 64.81 2.114827
840 437.75 179.00 20.50 50.00 0.995131
840 571.98 182.12 28.92 70.53 -0.243309
840 398.70 154.38 26.57 64.81 -0.470804
840 554.17 175.14 26.57 64.81 -0.525897
840 458.64 146.01 34.37 83.83 -0.697922
840 457.75 207.00 20.50 50.00 -0.919236
840 181.05 57.47 69.16 168.67 -1.692210
840 611.33 116.73 22.38 54.58 -1.762038
840 405.77 106.15 31.54 76.92 -1.917194
840 471.00 28.00 82.00 200.00 -2.181701
840 459.21 43.77 28.92 70.53 -3.417261
840 551.75 15.00 20.50 50.00 -4.176727
870 502.12 166.91 22.38 54.58 1.055674
870 525.65 159.44 34.37 83.83 0.669845
870 475.50 142.00 41.00 100.00 0.168386
870 351.82 162.77 24.37 59.45 0.160791
870 542.41 172.87 34.37 83.83 -0.109972
870 586.08 170.82 28.92 70.53 -1.057863
870 406.01 118.91 22.38 54.58 -1.155847
870 385.90 103.06 28.92 70.53 -1.274807
870 507.75 189.00 20.50 50.00 -1.378702
870 165.38 64.61 63.08 153.85 -1.954854
900 617.88 197.45 22.38 54.58 2.561917
900 611.45 159.53 28.92 70.53 1.520725
900 429.75 201.00 20.50 50.00 -0.499356
900 479.75 103.00 20.50 50.00 -0.795439
900 105.75 167.00 20.50 50.00 -1.303521
900 383.75 177.00 20.50 50.00 -1.817928
930 371.75 167.00 20.50 50.00 -1.319747
930 577.69 200.00 63.08 153.85 -1.528559
930 132.94 51.09 24.37 59.45 -3.193119
960 615.91 134.26 24.37 59.45 0.481105
960 406.48 188.11 26.57 64.81 -0.265853
960 137.75 141.00 20.50 50.00 -0.801948
960 349.75 139.00 20.50 50.00 -0.859517
960 363.75 157.00 20.50 50.00 -0.943250
960 101.75 141.00 20.50 50.00 -1.027483
960 242.38 115.25 24.37 59.45 -1.235464
960 422.56 182.12 28.92 70.53 -1.666808
960 253.39 114.35 28.92 70.53 -1.765247
960 617.88 33.82 22.38 54.58 -3.960548
990 484.58 142.59 28.92 70.53 1.313449
990 506.48 186.55 22.38 54.58 -0.120327
990 508.90 233.29 34.37 83.83 -0.707392
990 515.75 135.00 20.50 50.00 -0.953504
990 61.75 133.00 20.50 50.00 -1.079601
990 89.75 139.00 20.50 50.00 -1.144842
990 408.92 131.88 24.37 59.45 -1.226049
990 99.63 134.26 24.37 59.45 -1.414829
990 619.75 245.00 20.50 50.00 -1.568025
990 495.00 140.00 31.54 76.92 -1.657808
990 288.46 89.77 37.52 91.50 -1.733641
990 606.96 210.55 22.38 54.58 -2.535914
990 574.90 19.46 26.57 64.81 -3.651319
990 71.75 -1.00 20.50 50.00 -4.417837
1020 441.75 161.00 20.50 50.00 -0.388500
1020 15.02 134.18 22.38 54.58 -0.523525
1020 477.75 205.00 20.50 50.00 -0.708335
1020 4.46 131.88 24.37 59.45 -0.850655
1020 343.75 133.00 20.50 50.00 -1.250219
1020 65.75 145.00 20.50 50.00 -1.312570
1020 165.75 135.00 20.50 50.00 -1.548695
1020 486.83 232.36 22.38 54.58 -2.350683
1020 443.75 237.00 20.50 50.00 -2.376651
1050 555.81 162.80 34.37 83.83 1.602080
1050 369.75 143.00 20.50 50.00 1.215607
1050 3.75 145.00 20.50 50.00 0.602791
1050 595.92 250.91 44.67 108.95 0.443712
1050 353.75 141.00 20.50 50.00 -0.027033
1050 285.87 140.73 22.38 54.58 -0.682093
1050 397.03 136.63 24.37 59.45 -0.725895
1050 259.03 114.35 28.92 70.53 -0.789783
1050 535.75 147.00 20.50 50.00 -0.843806
1050 59.75 133.00 20.50 50.00 -0.929093
1050 615.91 134.26 24.37 59.45 -0.965969
1050 -0.25 133.00 20.50 50.00 -1.104990
1050 311.75 139.00 20.50 50.00 -1.205570
1050 331.74 136.36 22.38 54.58 -1.368253
1050 35.75 127.00 20.50 50.00 -1.432892
1050 9.75 139.00 20.50 50.00 -1.809315
1050 587.21 229.09 44.67 108.95 -2.585997
1050 588.90 309.18 28.92 70.53 -3.463880
1050 611.45 320.47 28.92 70.53 -4.530846
1080 285.75 155.00 20.50 50.00 1.508815
1080 607.75 157.00 20.50 50.00 0.382515
1080 309.90 118.91 22.38 54.58 0.134547
1080 313.75 146.14 24.37 59.45 0.134448
1080 219.75 155.00 20.50 50.00 -0.008196
1080 231.26 151.64 22.38 54.58 -0.140813
1080 473.16 148.51 24.37 59.45 -0.731976
1080 279.75 149.00 20.50 50.00 -0.827928
1080 159.62 118.46 31.54 76.92 -1.119350
1080 224.71 142.91 22.38 54.58 -1.180865
1080 584.23 133.85 31.54 76.92 -1.307511
1080 267.75 153.00 20.50 50.00 -1.456026
1080 337.97 117.18 28.92 70.53 -1.536773
1080 249.75 155.00 20.50 50.00 -1.752674
1080 365.75 91.00 20.50 50.00 -2.179838
1080 103.85 58.46 63.08 153.85 -2.863721
1110 211.45 158.02 24.37 59.45 3.104860
1110 283.69 156.00 22.38 54.58 1.853061
1110 237.82 149.45 22.38 54.58 1.005048
1110 305.43 154.38 26.57 64.81 0.553052
1110 204.31 150.89 24.37 59.45 0.336744
1110 225.10 154.38 26.57 64.81 0.034546
1110 186.23 131.03 26.57 64.81 -0.008798
1110 479.03 149.19 26.57 64.81 -0.083704
1110 368.87 138.55 22.38 54.58 -0.483651
1110 242.18 160.36 22.38 54.58 -0.574481
1110 311.20 115.80 34.37 83.83 -0.735327
1110 337.55 153.27 24.37 59.45 -0.849490
1110 -0.38 121.54 31.54 76.92 -0.997950
1110 615.91 150.89 24.37 59.45 -1.538575
1110 277.13 149.45 22.38 54.58 -1.574258
1110 550.38 143.08 31.54 76.92 -1.625055
1110 255.29 88.36 22.38 54.58 -2.192436
1140 193.75 171.00 20.50 50.00 1.844611
1140 200.63 135.94 34.37 83.83 0.233264
1140 269.15 154.38 26.57 64.81 -0.014296
1140 384.23 149.23 31.54 76.92 -0.150868
1140 613.77 136.22 26.57 64.81 -0.248828
1140 600.18 153.88 28.92 70.53 -0.456128
1140 525.50 165.15 24.37 59.45 -0.811439
1140 -0.65 95.48 52.90 129.03 -1.182479
1140 336.00 119.08 37.52 91.50 -1.376844
1140 396.54 143.08 31.54 76.92 -1.410981
1140 535.02 165.15 24.37 59.45 -1.437300
1140 305.43 159.57 26.57 64.81 -1.952118
1140 281.75 95.00 20.50 50.00 -2.148127
1170 151.75 185.00 20.50 50.00 2.504740
1170 304.22 133.09 44.67 108.95 -0.246507
1170 477.75 155.00 20.50 50.00 -0.291910
1170 193.37 144.73 37.52 91.50 -0.797885
1170 447.93 159.53 28.92 70.53 -1.159101
1170 368.99 156.71 28.92 70.53 -1.209771
1170 333.93 175.14 26.57 64.81 -1.372274
1170 395.09 175.64 22.38 54.58 -1.682445
1170 281.50 99.27 22.38 54.58 -1.750023
1170 181.05 167.35 26.57 64.81 -1.994959
1170 -0.59 92.67 48.64 118.64 -2.023657
1170 587.74 49.03 52.90 129.03 -2.917622
1200 111.75 191.00 20.50 50.00 4.973008
1200 117.75 185.00 20.50 50.00 0.558147
1200 91.92 167.69 31.54 76.92 0.293510
1200 264.03 166.91 22.38 54.58 0.068030
1200 61.86 182.92 26.57 64.81 0.034754
1200 274.95 164.73 22.38 54.58 -0.476616
1200 345.75 135.00 20.50 50.00 -0.533379
1200 619.75 185.00 20.50 50.00 -0.570685
1200 216.74 168.00 28.92 70.53 -1.092111
1200 229.94 159.39 37.52 91.50 -1.201879
1200 209.55 151.78 26.57 64.81 -1.674052
1200 358.96 129.50 24.37 59.45 -1.907411
1200 279.75 107.00 20.50 50.00 -1.948241
1230 447.75 185.00 20.50 50.00 1.380246
1230 333.75 153.00 20.50 50.00 -0.302339
1230 375.75 155.00 20.50 50.00 -0.589192
1230 396.11 138.81 26.57 64.81 -1.221609
1230 -0.65 131.61 52.90 129.03 -1.265886
1230 441.75 193.00 20.50 50.00 -1.543639
1230 362.43 144.00 26.57 64.81 -1.655880
1230 -0.27 97.09 22.38 54.58 -2.518925
1260 363.75 151.00 20.50 50.00 -0.062541
1260 349.75 145.00 20.50 50.00 -0.077998
1260 272.76 164.73 22.38 54.58 -0.439847
1260 202.69 149.23 31.54 76.92 -0.491963
1260 368.99 168.00 28.92 70.53 -0.826210
1260 279.51 102.49 26.57 64.81 -2.125809
1260 6.28 62.18 22.38 54.58 -3.098183
1290 5.75 193.00 20.50 50.00 2.856477
1290 113.31 186.55 22.38 54.58 2.004555
1290 365.02 175.14 26.57 64.81 0.631245
1290 313.75 179.41 24.37 59.45 -0.303724
1290 328.85 170.77 31.54 76.92 -0.673086
1290 355.77 140.73 22.38 54.58 -1.738039
1290 445.75 187.00 20.50 50.00 -1.765627
1290 213.75 159.00 20.50 50.00 -1.895881
1290 -0.65 95.48 52.90 129.03 -2.147749
1320 336.52 172.54 26.57 64.81 0.107203
1320 359.84 151.78 26.57 64.81 -0.800387
1320 275.75 155.00 20.50 50.00 -1.085575
1320 437.47 143.76 24.37 59.45 -1.224144
1320 213.83 153.27 24.37 59.45 -1.361728
1320 -0.54 115.64 44.67 108.95 -1.472847
1320 56.03 182.12 28.92 70.53 -1.543097
1350 -0.50 198.00 41.00 100.00 -2.536664
1350 10.04 6.49 26.57 64.81 -4.278011
1410 1.75 193.00 20.50 50.00 -0.380578
1410 170.10 182.18 22.38 54.58 -0.396873
1410 303.50 158.00 41.00 100.00 -0.563340
1410 108.94 182.18 22.38 54.58 -0.626295
1410 -0.54 111.27 44.67 108.95 -1.337366
1440 277.75 113.00 20.50 50.00 -1.079540
1440 479.75 163.00 20.50 50.00 -1.533024
1440 195.75 207.00 20.50 50.00 -1.562384
1440 619.75 185.00 20.50 50.00 -1.744438
1470 180.00 136.77 52.90 129.03 -0.566824
1470 123.75 185.00 20.50 50.00 -0.891635
1470 -0.50 118.00 41.00 100.00 -1.641111
1470 6.28 64.36 22.38 54.58 -2.825252
1500 127.75 191.00 20.50 50.00 -0.082497
1500 -0.59 111.68 48.64 118.64 -0.264001
1500 340.79 142.59 28.92 70.53 -0.551388
1500 394.36 142.59 28.92 70.53 -0.556619
1500 434.40 151.64 22.38 54.58 -0.750377
1500 308.02 146.59 26.57 64.81 -1.172185
1500 380.37 150.89 24.37 59.45 -1.290800
1500 617.88 169.09 22.38 54.58 -2.235045
1530 -0.71 189.18 57.98 141.42 1.214471
1530 -0.77 126.15 63.08 153.85 -0.846022
1530 377.61 160.36 22.38 54.58 -1.280939
1530 92.69 182.12 28.92 70.53 -1.335485
1530 371.75 191.00 20.50 50.00 -2.141016
1530 10.62 234.35 57.98 141.42 -2.180116
1530 2.08 324.36 24.37 59.45 -3.421763
1560 131.67 126.67 136.67 333.33 6.484950
1560 38.33 126.67 136.67 333.33 5.316567
1560 387.75 185.00 20.50 50.00 0.761109
1560 91.67 86.67 136.67 333.33 0.445842
1560 331.34 175.14 26.57 64.81 0.372435
1560 285.20 167.52 24.37 59.45 -0.943085
1560 617.88 188.73 22.38 54.58 -1.233723
1560 -0.92 144.00 75.52 184.20 -1.322970
1560 359.62 155.38 31.54 76.92 -1.339221
1560 316.45 177.82 22.38 54.58 -1.920543
1560 -0.46 100.76 37.52 91.50 -2.448613
1560 8.46 64.36 22.38 54.58 -2.932463
1590 390.91 109.09 149.09 363.64 6.596204
1590 260.00 109.09 149.09 363.64 4.695416
1590 318.18 94.55 149.09 363.64 2.432082
1590 234.56 202.91 44.67 108.95 0.834051
1590 243.50 170.00 41.00 100.00 0.371647
1590 223.50 230.00 41.00 100.00 -0.862984
1590 -0.54 159.27 44.67 108.95 -1.566657
1590 582.94 182.18 22.38 54.58 -1.599687
1620 491.67 140.00 136.67 333.33 8.042773
1620 395.75 187.00 20.50 50.00 4.334255
1620 611.45 139.76 28.92 70.53 0.372602
1620 441.54 166.15 126.15 307.69 0.341194
1620 386.35 180.00 22.38 54.58 -0.107460
1620 233.46 161.54 31.54 76.92 -0.149888
1620 366.17 173.65 28.92 70.53 -0.536161
1620 331.34 177.73 26.57 64.81 -0.612270
1620 266.56 164.76 26.57 64.81 -1.035640
1620 606.07 270.21 34.37 83.83 -1.077736
1620 287.22 170.82 28.92 70.53 -1.160936
1620 467.14 74.29 117.14 285.71 -1.301684
1620 360.53 153.88 28.92 70.53 -1.310638
1620 253.11 184.36 22.38 54.58 -1.475963
1620 393.75 169.00 20.50 50.00 -1.486192
1620 -0.46 115.42 37.52 91.50 -1.527712
1650 395.09 180.00 22.38 54.58 2.294295
1650 247.75 187.00 20.50 50.00 -0.110044
1650 230.48 167.52 24.37 59.45 -0.186010
1650 331.34 177.73 26.57 64.81 -0.836258
1650 360.53 159.53 28.92 70.53 -1.389733
1650 241.75 193.00 20.50 50.00 -1.408369
1650 -0.50 106.00 41.00 100.00 -1.614159
1680 390.93 177.73 26.57 64.81 0.536224
1680 225.20 168.00 28.92 70.53 0.516798
1680 242.38 181.78 24.37 59.45 0.056552
1680 332.33 173.65 28.92 70.53 -0.673660
1680 362.43 175.14 26.57 64.81 -0.988195
1680 308.02 177.73 26.57 64.81 -1.578470
1680 256.65 184.16 24.37 59.45 -2.058267
1710 214.03 156.08 34.37 83.83 1.420066
1710 397.75 183.00 20.50 50.00 0.855579
1710 359.62 167.69 31.54 76.92 0.631999
1710 326.70 173.65 28.92 70.53 0.502546
1710 237.82 188.73 22.38 54.58 0.325931
1710 249.52 184.16 24.37 59.45 0.192138
1710 388.53 182.18 22.38 54.58 -0.426858
1710 339.75 161.00 20.50 50.00 -0.732990
1710 523.96 184.36 22.38 54.58 -0.910554
1710 -0.25 107.00 20.50 50.00 -1.546201
1710 381.98 166.91 22.38 54.58 -2.018603
1710 458.43 190.91 22.38 54.58 -2.078059
1740 394.65 177.03 24.37 59.45 2.348509
1740 226.89 186.55 22.38 54.58 1.617358
1740 321.06 176.47 28.92 70.53 0.786755
1740 361.47 166.15 34.37 83.83 0.239711
1740 207.33 156.08 34.37 83.83 -0.103791
1740 305.53 169.09 22.38 54.58 -0.258338
1740 250.57 176.47 28.92 70.53 -0.587389
1740 351.41 139.30 34.37 83.83 -0.939215
1740 329.75 155.00 20.50 50.00 -1.140930
1740 619.75 191.00 20.50 50.00 -1.252968
1770 397.03 184.16 24.37 59.45 1.505726
1770 222.38 179.29 28.92 70.53 0.325243
1770 319.62 173.85 31.54 76.92 0.278851
1770 301.15 173.85 31.54 76.92 -0.286019
1770 353.75 161.00 20.50 50.00 -0.454940
1770 254.24 166.15 34.37 83.83 -0.513863
1770 204.37 164.76 26.57 64.81 -0.925265
1770 456.25 193.09 22.38 54.58 -1.059784
1770 244.37 197.45 22.38 54.58 -1.168038
1770 345.75 163.00 20.50 50.00 -1.173573
1770 444.61 188.91 24.37 59.45 -1.927210
1800 193.37 159.39 37.52 91.50 1.433613
1800 394.65 177.03 24.37 59.45 0.396295
1800 216.74 182.12 28.92 70.53 -0.584066
1800 273.13 179.29 28.92 70.53 -0.719067
1800 351.40 162.55 22.38 54.58 -1.137306
1800 413.68 191.29 24.37 59.45 -1.401446
1800 617.88 193.09 22.38 54.58 -1.421142
1800 325.77 173.85 31.54 76.92 -2.031861
1830 292.42 188.73 22.38 54.58 3.065798
1830 186.06 155.73 37.52 91.50 1.051422
1830 316.13 184.16 24.37 59.45 0.697203
1830 348.06 169.51 34.37 83.83 0.516789
1830 209.75 203.00 20.50 50.00 0.205686
1830 298.98 182.18 22.38 54.58 0.158757
1830 581.75 199.00 20.50 50.00 0.061048
1830 599.50 154.00 41.00 100.00 -0.599999
1830 244.57 163.05 37.52 91.50 -0.897217
1830 261.75 101.00 20.50 50.00 -1.789358
