30 487.43 186.53 24.37 59.45 10.596075
30 559.62 161.54 31.54 76.92 1.699781
30 494.57 175.14 26.57 64.81 1.248160
30 477.92 186.53 24.37 59.45 0.674198
30 438.77 190.91 22.38 54.58 -0.668495
30 526.14 193.09 22.38 54.58 -0.867077
30 492.19 198.42 24.37 59.45 -1.029466
30 425.75 193.00 20.50 50.00 -1.054537
30 565.77 183.08 31.54 76.92 -1.603733
30 613.77 79.14 26.57 64.81 -1.734577
30 573.75 149.00 20.50 50.00 -1.791967
30 58.08 170.77 31.54 76.92 -1.890489
30 608.85 103.08 31.54 76.92 -2.085247
30 599.50 142.00 41.00 100.00 -2.245135
60 510.12 185.51 26.57 64.81 8.759006
60 482.46 182.18 22.38 54.58 3.290832
60 573.71 159.39 37.52 91.50 1.759023
60 425.75 191.00 20.50 50.00 0.731511
60 501.71 184.16 24.37 59.45 0.654979
60 517.89 177.73 26.57 64.81 0.257748
60 443.75 199.00 20.50 50.00 -0.102848
60 537.75 195.00 20.50 50.00 -0.351019
60 157.75 187.00 20.50 50.00 -1.159308
60 511.23 162.77 24.37 59.45 -1.565502
60 563.52 170.82 28.92 70.53 -1.646555
60 575.92 115.80 34.37 83.83 -2.030279
90 562.51 176.22 34.37 83.83 10.247438
90 497.75 185.00 20.50 50.00 2.841357
90 552.25 184.94 28.92 70.53 1.397291
90 464.98 193.09 22.38 54.58 -0.096927
90 571.79 77.75 69.16 168.67 -0.449248
90 447.93 173.65 28.92 70.53 -0.868264
90 517.75 177.00 20.50 50.00 -1.110695
120 556.72 173.45 22.38 54.58 1.339727
120 506.47 193.66 24.37 59.45 -0.268776
120 601.75 187.00 20.50 50.00 -0.551121
120 518.36 200.79 24.37 59.45 -0.889120
120 496.95 191.29 24.37 59.45 -1.992981
120 619.75 37.00 20.50 50.00 -3.292932
150 565.44 168.00 44.67 108.95 0.505512
150 602.97 185.04 37.52 91.50 -0.550246
150 406.54 200.79 24.37 59.45 -1.086305
150 611.75 139.00 20.50 50.00 -1.267767
150 531.75 183.00 20.50 50.00 -1.413015
150 98.14 177.73 26.57 64.81 -1.930975
150 25.87 158.02 24.37 59.45 -2.122787
150 557.75 213.00 20.50 50.00 -2.377235
180 416.93 206.18 22.38 54.58 -0.053489
180 167.75 175.00 20.50 50.00 -0.183001
180 353.75 187.00 20.50 50.00 -1.175027
180 384.16 184.36 22.38 54.58 -1.400911
180 433.75 211.00 20.50 50.00 -1.657921
180 458.64 196.36 34.37 83.83 -1.920850
180 582.65 93.18 57.98 141.42 -1.951963
180 489.81 231.68 24.37 59.45 -2.675644
210 602.97 152.06 37.52 91.50 0.870217
210 570.06 247.33 37.52 91.50 -0.952466
210 256.19 190.70 26.57 64.81 -1.188347
210 56.05 120.00 44.67 108.95 -2.036741
210 466.02 219.80 24.37 59.45 -2.312678
210 455.71 221.84 26.57 64.81 -2.723447
210 617.88 317.45 22.38 54.58 -5.793094
240 126.42 166.91 22.38 54.58 -1.058478
240 599.50 258.00 41.00 100.00 -1.200976
240 100.73 159.57 26.57 64.81 -1.600558
240 339.75 171.00 20.50 50.00 -1.704255
240 507.31 173.85 31.54 76.92 -1.783731
240 361.34 181.78 24.37 59.45 -1.857308
240 589.75 275.00 20.50 50.00 -1.868615
270 342.30 169.90 24.37 59.45 0.358426
270 267.75 177.00 20.50 50.00 0.335790
270 245.75 173.00 20.50 50.00 0.107838
270 345.75 201.00 20.50 50.00 -0.738236
270 -0.35 173.65 28.92 70.53 -0.993454
270 510.32 167.74 52.90 129.03 -1.241877
270 619.75 141.00 20.50 50.00 -1.927350
270 11.50 110.00 41.00 100.00 -2.132956
300 92.95 162.16 26.57 64.81 0.436046
300 365.75 185.00 20.50 50.00 0.108840
300 184.30 168.71 48.64 118.64 -0.125365
300 394.36 162.35 28.92 70.53 -0.319444
300 442.06 203.36 37.52 91.50 -0.390236
300 411.75 173.00 20.50 50.00 -1.097650
300 361.75 175.00 20.50 50.00 -1.124197
300 391.75 149.00 20.50 50.00 -1.405255
300 436.59 145.09 22.38 54.58 -1.593108
300 384.92 196.36 34.37 83.83 -1.906099
300 303.75 175.00 20.50 50.00 -1.959160
300 37.75 175.00 20.50 50.00 -2.014957
330 461.26 186.53 24.37 59.45 1.876122
330 130.41 144.00 89.69 218.76 1.385529
330 559.16 162.80 34.37 83.83 0.673684
330 309.75 173.00 20.50 50.00 0.543203
330 257.75 173.00 20.50 50.00 -0.156868
330 503.36 217.41 57.98 141.42 -0.731917
330 395.09 173.45 22.38 54.58 -0.874828
330 453.75 197.00 20.50 50.00 -0.904162
330 602.72 102.38 34.37 83.83 -0.986855
330 156.71 117.82 89.69 218.76 -1.747977
330 41.94 162.35 28.92 70.53 -1.830790
330 -0.59 102.18 48.64 118.64 -1.856599
330 85.75 153.00 20.50 50.00 -1.969895
360 187.75 187.00 20.50 50.00 2.973016
360 203.75 183.00 20.50 50.00 2.260486
360 181.75 181.00 20.50 50.00 0.826293
360 155.75 185.00 20.50 50.00 0.427238
360 140.07 174.65 24.37 59.45 0.151444
360 125.75 185.00 20.50 50.00 -0.246112
360 617.88 166.91 22.38 54.58 -0.321426
360 445.75 119.00 20.50 50.00 -0.516566
360 451.50 150.00 41.00 100.00 -0.919662
360 79.61 155.38 31.54 76.92 -0.940848
360 -0.25 191.00 20.50 50.00 -0.985120
360 272.76 171.27 22.38 54.58 -0.985208
360 325.75 175.00 20.50 50.00 -1.133135
360 568.30 130.69 48.64 118.64 -1.152405
360 45.75 155.00 20.50 50.00 -1.196000
360 577.62 218.82 28.92 70.53 -1.327113
360 141.75 157.00 20.50 50.00 -1.577818
360 67.75 157.00 20.50 50.00 -1.614803
360 619.75 9.00 20.50 50.00 -4.599420
390 198.50 182.18 22.38 54.58 5.026498
390 218.16 180.00 22.38 54.58 3.724428
390 189.76 180.00 22.38 54.58 2.507153
390 161.75 185.00 20.50 50.00 1.452578
390 53.75 157.00 20.50 50.00 0.854826
390 577.69 132.31 63.08 153.85 0.362350
390 226.89 182.18 22.38 54.58 0.239638
390 366.10 165.15 24.37 59.45 0.186350
390 117.68 180.00 22.38 54.58 0.076257
390 140.62 165.18 28.92 70.53 -0.019986
390 207.75 185.00 20.50 50.00 -0.189539
390 65.26 184.36 22.38 54.58 -0.325476
390 244.37 173.45 22.38 54.58 -0.358951
390 28.80 144.73 37.52 91.50 -0.366999
390 80.00 148.40 37.52 91.50 -0.683125
390 297.10 165.15 24.37 59.45 -1.342865
390 -0.59 125.94 48.64 118.64 -1.599377
390 125.75 191.00 20.50 50.00 -1.708181
390 589.49 53.45 22.38 54.58 -3.031775
420 211.60 186.55 22.38 54.58 6.987668
420 230.48 181.78 24.37 59.45 3.283750
420 135.75 197.00 20.50 50.00 2.955699
420 173.75 187.00 20.50 50.00 2.846694
420 240.00 184.16 24.37 59.45 1.858724
420 150.44 188.73 22.38 54.58 1.447946
420 202.87 182.18 22.38 54.58 1.199868
420 65.26 190.91 22.38 54.58 0.489439
420 141.75 189.00 20.50 50.00 -0.092154
420 159.11 181.78 24.37 59.45 -0.092734
420 191.95 182.18 22.38 54.58 -0.246305
420 617.88 169.09 22.38 54.58 -0.395712
420 369.75 171.00 20.50 50.00 -0.796676
420 25.59 182.92 26.57 64.81 -0.819151
420 263.79 172.28 24.37 59.45 -0.849820
420 221.75 189.00 20.50 50.00 -0.895029
420 388.15 111.68 48.64 118.64 -1.075611
420 109.14 186.53 24.37 59.45 -1.170856
420 -0.32 156.97 26.57 64.81 -1.576922
420 328.74 162.16 26.57 64.81 -1.825504
450 126.64 188.11 26.57 64.81 5.352565
450 152.55 182.92 26.57 64.81 3.954883
450 81.75 191.00 20.50 50.00 3.674101
450 39.75 203.00 20.50 50.00 2.592114
450 142.19 185.51 26.57 64.81 2.352825
450 63.94 186.53 24.37 59.45 0.909671
450 356.58 167.52 24.37 59.45 0.331191
450 116.28 185.51 26.57 64.81 0.205303
450 48.91 190.70 26.57 64.81 0.133330
450 619.75 185.00 20.50 50.00 0.124803
450 186.23 172.54 26.57 64.81 -0.197503
450 259.03 159.53 28.92 70.53 -0.748975
450 75.75 197.00 20.50 50.00 -0.892040
450 107.75 189.00 20.50 50.00 -1.203141
450 43.73 175.14 26.57 64.81 -1.697644
450 2.47 190.59 28.92 70.53 -1.710197
480 567.10 126.45 52.90 129.03 5.259668
480 151.89 159.53 28.92 70.53 -1.286971
480 530.37 116.44 48.64 118.64 -1.467458
480 582.86 102.55 44.67 108.95 -1.468237
480 467.50 134.00 41.00 100.00 -1.498292
510 259.82 149.65 57.98 141.42 3.525087
510 617.88 156.00 22.38 54.58 -1.226804
510 474.97 122.75 37.52 91.50 -1.777121
510 256.33 115.64 44.67 108.95 -1.784326
540 247.75 179.00 20.50 50.00 -0.424749
540 92.26 157.42 52.90 129.03 -0.786925
540 619.75 183.00 20.50 50.00 -0.836868
540 160.46 144.73 37.52 91.50 -1.070437
540 256.19 164.76 26.57 64.81 -1.227755
540 184.30 121.19 48.64 118.64 -2.001570
570 617.88 193.09 22.38 54.58 0.201591
570 89.75 187.00 20.50 50.00 -0.071513
570 606.39 191.29 24.37 59.45 -0.796827
570 -0.30 179.41 24.37 59.45 -1.542223
570 97.25 177.03 24.37 59.45 -1.861379
570 79.75 183.00 20.50 50.00 -1.884723
600 467.67 184.94 28.92 70.53 -0.760634
600 502.35 175.14 26.57 64.81 -1.192386
600 -0.27 132.00 22.38 54.58 -1.272612
600 602.97 203.36 37.52 91.50 -1.438416
600 396.11 182.92 26.57 64.81 -1.451550
600 113.75 165.00 20.50 50.00 -1.600608
600 520.74 200.79 24.37 59.45 -1.676212
600 592.12 234.06 24.37 59.45 -2.176234
630 405.75 187.00 20.50 50.00 3.236036
630 349.44 193.66 24.37 59.45 0.779821
630 427.75 191.00 20.50 50.00 0.074325
630 392.90 173.45 22.38 54.58 -0.855448
630 39.75 187.00 20.50 50.00 -0.964206
630 472.04 179.58 34.37 83.83 -1.318319
630 599.26 250.69 24.37 59.45 -1.496629
630 413.68 179.41 24.37 59.45 -1.650059
630 195.75 211.00 20.50 50.00 -1.707440
630 120.21 149.37 34.37 83.83 -1.811395
630 613.77 131.03 26.57 64.81 -1.943130
660 305.53 182.18 22.38 54.58 2.750675
660 599.50 142.00 41.00 100.00 -0.095190
660 394.97 142.66 34.37 83.83 -0.858266
660 619.75 105.00 20.50 50.00 -0.950141
660 351.41 142.66 34.37 83.83 -1.311481
660 33.01 217.43 24.37 59.45 -1.346036
660 550.17 90.55 22.38 54.58 -1.386750
660 599.50 190.00 41.00 100.00 -1.449340
660 431.75 191.00 20.50 50.00 -1.659690
660 619.75 81.00 20.50 50.00 -2.086426
660 -0.35 159.53 28.92 70.53 -2.200244
660 615.91 262.57 24.37 59.45 -3.144015
690 230.28 182.92 26.57 64.81 4.917321
690 243.75 197.00 20.50 50.00 0.924543
690 220.34 190.91 22.38 54.58 0.911799
690 551.23 82.91 89.69 218.76 0.393494
690 475.39 182.94 34.37 83.83 -0.181152
690 414.74 171.27 22.38 54.58 -0.403900
690 373.75 175.00 20.50 50.00 -1.225403
690 -0.27 158.18 22.38 54.58 -2.074303
720 141.15 186.15 31.54 76.92 7.341527
720 154.71 193.41 28.92 70.53 1.456780
720 126.64 198.49 26.57 64.81 0.384473
720 574.20 254.18 22.38 54.58 0.200992
720 439.75 191.00 20.50 50.00 0.161190
720 504.23 192.31 31.54 76.92 -0.788491
720 362.32 175.64 22.38 54.58 -0.807856
720 44.91 179.41 24.37 59.45 -1.057314
720 539.78 191.29 24.37 59.45 -1.151459
720 565.46 254.18 22.38 54.58 -1.215223
720 403.75 189.00 20.50 50.00 -1.507994
720 199.75 175.00 20.50 50.00 -1.601070
720 -0.35 170.82 28.92 70.53 -1.730789
720 563.75 237.00 20.50 50.00 -1.925830
720 613.53 29.70 24.37 59.45 -3.751430
750 11.50 178.00 41.00 100.00 5.733777
750 369.75 177.00 20.50 50.00 -0.093755
750 15.50 142.00 41.00 100.00 -0.420657
750 470.78 184.16 24.37 59.45 -0.884045
750 -0.50 190.00 41.00 100.00 -1.384046
750 447.75 181.00 20.50 50.00 -1.563635
750 377.99 179.41 24.37 59.45 -1.885515
750 606.07 162.80 34.37 83.83 -1.965954
780 433.75 189.00 20.50 50.00 1.617103
780 439.85 174.65 24.37 59.45 -0.322605
780 25.75 183.00 20.50 50.00 -0.772843
780 375.43 184.36 22.38 54.58 -1.147730
780 -0.42 139.30 34.37 83.83 -1.361807
780 165.73 166.91 22.38 54.58 -1.530112
780 452.24 133.09 44.67 108.95 -1.710585
780 56.52 180.00 22.38 54.58 -2.051332
810 447.75 191.00 20.50 50.00 3.755134
810 455.75 191.00 20.50 50.00 0.610697
810 467.75 189.00 20.50 50.00 0.316499
810 510.85 180.00 22.38 54.58 -0.244497
810 393.75 191.00 20.50 50.00 -0.405390
810 439.75 187.00 20.50 50.00 -1.227886
810 -0.32 175.14 26.57 64.81 -1.862372
810 31.75 177.00 20.50 50.00 -2.028746
840 475.75 191.00 20.50 50.00 2.249073
840 495.56 197.45 22.38 54.58 1.781900
840 482.46 182.18 22.38 54.58 1.282911
840 341.75 183.00 20.50 50.00 0.633533
840 13.75 185.00 20.50 50.00 -0.210133
840 486.83 197.45 22.38 54.58 -0.618400
840 401.64 188.73 22.38 54.58 -1.029522
840 179.75 173.00 20.50 50.00 -1.125883
840 510.32 116.13 52.90 129.03 -1.346268
840 556.54 170.77 31.54 76.92 -1.419114
840 43.75 183.00 20.50 50.00 -1.684127
840 4.46 167.52 24.37 59.45 -1.815038
870 521.75 197.00 20.50 50.00 5.390059
870 505.75 197.00 20.50 50.00 4.711061
870 339.75 191.00 20.50 50.00 3.237334
870 497.75 188.73 22.38 54.58 0.620573
870 513.75 197.00 20.50 50.00 0.251045
870 333.75 185.00 20.50 50.00 0.033688
870 458.64 176.22 34.37 83.83 -0.403702
870 424.23 180.00 31.54 76.92 -0.659167
870 582.65 115.76 57.98 141.42 -1.231174
900 575.46 188.91 24.37 59.45 5.356337
900 343.75 189.00 20.50 50.00 3.215494
900 582.60 196.04 24.37 59.45 1.562869
900 561.19 191.29 24.37 59.45 1.525622
900 351.75 191.00 20.50 50.00 1.406140
900 97.75 171.00 20.50 50.00 -0.108154
900 619.75 197.00 20.50 50.00 -0.852516
900 129.75 157.00 20.50 50.00 -1.287850
900 367.61 190.70 26.57 64.81 -1.428567
900 466.02 224.55 24.37 59.45 -1.492536
900 361.75 185.00 20.50 50.00 -1.973992
930 367.61 182.92 26.57 64.81 5.771482
930 47.78 173.45 22.38 54.58 0.567682
930 159.75 181.00 20.50 50.00 0.385561
930 379.80 188.73 22.38 54.58 0.356522
930 81.75 169.00 20.50 50.00 -0.224935
930 165.75 175.00 20.50 50.00 -0.731628
930 595.92 115.64 44.67 108.95 -0.944639
930 411.66 195.89 26.57 64.81 -1.058572
930 395.75 193.00 20.50 50.00 -1.312404
930 54.42 160.40 24.37 59.45 -1.641653
930 472.04 152.73 34.37 83.83 -1.649158
930 -0.42 156.08 34.37 83.83 -1.722767
930 611.45 264.00 28.92 70.53 -2.138476
960 415.00 180.00 31.54 76.92 2.158913
960 547.75 153.00 20.50 50.00 0.014573
960 427.31 180.00 31.54 76.92 -0.004989
960 41.13 185.51 26.57 64.81 -0.072734
960 107.75 195.00 20.50 50.00 -0.664837
960 441.75 159.00 20.50 50.00 -0.769553
960 95.75 195.00 20.50 50.00 -0.801773
960 569.83 256.36 22.38 54.58 -0.805387
960 602.97 89.77 37.52 91.50 -1.016233
960 530.26 174.65 24.37 59.45 -1.248504
960 591.72 97.41 28.92 70.53 -1.350689
960 606.07 142.66 34.37 83.83 -1.539485
960 29.75 175.00 20.50 50.00 -1.847818
990 469.03 152.26 52.90 129.03 1.673277
990 32.49 175.64 22.38 54.58 0.600146
990 619.75 113.00 20.50 50.00 -0.848782
990 4.10 175.64 22.38 54.58 -0.896889
990 529.69 224.47 28.92 70.53 -1.444052
990 511.75 225.00 20.50 50.00 -1.685437
990 543.67 181.09 44.67 108.95 -2.221606
1020 615.70 180.00 22.38 54.58 4.335591
1020 438.77 171.27 22.38 54.58 0.204853
1020 91.75 163.00 20.50 50.00 -0.431773
1020 107.75 167.00 20.50 50.00 -0.567205
1020 543.67 115.64 44.67 108.95 -0.867255
1020 515.30 144.00 26.57 64.81 -1.459525
1020 121.04 160.40 24.37 59.45 -1.888496
1050 617.88 188.73 22.38 54.58 3.273638
1050 287.75 173.00 20.50 50.00 1.349619
1050 613.53 167.52 24.37 59.45 -1.263499
1050 511.41 111.68 48.64 118.64 -1.289610
1050 472.04 132.59 34.37 83.83 -1.526675
1050 509.75 217.00 20.50 50.00 -1.797870
1080 174.47 169.09 22.38 54.58 3.460397
1080 167.75 177.00 20.50 50.00 0.015506
1080 619.75 185.00 20.50 50.00 -0.429638
1080 435.75 163.00 20.50 50.00 -0.698017
1080 413.75 167.00 20.50 50.00 -0.726171
1080 493.75 175.00 20.50 50.00 -0.974100
1080 481.75 167.00 20.50 50.00 -0.983534
1080 423.75 165.00 20.50 50.00 -1.163001
1080 458.08 133.85 31.54 76.92 -1.384773
1080 619.75 163.00 20.50 50.00 -1.511297
1080 521.75 71.00 20.50 50.00 -1.582874
1080 513.46 213.85 31.54 76.92 -2.461447
1110 139.75 171.00 20.50 50.00 5.090586
1110 523.75 155.00 20.50 50.00 0.403505
1110 128.60 166.91 22.38 54.58 0.281092
1110 148.26 166.91 22.38 54.58 -0.273008
1110 455.75 155.00 20.50 50.00 -0.309976
1110 447.75 157.00 20.50 50.00 -0.420035
1110 489.60 111.76 37.52 91.50 -0.745890
1110 469.75 153.00 20.50 50.00 -0.761091
1110 393.75 125.00 20.50 50.00 -1.382524
1110 523.08 110.27 26.57 64.81 -1.687223
1110 505.55 105.73 34.37 83.83 -2.261288
1140 148.26 166.91 22.38 54.58 3.883625
1140 595.92 106.91 44.67 108.95 0.816954
1140 579.75 153.00 20.50 50.00 0.660124
1140 529.75 149.00 20.50 50.00 0.080234
1140 554.54 142.91 22.38 54.58 -0.143988
1140 542.16 139.01 24.37 59.45 -0.602522
1140 37.75 169.00 20.50 50.00 -1.594865
1140 267.75 165.00 20.50 50.00 -1.810217
1170 108.94 173.45 22.38 54.58 4.677102
1170 117.75 181.00 20.50 50.00 -0.065034
1170 509.75 117.00 20.50 50.00 -0.275851
1170 619.75 139.00 20.50 50.00 -1.478516
1170 578.57 145.09 22.38 54.58 -1.606282
1170 41.23 169.09 22.38 54.58 -1.709213
1170 611.45 97.41 28.92 70.53 -2.352586
1200 23.75 182.18 22.38 54.58 4.051136
1200 617.88 158.18 22.38 54.58 1.285852
1200 17.75 191.00 20.50 50.00 1.093667
1200 604.78 164.73 22.38 54.58 0.755185
1200 591.67 164.73 22.38 54.58 -0.048993
1200 512.78 125.65 28.92 70.53 -1.222418
1200 31.75 191.00 20.50 50.00 -1.433474
1230 592.00 106.93 48.64 118.64 0.176306
1230 509.75 123.00 20.50 50.00 0.048214
1230 273.75 183.00 20.50 50.00 -0.960282
1230 582.60 165.15 24.37 59.45 -1.025775
1260 572.01 166.91 22.38 54.58 1.074069
1260 461.75 119.00 20.50 50.00 0.789875
1260 554.17 164.76 26.57 64.81 -0.069908
1260 535.33 159.53 28.92 70.53 -0.661881
1260 605.75 173.00 20.50 50.00 -0.709752
1260 619.75 181.00 20.50 50.00 -0.779982
1260 197.75 183.00 20.50 50.00 -0.852170
1260 209.75 181.00 20.50 50.00 -1.509392
1260 587.75 181.00 20.50 50.00 -1.794392
1260 579.75 181.00 20.50 50.00 -2.207591
1290 343.75 117.00 20.50 50.00 0.358363
1290 554.34 93.18 57.98 141.42 0.162742
1290 438.06 95.48 52.90 129.03 -0.091057
1290 504.30 166.91 22.38 54.58 -0.601751
1290 4.10 156.00 22.38 54.58 -0.757185
1290 520.35 93.18 57.98 141.42 -0.864110
1290 412.26 95.48 52.90 129.03 -1.506730
1320 430.38 158.46 31.54 76.92 1.651747
1320 337.97 159.53 28.92 70.53 0.873763
1320 292.86 153.88 28.92 70.53 0.438817
1320 401.30 159.57 26.57 64.81 0.279763
1320 213.75 109.00 20.50 50.00 0.277979
1320 354.29 137.40 37.52 91.50 -0.255432
1320 469.75 135.00 20.50 50.00 -0.443013
1320 321.26 139.30 34.37 83.83 -0.805029
1320 412.80 133.74 37.52 91.50 -1.224177
1320 532.70 99.27 22.38 54.58 -1.507906
1320 439.47 114.35 28.92 70.53 -1.525672
1320 301.15 93.85 31.54 76.92 -2.150800
1350 115.75 113.00 20.50 50.00 0.466918
1350 178.14 143.76 24.37 59.45 -0.760029
1350 109.60 131.29 28.92 70.53 -1.287598
1350 341.75 87.00 20.50 50.00 -1.769736
1350 577.69 83.08 63.08 153.85 -2.343795
1380 270.99 159.44 34.37 83.83 1.166816
1380 147.31 161.54 31.54 76.92 0.990612
1380 45.60 110.18 22.38 54.58 0.894668
1380 168.81 156.71 28.92 70.53 0.566750
1380 132.16 162.35 28.92 70.53 0.565038
1380 292.11 148.40 37.52 91.50 0.177031
1380 377.61 105.82 22.38 54.58 0.064000
1380 241.75 159.00 20.50 50.00 -0.120447
1380 221.75 177.00 20.50 50.00 -0.723090
1380 255.00 158.46 31.54 76.92 -0.869432
1380 178.46 169.95 26.57 64.81 -1.445135
1380 592.00 148.40 37.52 91.50 -1.641415
1410 134.98 162.35 28.92 70.53 1.714944
1410 7.75 113.00 20.50 50.00 0.967265
1410 230.38 158.46 31.54 76.92 0.826923
1410 110.38 161.54 31.54 76.92 0.408240
1410 260.68 137.45 44.67 108.95 -0.061767
1410 342.66 103.64 22.38 54.58 -0.325578
1410 120.21 142.66 34.37 83.83 -0.387760
1410 211.66 133.74 37.52 91.50 -0.420668
1410 199.82 165.18 28.92 70.53 -0.514823
1410 92.69 162.35 28.92 70.53 -0.756760
1410 592.00 152.06 37.52 91.50 -0.819558
1410 2.27 131.03 26.57 64.81 -1.323487
1410 569.72 156.97 26.57 64.81 -1.336205
1410 202.87 116.73 22.38 54.58 -1.368442
1410 241.94 100.65 52.90 129.03 -1.408391
1410 592.00 68.91 48.64 118.64 -2.389221
1410 275.75 21.00 20.50 50.00 -4.082150
1440 98.08 158.46 31.54 76.92 0.901088
1440 199.62 158.46 31.54 76.92 0.816551
1440 225.85 137.45 44.67 108.95 0.508433
1440 76.54 161.54 31.54 76.92 0.356110
1440 58.08 158.46 31.54 76.92 0.214427
1440 603.00 179.29 28.92 70.53 -0.900591
1440 304.23 96.92 31.54 76.92 -1.232352
1440 139.60 169.95 26.57 64.81 -1.259164
1440 170.10 177.82 22.38 54.58 -1.267251
1440 173.28 110.27 26.57 64.81 -1.366057
1440 173.28 136.22 26.57 64.81 -1.704234
1440 112.42 162.35 28.92 70.53 -1.759336
1440 573.09 141.39 24.37 59.45 -1.809450
1440 212.74 106.93 48.64 118.64 -1.870386
1470 571.79 138.59 69.16 168.67 1.321718
1470 93.40 159.44 34.37 83.83 0.648379
1470 577.37 261.98 37.52 91.50 0.449834
1470 -0.38 155.38 31.54 76.92 -0.348258
1470 63.94 155.64 24.37 59.45 -0.392900
1470 65.26 118.91 22.38 54.58 -0.443838
1470 438.40 152.06 37.52 91.50 -0.578555
1470 200.63 88.95 34.37 83.83 -0.819862
1470 123.50 134.00 41.00 100.00 -0.837915
1470 480.27 147.27 22.38 54.58 -0.957129
1470 9.63 142.66 34.37 83.83 -1.367947
1470 72.69 137.40 37.52 91.50 -1.819565
1470 475.54 181.78 24.37 59.45 -1.990608
1500 250.49 130.43 107.29 261.69 7.833709
1500 342.69 129.60 98.11 239.31 5.579711
1500 219.02 99.13 107.29 261.69 0.853846
1500 271.48 78.26 107.29 261.69 -0.559027
1530 276.15 95.39 63.08 153.85 -1.035119
1530 203.19 160.94 57.98 141.42 -1.049325
1530 518.36 174.65 24.37 59.45 -1.599758
1560 435.50 186.00 41.00 100.00 -1.228707
1560 183.21 190.91 22.38 54.58 -1.549164
1560 165.73 188.73 22.38 54.58 -1.573738
1560 146.08 162.55 22.38 54.58 -1.646313
1560 351.75 251.00 20.50 50.00 -2.666083
1560 571.98 18.35 28.92 70.53 -4.020070
1590 113.19 187.72 48.64 118.64 -0.531538
1590 267.75 173.00 20.50 50.00 -1.042698
1590 508.85 174.65 24.37 59.45 -1.425252
1620 480.30 181.78 24.37 59.45 -0.977583
1620 339.75 181.00 20.50 50.00 -1.167349
1620 599.50 202.00 41.00 100.00 -1.355195
1620 519.75 213.00 20.50 50.00 -1.730546
1620 77.75 237.00 20.50 50.00 -2.315377
1620 613.77 6.49 26.57 64.81 -4.523637
1650 331.75 165.00 20.50 50.00 -0.243918
1650 -0.54 124.36 44.67 108.95 -0.318020
1650 493.75 213.00 20.50 50.00 -0.563341
1650 230.48 177.03 24.37 59.45 -0.952900
1650 463.50 218.00 41.00 100.00 -1.790876
1650 451.92 195.38 31.54 76.92 -1.892666
1650 615.91 305.35 24.37 59.45 -3.242989
1680 290.24 160.36 22.38 54.58 0.033305
1680 613.77 250.38 26.57 64.81 -1.269111
1680 462.53 166.15 75.52 184.20 -1.729809
1680 328.74 177.73 26.57 64.81 -2.065247
1680 617.88 293.45 22.38 54.58 -3.144353
1680 565.52 25.85 75.52 184.20 -3.148219
1680 524.05 275.29 28.92 70.53 -3.596897
1710 510.85 171.27 22.38 54.58 0.172595
1710 521.75 179.00 20.50 50.00 0.026266
1710 165.51 172.54 26.57 64.81 -0.479293
1710 613.77 177.73 26.57 64.81 -0.490152
1710 282.83 155.64 24.37 59.45 -0.966631
1710 155.75 189.00 20.50 50.00 -1.063704
1710 617.88 132.00 22.38 54.58 -1.374590
1710 473.75 171.00 20.50 50.00 -1.385658
1710 555.75 283.00 20.50 50.00 -3.874256
1710 559.75 297.00 20.50 50.00 -4.802329
1740 275.69 150.89 24.37 59.45 -0.628572
1740 151.75 173.00 20.50 50.00 -1.287794
1740 345.75 171.00 20.50 50.00 -1.304274
1740 455.75 243.00 20.50 50.00 -2.130089
1770 197.75 177.00 20.50 50.00 0.040208
1770 602.97 185.04 37.52 91.50 -0.539187
1770 6.28 159.44 34.37 83.83 -1.425312
1770 466.02 162.77 24.37 59.45 -1.532442
1800 187.75 183.00 20.50 50.00 0.475193
1800 611.45 131.29 28.92 70.53 0.231048
1800 399.41 150.89 24.37 59.45 -1.237825
1800 461.99 219.86 34.37 83.83 -1.285762
1800 287.75 153.00 20.50 50.00 -1.503496
1800 63.25 219.86 34.37 83.83 -1.760910
1800 -0.42 119.16 34.37 83.83 -1.917964
1800 387.75 217.00 20.50 50.00 -2.268498
1800 52.15 262.91 22.38 54.58 -2.647371
1830 613.77 146.59 26.57 64.81 -0.583095
1830 383.75 169.00 20.50 50.00 -1.228822
1830 228.10 177.03 24.37 59.45 -1.243174
1830 -0.30 215.05 24.37 59.45 -1.532273
1830 554.07 235.25 48.64 118.64 -1.878539
