30 456.39 173.65 28.92 70.53 3.790195
30 437.75 191.00 20.50 50.00 1.958679
30 343.75 185.00 20.50 50.00 1.214865
30 617.88 188.73 22.38 54.58 0.685791
30 303.87 105.81 52.90 129.03 0.321352
30 445.11 170.82 28.92 70.53 -0.367211
30 354.96 116.44 48.64 118.64 -0.829302
30 586.08 173.65 28.92 70.53 -0.830543
30 292.42 164.73 22.38 54.58 -1.006137
30 111.00 36.00 82.00 200.00 -3.602751
60 439.18 128.73 44.67 108.95 -1.267245
60 115.50 146.00 41.00 100.00 -1.419676
60 602.97 111.76 37.52 91.50 -1.754813
60 25.58 185.45 44.67 108.95 -1.834052
60 507.89 159.39 37.52 91.50 -1.962650
60 75.84 127.13 24.37 59.45 -1.993747
90 337.75 131.00 20.50 50.00 1.750132
90 582.65 160.94 57.98 141.42 -0.268148
90 356.46 111.27 44.67 108.95 -0.807737
90 103.46 169.51 34.37 83.83 -0.893684
120 470.48 176.47 28.92 70.53 3.935292
120 447.51 186.55 22.38 54.58 1.601595
120 -0.27 190.91 22.38 54.58 -0.799476
120 333.93 125.84 26.57 64.81 -0.834493
120 402.37 163.96 48.64 118.64 -1.074868
120 352.18 99.69 75.52 184.20 -1.446763
120 143.00 84.00 82.00 200.00 -2.476596
120 527.75 71.00 20.50 50.00 -2.515196
150 473.30 179.29 28.92 70.53 3.746523
150 445.11 182.12 28.92 70.53 3.106984
150 315.50 146.00 41.00 100.00 -0.073784
150 615.91 172.28 24.37 59.45 -0.562590
150 297.65 156.97 26.57 64.81 -0.797977
150 461.15 167.69 31.54 76.92 -0.842387
150 341.75 131.00 20.50 50.00 -1.066013
150 361.77 93.18 57.98 141.42 -1.073810
150 95.34 21.82 89.69 218.76 -3.548617
180 435.09 191.29 24.37 59.45 5.908450
180 464.85 176.47 28.92 70.53 4.842880
180 445.32 197.45 22.38 54.58 0.791999
180 425.58 191.29 24.37 59.45 0.215390
180 311.20 152.73 34.37 83.83 -0.027790
180 -0.27 188.73 22.38 54.58 -0.557334
180 424.62 162.16 26.57 64.81 -1.383085
180 350.32 100.65 52.90 129.03 -1.424494
180 301.32 151.06 28.92 70.53 -1.855930
180 86.58 21.82 89.69 218.76 -3.730978
210 416.84 190.70 26.57 64.81 6.901865
210 455.29 176.22 34.37 83.83 4.313304
210 292.47 154.38 26.57 64.81 0.677802
210 609.75 197.00 20.50 50.00 -0.521942
210 409.07 169.95 26.57 64.81 -0.603189
210 311.75 131.00 20.50 50.00 -0.692638
210 478.63 166.72 37.52 91.50 -0.733099
210 340.00 105.81 52.90 129.03 -0.768503
210 95.58 98.82 57.98 141.42 -1.015356
210 410.38 206.18 22.38 54.58 -1.060691
210 427.21 193.30 26.57 64.81 -1.303993
210 273.31 162.77 24.37 59.45 -1.312927
210 301.15 164.62 31.54 76.92 -1.530145
210 442.75 172.54 26.57 64.81 -1.666805
210 77.82 120.00 44.67 108.95 -1.673877
240 402.69 186.15 31.54 76.92 7.466608
240 453.03 177.71 37.52 91.50 6.865242
240 288.14 104.47 57.98 141.42 -1.212110
240 531.50 162.00 41.00 100.00 -1.233041
240 333.45 93.18 57.98 141.42 -1.363860
240 411.75 161.00 20.50 50.00 -1.558231
240 267.74 105.81 52.90 129.03 -2.110974
240 60.27 21.82 89.69 218.76 -3.527570
270 399.62 189.23 31.54 76.92 7.476808
270 460.34 177.71 37.52 91.50 6.638733
270 474.01 159.27 44.67 108.95 -0.246850
270 69.75 191.00 20.50 50.00 -0.315408
270 393.52 175.14 26.57 64.81 -0.518551
270 292.42 132.00 22.38 54.58 -0.678448
270 314.19 110.97 52.90 129.03 -1.009628
270 267.64 159.44 34.37 83.83 -1.163954
270 289.75 119.00 20.50 50.00 -1.393356
270 445.71 181.37 37.52 91.50 -1.646392
270 527.50 162.00 41.00 100.00 -2.143357
270 119.75 23.00 20.50 50.00 -3.505277
300 474.01 168.00 44.67 108.95 7.114537
300 399.62 192.31 31.54 76.92 6.837236
300 390.38 201.54 31.54 76.92 0.727183
300 391.54 176.47 28.92 70.53 -0.083594
300 491.43 172.36 44.67 108.95 -0.292872
300 381.75 165.00 20.50 50.00 -0.702484
300 262.86 166.72 37.52 91.50 -0.805523
300 281.59 131.29 28.92 70.53 -0.962177
300 69.62 160.36 22.38 54.58 -1.296943
300 593.75 203.00 20.50 50.00 -1.763543
300 313.08 95.39 63.08 153.85 -1.941994
330 513.20 172.36 44.67 108.95 9.278647
330 401.83 185.04 37.52 91.50 8.503470
330 387.20 185.04 37.52 91.50 1.656015
330 495.78 176.73 44.67 108.95 -0.104291
330 259.66 173.45 22.38 54.58 -1.537692
330 394.51 203.36 37.52 91.50 -1.585941
330 299.47 104.47 57.98 141.42 -1.699236
330 -0.54 124.36 44.67 108.95 -1.921429
330 19.67 5.22 107.29 261.69 -4.296986
360 400.00 181.09 44.67 108.95 8.694514
360 551.61 162.58 52.90 129.03 8.084878
360 417.41 176.73 44.67 108.95 -0.239843
360 391.29 159.27 44.67 108.95 -0.276960
360 248.23 170.38 37.52 91.50 -0.777879
360 49.75 177.00 20.50 50.00 -0.810662
360 379.75 169.00 20.50 50.00 -0.875771
360 -0.54 133.09 44.67 108.95 -0.922145
360 368.87 162.55 22.38 54.58 -1.165903
360 293.81 110.12 57.98 141.42 -1.425236
390 407.11 173.47 48.64 118.64 9.906742
390 582.52 168.71 48.64 118.64 7.630595
390 568.30 182.97 48.64 118.64 1.660038
390 416.59 197.23 48.64 118.64 0.892942
390 426.07 168.71 48.64 118.64 -0.013764
390 388.53 195.27 22.38 54.58 -0.435980
390 243.27 159.27 44.67 108.95 -0.635152
390 293.81 110.12 57.98 141.42 -1.323990
390 267.49 136.94 28.92 70.53 -1.730241
390 -0.50 134.00 41.00 100.00 -1.940938
390 619.75 157.00 20.50 50.00 -2.259926
390 13.79 48.00 75.52 184.20 -3.210808
420 426.07 178.22 48.64 118.64 9.924298
420 435.56 201.98 48.64 118.64 0.796653
420 407.11 182.97 48.64 118.64 0.246685
420 592.00 216.24 48.64 118.64 0.231362
420 385.13 191.29 24.37 59.45 -0.253344
420 364.51 164.73 22.38 54.58 -0.768455
420 288.14 110.12 57.98 141.42 -0.853001
420 611.45 131.29 28.92 70.53 -0.862498
420 266.56 133.62 26.57 64.81 -1.242839
420 511.54 177.71 37.52 91.50 -1.616748
420 587.26 182.97 48.64 118.64 -1.735613
420 -0.54 133.09 44.67 108.95 -1.909112
420 421.77 229.09 44.67 108.95 -2.097146
420 16.44 39.27 89.69 218.76 -3.438645
420 619.75 305.00 20.50 50.00 -4.818740
450 438.06 183.23 52.90 129.03 9.088415
450 565.52 144.00 75.52 184.20 6.827139
450 271.75 199.00 20.50 50.00 1.339053
450 238.91 154.91 44.67 108.95 0.326372
450 459.26 201.98 48.64 118.64 -0.395762
450 432.90 147.10 52.90 129.03 -0.725546
450 507.50 174.00 41.00 100.00 -0.957703
450 263.97 133.62 26.57 64.81 -1.026643
450 282.48 115.76 57.98 141.42 -1.304950
450 -0.38 158.46 31.54 76.92 -1.311707
450 373.75 169.00 20.50 50.00 -1.324803
450 13.79 55.38 75.52 184.20 -2.346894
450 489.81 67.72 24.37 59.45 -2.422811
480 460.77 169.23 63.08 153.85 8.757527
480 531.37 145.35 69.16 168.67 7.592107
480 592.00 173.47 48.64 118.64 3.513986
480 559.23 169.23 63.08 153.85 1.430588
480 271.75 199.00 20.50 50.00 1.078284
480 619.75 273.00 20.50 50.00 -0.152886
480 277.75 191.00 20.50 50.00 -0.199716
480 234.56 154.91 44.67 108.95 -0.373470
480 473.08 200.00 63.08 153.85 -0.470932
480 379.80 197.45 22.38 54.58 -0.591052
480 -0.46 144.73 37.52 91.50 -1.061310
480 288.14 110.12 57.98 141.42 -1.276242
480 617.88 149.45 22.38 54.58 -1.532533
480 13.79 55.38 75.52 184.20 -2.095742
480 327.96 75.52 34.37 83.83 -2.373653
510 553.08 169.23 63.08 153.85 6.767419
510 511.16 165.63 69.16 168.67 5.294012
510 469.89 144.00 75.52 184.20 5.173815
510 261.75 199.00 20.50 50.00 0.805070
510 232.87 172.54 26.57 64.81 0.654490
510 613.77 234.81 26.57 64.81 -0.250721
510 524.63 226.48 69.16 168.67 -0.400040
510 246.55 199.64 22.38 54.58 -0.688069
510 370.20 190.70 26.57 64.81 -0.810581
510 276.15 107.69 63.08 153.85 -1.257424
510 -0.46 144.73 37.52 91.50 -1.263015
510 13.79 55.38 75.52 184.20 -2.342454
540 503.36 166.59 57.98 141.42 9.285683
540 437.05 145.35 69.16 168.67 8.397700
540 565.52 166.15 75.52 184.20 6.146167
540 525.81 183.23 52.90 129.03 2.009794
540 427.96 222.18 24.37 59.45 0.355006
540 484.52 178.06 52.90 129.03 0.080907
540 212.79 154.91 44.67 108.95 -0.272218
540 251.75 197.00 20.50 50.00 -0.308531
540 603.00 136.94 28.92 70.53 -0.997529
540 364.51 195.27 22.38 54.58 -1.010527
540 427.96 181.78 24.37 59.45 -1.259929
540 270.00 95.39 63.08 153.85 -1.770832
540 -1.10 21.82 89.69 218.76 -3.511859
570 534.62 150.77 63.08 153.85 10.089632
570 469.38 166.59 57.98 141.42 9.063056
570 379.50 186.00 41.00 100.00 5.860774
570 407.08 160.94 57.98 141.42 5.619122
570 613.77 211.46 26.57 64.81 3.075390
570 546.92 181.54 63.08 153.85 1.997322
570 241.75 201.00 20.50 50.00 1.290179
570 208.44 159.27 44.67 108.95 0.291933
570 446.73 160.94 57.98 141.42 0.139089
570 516.15 169.23 63.08 153.85 -0.554826
570 4.10 175.64 22.38 54.58 -0.959296
570 480.71 194.82 57.98 141.42 -1.152981
570 559.23 150.77 63.08 153.85 -1.273381
570 254.16 110.12 57.98 141.42 -1.370680
570 492.04 160.94 57.98 141.42 -1.455471
570 352.06 188.11 26.57 64.81 -2.021896
570 13.79 55.38 75.52 184.20 -2.522917
600 497.70 160.94 57.98 141.42 10.406056
600 430.81 178.22 48.64 118.64 9.241029
600 336.00 188.70 37.52 91.50 7.800475
600 367.43 160.94 57.98 141.42 7.771756
600 565.44 176.73 44.67 108.95 7.138013
600 445.04 192.48 48.64 118.64 3.486669
600 598.22 221.84 26.57 64.81 3.107212
600 411.85 173.47 48.64 118.64 2.420950
600 515.48 193.55 52.90 129.03 0.986374
600 227.75 201.00 20.50 50.00 0.674024
600 191.02 163.64 44.67 108.95 0.556430
600 328.74 180.32 26.57 64.81 -0.486106
600 454.52 168.71 48.64 118.64 -0.600410
600 611.45 232.94 28.92 70.53 -0.795203
600 588.90 230.12 28.92 70.53 -0.961784
600 602.97 155.73 37.52 91.50 -1.391921
600 619.75 215.00 20.50 50.00 -1.457485
600 526.02 144.00 57.98 141.42 -1.540408
600 237.82 195.27 22.38 54.58 -1.731480
600 251.54 95.39 63.08 153.85 -2.191141
630 378.67 182.97 48.64 118.64 10.662324
630 442.31 156.92 63.08 153.85 9.036158
630 548.67 166.59 57.98 141.42 7.798963
630 274.35 199.72 34.37 83.83 7.531928
630 500.14 185.45 44.67 108.95 6.496807
630 309.03 167.74 52.90 129.03 4.932429
630 525.63 182.97 48.64 118.64 4.082659
630 359.70 178.22 48.64 118.64 3.952806
630 587.31 226.15 31.54 76.92 2.783812
630 397.63 182.97 48.64 118.64 2.118327
630 197.75 199.00 20.50 50.00 1.460417
630 417.69 156.92 63.08 153.85 1.033564
630 277.70 172.87 34.37 83.83 0.855255
630 619.75 231.00 20.50 50.00 0.640945
630 164.90 163.64 44.67 108.95 0.549137
630 606.96 228.00 22.38 54.58 -0.186662
630 287.75 199.72 34.37 83.83 -0.731014
630 469.38 160.94 57.98 141.42 -0.870484
630 388.15 206.73 48.64 118.64 -0.889577
630 262.86 163.05 37.52 91.50 -1.670725
630 214.74 91.27 69.16 168.67 -1.767779
630 596.02 176.22 34.37 83.83 -2.119480
630 428.19 43.77 28.92 70.53 -3.203484
660 143.87 172.90 52.90 129.03 10.203862
660 208.46 150.77 63.08 153.85 7.307869
660 274.37 173.47 48.64 118.64 6.499424
660 78.58 160.94 57.98 141.42 6.187533
660 47.09 192.37 37.52 91.50 5.153582
660 325.38 150.77 63.08 153.85 4.991028
660 299.86 185.45 44.67 108.95 1.907570
660 164.52 178.06 52.90 129.03 1.227831
660 13.75 195.00 20.50 50.00 0.045002
660 233.08 156.92 63.08 153.85 -0.242142
660 43.43 166.72 37.52 91.50 -0.568918
660 571.79 131.83 69.16 168.67 -0.824572
660 429.75 231.00 20.50 50.00 -1.173714
660 291.50 214.00 41.00 100.00 -2.041863
690 361.47 119.16 34.37 83.83 -0.926543
690 606.07 219.86 34.37 83.83 -1.336053
720 619.75 189.00 20.50 50.00 -1.050969
720 47.75 143.00 20.50 50.00 -1.751385
720 608.85 10.77 31.54 76.92 -4.281818
750 545.80 195.27 22.38 54.58 3.954749
750 566.40 207.02 37.52 91.50 -0.319291
750 526.17 141.07 37.52 91.50 -0.769052
750 475.90 151.64 22.38 54.58 -0.892253
750 571.79 104.79 69.16 168.67 -0.892724
750 4.86 172.54 26.57 64.81 -1.456669
750 102.39 127.64 22.38 54.58 -1.571335
780 599.50 170.00 41.00 100.00 5.875367
780 257.75 175.00 20.50 50.00 1.155137
780 359.75 191.00 20.50 50.00 -1.044560
780 367.75 187.00 20.50 50.00 -1.349879
780 143.50 126.00 41.00 100.00 -1.919107
810 501.75 181.00 20.50 50.00 3.020583
810 235.47 162.16 26.57 64.81 1.970323
810 227.75 173.00 20.50 50.00 1.241952
810 529.75 183.00 20.50 50.00 0.907427
810 388.34 185.51 26.57 64.81 -0.336689
810 458.30 123.24 26.57 64.81 -0.458922
810 585.75 189.00 20.50 50.00 -0.491097
810 613.77 175.14 26.57 64.81 -0.553652
810 361.75 165.00 20.50 50.00 -0.926342
810 151.75 173.00 20.50 50.00 -0.952518
810 19.75 111.00 20.50 50.00 -1.518197
810 73.75 185.00 20.50 50.00 -1.743964
810 585.75 295.00 20.50 50.00 -4.623658
840 223.75 175.00 20.50 50.00 0.903541
840 435.50 182.00 41.00 100.00 0.413222
840 203.75 177.00 20.50 50.00 0.310808
840 611.15 158.02 24.37 59.45 -0.721666
840 554.17 149.19 26.57 64.81 -0.936525
840 113.75 181.00 20.50 50.00 -0.959557
840 397.03 167.52 24.37 59.45 -1.178668
840 383.75 181.00 20.50 50.00 -1.292188
840 592.00 73.66 48.64 118.64 -1.331082
840 149.75 175.00 20.50 50.00 -1.415862
840 41.75 189.00 20.50 50.00 -2.196577
870 187.66 172.28 24.37 59.45 1.640855
870 161.37 177.82 22.38 54.58 1.537372
870 423.48 180.00 22.38 54.58 1.341685
870 543.00 156.00 82.00 200.00 1.279250
870 449.75 181.00 20.50 50.00 0.223895
870 89.28 184.36 22.38 54.58 -0.599040
870 457.75 181.00 20.50 50.00 -0.680153
870 551.00 92.00 82.00 200.00 -0.772795
870 459.75 163.00 20.50 50.00 -0.850426
870 477.75 141.00 20.50 50.00 -0.889550
870 619.75 181.00 20.50 50.00 -0.927080
870 475.54 169.90 24.37 59.45 -1.132424
870 415.75 181.00 20.50 50.00 -1.371045
870 80.55 60.00 22.38 54.58 -2.726881
870 507.40 30.55 89.69 218.76 -3.533065
870 619.75 321.00 20.50 50.00 -5.718609
900 107.75 191.00 20.50 50.00 4.682037
900 149.75 185.00 20.50 50.00 2.891602
900 445.11 173.65 28.92 70.53 0.412176
900 83.75 181.00 20.50 50.00 0.005363
900 561.09 137.45 44.67 108.95 -0.293291
900 95.55 172.54 26.57 64.81 -0.356764
900 485.77 164.62 31.54 76.92 -0.435035
900 411.75 181.00 20.50 50.00 -0.779328
900 595.92 133.09 44.67 108.95 -0.797237
900 510.38 161.54 31.54 76.92 -0.834864
900 157.75 185.00 20.50 50.00 -1.401981
900 541.21 162.16 26.57 64.81 -1.606191
900 471.75 165.00 20.50 50.00 -1.685029
900 518.95 146.01 34.37 83.83 -1.843543
930 95.75 193.00 20.50 50.00 6.759511
930 33.75 199.00 20.50 50.00 5.540541
930 445.75 185.00 20.50 50.00 2.540448
930 550.17 184.36 22.38 54.58 2.522791
930 436.59 180.00 22.38 54.58 1.725006
930 490.22 168.00 28.92 70.53 1.325485
930 103.75 195.00 20.50 50.00 0.730322
930 559.50 158.00 41.00 100.00 -0.052498
930 520.49 159.57 26.57 64.81 -0.071649
930 27.75 193.00 20.50 50.00 -0.329540
930 41.23 195.27 22.38 54.58 -0.556173
930 482.68 184.16 24.37 59.45 -0.753580
930 111.13 182.18 22.38 54.58 -0.786758
930 386.35 171.27 22.38 54.58 -1.000822
930 506.48 169.09 22.38 54.58 -1.159042
930 49.97 184.36 22.38 54.58 -1.165308
930 -0.35 179.29 28.92 70.53 -1.165767
930 399.75 177.00 20.50 50.00 -1.358092
960 32.49 197.45 22.38 54.58 8.189403
960 127.75 189.00 20.50 50.00 1.758599
960 491.75 189.00 20.50 50.00 1.695739
960 482.46 186.55 22.38 54.58 1.033197
960 473.72 188.73 22.38 54.58 0.654601
960 23.75 201.00 20.50 50.00 0.306128
960 617.88 180.00 22.38 54.58 -0.404897
960 405.77 158.46 31.54 76.92 -0.451783
960 41.23 201.82 22.38 54.58 -0.485193
960 119.75 185.00 20.50 50.00 -0.696491
960 43.75 111.00 20.50 50.00 -0.797243
960 499.93 188.73 22.38 54.58 -0.969334
960 419.11 77.45 22.38 54.58 -1.517074
960 559.16 169.51 34.37 83.83 -1.849317
960 397.75 175.00 20.50 50.00 -1.921874
960 -0.38 180.00 31.54 76.92 -2.284125
990 139.52 186.55 22.38 54.58 8.251437
990 571.92 180.00 31.54 76.92 1.750031
990 130.78 186.55 22.38 54.58 1.305532
990 423.48 184.36 22.38 54.58 0.486952
990 559.62 180.00 31.54 76.92 0.393475
990 548.99 193.30 26.57 64.81 -0.184111
990 455.29 159.44 34.37 83.83 -0.323261
990 427.96 165.15 24.37 59.45 -0.344952
990 401.75 171.00 20.50 50.00 -0.359003
990 148.26 184.36 22.38 54.58 -0.966156
990 135.15 199.64 22.38 54.58 -1.165209
990 537.75 81.00 20.50 50.00 -1.774195
990 9.22 96.24 24.37 59.45 -1.994744
990 446.99 55.84 24.37 59.45 -2.135250
990 451.94 18.46 34.37 83.83 -4.023694
1020 151.97 181.78 24.37 59.45 7.105378
1020 143.75 189.00 20.50 50.00 2.138171
1020 160.32 175.14 26.57 64.81 1.988918
1020 439.75 173.00 20.50 50.00 1.866247
1020 415.75 169.00 20.50 50.00 1.327020
1020 461.75 179.00 20.50 50.00 -0.316510
1020 9.22 186.53 24.37 59.45 -0.983692
1020 509.03 98.82 57.98 141.42 -1.328429
1020 253.15 144.00 89.69 218.76 -1.391695
1020 392.90 177.82 22.38 54.58 -1.832718
1020 544.59 83.17 48.64 118.64 -2.021319
1020 609.75 51.00 20.50 50.00 -2.307785
1020 479.03 16.86 26.57 64.81 -2.918127
1050 182.91 165.18 28.92 70.53 7.527241
1050 447.51 169.09 22.38 54.58 5.326303
1050 473.75 171.00 20.50 50.00 4.743657
1050 174.45 173.65 28.92 70.53 1.612982
1050 194.19 168.00 28.92 70.53 1.479775
1050 499.93 164.73 22.38 54.58 1.113005
1050 440.96 160.36 22.38 54.58 -0.784233
1050 565.52 92.31 75.52 184.20 -1.010420
1050 -0.30 184.16 24.37 59.45 -1.444160
1050 615.91 55.84 24.37 59.45 -1.953921
1050 596.02 62.10 34.37 83.83 -2.654501
1080 224.08 166.15 34.37 83.83 9.118871
1080 467.17 169.09 22.38 54.58 5.732234
1080 497.75 173.00 20.50 50.00 4.317177
1080 240.65 188.11 26.57 64.81 1.378286
1080 210.68 169.51 34.37 83.83 0.840464
1080 529.69 153.88 28.92 70.53 0.411719
1080 562.69 164.62 31.54 76.92 -0.306880
1080 217.38 149.37 34.37 83.83 -0.398466
1080 315.75 161.00 20.50 50.00 -0.693085
1080 459.75 165.00 20.50 50.00 -0.784986
1080 451.75 169.00 20.50 50.00 -0.921398
1080 435.75 179.00 20.50 50.00 -1.012896
1080 363.72 165.15 24.37 59.45 -1.373903
1080 475.75 167.00 20.50 50.00 -1.596284
1080 577.69 64.61 63.08 153.85 -2.681969
1080 499.33 10.69 24.37 59.45 -4.089290
1080 564.53 14.27 26.57 64.81 -4.367483
1110 511.23 165.15 24.37 59.45 7.982557
1110 283.50 158.00 41.00 100.00 7.911621
1110 478.09 166.91 22.38 54.58 4.686150
1110 553.46 149.23 31.54 76.92 2.360629
1110 270.99 172.87 34.37 83.83 1.885246
1110 457.75 167.00 20.50 50.00 1.425464
1110 291.50 138.00 41.00 100.00 -0.208294
1110 565.52 92.31 75.52 184.20 -1.045674
1110 484.58 145.41 28.92 70.53 -1.136186
1110 -0.32 149.19 26.57 64.81 -1.292499
1140 347.76 154.91 44.67 108.95 6.495824
1140 515.99 165.15 24.37 59.45 5.136765
1140 485.06 165.15 24.37 59.45 4.052651
1140 571.92 152.31 31.54 76.92 1.622372
1140 368.91 170.38 37.52 91.50 1.486755
1140 313.75 165.00 20.50 50.00 1.342667
1140 334.66 179.58 34.37 83.83 1.183824
1140 599.50 130.00 41.00 100.00 -0.082990
1140 455.75 185.00 20.50 50.00 -0.279896
1140 451.75 163.00 20.50 50.00 -0.831433
1140 461.26 169.90 24.37 59.45 -1.138914
1140 561.94 164.76 26.57 64.81 -1.466986
1140 81.41 117.18 28.92 70.53 -1.903948
1140 539.75 179.00 20.50 50.00 -2.018827
1170 411.50 170.00 41.00 100.00 5.455163
1170 518.36 172.28 24.37 59.45 2.984308
1170 579.27 152.73 34.37 83.83 2.558525
1170 496.95 169.90 24.37 59.45 1.829269
1170 481.75 175.00 20.50 50.00 0.421506
1170 317.75 165.00 20.50 50.00 0.290869
1170 399.62 189.23 31.54 76.92 0.033036
1170 462.80 186.55 22.38 54.58 -0.152405
1170 397.03 162.77 24.37 59.45 -0.177840
1170 426.07 154.46 48.64 118.64 -0.839650
1170 570.71 169.90 24.37 59.45 -0.907216
1170 545.75 183.00 20.50 50.00 -1.591620
1200 469.66 168.00 44.67 108.95 6.350383
1200 523.08 172.54 26.57 64.81 2.977574
1200 596.02 159.44 34.37 83.83 2.772228
1200 504.09 177.03 24.37 59.45 1.322593
1200 313.75 173.00 20.50 50.00 0.356646
1200 613.77 172.54 26.57 64.81 0.204760
1200 452.24 172.36 44.67 108.95 0.015098
1200 404.16 167.52 24.37 59.45 -0.122264
1200 608.85 121.54 31.54 76.92 -0.949546
1200 558.91 186.55 22.38 54.58 -0.959205
1200 1.91 195.27 22.38 54.58 -1.171972
1200 495.86 207.53 28.92 70.53 -1.314567
1200 597.36 134.12 28.92 70.53 -1.564387
1200 199.82 145.41 28.92 70.53 -1.596040
1200 619.75 37.00 20.50 50.00 -2.892806
1230 549.33 173.47 48.64 118.64 7.777983
1230 523.08 177.73 26.57 64.81 4.608774
1230 313.75 177.00 20.50 50.00 0.539915
1230 591.67 188.73 22.38 54.58 -0.272551
1230 414.10 162.35 28.92 70.53 -0.393857
1230 534.97 189.82 44.67 108.95 -0.479105
1230 602.97 155.73 37.52 91.50 -1.263313
1230 485.06 172.28 24.37 59.45 -1.321711
1230 1.75 177.00 20.50 50.00 -1.732468
1260 585.97 169.51 34.37 83.83 3.495142
1260 449.37 141.07 37.52 91.50 -0.402108
1260 128.60 171.27 22.38 54.58 -0.470846
1260 312.08 173.45 22.38 54.58 -0.944829
1260 611.75 185.00 20.50 50.00 -1.080104
1260 575.00 161.54 31.54 76.92 -1.124270
1260 556.72 186.55 22.38 54.58 -1.265134
1260 359.75 197.00 20.50 50.00 -1.767278
1260 170.10 164.73 22.38 54.58 -1.807564
1290 314.27 173.45 22.38 54.58 0.197655
1290 109.75 175.00 20.50 50.00 -0.039227
1290 373.23 198.42 24.37 59.45 -0.286234
1290 56.52 123.27 22.38 54.58 -1.042120
1290 554.34 121.41 57.98 141.42 -1.082122
1290 602.97 163.05 37.52 91.50 -1.951815
1320 391.54 184.94 28.92 70.53 0.476630
1320 238.06 185.51 26.57 64.81 0.244070
1320 416.06 203.17 24.37 59.45 0.119777
1320 94.63 137.40 37.52 91.50 -0.226203
1320 318.63 173.45 22.38 54.58 -0.661773
1320 383.75 201.00 20.50 50.00 -1.191191
1320 61.86 172.54 26.57 64.81 -2.011370
1320 595.92 264.00 44.67 108.95 -2.084281
1320 396.11 211.46 26.57 64.81 -2.164534
1350 611.45 136.94 28.92 70.53 0.599733
1350 318.51 169.90 24.37 59.45 -0.361642
1350 548.03 242.18 44.67 108.95 -0.713193
1350 595.66 148.40 37.52 91.50 -0.722803
1350 11.92 164.62 31.54 76.92 -0.782107
1350 501.93 192.48 48.64 118.64 -0.958150
1350 577.69 206.15 63.08 153.85 -1.222624
1350 75.84 172.28 24.37 59.45 -1.346800
1350 -0.38 167.69 31.54 76.92 -1.721713
1350 25.58 115.64 44.67 108.95 -2.076087
1350 489.01 247.64 22.38 54.58 -2.349692
1380 329.75 197.00 20.50 50.00 -0.327617
1380 475.75 167.00 20.50 50.00 -0.864538
1380 293.75 187.00 20.50 50.00 -0.961781
1380 387.20 170.38 37.52 91.50 -1.403784
1380 582.52 235.25 48.64 118.64 -1.774884
1380 504.23 170.38 37.52 91.50 -1.874355
1380 577.69 40.00 63.08 153.85 -3.612336
1380 617.75 319.00 20.50 50.00 -4.557497
1410 303.34 186.55 22.38 54.58 -0.085697
1410 99.63 162.77 24.37 59.45 -0.288756
1410 -0.54 106.91 44.67 108.95 -0.293771
1410 33.75 183.00 20.50 50.00 -0.998081
1410 582.65 223.06 57.98 141.42 -1.376762
1410 511.23 158.02 24.37 59.45 -1.507426
1410 314.06 152.06 37.52 91.50 -1.514577
1410 123.42 162.77 24.37 59.45 -1.540342
1410 599.31 64.12 37.52 91.50 -1.650290
1410 283.75 195.00 20.50 50.00 -1.738086
1440 538.15 187.76 28.92 70.53 1.194868
1440 551.23 152.73 89.69 218.76 1.069261
1440 137.75 177.00 20.50 50.00 0.301412
1440 99.75 179.00 20.50 50.00 -0.190120
1440 529.75 189.00 20.50 50.00 -0.446396
1440 288.39 126.45 52.90 129.03 -0.605290
1440 498.68 165.18 28.92 70.53 -0.874950
1440 457.75 175.00 20.50 50.00 -0.885293
1440 335.75 181.00 20.50 50.00 -1.023122
1440 7.45 149.19 26.57 64.81 -1.360888
1440 -0.25 197.00 20.50 50.00 -1.695766
1440 244.37 190.91 22.38 54.58 -1.799315
1470 601.75 171.00 20.50 50.00 0.160696
1470 102.07 151.38 75.52 184.20 -0.203712
1470 617.88 171.27 22.38 54.58 -0.472958
1470 168.81 184.94 28.92 70.53 -0.581391
1470 525.50 169.90 24.37 59.45 -0.666840
1470 254.16 115.76 57.98 141.42 -0.705829
1470 351.40 123.27 22.38 54.58 -0.733840
1470 -0.42 142.66 34.37 83.83 -1.223973
1470 337.55 134.26 24.37 59.45 -1.282252
1470 591.67 166.91 22.38 54.58 -1.462295
1470 355.77 70.91 22.38 54.58 -2.562243
1500 117.75 179.00 20.50 50.00 1.181354
1500 135.75 175.00 20.50 50.00 1.094283
1500 399.75 193.00 20.50 50.00 0.244125
1500 65.75 181.00 20.50 50.00 0.114850
1500 33.75 191.00 20.50 50.00 -0.315025
1500 19.39 142.91 22.38 54.58 -0.861156
1500 304.24 165.15 24.37 59.45 -1.102013
1500 89.28 175.64 22.38 54.58 -1.125535
1500 99.75 177.00 20.50 50.00 -1.696666
1500 -0.42 162.80 34.37 83.83 -1.750815
1530 141.75 183.00 20.50 50.00 3.585373
1530 611.45 190.59 28.92 70.53 0.868170
1530 76.34 144.73 37.52 91.50 0.516663
1530 205.46 193.41 28.92 70.53 0.460166
1530 472.04 172.87 34.37 83.83 -0.100561
1530 194.19 187.76 28.92 70.53 -0.135426
1530 35.75 185.00 20.50 50.00 -0.337238
1530 111.75 179.00 20.50 50.00 -0.405501
1530 149.75 183.00 20.50 50.00 -0.611218
1530 32.49 138.55 22.38 54.58 -0.734865
1530 183.75 183.00 20.50 50.00 -0.761464
1530 101.75 181.00 20.50 50.00 -1.179406
1530 300.77 107.69 63.08 153.85 -1.253468
1530 42.99 120.00 44.67 108.95 -1.506786
1530 1.75 183.00 20.50 50.00 -1.669889
1530 619.75 171.00 20.50 50.00 -1.801947
1560 23.04 156.08 34.37 83.83 1.577587
1560 56.55 152.73 34.37 83.83 0.982846
1560 36.44 156.08 34.37 83.83 -0.219475
1560 419.75 203.00 20.50 50.00 -0.570624
1560 -0.54 124.36 44.67 108.95 -0.952300
1560 255.00 198.46 31.54 76.92 -1.279570
1560 565.52 99.69 75.52 184.20 -1.447661
1560 28.18 131.03 26.57 64.81 -1.590228
1560 230.48 186.53 24.37 59.45 -1.886992
1560 339.75 227.00 20.50 50.00 -2.609542
1590 183.75 191.00 20.50 50.00 2.983272
1590 235.24 174.65 24.37 59.45 2.921820
1590 213.83 179.41 24.37 59.45 0.362980
1590 520.49 201.08 26.57 64.81 0.243545
1590 195.75 175.00 20.50 50.00 -0.562268
1590 571.75 157.00 20.50 50.00 -1.008038
1590 451.50 202.00 41.00 100.00 -1.065306
1590 247.75 168.00 28.92 70.53 -1.078778
1590 309.00 207.92 24.37 59.45 -1.158801
1590 480.27 138.55 22.38 54.58 -1.346128
1590 33.48 77.65 28.92 70.53 -1.365576
1590 321.26 206.43 34.37 83.83 -1.634234
1590 225.72 179.41 24.37 59.45 -1.843092
1590 338.08 207.69 31.54 76.92 -2.295158
1620 137.75 195.00 20.50 50.00 1.872230
1620 -0.59 140.20 48.64 118.64 0.597898
1620 75.75 199.00 20.50 50.00 0.446098
1620 41.23 136.36 22.38 54.58 -0.523324
1620 63.94 191.29 24.37 59.45 -0.580229
1620 548.03 194.18 44.67 108.95 -0.613537
1620 85.75 199.00 20.50 50.00 -0.885071
1620 389.89 212.67 24.37 59.45 -1.501500
1620 128.60 195.27 22.38 54.58 -1.742930
1620 582.60 115.25 24.37 59.45 -1.837583
1620 608.85 112.31 31.54 76.92 -1.922544
1620 33.75 83.00 20.50 50.00 -2.174048
1620 606.07 240.00 34.37 83.83 -2.225738
1650 211.10 184.94 28.92 70.53 4.363700
1650 199.82 184.94 28.92 70.53 1.317867
1650 288.05 193.09 22.38 54.58 1.267379
1650 352.06 169.95 26.57 64.81 -0.205077
1650 123.75 113.00 20.50 50.00 -0.274493
1650 233.60 163.05 37.52 91.50 -0.476584
1650 608.85 186.15 31.54 76.92 -1.292558
1650 435.75 119.00 20.50 50.00 -1.411393
1650 585.26 105.08 26.57 64.81 -1.536870
1650 619.75 119.00 20.50 50.00 -1.660229
1650 21.15 87.69 31.54 76.92 -1.694430
1650 225.72 198.42 24.37 59.45 -1.760962
1650 509.96 196.24 28.92 70.53 -2.312219
1650 525.65 206.43 34.37 83.83 -2.426695
1680 204.37 185.51 26.57 64.81 5.104817
1680 8.46 206.18 22.38 54.58 1.845710
1680 282.69 170.77 31.54 76.92 1.345076
1680 16.36 205.54 24.37 59.45 1.334156
1680 197.17 196.04 24.37 59.45 1.008688
1680 76.18 204.00 22.38 54.58 -0.329367
1680 326.70 165.18 28.92 70.53 -0.336089
1680 371.52 162.80 34.37 83.83 -0.396927
1680 214.03 169.51 34.37 83.83 -0.752523
1680 205.75 167.00 20.50 50.00 -0.843244
1680 575.75 135.00 20.50 50.00 -0.860428
1680 -0.27 208.36 22.38 54.58 -1.622631
1680 144.78 177.73 26.57 64.81 -1.702914
1680 572.31 169.95 26.57 64.81 -1.916806
1680 170.10 186.55 22.38 54.58 -1.927417
1680 589.49 158.18 22.38 54.58 -2.195894
1680 -0.42 99.02 34.37 83.83 -2.435480
1710 184.23 170.77 31.54 76.92 3.234828
1710 98.14 188.11 26.57 64.81 1.558320
1710 475.54 162.77 24.37 59.45 0.967359
1710 585.26 149.19 26.57 64.81 0.742140
1710 563.28 153.82 22.38 54.58 -0.456993
1710 608.85 121.54 31.54 76.92 -0.527871
1710 256.21 162.35 28.92 70.53 -0.644038
1710 486.83 151.64 22.38 54.58 -0.700379
1710 -0.46 177.71 37.52 91.50 -0.761878
1710 90.36 180.32 26.57 64.81 -1.157781
1710 199.82 165.18 28.92 70.53 -1.199446
1710 310.61 123.24 26.57 64.81 -1.221252
1710 155.75 195.00 20.50 50.00 -1.355809
1710 470.48 97.41 28.92 70.53 -2.090073
