30 599.50 126.00 41.00 100.00 0.570460
30 481.75 169.00 20.50 50.00 0.328907
30 569.16 182.12 28.92 70.53 -1.343452
30 441.75 127.00 20.50 50.00 -1.828324
30 377.61 330.55 22.38 54.58 -6.342291
60 478.09 166.91 22.38 54.58 0.904023
60 599.50 126.00 41.00 100.00 0.159644
60 441.75 127.00 20.50 50.00 -0.465849
60 559.35 185.51 26.57 64.81 -0.963543
60 14.00 72.00 164.00 400.00 -1.104439
90 481.75 167.00 20.50 50.00 0.731561
90 599.50 122.00 41.00 100.00 0.394897
90 437.75 127.00 20.50 50.00 -1.072666
90 561.19 184.16 24.37 59.45 -1.458896
120 479.75 167.00 20.50 50.00 1.034553
120 602.97 130.08 37.52 91.50 0.045123
120 561.94 182.92 26.57 64.81 -0.106434
120 187.66 177.03 24.37 59.45 -1.695605
120 100.20 166.91 22.38 54.58 -1.919530
150 602.97 130.08 37.52 91.50 0.942184
150 478.09 164.73 22.38 54.58 0.775709
150 559.35 180.32 26.57 64.81 0.137652
150 568.85 173.85 31.54 76.92 -1.229391
180 478.09 162.55 22.38 54.58 0.563454
180 602.97 126.41 37.52 91.50 0.441044
180 559.35 180.32 26.57 64.81 -0.552320
180 569.16 176.47 28.92 70.53 -1.077755
180 43.75 201.00 20.50 50.00 -2.383040
210 599.50 130.00 41.00 100.00 0.383041
210 211.60 184.36 22.38 54.58 -0.199727
210 480.27 173.45 22.38 54.58 -0.539272
210 555.81 169.51 34.37 83.83 -0.912983
210 571.98 187.76 28.92 70.53 -1.537408
240 482.46 177.82 22.38 54.58 0.284443
240 562.51 176.22 34.37 83.83 -0.673244
240 608.85 155.38 31.54 76.92 -0.694199
240 502.12 99.27 22.38 54.58 -1.405693
240 235.47 172.54 26.57 64.81 -1.421749
240 488.85 195.38 31.54 76.92 -2.047642
270 588.90 199.06 28.92 70.53 0.328718
270 599.37 189.65 34.37 83.83 -0.577343
270 485.75 181.00 20.50 50.00 -0.714488
270 220.34 175.64 22.38 54.58 -1.255644
300 617.88 105.82 22.38 54.58 -1.069934
300 213.75 185.00 20.50 50.00 -1.427304
300 493.75 179.00 20.50 50.00 -1.570970
300 225.75 179.00 20.50 50.00 -1.860271
300 86.53 141.82 44.67 108.95 -1.866553
300 602.97 130.08 37.52 91.50 -2.000314
360 225.75 193.00 20.50 50.00 -1.202358
360 -1.19 33.60 98.11 239.31 -3.555493
390 196.31 171.27 22.38 54.58 -0.645686
390 473.85 190.70 26.57 64.81 -0.871728
390 207.75 175.00 20.50 50.00 -1.233924
390 140.62 184.94 28.92 70.53 -1.261672
390 595.92 115.64 44.67 108.95 -2.068468
390 170.69 188.11 26.57 64.81 -2.243107
420 608.85 155.38 31.54 76.92 -0.139444
420 75.75 193.00 20.50 50.00 -0.214748
420 178.14 169.90 24.37 59.45 -0.322268
420 194.80 169.90 24.37 59.45 -1.421032
420 3.75 127.00 20.50 50.00 -1.833404
450 611.17 180.32 26.57 64.81 -0.250182
450 497.75 186.55 22.38 54.58 -0.479074
450 606.39 224.55 24.37 59.45 -1.545406
450 165.99 159.53 28.92 70.53 -1.586393
450 549.75 193.00 20.50 50.00 -1.617494
450 367.75 171.00 20.50 50.00 -1.902535
450 617.88 230.18 22.38 54.58 -2.610906
480 615.91 174.65 24.37 59.45 0.934376
480 133.75 177.00 20.50 50.00 -0.257506
480 608.85 220.00 31.54 76.92 -0.996248
480 591.75 161.00 20.50 50.00 -1.630449
480 141.71 180.00 22.38 54.58 -1.782224
480 467.75 211.00 20.50 50.00 -2.013804
510 519.62 192.31 31.54 76.92 -1.539964
510 100.73 172.54 26.57 64.81 -1.663318
510 613.77 195.89 26.57 64.81 -2.126142
510 603.75 201.00 20.50 50.00 -2.365911
540 227.75 175.00 20.50 50.00 0.473254
540 65.75 135.00 20.50 50.00 -1.417697
540 78.22 167.52 24.37 59.45 -1.729015
540 231.75 165.00 20.50 50.00 -1.749667
540 178.84 166.91 22.38 54.58 -1.939973
570 222.51 164.76 26.57 64.81 -0.290228
600 201.93 179.41 24.37 59.45 -0.099357
600 213.79 160.36 22.38 54.58 -0.534286
600 549.29 174.65 24.37 59.45 -0.890110
600 379.80 160.36 22.38 54.58 -1.357417
600 409.75 75.00 20.50 50.00 -1.840304
600 613.77 40.22 26.57 64.81 -3.816528
630 191.75 153.00 20.50 50.00 1.391351
630 388.53 153.82 22.38 54.58 -0.717356
630 602.97 163.05 37.52 91.50 -0.932394
630 -0.35 148.24 28.92 70.53 -1.049937
630 619.75 33.00 20.50 50.00 -2.516146
630 431.01 21.18 28.92 70.53 -2.553662
630 -0.46 199.69 37.52 91.50 -2.640124
630 598.23 18.55 22.38 54.58 -2.716931
630 460.61 25.09 22.38 54.58 -3.486578
630 459.75 7.00 20.50 50.00 -4.352989
660 181.75 155.00 20.50 50.00 -0.025565
660 152.55 136.22 26.57 64.81 -0.850831
660 499.76 53.19 26.57 64.81 -0.946759
660 171.75 157.00 20.50 50.00 -1.403630
660 427.85 22.91 22.38 54.58 -2.540525
660 438.77 22.91 22.38 54.58 -3.851018
690 615.91 141.39 24.37 59.45 -0.357504
690 141.75 153.00 20.50 50.00 -0.837748
690 504.94 48.00 26.57 64.81 -1.272861
690 515.30 50.59 26.57 64.81 -2.349707
690 -0.65 90.32 52.90 129.03 -2.391768
720 478.09 151.64 22.38 54.58 0.157858
720 425.75 161.00 20.50 50.00 -1.000239
720 521.23 38.12 28.92 70.53 -1.261436
720 510.12 48.00 26.57 64.81 -2.363546
750 521.75 165.00 20.50 50.00 0.365328
750 240.00 146.14 24.37 59.45 -0.170174
750 513.75 165.00 20.50 50.00 -0.654111
750 473.46 143.08 31.54 76.92 -1.960357
750 535.33 35.29 28.92 70.53 -2.531144
780 572.01 180.00 22.38 54.58 -0.458564
780 580.75 180.00 22.38 54.58 -1.129297
810 -0.38 180.00 31.54 76.92 -0.331611
810 73.75 185.00 20.50 50.00 -0.562605
810 611.45 153.88 28.92 70.53 -0.882967
810 117.68 156.00 22.38 54.58 -1.259233
810 2.69 158.46 31.54 76.92 -1.742059
810 27.75 189.00 20.50 50.00 -1.775044
840 565.75 153.00 20.50 50.00 -1.053478
840 420.82 181.78 24.37 59.45 -1.260067
840 515.30 112.86 26.57 64.81 -1.263997
840 536.03 159.57 26.57 64.81 -1.372747
840 151.75 165.00 20.50 50.00 -1.461523
840 543.79 111.53 28.92 70.53 -1.688189
840 433.83 173.65 28.92 70.53 -1.744067
840 183.21 160.36 22.38 54.58 -1.847427
840 99.63 70.10 24.37 59.45 -2.249579
840 608.85 13.85 31.54 76.92 -4.204457
870 97.75 155.00 20.50 50.00 -0.533114
870 608.85 130.77 31.54 76.92 -0.627183
870 104.39 158.02 24.37 59.45 -0.763673
870 161.37 149.45 22.38 54.58 -0.897147
870 397.75 171.00 20.50 50.00 -1.059897
870 593.04 240.00 26.57 64.81 -1.093088
870 59.90 35.24 34.37 83.83 -1.407218
870 613.77 99.89 26.57 64.81 -2.017686
870 615.91 55.84 24.37 59.45 -2.968168
900 602.97 141.07 37.52 91.50 -0.015723
900 591.50 114.00 41.00 100.00 -0.422605
900 442.69 164.62 31.54 76.92 -0.602795
900 491.50 162.00 41.00 100.00 -0.693490
900 35.75 153.00 20.50 50.00 -1.060680
900 59.27 151.78 26.57 64.81 -1.311297
900 368.48 141.39 24.37 59.45 -1.368404
900 59.75 71.00 20.50 50.00 -2.575045
900 85.75 53.00 20.50 50.00 -2.973696
900 -0.65 -2.58 52.90 129.03 -5.042426
930 489.01 208.36 22.38 54.58 -0.116000
930 597.36 247.06 28.92 70.53 -0.470518
930 567.75 147.00 20.50 50.00 -0.623449
930 128.60 142.91 22.38 54.58 -0.968440
930 553.75 93.00 20.50 50.00 -1.017292
930 466.02 203.17 24.37 59.45 -1.306531
930 364.51 140.73 22.38 54.58 -1.931274
930 119.75 141.00 20.50 50.00 -1.995565
930 537.06 230.18 22.38 54.58 -2.247515
930 619.75 23.00 20.50 50.00 -3.624989
930 443.14 7.64 22.38 54.58 -4.427267
960 41.94 131.29 28.92 70.53 -0.443850
960 377.75 135.00 20.50 50.00 -1.249022
960 108.50 125.84 26.57 64.81 -1.259722
960 366.69 121.09 22.38 54.58 -1.277756
960 535.02 210.30 24.37 59.45 -1.470609
960 595.92 80.73 44.67 108.95 -1.980098
960 547.99 219.27 22.38 54.58 -2.092966
960 119.50 86.00 41.00 100.00 -2.159468
990 6.86 100.76 37.52 91.50 -0.439510
990 619.75 119.00 20.50 50.00 -1.214830
990 347.75 143.00 20.50 50.00 -1.550664
990 602.69 127.69 31.54 76.92 -1.794400
1020 5.75 171.00 20.50 50.00 -2.137508
1020 1.91 42.55 22.38 54.58 -3.117542
1050 77.82 106.91 44.67 108.95 -0.325488
1050 606.07 122.52 34.37 83.83 -0.850203
1050 539.25 136.36 22.38 54.58 -1.518749
1080 221.75 149.00 20.50 50.00 -0.215017
1080 606.07 122.52 34.37 83.83 -0.595511
1080 401.75 157.00 20.50 50.00 -1.221131
1080 477.75 149.00 20.50 50.00 -1.313438
1080 509.75 161.00 20.50 50.00 -1.556164
1080 197.75 145.00 20.50 50.00 -1.704589
1080 32.49 121.09 22.38 54.58 -1.772594
1110 531.92 124.62 31.54 76.92 -0.193667
1110 493.04 128.47 28.92 70.53 -0.408782
1110 175.76 129.50 24.37 59.45 -1.499376
1110 187.75 145.00 20.50 50.00 -1.535004
1110 619.75 193.00 20.50 50.00 -2.085448
1140 108.94 140.73 22.38 54.58 0.140386
1140 438.40 126.41 37.52 91.50 0.109095
1140 619.75 127.00 20.50 50.00 -0.757573
1140 163.87 146.14 24.37 59.45 -0.800959
1140 149.75 149.00 20.50 50.00 -0.901139
1140 467.17 147.27 22.38 54.58 -1.121511
1140 424.23 133.85 31.54 76.92 -1.166016
1140 357.75 151.00 20.50 50.00 -1.307531
1140 509.75 97.00 20.50 50.00 -1.607504
1140 599.75 133.00 20.50 50.00 -1.686634
1140 394.97 129.23 34.37 83.83 -1.776394
1140 481.75 55.00 20.50 50.00 -2.627648
1170 10.93 159.53 28.92 70.53 -0.202845
1170 123.75 161.00 20.50 50.00 -0.230505
1170 91.75 157.00 20.50 50.00 -0.539743
1170 541.15 127.69 31.54 76.92 -0.593045
1170 117.75 155.00 20.50 50.00 -0.928173
1170 99.63 146.14 24.37 59.45 -0.945017
1170 11.92 124.62 31.54 76.92 -1.398189
1170 555.75 49.00 20.50 50.00 -2.738956
1170 582.65 31.06 57.98 141.42 -2.913419
1200 239.75 145.00 20.50 50.00 0.711444
1200 521.75 143.00 20.50 50.00 0.134096
1200 551.75 125.00 20.50 50.00 -0.443430
1200 231.75 143.00 20.50 50.00 -0.971985
1200 -0.54 106.91 44.67 108.95 -1.752019
1200 30.63 153.27 24.37 59.45 -1.988169
1230 231.75 145.00 20.50 50.00 -0.188551
1230 617.88 156.00 22.38 54.58 -0.748098
1230 525.75 165.00 20.50 50.00 -1.264276
1230 2.93 135.94 34.37 83.83 -1.564021
1230 40.15 10.69 24.37 59.45 -3.305637
1260 197.28 115.80 34.37 83.83 -0.930212
1260 401.75 167.00 20.50 50.00 -1.402139
1260 619.75 141.00 20.50 50.00 -1.611437
1260 611.45 38.12 28.92 70.53 -3.129892
1260 9.75 3.00 20.50 50.00 -3.654564
1260 11.75 23.00 20.50 50.00 -4.049129
1290 435.18 152.73 34.37 83.83 1.639983
1290 93.65 138.55 22.38 54.58 1.096887
1290 153.72 115.80 34.37 83.83 -1.286067
1290 619.75 125.00 20.50 50.00 -2.210566
1290 530.61 50.18 44.67 108.95 -2.623386
1320 397.75 145.00 20.50 50.00 -0.305176
1320 425.75 139.00 20.50 50.00 -0.344575
1320 480.30 143.76 24.37 59.45 -0.584373
1320 87.77 128.43 26.57 64.81 -0.706963
1320 195.75 145.00 20.50 50.00 -0.987644
1320 603.75 125.00 20.50 50.00 -1.717456
1320 557.75 245.00 20.50 50.00 -3.419084
1350 454.13 136.63 24.37 59.45 -0.301802
1350 104.23 118.46 31.54 76.92 -0.800100
1350 619.75 91.00 20.50 50.00 -2.526553
1380 511.23 148.51 24.37 59.45 -1.022904
1380 617.88 116.73 22.38 54.58 -1.182486
1380 82.59 138.81 26.57 64.81 -1.547557
1380 121.46 125.84 26.57 64.81 -1.787391
1410 219.75 139.00 20.50 50.00 0.873408
1410 613.77 162.16 26.57 64.81 -1.098130
1410 425.75 191.00 20.50 50.00 -1.115677
1410 11.75 125.00 20.50 50.00 -1.643492
1410 400.00 148.24 28.92 70.53 -1.650510
1410 536.03 133.62 26.57 64.81 -1.760271
1440 531.50 134.00 41.00 100.00 -0.707469
1440 377.75 145.00 20.50 50.00 -1.373840
1440 385.13 146.14 24.37 59.45 -1.609205
1440 201.78 123.24 26.57 64.81 -1.728043
1440 611.45 94.59 28.92 70.53 -1.908195
1470 608.85 238.46 31.54 76.92 0.210466
1470 -0.35 114.35 28.92 70.53 -0.844339
1470 619.75 143.00 20.50 50.00 -1.754649
1500 179.75 139.00 20.50 50.00 -0.584186
1500 106.78 136.94 28.92 70.53 -1.464743
1500 525.75 187.00 20.50 50.00 -1.985583
1530 521.75 217.00 20.50 50.00 -0.170931
1530 156.73 155.64 24.37 59.45 -0.912218
1530 -0.35 151.06 28.92 70.53 -1.769235
1560 132.97 153.82 22.38 54.58 1.407893
1560 595.92 224.73 44.67 108.95 0.741868
1560 373.75 161.00 20.50 50.00 -1.238692
1560 536.03 149.19 26.57 64.81 -1.299216
1560 381.75 161.00 20.50 50.00 -1.503432
1560 605.81 173.65 28.92 70.53 -1.604567
1560 563.50 242.00 41.00 100.00 -1.700245
1560 546.40 227.03 26.57 64.81 -2.429042
1560 535.75 237.00 20.50 50.00 -2.840309
1560 595.92 37.09 44.67 108.95 -3.055896
1590 194.01 159.57 26.57 64.81 -1.659927
1590 43.43 148.40 37.52 91.50 -1.743947
1590 467.75 209.00 20.50 50.00 -2.408953
1620 582.65 121.41 57.98 141.42 1.268252
1620 419.75 191.00 20.50 50.00 -1.249228
1620 551.75 173.00 20.50 50.00 -2.067792
1620 -0.27 16.36 22.38 54.58 -3.937139
1650 145.83 126.41 37.52 91.50 -1.598905
1650 447.51 193.09 22.38 54.58 -1.833983
1680 475.75 161.00 20.50 50.00 0.401789
1680 483.75 159.00 20.50 50.00 -0.011112
1680 495.56 156.00 22.38 54.58 -1.152071
1680 619.75 123.00 20.50 50.00 -1.352912
1680 213.75 165.00 20.50 50.00 -1.554310
1680 380.37 153.27 24.37 59.45 -1.802711
1680 571.79 145.35 69.16 168.67 -1.842693
1680 523.96 46.91 22.38 54.58 -2.029022
1680 515.22 38.18 22.38 54.58 -2.780372
1680 543.75 51.00 20.50 50.00 -2.863529
1680 532.70 46.91 22.38 54.58 -2.988851
1680 615.91 20.20 24.37 59.45 -3.786440
1710 529.75 173.00 20.50 50.00 0.377410
1710 574.20 162.55 22.38 54.58 -0.866130
1710 513.04 156.00 22.38 54.58 -0.931405
1710 173.38 150.89 24.37 59.45 -1.331055
1710 504.30 158.18 22.38 54.58 -1.405317
1710 602.97 122.75 37.52 91.50 -1.600792
1710 463.75 187.00 20.50 50.00 -2.048804
1710 71.81 27.27 22.38 54.58 -3.432356
1740 611.45 134.12 28.92 70.53 0.087050
1740 -0.38 16.92 31.54 76.92 -3.757178
1740 292.42 22.91 22.38 54.58 -4.010661
1740 267.49 15.53 28.92 70.53 -4.356987
1770 565.52 129.23 75.52 184.20 0.698837
1770 450.75 122.82 28.92 70.53 -1.127309
1770 615.91 72.47 24.37 59.45 -1.260262
1770 533.44 151.78 26.57 64.81 -1.442703
1770 501.71 198.42 24.37 59.45 -1.547579
1770 399.75 183.00 20.50 50.00 -1.621738
1770 613.77 97.30 26.57 64.81 -1.724821
1770 -0.30 172.28 24.37 59.45 -1.779145
1770 10.62 98.82 57.98 141.42 -1.883427
1770 544.23 180.00 31.54 76.92 -2.051127
1770 285.75 29.00 20.50 50.00 -2.528650
1770 297.75 27.00 20.50 50.00 -3.469088
1770 439.62 20.00 31.54 76.92 -3.724857
1770 259.03 -1.41 28.92 70.53 -4.634178
1800 523.96 138.55 22.38 54.58 -0.376073
1800 563.28 132.00 22.38 54.58 -0.937266
1800 577.69 70.77 63.08 153.85 -1.111477
1800 245.75 175.00 20.50 50.00 -1.412347
1800 505.55 102.38 34.37 83.83 -1.702119
1800 602.97 170.38 37.52 91.50 -1.748231
1800 438.77 197.45 22.38 54.58 -1.828055
1800 -0.32 63.57 26.57 64.81 -2.699580
1830 524.29 40.00 117.14 285.71 -2.393013
