30 619.75 163.00 20.50 50.00 0.480026
30 191.95 164.73 22.38 54.58 -0.851974
30 266.21 166.91 22.38 54.58 -1.745717
30 -0.46 119.08 37.52 91.50 -2.258663
30 43.50 106.00 41.00 100.00 -2.451211
30 537.75 9.00 20.50 50.00 -4.615094
60 395.75 151.00 20.50 50.00 -1.062281
90 26.39 159.44 34.37 83.83 -1.142851
120 446.73 110.12 57.98 141.42 -0.284961
120 489.60 56.79 37.52 91.50 -2.269643
150 587.74 152.26 52.90 129.03 -0.763342
150 196.54 81.54 31.54 76.92 -2.064122
150 27.27 7.27 149.09 363.64 -2.605452
180 619.75 39.00 20.50 50.00 -3.593933
210 388.72 151.06 28.92 70.53 -0.079887
210 597.75 145.00 20.50 50.00 -0.157996
210 526.14 149.45 22.38 54.58 -0.665426
210 301.75 145.00 20.50 50.00 -1.386830
210 28.18 131.03 26.57 64.81 -1.941953
240 377.98 180.32 26.57 64.81 -0.228360
240 451.75 183.00 20.50 50.00 -0.535845
240 592.00 211.49 48.64 118.64 -0.598050
240 611.45 182.12 28.92 70.53 -0.696200
240 95.84 182.18 22.38 54.58 -0.710844
240 367.61 180.32 26.57 64.81 -1.129969
240 117.75 139.00 20.50 50.00 -1.263066
240 303.75 203.00 20.50 50.00 -1.510254
240 221.15 189.23 31.54 76.92 -1.540480
270 357.75 177.00 20.50 50.00 1.624775
270 273.13 170.82 28.92 70.53 -0.279409
270 68.70 210.30 24.37 59.45 -0.911984
270 592.00 121.19 48.64 118.64 -0.934335
270 535.50 166.00 41.00 100.00 -1.454335
270 509.75 193.00 20.50 50.00 -1.458188
270 81.75 221.00 20.50 50.00 -1.979453
270 49.75 237.00 20.50 50.00 -2.062432
270 261.75 193.00 20.50 50.00 -2.181969
270 543.75 97.00 20.50 50.00 -2.252517
300 611.33 210.55 22.38 54.58 0.281062
300 244.19 166.15 34.37 83.83 -0.423533
300 341.75 169.00 20.50 50.00 -0.562445
300 222.53 199.64 22.38 54.58 -0.775541
300 345.75 179.00 20.50 50.00 -0.802358
300 613.77 185.51 26.57 64.81 -0.809306
300 536.13 121.29 52.90 129.03 -1.049690
300 124.05 198.49 26.57 64.81 -1.400274
300 131.82 208.86 26.57 64.81 -1.609883
300 235.24 193.66 24.37 59.45 -1.680357
300 -0.77 83.08 63.08 153.85 -2.810217
300 81.75 23.00 20.50 50.00 -3.535408
300 65.26 31.64 22.38 54.58 -3.730289
330 169.68 147.10 52.90 129.03 -0.225281
330 569.83 212.73 22.38 54.58 -0.280711
330 320.97 164.76 26.57 64.81 -0.422590
330 277.13 182.18 22.38 54.58 -0.678199
330 313.75 169.00 20.50 50.00 -0.799722
330 619.75 145.00 20.50 50.00 -1.039681
330 339.75 153.00 20.50 50.00 -1.700450
330 606.07 280.28 34.37 83.83 -3.254387
360 617.88 173.45 22.38 54.58 -0.326235
360 247.75 159.53 28.92 70.53 -0.407942
360 317.75 177.00 20.50 50.00 -0.519560
360 189.76 193.09 22.38 54.58 -1.025528
360 48.46 138.46 63.08 153.85 -1.798265
390 602.97 130.08 37.52 91.50 -0.454724
390 171.50 150.00 41.00 100.00 -0.886640
390 107.31 118.46 31.54 76.92 -1.568741
390 295.75 165.00 20.50 50.00 -1.594444
390 479.75 183.00 20.50 50.00 -1.677759
390 349.47 79.14 26.57 64.81 -2.345901
390 619.75 11.00 20.50 50.00 -4.402803
420 109.60 173.65 28.92 70.53 0.424432
420 253.75 173.00 20.50 50.00 -0.022141
420 481.75 199.00 20.50 50.00 -1.009656
420 121.46 175.14 26.57 64.81 -1.354766
420 619.75 55.00 20.50 50.00 -1.508955
420 464.85 182.12 28.92 70.53 -1.528069
420 41.75 149.00 20.50 50.00 -1.558476
420 194.19 168.00 28.92 70.53 -1.625979
420 297.65 141.41 26.57 64.81 -1.751956
420 143.89 140.73 22.38 54.58 -1.938292
420 11.92 124.62 31.54 76.92 -2.226567
450 507.50 174.00 41.00 100.00 -0.165058
450 120.21 162.80 34.37 83.83 -0.314042
450 -0.38 192.31 31.54 76.92 -0.674092
450 196.31 180.00 22.38 54.58 -0.930389
450 53.22 128.47 28.92 70.53 -1.052484
450 221.75 171.00 20.50 50.00 -1.608030
450 150.44 188.73 22.38 54.58 -1.734689
450 611.45 120.00 28.92 70.53 -1.868858
480 149.96 182.92 26.57 64.81 0.026109
480 161.49 188.91 24.37 59.45 -1.193045
480 375.61 172.28 24.37 59.45 -1.327547
480 59.27 211.46 26.57 64.81 -1.342527
480 204.31 172.28 24.37 59.45 -1.392385
480 583.75 163.00 20.50 50.00 -1.817418
480 -0.59 92.67 48.64 118.64 -1.870469
480 538.62 265.95 26.57 64.81 -2.952874
510 168.81 173.65 28.92 70.53 -1.344476
510 491.75 197.00 20.50 50.00 -1.521553
510 -0.38 198.46 31.54 76.92 -1.537846
510 73.30 179.58 34.37 83.83 -1.723862
510 617.88 88.36 22.38 54.58 -2.510027
510 609.75 309.00 20.50 50.00 -3.208367
510 561.19 264.95 24.37 59.45 -3.287662
510 619.75 313.00 20.50 50.00 -3.956185
540 619.75 187.00 20.50 50.00 -0.733595
540 611.33 297.82 22.38 54.58 -4.593602
540 619.75 335.00 20.50 50.00 -5.998155
570 21.15 183.08 31.54 76.92 -0.670437
570 403.82 153.82 22.38 54.58 -0.857441
570 -0.25 215.00 20.50 50.00 -2.051260
600 599.31 265.65 37.52 91.50 -0.518474
600 4.86 164.76 26.57 64.81 -0.915200
600 549.43 272.47 28.92 70.53 -3.397249
600 611.45 328.94 28.92 70.53 -5.011631
630 446.99 158.02 24.37 59.45 -0.704375
630 205.75 165.00 20.50 50.00 -1.324015
630 -1.00 44.00 82.00 200.00 -3.284350
660 183.75 165.00 20.50 50.00 -0.615853
660 490.22 136.94 28.92 70.53 -0.836147
660 131.75 101.00 20.50 50.00 -1.335383
660 531.75 191.00 20.50 50.00 -1.435196
660 399.45 162.55 22.38 54.58 -1.732002
660 35.39 51.09 24.37 59.45 -3.138279
660 520.74 53.47 24.37 59.45 -3.171160
690 175.87 144.00 26.57 64.81 0.084151
690 363.75 161.00 20.50 50.00 -1.031634
690 97.75 89.00 20.50 50.00 -1.688387
690 -0.27 101.45 22.38 54.58 -1.976647
690 -0.25 39.00 20.50 50.00 -3.846241
690 617.88 18.55 22.38 54.58 -3.914583
690 -0.25 9.00 20.50 50.00 -4.702895
720 401.78 150.89 24.37 59.45 -1.435012
720 43.41 40.36 22.38 54.58 -2.171127
720 25.75 41.00 20.50 50.00 -3.548315
750 95.84 151.64 22.38 54.58 -1.204759
750 181.75 155.00 20.50 50.00 -1.268443
750 561.09 151.64 22.38 54.58 -1.394689
750 82.59 136.22 26.57 64.81 -1.913540
750 229.08 75.27 22.38 54.58 -2.039555
750 39.75 7.00 20.50 50.00 -4.366836
780 270.58 164.73 22.38 54.58 -0.846314
780 55.00 143.08 31.54 76.92 -1.120503
780 353.58 147.27 22.38 54.58 -1.619646
780 231.75 63.00 20.50 50.00 -2.618046
780 -0.35 38.12 28.92 70.53 -3.380768
810 577.42 121.29 52.90 129.03 -0.901918
810 7.50 130.00 41.00 100.00 -1.453402
810 147.37 156.97 26.57 64.81 -1.507397
810 266.21 164.73 22.38 54.58 -1.796646
840 397.75 177.00 20.50 50.00 -1.725020
870 617.88 132.00 22.38 54.58 -1.620477
870 617.88 105.82 22.38 54.58 -1.636918
900 619.75 123.00 20.50 50.00 -0.663886
900 -0.65 121.29 52.90 129.03 -0.953344
900 137.75 185.00 20.50 50.00 -1.558473
900 613.77 29.84 26.57 64.81 -3.987797
930 599.50 126.00 41.00 100.00 -1.339239
930 509.75 53.00 20.50 50.00 -3.251252
930 582.65 19.77 57.98 141.42 -3.733193
990 431.75 81.00 20.50 50.00 -1.986103
990 6.84 127.13 24.37 59.45 -2.155898
990 523.75 69.00 20.50 50.00 -2.264947
1020 383.75 199.00 20.50 50.00 -1.450037
1020 602.97 130.08 37.52 91.50 -1.637478
1020 242.83 104.47 57.98 141.42 -1.659776
1020 587.85 149.19 26.57 64.81 -1.735409
1050 442.23 134.26 24.37 59.45 -1.095424
1050 408.19 125.45 22.38 54.58 -1.671966
1050 458.43 136.36 22.38 54.58 -1.865940
1110 205.75 175.00 20.50 50.00 0.242296
1110 230.38 152.31 31.54 76.92 -1.861754
1140 375.75 161.00 20.50 50.00 -0.033667
1140 317.75 159.00 20.50 50.00 -0.342969
1140 153.46 167.69 31.54 76.92 -0.756027
1140 -0.84 104.79 69.16 168.67 -0.767312
1140 385.13 155.64 24.37 59.45 -1.002116
1140 15.75 73.00 20.50 50.00 -2.101313
1140 55.75 217.00 20.50 50.00 -2.175055
1170 124.05 156.97 26.57 64.81 -0.659872
1170 375.43 153.82 22.38 54.58 -0.733616
1170 95.50 162.00 41.00 100.00 -0.987051
1170 71.08 196.04 24.37 59.45 -1.466015
1170 385.90 139.76 28.92 70.53 -1.788466
1200 313.75 159.00 20.50 50.00 0.318365
1200 381.75 169.00 20.50 50.00 -0.086466
1200 407.75 165.00 20.50 50.00 -0.395918
1200 81.41 156.71 28.92 70.53 -0.528177
1200 -0.25 233.00 20.50 50.00 -2.019893
1230 577.69 107.69 63.08 153.85 0.274520
1230 317.75 165.00 20.50 50.00 -0.769689
1230 389.75 171.00 20.50 50.00 -0.804583
1230 37.75 197.00 20.50 50.00 -1.867279
1230 -0.35 179.29 28.92 70.53 -1.884866
1230 51.75 213.00 20.50 50.00 -2.146940
1260 606.07 162.80 34.37 83.83 -0.729702
1260 168.62 158.02 24.37 59.45 -0.962471
1260 39.75 175.00 20.50 50.00 -1.675626
1290 422.02 159.57 26.57 64.81 -1.064277
1290 140.62 159.53 28.92 70.53 -1.315133
1290 619.75 207.00 20.50 50.00 -1.729127
1320 449.75 163.00 20.50 50.00 -0.545851
1320 551.75 193.00 20.50 50.00 -1.013291
1320 333.75 163.00 20.50 50.00 -1.142254
1320 88.85 158.46 31.54 76.92 -1.374425
1320 571.79 70.99 69.16 168.67 -2.791477
1320 381.98 40.36 22.38 54.58 -3.496435
1350 318.24 136.94 28.92 70.53 -0.400155
1350 113.68 128.43 26.57 64.81 -0.701458
1350 7.75 195.00 20.50 50.00 -0.899169
1350 15.02 188.73 22.38 54.58 -1.144975
1350 475.90 147.27 22.38 54.58 -1.848162
1350 617.88 193.09 22.38 54.58 -1.982873
1350 41.94 190.59 28.92 70.53 -2.223327
1350 363.75 11.00 20.50 50.00 -4.096639
1350 481.75 11.00 20.50 50.00 -4.464804
1380 311.20 122.52 34.37 83.83 -0.055130
1380 619.75 141.00 20.50 50.00 -0.281967
1380 31.75 193.00 20.50 50.00 -0.387276
1380 136.96 125.87 34.37 83.83 -1.417588
1380 602.59 162.55 22.38 54.58 -1.532313
1380 587.74 18.07 52.90 129.03 -3.570986
1410 504.32 131.29 28.92 70.53 -0.526177
1410 608.85 103.08 31.54 76.92 -0.655723
1410 403.75 169.00 20.50 50.00 -0.660292
1410 37.77 129.50 24.37 59.45 -1.232299
1410 304.22 102.55 44.67 108.95 -1.582068
1410 135.75 101.00 20.50 50.00 -1.582759
1410 613.77 79.14 26.57 64.81 -1.695691
1410 613.77 37.62 26.57 64.81 -3.215426
1440 370.20 162.16 26.57 64.81 -1.607146
1440 424.62 146.59 26.57 64.81 -1.636216
1440 298.07 92.67 48.64 118.64 -1.836040
1440 30.66 120.00 28.92 70.53 -2.160991
1440 92.95 68.76 26.57 64.81 -2.624969
1440 606.07 18.46 34.37 83.83 -3.732335
1440 599.75 13.00 20.50 50.00 -4.520429
1470 95.75 123.00 20.50 50.00 -1.574331
1470 322.69 115.38 31.54 76.92 -1.624322
1500 602.97 111.76 37.52 91.50 -0.378965
1500 456.51 139.01 24.37 59.45 -1.277903
1500 386.35 175.64 22.38 54.58 -1.793341
1530 608.85 118.46 31.54 76.92 0.559850
1530 387.75 177.00 20.50 50.00 -0.750375
1530 329.75 147.00 20.50 50.00 -1.700875
1530 487.70 87.92 48.64 118.64 -1.869056
1530 611.45 66.35 28.92 70.53 -2.898135
1560 35.75 127.00 20.50 50.00 -0.675686
1560 132.97 169.09 22.38 54.58 -1.382713
1560 193.75 159.00 20.50 50.00 -1.518996
1560 489.75 131.00 20.50 50.00 -1.528991
1560 500.00 80.00 52.90 129.03 -2.509273
1590 606.07 109.09 34.37 83.83 -1.235297
1590 491.75 75.00 20.50 50.00 -1.590342
1590 296.79 66.55 22.38 54.58 -1.953695
1590 -0.54 106.91 44.67 108.95 -2.275438
1590 335.75 67.00 20.50 50.00 -2.333957
1620 -0.38 112.31 31.54 76.92 0.336317
1620 196.60 144.00 26.57 64.81 -1.122124
1620 18.08 118.46 31.54 76.92 -1.256681
1620 392.90 177.82 22.38 54.58 -1.594901
1620 611.45 100.24 28.92 70.53 -1.812526
1620 25.87 8.32 24.37 59.45 -4.284298
1650 192.42 148.51 24.37 59.45 -0.551836
1680 2.08 136.63 24.37 59.45 -0.957245
1680 362.69 189.23 31.54 76.92 -1.125567
1680 333.75 89.00 20.50 50.00 -1.249371
1680 379.50 174.00 41.00 100.00 -1.403418
1680 300.24 92.11 26.57 64.81 -1.564881
1680 38.64 207.27 44.67 108.95 -1.590622
1680 599.50 122.00 41.00 100.00 -1.807052
1680 509.03 93.18 57.98 141.42 -1.987021
1680 456.51 210.30 24.37 59.45 -2.459574
1710 489.39 159.57 26.57 64.81 -1.095897
1710 184.23 161.54 31.54 76.92 -1.408699
1710 514.69 93.18 57.98 141.42 -2.069839
1710 608.85 7.69 31.54 76.92 -3.927696
1740 174.45 162.35 28.92 70.53 0.100281
1740 443.75 191.00 20.50 50.00 -0.328230
1740 606.07 129.23 34.37 83.83 -0.723648
1740 495.75 223.00 20.50 50.00 -1.237590
1740 615.91 34.45 24.37 59.45 -3.236684
1770 165.77 149.23 31.54 76.92 0.901942
1770 468.66 177.73 26.57 64.81 0.557439
1770 602.97 122.75 37.52 91.50 -0.601702
1770 427.50 174.00 41.00 100.00 -1.141631
1770 513.61 172.28 24.37 59.45 -1.820452
1770 335.75 51.00 20.50 50.00 -2.643113
1770 292.34 -1.19 24.37 59.45 -4.826319
1800 133.61 142.66 34.37 83.83 1.148782
1800 219.75 157.00 20.50 50.00 -0.353212
1800 599.50 150.00 41.00 100.00 -0.486793
1800 529.83 166.72 37.52 91.50 -0.556070
1800 615.91 67.72 24.37 59.45 -1.563645
1800 322.69 4.62 31.54 76.92 -4.898910
1830 94.63 130.08 37.52 91.50 0.060026
1830 602.97 137.40 37.52 91.50 -1.001561
1830 575.46 155.64 24.37 59.45 -1.615646
1830 177.17 135.94 34.37 83.83 -1.754584
1830 606.07 263.50 34.37 83.83 -2.586859
