30 37.75 185.00 20.50 50.00 7.319546
30 147.75 195.00 20.50 50.00 1.141198
30 474.97 159.39 37.52 91.50 -0.591116
30 45.75 185.00 20.50 50.00 -0.599206
30 416.84 172.54 26.57 64.81 -1.164998
30 220.34 175.64 22.38 54.58 -1.392045
30 109.75 137.00 20.50 50.00 -1.491134
30 565.52 55.38 75.52 184.20 -2.970801
30 28.25 5.94 24.37 59.45 -4.203103
30 7.75 5.00 20.50 50.00 -4.651624
60 475.39 162.80 34.37 83.83 0.105440
60 449.69 153.82 22.38 54.58 -0.549955
60 365.75 159.00 20.50 50.00 -0.598316
60 11.54 120.00 63.08 153.85 -1.025860
60 157.53 168.00 28.92 70.53 -1.176101
60 189.75 183.00 20.50 50.00 -1.366508
60 439.75 163.00 20.50 50.00 -1.732172
60 613.77 60.97 26.57 64.81 -1.836115
90 416.06 158.02 24.37 59.45 -0.729144
90 467.50 138.00 41.00 100.00 -0.747423
90 511.75 157.00 20.50 50.00 -0.895477
90 125.77 167.69 31.54 76.92 -1.237018
90 380.57 141.41 26.57 64.81 -1.398516
90 565.52 40.62 75.52 184.20 -3.508065
90 373.24 9.82 22.38 54.58 -4.022422
120 493.75 145.00 20.50 50.00 0.841918
120 499.75 155.00 20.50 50.00 0.724367
120 215.97 162.55 22.38 54.58 0.247120
120 458.64 146.01 34.37 83.83 0.187357
120 431.75 183.00 20.50 50.00 -0.141328
120 373.24 142.91 22.38 54.58 -0.534820
120 -0.46 170.38 37.52 91.50 -0.650230
120 408.92 148.51 24.37 59.45 -1.543594
120 191.75 169.00 20.50 50.00 -1.576990
120 507.31 124.62 31.54 76.92 -1.721563
120 546.91 141.39 24.37 59.45 -1.876447
120 163.75 117.00 20.50 50.00 -1.896287
120 433.75 67.00 20.50 50.00 -2.065762
120 536.03 35.03 26.57 64.81 -2.375195
120 559.00 4.00 82.00 200.00 -4.387452
120 -0.35 9.88 28.92 70.53 -4.870233
150 577.69 126.15 63.08 153.85 0.579258
150 87.10 116.73 22.38 54.58 -0.391665
150 442.69 149.23 31.54 76.92 -0.416315
150 602.97 221.68 37.52 91.50 -0.827583
150 119.75 181.00 20.50 50.00 -0.943429
150 309.75 147.00 20.50 50.00 -1.481118
150 561.75 167.00 20.50 50.00 -1.544673
150 558.81 15.45 24.37 59.45 -3.821170
180 386.35 147.27 22.38 54.58 -0.116437
180 347.75 139.00 20.50 50.00 -0.512760
180 604.01 146.14 24.37 59.45 -1.058738
180 416.06 150.89 24.37 59.45 -1.078820
180 247.75 139.00 20.50 50.00 -1.458945
180 55.00 103.08 31.54 76.92 -2.100862
180 54.42 248.32 24.37 59.45 -2.752833
180 470.74 16.90 69.16 168.67 -2.794376
180 -0.59 40.40 48.64 118.64 -3.681362
180 503.75 -1.00 20.50 50.00 -4.530498
210 162.69 143.08 31.54 76.92 -0.288255
210 552.25 134.12 28.92 70.53 -0.318695
210 357.75 149.00 20.50 50.00 -0.416803
210 461.75 145.00 20.50 50.00 -0.450668
210 487.07 146.18 44.67 108.95 -1.160335
210 619.75 169.00 20.50 50.00 -1.225298
210 389.75 151.00 20.50 50.00 -1.569323
210 599.50 210.00 41.00 100.00 -1.750327
240 416.84 154.38 26.57 64.81 1.364637
240 365.75 147.00 20.50 50.00 0.513142
240 608.85 140.00 31.54 76.92 0.223137
240 385.13 136.63 24.37 59.45 -0.385982
240 498.08 180.00 31.54 76.92 -0.453998
240 335.75 157.00 20.50 50.00 -0.516456
240 547.99 149.45 22.38 54.58 -0.616985
240 90.05 159.44 34.37 83.83 -0.850618
240 377.99 143.76 24.37 59.45 -1.044226
240 559.62 127.69 31.54 76.92 -1.179587
240 588.34 119.08 37.52 91.50 -1.355361
240 537.40 148.51 24.37 59.45 -1.745373
240 608.85 78.46 31.54 76.92 -2.561623
240 -1.10 13.09 89.69 218.76 -3.898673
270 370.86 141.39 24.37 59.45 0.933098
270 471.50 142.00 41.00 100.00 0.932294
270 418.44 150.89 24.37 59.45 -0.250068
270 335.75 155.00 20.50 50.00 -0.466794
270 401.64 158.18 22.38 54.58 -1.113106
270 582.65 76.23 57.98 141.42 -2.026945
270 451.88 36.00 22.38 54.58 -3.240041
300 383.08 128.47 28.92 70.53 1.091741
300 335.75 169.00 20.50 50.00 -0.424083
300 447.89 115.64 44.67 108.95 -0.712662
300 393.46 127.69 31.54 76.92 -1.002826
300 592.00 78.42 48.64 118.64 -1.229567
330 439.75 175.00 20.50 50.00 -0.048907
330 445.75 181.00 20.50 50.00 -1.174819
330 394.65 131.88 24.37 59.45 -1.202650
330 524.29 5.71 117.14 285.71 -2.948836
360 339.93 174.65 24.37 59.45 -0.517778
360 593.04 144.00 26.57 64.81 -0.661774
360 383.75 145.00 20.50 50.00 -0.682488
360 617.88 199.64 22.38 54.58 -1.402398
360 606.07 125.87 34.37 83.83 -1.620111
360 442.31 64.61 63.08 153.85 -2.003163
360 466.87 24.00 98.11 239.31 -2.527789
360 -0.71 64.94 57.98 141.42 -3.304382
390 223.35 165.15 24.37 59.45 -0.458039
390 515.75 141.00 20.50 50.00 -0.475220
390 388.72 128.47 28.92 70.53 -1.191129
390 343.40 128.73 44.67 108.95 -1.523802
390 -0.77 64.61 63.08 153.85 -2.815845
390 615.91 281.58 24.37 59.45 -3.937701
420 545.80 138.55 22.38 54.58 -0.136993
420 403.50 94.00 41.00 100.00 -0.398009
420 349.75 179.00 20.50 50.00 -0.818778
420 1.91 66.55 22.38 54.58 -1.414588
420 11.75 153.00 20.50 50.00 -1.558073
420 87.10 105.82 22.38 54.58 -1.644060
450 408.71 89.45 44.67 108.95 -0.906668
450 564.53 141.41 26.57 64.81 -0.986424
450 595.92 115.64 44.67 108.95 -1.837772
450 157.75 201.00 20.50 50.00 -1.940669
480 413.06 102.55 44.67 108.95 -0.008893
480 565.86 139.30 34.37 83.83 -0.355799
480 83.75 143.00 20.50 50.00 -0.524944
480 606.07 132.59 34.37 83.83 -0.967034
480 198.50 186.55 22.38 54.58 -1.013679
480 331.75 179.00 20.50 50.00 -1.669499
480 189.76 193.09 22.38 54.58 -1.692255
480 617.88 112.36 22.38 54.58 -1.720376
480 78.36 86.18 22.38 54.58 -1.910467
510 327.75 181.00 20.50 50.00 -0.752738
510 235.75 177.00 20.50 50.00 -0.956261
510 90.11 215.05 24.37 59.45 -0.969416
510 619.75 171.00 20.50 50.00 -1.474684
510 411.73 142.66 34.37 83.83 -1.545704
510 159.35 157.42 52.90 129.03 -1.659093
510 592.00 73.66 48.64 118.64 -3.023913
600 619.75 207.00 20.50 50.00 -2.246937
630 326.15 201.08 26.57 64.81 2.671672
630 336.52 203.68 26.57 64.81 0.685716
630 135.75 193.00 20.50 50.00 -0.484421
630 606.07 193.01 34.37 83.83 -1.160369
630 301.15 182.94 34.37 83.83 -1.329923
630 617.88 145.09 22.38 54.58 -1.945641
660 51.50 190.00 41.00 100.00 2.854518
660 212.15 169.95 26.57 64.81 -0.055580
660 469.03 188.39 52.90 129.03 -0.488584
660 69.03 196.03 37.52 91.50 -0.857207
660 43.75 235.00 20.50 50.00 -1.216717
660 486.37 160.94 57.98 141.42 -1.549530
660 602.97 56.79 37.52 91.50 -1.979359
660 544.54 46.34 24.37 59.45 -3.440247
660 -0.54 15.27 44.67 108.95 -4.569422
690 175.75 187.00 20.50 50.00 -0.249354
690 15.50 142.00 41.00 100.00 -0.617166
690 209.75 169.00 20.50 50.00 -1.497466
690 428.19 139.76 28.92 70.53 -1.569024
690 90.11 196.04 24.37 59.45 -1.890396
690 109.75 207.00 20.50 50.00 -1.898046
690 541.75 23.00 20.50 50.00 -3.340842
690 617.88 27.27 22.38 54.58 -3.537411
690 603.75 301.00 20.50 50.00 -4.087748
690 617.88 5.45 22.38 54.58 -4.653858
690 600.18 328.94 28.92 70.53 -7.210217
720 1.91 219.27 22.38 54.58 0.141902
720 186.67 159.27 44.67 108.95 -0.730021
720 487.75 169.00 20.50 50.00 -0.853810
720 475.75 165.00 20.50 50.00 -1.175431
720 403.89 154.38 26.57 64.81 -1.688043
720 101.75 179.00 20.50 50.00 -1.780720
720 534.88 14.18 22.38 54.58 -3.363031
720 551.23 21.82 89.69 218.76 -3.432250
720 541.21 24.65 26.57 64.81 -3.601240
720 342.66 5.45 22.38 54.58 -3.839307
750 144.78 154.38 26.57 64.81 1.210324
750 408.38 142.66 34.37 83.83 -1.277487
750 180.52 165.15 24.37 59.45 -1.641571
750 137.00 162.16 26.57 64.81 -1.877302
750 2.47 159.53 28.92 70.53 -2.037113
750 559.00 28.00 82.00 200.00 -3.771560
780 152.55 167.35 26.57 64.81 0.259933
780 458.43 125.45 22.38 54.58 -0.725734
780 179.75 163.00 20.50 50.00 -0.957361
780 582.94 173.45 22.38 54.58 -1.043436
780 473.75 131.00 20.50 50.00 -1.263788
780 136.96 139.30 34.37 83.83 -1.603580
780 480.27 118.91 22.38 54.58 -1.775100
780 619.75 53.00 20.50 50.00 -2.611229
810 102.39 175.64 22.38 54.58 3.946043
810 99.75 147.00 20.50 50.00 0.332731
810 174.45 151.06 28.92 70.53 0.148925
810 371.06 156.00 22.38 54.58 -0.017707
810 608.85 146.15 31.54 76.92 -0.099269
810 401.64 164.73 22.38 54.58 -0.265905
810 539.32 98.18 44.67 108.95 -1.269186
810 149.07 136.94 28.92 70.53 -1.362411
810 163.17 139.76 28.92 70.53 -1.559386
810 593.04 151.78 26.57 64.81 -1.799168
810 -0.25 25.00 20.50 50.00 -3.057909
810 575.75 5.00 20.50 50.00 -3.172628
810 509.75 5.00 20.50 50.00 -3.917665
810 567.75 7.00 20.50 50.00 -4.213228
810 521.77 1.09 22.38 54.58 -4.534640
840 33.48 156.71 28.92 70.53 2.936465
840 1.91 173.45 22.38 54.58 0.918858
840 231.75 163.00 20.50 50.00 0.377261
840 107.75 161.00 20.50 50.00 -0.381363
840 437.47 153.27 24.37 59.45 -0.565515
840 177.27 131.29 28.92 70.53 -0.880978
840 619.75 143.00 20.50 50.00 -1.265360
840 139.50 102.00 41.00 100.00 -1.292620
870 103.70 92.67 48.64 118.64 -0.965744
870 -0.54 115.64 44.67 108.95 -1.131272
870 161.37 142.91 22.38 54.58 -1.642521
870 54.40 111.76 37.52 91.50 -1.767318
870 317.75 71.00 20.50 50.00 -2.541512
900 199.19 167.35 26.57 64.81 0.147529
900 147.31 143.08 31.54 76.92 -1.203337
900 619.75 159.00 20.50 50.00 -1.689492
900 77.82 102.55 44.67 108.95 -1.711603
930 191.37 168.00 28.92 70.53 -0.575057
930 136.96 149.37 34.37 83.83 -1.298418
930 70.52 106.93 48.64 118.64 -1.371311
930 307.75 77.00 20.50 50.00 -2.181667
960 167.77 163.05 37.52 91.50 -0.094181
960 50.97 110.97 52.90 129.03 -1.224927
960 108.50 169.95 26.57 64.81 -1.458548
960 401.64 166.91 22.38 54.58 -1.690011
960 128.85 164.62 31.54 76.92 -1.718164
960 293.81 81.88 57.98 141.42 -2.511801
960 611.45 63.53 28.92 70.53 -3.018919
990 110.38 167.69 31.54 76.92 -1.045863
990 560.70 221.65 28.92 70.53 -1.069293
990 163.77 176.22 34.37 83.83 -1.116151
990 438.77 173.45 22.38 54.58 -1.352056
990 565.52 92.31 75.52 184.20 -1.413020
990 27.61 104.47 57.98 141.42 -1.792844
990 333.75 51.00 20.50 50.00 -3.119470
990 229.75 9.00 20.50 50.00 -4.403367
1020 87.75 175.00 20.50 50.00 -0.391768
1020 120.21 189.65 34.37 83.83 -0.728326
1020 188.83 169.95 26.57 64.81 -1.015164
1020 103.95 146.18 44.67 108.95 -1.389812
1020 285.75 83.00 20.50 50.00 -1.786134
1020 71.08 153.27 24.37 59.45 -1.928256
1050 42.31 126.15 63.08 153.85 -0.418325
1050 16.28 144.00 57.98 141.42 -0.771080
1050 316.54 149.23 31.54 76.92 -0.819266
1050 606.07 112.45 34.37 83.83 -1.037386
1050 165.77 155.38 31.54 76.92 -1.450815
1050 121.04 134.26 24.37 59.45 -1.510558
1050 113.46 155.38 31.54 76.92 -1.631270
1050 267.75 91.00 20.50 50.00 -1.792239
1050 -0.27 86.18 22.38 54.58 -2.184368
1050 274.33 63.57 26.57 64.81 -2.269408
1050 615.91 67.72 24.37 59.45 -2.709435
1080 27.50 106.00 41.00 100.00 -1.039944
1080 43.50 74.00 41.00 100.00 -2.664254
1080 254.28 55.84 24.37 59.45 -2.793552
1080 -0.71 53.65 57.98 141.42 -2.799178
1080 86.58 21.82 89.69 218.76 -4.339505
1110 126.64 156.97 26.57 64.81 -0.260131
1110 163.87 160.40 24.37 59.45 -1.589886
1110 -0.77 15.38 63.08 153.85 -3.492658
1140 209.75 173.00 20.50 50.00 -1.072831
1140 489.75 199.00 20.50 50.00 -1.132634
1140 63.75 131.00 20.50 50.00 -1.555193
1140 571.79 57.47 69.16 168.67 -3.268095
1170 438.77 153.82 22.38 54.58 -0.835889
1170 193.75 171.00 20.50 50.00 -1.110229
1170 282.11 167.35 26.57 64.81 -1.123009
1170 111.75 187.00 20.50 50.00 -1.232221
1170 47.78 118.91 22.38 54.58 -1.894563
1200 28.18 92.11 26.57 64.81 -0.880884
1200 606.07 95.66 34.37 83.83 -2.324360
1200 525.50 17.82 24.37 59.45 -3.604720
1200 535.02 8.32 24.37 59.45 -4.427424
1230 125.75 167.00 20.50 50.00 -0.337965
1230 456.25 145.09 22.38 54.58 -0.930632
1230 85.77 136.92 31.54 76.92 -1.130398
1230 619.75 107.00 20.50 50.00 -1.647125
1260 59.18 148.51 24.37 59.45 -0.908355
1260 485.75 155.00 20.50 50.00 -1.518431
1290 2.93 125.87 34.37 83.83 -0.660058
1290 617.88 134.18 22.38 54.58 -1.383716
1290 423.75 141.00 20.50 50.00 -1.830534
1320 267.75 159.00 20.50 50.00 -0.550045
1320 533.44 159.57 26.57 64.81 -1.126556
1350 619.75 119.00 20.50 50.00 -0.959327
1410 599.50 162.00 41.00 100.00 -1.272874
1440 1.75 119.00 20.50 50.00 0.365429
1440 576.38 145.09 22.38 54.58 -0.491217
1440 599.75 151.00 20.50 50.00 -1.049256
1440 379.75 187.00 20.50 50.00 -1.550584
1440 -0.30 86.73 24.37 59.45 -1.861400
1440 13.98 77.23 24.37 59.45 -2.224216
1440 213.79 75.27 22.38 54.58 -2.356553
1470 497.75 175.64 22.38 54.58 -1.353391
1500 541.75 183.00 20.50 50.00 0.238042
1500 216.21 177.03 24.37 59.45 -0.365532
1500 403.75 159.00 20.50 50.00 -0.612186
1500 617.75 51.00 20.50 50.00 -2.886199
1530 421.30 151.64 22.38 54.58 0.231932
1530 229.75 163.00 20.50 50.00 -0.179171
1530 529.75 163.00 20.50 50.00 -0.719639
1530 362.32 164.73 22.38 54.58 -0.828430
1530 203.75 187.00 20.50 50.00 -1.137976
1530 243.75 169.00 20.50 50.00 -1.568068
1530 179.75 187.00 20.50 50.00 -1.673709
1530 559.00 44.00 82.00 200.00 -2.915613
1560 592.00 125.94 48.64 118.64 1.236465
1560 47.78 186.55 22.38 54.58 -0.657489
1560 510.85 110.18 22.38 54.58 -1.285893
1560 499.75 115.00 20.50 50.00 -1.713151
1560 161.37 193.09 22.38 54.58 -1.755245
1560 363.75 165.00 20.50 50.00 -1.898316
1560 611.45 63.53 28.92 70.53 -2.249556
1560 558.32 57.47 69.16 168.67 -2.578042
1560 583.75 31.00 20.50 50.00 -3.211618
1590 451.75 171.00 20.50 50.00 0.205131
1590 352.06 151.78 26.57 64.81 0.192503
1590 568.33 167.52 24.37 59.45 -0.136973
1590 173.28 149.19 26.57 64.81 -0.423915
1590 341.70 154.38 26.57 64.81 -1.612816
1590 606.07 266.85 34.37 83.83 -3.973168
1620 467.75 165.00 20.50 50.00 1.134071
1620 355.75 161.00 20.50 50.00 0.588797
1620 134.42 124.36 44.67 108.95 0.544624
1620 181.75 171.00 20.50 50.00 0.419712
1620 602.97 148.40 37.52 91.50 -0.622470
1620 611.33 73.09 22.38 54.58 -0.799946
1620 600.18 297.88 28.92 70.53 -2.324234
1620 505.75 83.00 20.50 50.00 -2.333529
1620 521.75 69.00 20.50 50.00 -2.560162
1620 59.75 35.00 20.50 50.00 -2.688539
1620 -0.25 21.00 20.50 50.00 -2.735165
1620 590.38 269.23 31.54 76.92 -4.035056
1620 559.75 7.00 20.50 50.00 -4.430832
1650 479.03 156.97 26.57 64.81 2.104408
1650 134.41 138.81 26.57 64.81 1.486566
1650 359.62 136.92 31.54 76.92 0.309088
1650 99.50 114.00 41.00 100.00 -1.914870
1650 619.75 67.00 20.50 50.00 -2.000155
1650 617.88 36.00 22.38 54.58 -2.594841
1680 461.15 149.23 31.54 76.92 2.983113
1680 110.38 130.77 31.54 76.92 0.816486
1680 451.75 153.00 20.50 50.00 -0.515339
1680 602.97 104.43 37.52 91.50 -0.671795
1680 218.16 171.27 22.38 54.58 -0.911986
1680 473.30 165.18 28.92 70.53 -1.110625
1680 127.50 126.00 41.00 100.00 -1.395616
1680 615.91 13.07 24.37 59.45 -3.885848
1680 591.67 20.73 22.38 54.58 -4.156612
1710 97.75 173.00 20.50 50.00 4.673013
1710 423.77 148.40 37.52 91.50 1.168539
1710 103.46 129.23 34.37 83.83 0.711750
1710 475.75 157.00 20.50 50.00 0.041546
1710 384.16 162.55 22.38 54.58 -0.316379
1710 123.42 172.28 24.37 59.45 -1.232119
1710 93.75 115.00 20.50 50.00 -1.514761
1710 445.11 170.82 28.92 70.53 -1.678098
1710 529.75 55.00 20.50 50.00 -2.219709
1710 551.23 21.82 89.69 218.76 -3.573721
1740 357.94 148.40 37.52 91.50 6.928631
1740 101.75 173.00 20.50 50.00 4.070945
1740 71.75 177.00 20.50 50.00 4.043754
1740 377.44 173.65 28.92 70.53 1.735675
1740 181.05 175.14 26.57 64.81 -0.724163
1740 443.75 135.00 20.50 50.00 -1.112460
1740 481.75 155.00 20.50 50.00 -1.331901
1740 349.25 176.47 28.92 70.53 -1.444930
1740 91.75 117.00 20.50 50.00 -1.794747
1740 151.75 131.00 20.50 50.00 -1.865807
1740 587.74 85.16 52.90 129.03 -1.964433
1740 98.02 134.18 22.38 54.58 -1.989748
1740 619.75 25.00 20.50 50.00 -3.671117
1770 81.75 181.00 20.50 50.00 4.774210
1770 283.50 154.00 41.00 100.00 4.364584
1770 493.75 167.00 20.50 50.00 -0.146488
1770 85.75 119.00 20.50 50.00 -0.565482
1770 183.64 177.73 26.57 64.81 -0.661437
1770 91.75 181.00 20.50 50.00 -1.039348
1770 383.50 130.00 41.00 100.00 -1.260010
1770 592.00 92.67 48.64 118.64 -1.313391
1770 137.75 135.00 20.50 50.00 -1.908035
1770 587.36 8.32 24.37 59.45 -4.312576
1800 208.00 170.38 37.52 91.50 6.206555
1800 495.75 173.00 20.50 50.00 2.183742
1800 199.55 205.54 24.37 59.45 1.595063
1800 42.53 179.41 24.37 59.45 1.530610
1800 87.31 126.41 37.52 91.50 -0.642710
1800 105.91 180.32 26.57 64.81 -0.739018
1800 501.75 167.00 20.50 50.00 -1.020708
1800 223.50 166.00 41.00 100.00 -1.416174
1800 592.00 102.18 48.64 118.64 -1.570945
1800 73.75 121.00 20.50 50.00 -1.978420
1830 65.75 191.00 20.50 50.00 3.935758
1830 495.75 179.00 20.50 50.00 3.862874
1830 95.24 172.36 44.67 108.95 2.876726
1830 59.75 127.00 20.50 50.00 -0.324297
1830 507.75 173.00 20.50 50.00 -0.352241
1830 101.94 137.40 37.52 91.50 -0.620872
1830 417.75 149.00 20.50 50.00 -0.652992
1830 168.62 186.53 24.37 59.45 -0.698219
1830 599.50 114.00 41.00 100.00 -0.791050
1830 75.75 127.00 20.50 50.00 -0.800946
1830 67.75 127.00 20.50 50.00 -0.837206
1830 129.75 143.00 20.50 50.00 -1.029471
1830 381.57 156.08 34.37 83.83 -1.134595
1830 73.75 187.00 20.50 50.00 -1.151479
1830 445.11 136.94 28.92 70.53 -1.351554
1830 565.75 37.00 20.50 50.00 -1.677698
