30 409.55 187.20 98.11 239.31 0.324755
30 167.75 199.00 20.50 50.00 -0.095203
30 384.23 176.92 31.54 76.92 -1.289234
30 480.27 127.64 22.38 54.58 -1.389720
30 107.31 220.00 31.54 76.92 -1.490329
30 613.77 138.81 26.57 64.81 -1.574810
30 326.70 72.00 28.92 70.53 -1.584046
30 606.07 176.22 34.37 83.83 -1.612764
30 159.18 201.82 22.38 54.58 -1.721586
30 165.75 227.00 20.50 50.00 -1.785949
30 281.50 70.91 22.38 54.58 -2.090018
60 147.31 198.46 31.54 76.92 0.442756
60 416.92 207.53 28.92 70.53 -0.307772
60 90.97 218.02 37.52 91.50 -0.713868
60 39.12 88.94 28.92 70.53 -1.266051
60 183.50 138.00 41.00 100.00 -1.458106
60 335.75 71.00 20.50 50.00 -1.670696
60 331.75 81.00 20.50 50.00 -2.102010
60 430.81 211.49 48.64 118.64 -2.161300
60 417.42 291.61 52.90 129.03 -4.539238
90 419.10 196.80 98.11 239.31 0.272667
90 142.17 188.70 37.52 91.50 0.228217
90 608.85 180.00 31.54 76.92 -1.114033
90 331.74 68.73 22.38 54.58 -1.477178
90 -0.27 158.18 22.38 54.58 -1.509109
90 99.75 231.00 20.50 50.00 -1.608009
120 142.17 188.70 37.52 91.50 0.885603
120 419.10 196.80 98.11 239.31 0.574849
120 91.50 218.00 41.00 100.00 -0.690487
120 281.75 77.00 20.50 50.00 -1.016545
120 127.75 185.00 20.50 50.00 -1.207949
120 333.92 68.73 22.38 54.58 -1.720620
120 619.75 201.00 20.50 50.00 -1.904535
120 331.75 87.00 20.50 50.00 -2.220505
120 325.75 79.00 20.50 50.00 -2.393441
120 81.75 259.00 20.50 50.00 -3.534565
150 143.66 196.36 34.37 83.83 1.563367
150 419.10 196.80 98.11 239.31 0.096904
150 492.73 123.64 149.09 363.64 -0.093973
150 90.97 225.34 37.52 91.50 -0.471953
150 121.75 157.00 20.50 50.00 -0.789950
150 279.75 79.00 20.50 50.00 -0.864122
150 331.75 81.00 20.50 50.00 -1.100767
150 315.75 167.00 20.50 50.00 -1.515770
150 608.85 93.85 31.54 76.92 -2.099785
180 142.17 188.70 37.52 91.50 1.935064
180 418.36 203.48 107.29 261.69 0.210092
180 90.97 225.34 37.52 91.50 -0.549896
180 492.73 123.64 149.09 363.64 -0.601752
180 335.75 83.00 20.50 50.00 -0.828106
180 279.32 79.64 22.38 54.58 -1.507784
180 -0.30 160.40 24.37 59.45 -1.527335
180 329.75 89.00 20.50 50.00 -1.616644
180 120.23 111.76 37.52 91.50 -1.643983
180 587.74 49.03 52.90 129.03 -3.055088
210 142.17 192.37 37.52 91.50 1.561013
210 418.36 203.48 107.29 261.69 0.735913
210 32.86 188.57 117.14 285.71 0.499990
210 478.00 88.00 164.00 400.00 -0.181274
210 279.75 81.00 20.50 50.00 -1.036796
210 328.03 81.98 24.37 59.45 -1.406817
210 -0.32 154.38 26.57 64.81 -1.685381
240 142.17 192.37 37.52 91.50 1.726863
240 418.36 203.48 107.29 261.69 0.628101
240 32.86 188.57 117.14 285.71 0.012918
240 328.03 81.98 24.37 59.45 -1.346371
240 -0.32 154.38 26.57 64.81 -1.605126
270 142.17 192.37 37.52 91.50 1.401056
270 418.36 203.48 107.29 261.69 0.609255
270 32.86 188.57 117.14 285.71 0.223363
270 329.75 89.00 20.50 50.00 -1.054884
270 279.75 81.00 20.50 50.00 -1.546542
270 619.75 139.00 20.50 50.00 -1.606165
270 597.75 133.00 20.50 50.00 -1.795078
270 333.75 79.00 20.50 50.00 -2.005302
300 140.31 199.72 34.37 83.83 0.347034
300 492.73 123.64 149.09 363.64 0.296893
300 418.36 203.48 107.29 261.69 0.118000
300 147.02 182.94 34.37 83.83 -1.084011
300 331.74 84.00 22.38 54.58 -1.355862
300 115.75 189.00 20.50 50.00 -1.405517
300 281.50 75.27 22.38 54.58 -1.838543
300 94.63 225.34 37.52 91.50 -1.917867
300 379.75 219.00 20.50 50.00 -2.286262
330 142.17 192.37 37.52 91.50 0.912577
330 418.36 203.48 107.29 261.69 0.359451
330 478.18 109.09 149.09 363.64 -0.303943
330 331.75 85.00 20.50 50.00 -1.321257
330 90.97 229.01 37.52 91.50 -1.582166
330 619.75 203.00 20.50 50.00 -1.605459
330 606.07 92.31 34.37 83.83 -1.937731
360 418.36 203.48 107.29 261.69 1.507854
360 143.66 193.01 34.37 83.83 1.243772
360 32.86 177.14 117.14 285.71 0.112381
360 492.73 123.64 149.09 363.64 -0.209400
360 333.75 89.00 20.50 50.00 -0.996738
360 281.50 77.45 22.38 54.58 -1.349545
360 335.75 75.00 20.50 50.00 -2.186786
390 418.36 203.48 107.29 261.69 0.828989
390 143.66 199.72 34.37 83.83 0.575784
390 32.86 177.14 117.14 285.71 0.315837
390 492.73 123.64 149.09 363.64 -0.468987
390 -1.31 224.35 107.29 261.69 -0.684417
390 281.75 83.00 20.50 50.00 -1.037232
390 335.75 83.00 20.50 50.00 -1.078648
390 362.95 98.03 69.16 168.67 -2.055768
420 410.00 188.57 117.14 285.71 1.414728
420 146.26 207.53 28.92 70.53 0.973468
420 478.00 88.00 164.00 400.00 -0.125585
420 21.43 188.57 117.14 285.71 -0.513680
420 119.86 151.64 22.38 54.58 -1.204943
420 337.75 81.00 20.50 50.00 -1.667245
420 329.75 89.00 20.50 50.00 -1.820017
420 331.75 75.00 20.50 50.00 -1.838079
450 142.17 192.37 37.52 91.50 1.156503
450 418.36 203.48 107.29 261.69 0.153380
450 492.73 123.64 149.09 363.64 -0.065134
450 91.50 222.00 41.00 100.00 -0.964539
450 281.75 77.00 20.50 50.00 -1.551082
450 331.75 91.00 20.50 50.00 -1.657593
450 337.75 79.00 20.50 50.00 -1.810685
480 138.51 188.70 37.52 91.50 1.610947
480 421.43 200.00 117.14 285.71 0.449904
480 478.18 123.64 149.09 363.64 -0.058031
480 398.57 142.86 117.14 285.71 -0.506995
480 119.75 159.00 20.50 50.00 -1.019539
480 330.41 81.98 24.37 59.45 -1.024013
480 -0.32 159.57 26.57 64.81 -1.310428
480 617.88 201.82 22.38 54.58 -1.594429
480 39.12 97.41 28.92 70.53 -1.800692
480 393.75 89.00 20.50 50.00 -1.860721
510 478.18 123.64 149.09 363.64 0.472041
510 144.23 207.69 31.54 76.92 0.313276
510 418.36 203.48 107.29 261.69 0.309893
510 98.02 234.55 22.38 54.58 -0.033610
510 283.75 79.00 20.50 50.00 -1.169337
510 -0.30 162.77 24.37 59.45 -1.208155
510 328.03 81.98 24.37 59.45 -1.418850
540 142.17 192.37 37.52 91.50 1.403439
540 478.18 123.64 149.09 363.64 0.308490
540 423.75 237.00 20.50 50.00 -0.528770
540 425.75 211.00 20.50 50.00 -1.145362
540 281.75 81.00 20.50 50.00 -1.225544
540 329.56 86.18 22.38 54.58 -1.410398
540 337.75 83.00 20.50 50.00 -1.444272
540 -0.30 160.40 24.37 59.45 -1.769654
540 98.08 232.31 31.54 76.92 -1.774870
540 115.75 189.00 20.50 50.00 -1.961316
540 397.27 86.18 22.38 54.58 -2.246134
540 227.31 50.77 31.54 76.92 -3.275252
540 417.42 301.94 52.90 129.03 -4.999814
570 146.26 207.53 28.92 70.53 0.776296
570 418.36 203.48 107.29 261.69 0.307880
570 478.18 123.64 149.09 363.64 -0.002830
570 117.75 189.00 20.50 50.00 -1.485846
570 97.75 237.00 20.50 50.00 -1.725397
570 281.75 83.00 20.50 50.00 -1.920762
570 619.75 175.00 20.50 50.00 -1.921436
570 331.75 91.00 20.50 50.00 -2.138295
600 410.00 188.57 117.14 285.71 1.312282
600 146.26 207.53 28.92 70.53 0.911374
600 87.50 226.00 41.00 100.00 -0.768563
600 -1.31 224.35 107.29 261.69 -1.424678
600 149.07 187.76 28.92 70.53 -1.493935
600 117.75 191.00 20.50 50.00 -1.619757
600 331.74 86.18 22.38 54.58 -1.704075
600 279.32 79.64 22.38 54.58 -1.988876
600 -0.35 162.35 28.92 70.53 -2.091573
630 139.50 186.00 41.00 100.00 1.460866
630 418.36 203.48 107.29 261.69 0.854946
630 113.75 187.00 20.50 50.00 -0.487736
630 333.75 83.00 20.50 50.00 -1.066367
630 -0.30 160.40 24.37 59.45 -1.475867
630 602.97 97.10 37.52 91.50 -1.775706
630 91.50 222.00 41.00 100.00 -1.811642
630 227.31 50.77 31.54 76.92 -2.771289
660 140.31 196.36 34.37 83.83 1.374609
660 418.36 203.48 107.29 261.69 0.515750
660 478.18 123.64 149.09 363.64 0.099327
660 32.86 177.14 117.14 285.71 -0.007293
660 281.75 83.00 20.50 50.00 -0.756486
660 -0.30 162.77 24.37 59.45 -1.055214
660 337.75 83.00 20.50 50.00 -1.669475
660 331.75 91.00 20.50 50.00 -2.278594
660 227.31 50.77 31.54 76.92 -3.261221
690 418.36 203.48 107.29 261.69 1.211876
690 146.26 207.53 28.92 70.53 0.968585
690 32.86 177.14 117.14 285.71 0.004294
690 281.75 81.00 20.50 50.00 -1.075290
690 -0.30 162.77 24.37 59.45 -1.347122
690 328.03 81.98 24.37 59.45 -1.555556
690 373.88 154.91 44.67 108.95 -1.568235
690 397.27 84.00 22.38 54.58 -1.801997
720 142.17 188.70 37.52 91.50 1.714319
720 419.10 196.80 98.11 239.31 0.510985
720 492.73 123.64 149.09 363.64 0.166392
720 23.08 166.15 126.15 307.69 -0.389094
720 331.75 89.00 20.50 50.00 -1.206262
720 283.75 83.00 20.50 50.00 -2.042384
750 139.50 182.00 41.00 100.00 1.240871
750 32.86 177.14 117.14 285.71 0.468176
750 419.10 196.80 98.11 239.31 0.364727
750 492.73 123.64 149.09 363.64 0.363807
750 333.92 88.36 22.38 54.58 -1.628361
750 606.07 92.31 34.37 83.83 -1.939874
780 142.17 192.37 37.52 91.50 1.146430
780 418.36 203.48 107.29 261.69 0.962029
780 21.43 188.57 117.14 285.71 -0.214341
780 333.92 79.64 22.38 54.58 -0.478567
780 281.75 81.00 20.50 50.00 -0.695447
780 619.75 203.00 20.50 50.00 -2.495554
780 227.31 50.77 31.54 76.92 -2.996215
810 143.66 199.72 34.37 83.83 0.912968
810 418.36 203.48 107.29 261.69 0.690124
810 32.86 177.14 117.14 285.71 0.289229
810 478.18 123.64 149.09 363.64 0.131563
810 281.75 81.00 20.50 50.00 -0.305239
810 329.75 89.00 20.50 50.00 -0.953663
810 117.75 159.00 20.50 50.00 -1.088984
810 619.75 203.00 20.50 50.00 -1.592537
810 150.37 182.94 34.37 83.83 -1.683355
810 337.75 83.00 20.50 50.00 -1.762741
810 42.69 90.77 31.54 76.92 -1.966636
810 -0.38 158.46 31.54 76.92 -2.004878
840 142.17 188.70 37.52 91.50 2.124511
840 421.43 200.00 117.14 285.71 0.847827
840 478.18 123.64 149.09 363.64 0.470095
840 32.86 177.14 117.14 285.71 0.374382
840 281.75 81.00 20.50 50.00 -0.313028
840 329.75 89.00 20.50 50.00 -1.462884
840 617.88 201.82 22.38 54.58 -1.905171
840 402.37 211.49 48.64 118.64 -2.055904
870 146.26 207.53 28.92 70.53 1.699587
870 418.36 203.48 107.29 261.69 0.308779
870 331.75 89.00 20.50 50.00 -0.757554
870 94.63 225.34 37.52 91.50 -0.790446
870 619.75 203.00 20.50 50.00 -1.529082
870 -0.32 162.16 26.57 64.81 -1.657126
870 395.50 210.00 41.00 100.00 -2.478622
900 146.26 207.53 28.92 70.53 1.556472
900 418.36 203.48 107.29 261.69 0.923822
900 21.43 188.57 117.14 285.71 -0.289103
900 331.75 89.00 20.50 50.00 -1.239348
900 619.75 203.00 20.50 50.00 -1.446243
900 281.75 83.00 20.50 50.00 -1.660521
900 -0.30 162.77 24.37 59.45 -1.705937
900 513.61 276.83 24.37 59.45 -3.282505
930 139.50 186.00 41.00 100.00 1.070389
930 418.36 203.48 107.29 261.69 0.871780
930 23.08 166.15 126.15 307.69 -0.333648
930 281.75 83.00 20.50 50.00 -0.698542
930 331.75 89.00 20.50 50.00 -1.020123
930 606.07 92.31 34.37 83.83 -1.143310
930 -0.32 162.16 26.57 64.81 -1.778584
930 617.88 201.82 22.38 54.58 -2.464031
960 142.17 188.70 37.52 91.50 1.294966
960 418.36 203.48 107.29 261.69 0.592978
960 -0.27 164.73 22.38 54.58 -0.916169
960 333.92 79.64 22.38 54.58 -1.075615
960 325.75 89.00 20.50 50.00 -1.181299
960 608.85 96.92 31.54 76.92 -1.373992
960 100.20 228.00 22.38 54.58 -1.584441
960 281.50 75.27 22.38 54.58 -1.963056
960 619.75 207.00 20.50 50.00 -2.581699
960 227.31 50.77 31.54 76.92 -3.208763
990 142.17 192.37 37.52 91.50 1.339281
990 418.36 203.48 107.29 261.69 0.734799
990 32.86 177.14 117.14 285.71 0.037040
990 333.92 84.00 22.38 54.58 -0.957101
990 279.75 81.00 20.50 50.00 -1.168426
990 619.75 203.00 20.50 50.00 -1.508714
990 -0.35 162.35 28.92 70.53 -2.089841
1020 398.33 140.00 136.67 333.33 1.114221
1020 143.66 199.72 34.37 83.83 0.401903
1020 492.73 123.64 149.09 363.64 -0.011136
1020 32.86 177.14 117.14 285.71 -0.207963
1020 331.75 89.00 20.50 50.00 -1.286196
1020 397.03 86.73 24.37 59.45 -1.557353
1020 408.38 78.88 34.37 83.83 -2.337688
1020 283.75 83.00 20.50 50.00 -2.441605
1020 230.38 50.77 31.54 76.92 -3.064648
1050 139.50 186.00 41.00 100.00 1.246448
1050 32.86 177.14 117.14 285.71 0.839030
1050 418.36 203.48 107.29 261.69 0.532198
1050 329.75 89.00 20.50 50.00 -1.176297
1050 38.54 99.89 26.57 64.81 -1.241849
1050 601.75 137.00 20.50 50.00 -1.567072
1050 -0.30 160.40 24.37 59.45 -1.569371
1050 476.12 176.47 28.92 70.53 -1.911294
1050 281.75 79.00 20.50 50.00 -2.075609
1050 399.45 88.36 22.38 54.58 -2.325019
1050 227.31 50.77 31.54 76.92 -3.025717
1050 -1.00 268.00 82.00 200.00 -4.117402
1080 142.17 188.70 37.52 91.50 0.866865
1080 398.57 188.57 117.14 285.71 0.673953
1080 32.86 177.14 117.14 285.71 -0.134317
1080 281.75 83.00 20.50 50.00 -0.922608
1080 117.75 159.00 20.50 50.00 -0.977652
1080 619.75 205.00 20.50 50.00 -1.417161
1080 331.75 91.00 20.50 50.00 -1.480852
1080 23.75 79.00 20.50 50.00 -1.728559
1080 231.75 75.00 20.50 50.00 -2.166804
1110 139.50 186.00 41.00 100.00 0.917239
1110 418.36 203.48 107.29 261.69 0.683742
1110 32.86 188.57 117.14 285.71 0.031485
1110 332.79 79.60 24.37 59.45 -1.321922
1110 401.64 86.18 22.38 54.58 -1.478693
1110 619.75 205.00 20.50 50.00 -1.573977
1110 40.15 100.99 24.37 59.45 -1.739888
1110 230.38 50.77 31.54 76.92 -2.761681
1140 398.33 140.00 136.67 333.33 1.562880
1140 146.26 207.53 28.92 70.53 0.971653
1140 32.86 177.14 117.14 285.71 0.188854
1140 331.75 91.00 20.50 50.00 -1.022912
1140 281.50 81.82 22.38 54.58 -1.307056
1140 -0.32 156.97 26.57 64.81 -1.332213
1140 606.07 92.31 34.37 83.83 -1.868846
1140 155.14 198.49 26.57 64.81 -2.194528
1140 394.65 89.11 24.37 59.45 -2.292745
1140 619.75 203.00 20.50 50.00 -2.321584
1170 142.17 192.37 37.52 91.50 0.698410
1170 421.43 200.00 117.14 285.71 0.639279
1170 606.07 92.31 34.37 83.83 -0.869294
1170 93.40 229.93 34.37 83.83 -1.007655
1170 329.75 89.00 20.50 50.00 -1.358481
1170 -0.30 162.77 24.37 59.45 -1.547999
1170 399.75 87.00 20.50 50.00 -1.947176
1170 227.31 50.77 31.54 76.92 -2.911596
1200 142.17 192.37 37.52 91.50 1.222709
1200 418.36 203.48 107.29 261.69 0.851220
1200 32.86 177.14 117.14 285.71 -0.097534
1200 478.18 123.64 149.09 363.64 -0.129120
1200 -0.30 160.40 24.37 59.45 -1.465930
1200 329.75 91.00 20.50 50.00 -1.581015
1200 283.75 79.00 20.50 50.00 -1.614143
1200 23.75 83.00 20.50 50.00 -1.748959
1200 331.75 75.00 20.50 50.00 -1.902551
1200 617.88 201.82 22.38 54.58 -1.990058
1200 231.75 75.00 20.50 50.00 -2.226433
1200 602.97 89.77 37.52 91.50 -2.264049
1230 142.17 188.70 37.52 91.50 1.105933
1230 418.36 203.48 107.29 261.69 0.410765
1230 32.86 188.57 117.14 285.71 0.340313
1230 279.75 81.00 20.50 50.00 -1.051809
1230 331.75 89.00 20.50 50.00 -1.210956
1230 174.45 168.00 28.92 70.53 -1.733787
1230 587.74 49.03 52.90 129.03 -2.991869
1260 142.17 192.37 37.52 91.50 1.343419
1260 418.36 203.48 107.29 261.69 0.868010
1260 492.73 123.64 149.09 363.64 0.038828
1260 99.75 237.00 20.50 50.00 -0.437832
1260 331.75 89.00 20.50 50.00 -1.270891
1260 -0.32 162.16 26.57 64.81 -1.561667
1260 279.75 83.00 20.50 50.00 -2.083387
1260 227.31 50.77 31.54 76.92 -3.113918
1290 143.66 193.01 34.37 83.83 2.350250
1290 415.00 210.77 31.54 76.92 0.782330
1290 492.73 123.64 149.09 363.64 -0.413467
1290 428.85 193.04 107.29 261.69 -0.680548
1290 100.20 236.73 22.38 54.58 -0.785172
1290 337.75 83.00 20.50 50.00 -1.276539
1290 331.75 91.00 20.50 50.00 -1.760080
1290 408.38 78.88 34.37 83.83 -1.830807
1290 227.31 50.77 31.54 76.92 -2.710198
1320 150.38 207.69 31.54 76.92 0.782828
1320 411.28 213.18 28.92 70.53 -0.016572
1320 327.75 89.00 20.50 50.00 -0.472316
1320 -1.54 178.46 126.15 307.69 -0.484012
1320 279.32 75.27 22.38 54.58 -1.314153
1320 419.10 225.60 98.11 239.31 -1.355810
1320 451.75 205.00 20.50 50.00 -1.490052
1320 169.68 116.13 52.90 129.03 -1.540102
1320 289.75 83.00 20.50 50.00 -1.983853
1320 336.11 73.09 22.38 54.58 -1.995572
1320 109.26 218.02 37.52 91.50 -2.803436
1350 38.33 140.00 136.67 333.33 0.210331
1350 384.16 219.27 22.38 54.58 0.002434
1350 317.75 113.00 20.50 50.00 -0.245432
1350 432.22 108.00 22.38 54.58 -0.269604
1350 619.75 197.00 20.50 50.00 -0.496443
1350 176.66 219.27 22.38 54.58 -0.936905
1350 602.97 137.40 37.52 91.50 -1.122642
1350 281.75 93.00 20.50 50.00 -1.301788
1350 531.50 198.00 41.00 100.00 -1.456782
1350 338.29 99.27 22.38 54.58 -1.610010
1350 479.75 151.00 20.50 50.00 -1.797740
1350 -0.42 179.58 34.37 83.83 -1.832865
1350 415.00 223.08 31.54 76.92 -1.860638
1350 328.03 91.48 24.37 59.45 -1.918726
1350 619.75 229.00 20.50 50.00 -1.955236
1350 608.85 103.08 31.54 76.92 -2.119618
1350 9.63 219.86 34.37 83.83 -2.794372
1380 318.51 112.87 24.37 59.45 -0.251572
1380 203.26 116.44 48.64 118.64 -0.551523
1380 91.50 194.00 41.00 100.00 -1.056175
1380 615.91 234.06 24.37 59.45 -1.128486
1380 478.74 196.36 34.37 83.83 -1.213459
1380 251.75 123.00 20.50 50.00 -1.293994
1380 435.75 109.00 20.50 50.00 -1.402644
1380 484.21 164.76 26.57 64.81 -1.435199
1380 602.97 141.07 37.52 91.50 -1.629748
1380 349.25 201.88 28.92 70.53 -1.727400
1380 167.50 186.00 41.00 100.00 -1.931899
1380 31.50 242.00 41.00 100.00 -3.251491
1410 368.99 196.24 28.92 70.53 -0.674498
1410 338.29 223.64 22.38 54.58 -0.784328
1410 320.97 112.86 26.57 64.81 -1.013735
1410 591.75 161.00 20.50 50.00 -1.092210
1410 333.75 105.00 20.50 50.00 -1.335053
1410 619.75 239.00 20.50 50.00 -1.373402
1410 87.31 236.34 37.52 91.50 -2.640788
1440 390.93 190.70 26.57 64.81 -0.037728
1440 210.97 188.39 52.90 129.03 -0.318966
1440 270.58 136.36 22.38 54.58 -0.677480
1440 157.00 199.64 22.38 54.58 -1.045379
1440 278.07 129.50 24.37 59.45 -1.087770
1440 341.15 93.85 31.54 76.92 -1.186224
1440 261.85 173.65 28.92 70.53 -2.025858
1440 352.11 202.91 44.67 108.95 -2.148097
1440 147.75 245.00 20.50 50.00 -3.140879
1470 16.36 150.89 24.37 59.45 0.007289
1470 235.50 198.00 41.00 100.00 -0.584758
1470 346.43 72.00 28.92 70.53 -1.431351
1470 549.33 130.69 48.64 118.64 -1.899962
1470 197.75 203.00 20.50 50.00 -2.085317
1470 602.97 276.64 37.52 91.50 -3.556363
1500 247.14 174.65 24.37 59.45 0.616741
1500 615.91 191.29 24.37 59.45 0.047180
1500 39.75 151.00 20.50 50.00 -0.552543
1530 250.57 170.82 28.92 70.53 0.297402
1530 387.51 181.78 24.37 59.45 -0.132105
1530 65.75 155.00 20.50 50.00 -0.501851
1530 73.75 155.00 20.50 50.00 -0.516136
1530 595.92 146.18 44.67 108.95 -1.001878
1530 439.85 96.24 24.37 59.45 -1.323167
1530 194.80 191.29 24.37 59.45 -1.726869
1530 606.07 290.35 34.37 83.83 -2.125269
1530 483.75 19.00 20.50 50.00 -4.359359
1560 619.75 147.00 20.50 50.00 0.910320
1560 415.00 161.54 31.54 76.92 0.142525
1560 405.75 171.00 20.50 50.00 0.092141
1560 368.17 196.36 34.37 83.83 -0.475719
1560 399.75 165.00 20.50 50.00 -0.553556
1560 463.64 84.36 24.37 59.45 -0.756312
1560 255.29 166.91 22.38 54.58 -0.831840
1560 536.13 116.13 52.90 129.03 -1.708596
1560 565.05 172.39 69.16 168.67 -1.764115
1560 592.00 54.65 48.64 118.64 -2.372677
1590 94.87 165.15 24.37 59.45 0.325459
1590 619.75 139.00 20.50 50.00 0.138428
1590 403.82 180.00 22.38 54.58 0.138195
1590 416.84 162.16 26.57 64.81 -0.130766
1590 259.66 164.73 22.38 54.58 -0.884661
1590 -0.35 210.35 28.92 70.53 -1.663019
1590 430.48 115.64 44.67 108.95 -1.841231
1590 501.71 89.11 24.37 59.45 -2.076203
1590 512.86 40.00 117.14 285.71 -3.047450
1590 451.88 49.09 22.38 54.58 -3.056416
1620 106.81 135.94 34.37 83.83 -0.049619
1620 212.15 175.14 26.57 64.81 -0.409731
1620 239.75 153.00 20.50 50.00 -0.861593
1620 414.74 147.27 22.38 54.58 -1.118046
1620 245.75 169.00 20.50 50.00 -1.122747
1620 403.82 175.64 22.38 54.58 -1.195512
1620 100.20 171.27 22.38 54.58 -1.532694
1620 195.75 77.00 20.50 50.00 -2.091852
1620 537.75 59.00 20.50 50.00 -2.097211
1620 441.75 47.00 20.50 50.00 -2.134785
1620 183.75 87.00 20.50 50.00 -2.292756
1620 471.75 11.00 20.50 50.00 -3.750330
1620 611.45 9.88 28.92 70.53 -4.161862
1650 592.00 121.19 48.64 118.64 -0.819618
1650 399.45 177.82 22.38 54.58 -0.890626
1650 572.01 132.00 22.38 54.58 -1.101889
1650 608.85 93.85 31.54 76.92 -1.466773
1650 409.75 171.00 20.50 50.00 -1.899345
1650 461.75 107.00 20.50 50.00 -1.939139
1650 597.75 17.00 20.50 50.00 -2.195074
1650 185.39 70.91 22.38 54.58 -2.439677
1650 605.75 15.00 20.50 50.00 -3.167760
1650 601.75 29.00 20.50 50.00 -3.450240
1650 584.98 10.69 24.37 59.45 -4.480912
1680 371.75 181.00 20.50 50.00 1.829892
1680 362.32 175.64 22.38 54.58 1.777761
1680 117.68 140.73 22.38 54.58 -0.639101
1680 391.75 183.00 20.50 50.00 -0.709984
1680 167.92 68.73 22.38 54.58 -0.792376
1680 178.14 60.59 24.37 59.45 -1.223578
1680 569.83 219.27 22.38 54.58 -1.934002
1680 283.69 68.73 22.38 54.58 -2.051985
1680 515.75 17.00 20.50 50.00 -3.515162
1680 535.75 7.00 20.50 50.00 -4.437681
1710 391.75 179.00 20.50 50.00 0.622744
1710 209.07 169.90 24.37 59.45 -0.371714
1710 222.53 173.45 22.38 54.58 -1.078072
1710 437.75 103.00 20.50 50.00 -1.095542
1710 122.69 136.92 31.54 76.92 -1.169315
1710 379.75 185.00 20.50 50.00 -1.702354
1710 451.75 191.00 20.50 50.00 -2.005864
1710 615.91 51.09 24.37 59.45 -2.989687
1710 611.45 9.88 28.92 70.53 -4.383905
1740 384.92 176.22 34.37 83.83 -0.191843
1740 540.97 165.18 28.92 70.53 -0.592252
1740 131.75 123.00 20.50 50.00 -0.833788
1740 254.28 169.90 24.37 59.45 -0.900787
1740 497.75 182.18 22.38 54.58 -1.331166
1740 221.75 169.00 20.50 50.00 -1.404171
1740 204.31 172.28 24.37 59.45 -1.465045
1740 545.75 205.00 20.50 50.00 -1.502719
1740 496.95 72.47 24.37 59.45 -1.616818
1740 559.75 185.00 20.50 50.00 -1.889458
1740 617.88 166.91 22.38 54.58 -1.953283
1740 191.42 40.22 26.57 64.81 -3.177231
1740 619.75 17.00 20.50 50.00 -3.716677
1770 585.12 193.09 22.38 54.58 1.447255
1770 250.57 162.35 28.92 70.53 -0.207681
1770 237.75 187.00 20.50 50.00 -0.333395
1770 454.13 172.28 24.37 59.45 -0.476107
1770 611.45 168.00 28.92 70.53 -0.989142
1770 243.75 155.00 20.50 50.00 -1.035052
1770 222.38 162.35 28.92 70.53 -1.184125
1770 388.34 198.49 26.57 64.81 -1.450723
1770 258.08 66.15 31.54 76.92 -1.883544
1770 463.64 179.41 24.37 59.45 -1.963054
1770 611.45 4.24 28.92 70.53 -4.669564
1770 225.75 7.00 20.50 50.00 -4.727286
1800 233.66 170.82 28.92 70.53 0.034504
1800 510.12 175.14 26.57 64.81 -0.206346
1800 281.75 139.00 20.50 50.00 -0.382559
1800 298.08 155.38 31.54 76.92 -1.117752
1800 619.75 175.00 20.50 50.00 -1.186889
1800 261.15 149.23 31.54 76.92 -1.225567
1800 375.38 198.49 26.57 64.81 -1.709820
1800 611.45 66.35 28.92 70.53 -2.325849
1800 305.75 45.00 20.50 50.00 -2.328594
1800 283.75 45.00 20.50 50.00 -3.090424
1800 606.07 15.11 34.37 83.83 -3.889250
1800 236.48 12.71 28.92 70.53 -4.496970
1830 239.75 165.00 20.50 50.00 0.078807
1830 293.55 131.61 52.90 129.03 0.070964
1830 230.84 120.00 28.92 70.53 -1.351888
1830 602.97 148.40 37.52 91.50 -1.402607
1830 261.75 127.00 20.50 50.00 -1.419964
1830 344.85 151.64 22.38 54.58 -1.446991
1830 484.21 175.14 26.57 64.81 -1.764070
1830 477.75 197.00 20.50 50.00 -1.940023
