30 459.21 176.47 28.92 70.53 0.780453
30 235.24 174.65 24.37 59.45 0.773001
30 427.21 175.14 26.57 64.81 -0.722076
30 491.19 197.45 22.38 54.58 -1.376607
30 175.50 126.00 41.00 100.00 -1.465001
60 529.69 182.12 28.92 70.53 2.163288
60 487.75 199.00 20.50 50.00 1.545163
60 465.75 197.00 20.50 50.00 1.139968
60 517.41 195.27 22.38 54.58 0.583046
60 544.23 173.85 31.54 76.92 -0.853711
60 495.75 193.00 20.50 50.00 -0.864945
60 499.75 159.00 20.50 50.00 -1.515655
60 202.87 125.45 22.38 54.58 -1.520684
60 530.51 228.00 22.38 54.58 -1.744478
60 210.97 100.65 52.90 129.03 -1.839101
60 480.27 188.73 22.38 54.58 -1.878294
90 77.75 179.00 20.50 50.00 -0.257471
90 507.75 169.00 20.50 50.00 -0.264213
90 607.75 173.00 20.50 50.00 -1.021717
90 186.23 115.46 26.57 64.81 -1.220541
90 485.06 160.40 24.37 59.45 -1.444279
90 202.87 125.45 22.38 54.58 -1.497147
90 224.08 95.66 34.37 83.83 -1.717717
90 597.75 239.00 20.50 50.00 -1.718345
90 82.97 124.75 24.37 59.45 -1.934677
90 619.75 125.00 20.50 50.00 -1.974779
90 589.75 241.00 20.50 50.00 -3.368744
120 541.75 177.00 20.50 50.00 4.988263
120 574.20 173.45 22.38 54.58 4.726472
120 550.17 175.64 22.38 54.58 1.148724
120 207.75 137.00 20.50 50.00 -1.276164
120 5.75 53.00 20.50 50.00 -1.789880
120 23.75 65.00 20.50 50.00 -2.939662
150 -0.27 177.82 22.38 54.58 -0.816371
150 491.98 162.16 26.57 64.81 -0.949825
180 602.97 155.73 37.52 91.50 -0.084545
180 510.85 171.27 22.38 54.58 -1.351085
180 602.97 45.80 37.52 91.50 -3.262677
210 33.09 139.30 34.37 83.83 -0.134519
210 168.81 136.94 28.92 70.53 -0.217181
210 423.20 148.51 24.37 59.45 -1.124101
210 606.07 92.31 34.37 83.83 -1.261083
210 -0.25 185.00 20.50 50.00 -1.401355
210 442.23 160.40 24.37 59.45 -1.806944
210 113.31 177.82 22.38 54.58 -1.902452
240 466.07 156.97 26.57 64.81 0.747507
240 583.75 159.00 20.50 50.00 -0.678565
240 439.75 171.00 20.50 50.00 -1.075638
240 451.88 166.91 22.38 54.58 -1.547411
240 499.75 181.00 20.50 50.00 -1.757169
270 521.77 175.64 22.38 54.58 1.223052
270 473.75 185.00 20.50 50.00 0.059678
270 513.75 179.00 20.50 50.00 -0.827792
270 413.75 163.00 20.50 50.00 -0.836011
270 602.97 159.39 37.52 91.50 -0.863512
270 535.33 162.35 28.92 70.53 -1.175257
270 421.78 125.87 34.37 83.83 -1.670447
270 84.92 186.55 22.38 54.58 -1.749111
270 487.40 156.71 28.92 70.53 -1.974550
270 595.92 72.00 44.67 108.95 -2.301750
270 619.75 5.00 20.50 50.00 -4.769738
300 527.75 185.00 20.50 50.00 3.051006
300 541.75 187.00 20.50 50.00 1.439916
300 605.81 168.00 28.92 70.53 1.222626
300 434.83 115.64 44.67 108.95 -0.308297
300 425.75 169.00 20.50 50.00 -0.361309
300 565.46 188.73 22.38 54.58 -0.411645
300 87.05 145.41 28.92 70.53 -1.041178
300 583.26 170.82 28.92 70.53 -1.248118
300 552.35 190.91 22.38 54.58 -1.366282
300 595.63 172.54 26.57 64.81 -1.523288
330 461.75 173.00 20.50 50.00 1.336615
330 505.75 177.00 20.50 50.00 1.095317
330 487.75 177.00 20.50 50.00 0.387544
330 471.54 162.55 22.38 54.58 -0.073823
330 449.37 162.77 24.37 59.45 -0.104288
330 617.88 195.27 22.38 54.58 -0.328807
330 513.04 180.00 22.38 54.58 -0.988247
330 617.88 171.27 22.38 54.58 -1.885277
330 89.28 108.00 22.38 54.58 -1.889459
330 602.97 71.45 37.52 91.50 -1.961627
360 519.59 173.45 22.38 54.58 4.580155
360 552.35 173.45 22.38 54.58 3.756332
360 601.75 181.00 20.50 50.00 3.517292
360 585.75 183.00 20.50 50.00 1.527439
360 593.75 183.00 20.50 50.00 1.079245
360 513.61 143.76 24.37 59.45 -0.188062
360 495.50 149.37 34.37 83.83 -0.888038
360 371.75 151.00 20.50 50.00 -0.972532
360 237.82 173.45 22.38 54.58 -1.070519
360 425.75 173.00 20.50 50.00 -1.340294
360 59.75 103.00 20.50 50.00 -1.446342
360 538.62 125.84 26.57 64.81 -2.125666
390 606.07 166.15 34.37 83.83 1.951699
390 473.72 164.73 22.38 54.58 -0.436761
390 82.73 177.82 22.38 54.58 -0.789294
390 611.75 107.00 20.50 50.00 -0.925263
390 -0.35 74.82 28.92 70.53 -1.049863
390 94.87 174.65 24.37 59.45 -1.313302
390 604.01 124.75 24.37 59.45 -1.771374
390 443.75 171.00 20.50 50.00 -1.832771
390 51.75 203.00 20.50 50.00 -2.284081
390 599.50 34.00 41.00 100.00 -2.955561
420 505.75 179.00 20.50 50.00 1.766969
420 473.75 177.00 20.50 50.00 0.584309
420 511.50 122.00 41.00 100.00 0.037579
420 115.75 175.00 20.50 50.00 -0.978741
420 493.38 173.45 22.38 54.58 -1.104370
420 467.75 183.00 20.50 50.00 -1.959976
420 577.69 76.92 63.08 153.85 -2.179170
420 619.75 13.00 20.50 50.00 -4.215210
450 563.75 181.00 20.50 50.00 3.061374
450 432.71 184.16 24.37 59.45 -0.003266
450 521.75 181.00 20.50 50.00 -0.279612
450 537.75 193.00 20.50 50.00 -0.591426
450 399.45 169.09 22.38 54.58 -0.946263
450 526.14 190.91 22.38 54.58 -0.961667
450 5.75 165.00 20.50 50.00 -1.386632
450 510.85 175.64 22.38 54.58 -1.423590
450 473.30 156.71 28.92 70.53 -1.499940
450 17.20 162.55 22.38 54.58 -1.782280
450 381.75 117.00 20.50 50.00 -1.856069
450 49.75 185.00 20.50 50.00 -2.038513
450 577.69 76.92 63.08 153.85 -2.336882
480 453.75 145.00 20.50 50.00 -0.369641
480 582.65 166.59 57.98 141.42 -0.920955
480 219.75 157.00 20.50 50.00 -0.940566
480 89.75 187.00 20.50 50.00 -1.203186
480 501.50 193.41 28.92 70.53 -1.592592
480 4.86 175.14 26.57 64.81 -2.230928
480 582.65 48.00 57.98 141.42 -3.240782
480 615.91 24.95 24.37 59.45 -3.606632
510 482.46 182.18 22.38 54.58 0.380576
510 363.72 181.78 24.37 59.45 -0.205721
510 61.75 185.00 20.50 50.00 -0.374763
510 218.59 150.89 24.37 59.45 -0.616850
510 161.75 179.00 20.50 50.00 -0.997359
510 599.50 94.00 41.00 100.00 -0.998889
510 391.50 110.00 41.00 100.00 -1.075763
510 575.75 191.00 20.50 50.00 -1.222152
510 499.75 131.00 20.50 50.00 -1.304970
510 565.95 174.65 24.37 59.45 -1.479703
510 617.88 42.55 22.38 54.58 -2.612459
510 6.28 68.73 22.38 54.58 -2.914773
540 527.75 181.00 20.50 50.00 2.210829
540 552.35 190.91 22.38 54.58 1.825548
540 184.23 136.92 31.54 76.92 0.293637
540 13.75 155.00 20.50 50.00 -0.537735
540 611.45 241.41 28.92 70.53 -0.814630
540 509.75 183.00 20.50 50.00 -0.948498
540 431.75 129.00 20.50 50.00 -1.188190
540 391.61 85.16 52.90 129.03 -1.205361
540 359.84 177.73 26.57 64.81 -1.929018
540 619.75 15.00 20.50 50.00 -4.469678
570 609.15 180.00 22.38 54.58 2.436166
570 617.88 180.00 22.38 54.58 1.849199
570 599.26 186.53 24.37 59.45 0.391380
570 388.53 156.00 22.38 54.58 -0.139523
570 213.75 151.00 20.50 50.00 -0.842755
570 412.74 70.59 57.98 141.42 -1.611373
570 165.75 167.00 20.50 50.00 -1.739541
570 71.75 193.00 20.50 50.00 -1.761460
570 395.65 98.18 44.67 108.95 -1.931885
600 392.27 162.77 24.37 59.45 0.980568
600 346.43 151.06 28.92 70.53 -0.253469
600 16.36 153.27 24.37 59.45 -0.959842
600 403.75 165.00 20.50 50.00 -0.968802
600 429.80 154.38 26.57 64.81 -1.133914
600 377.75 161.00 20.50 50.00 -1.374567
600 69.75 191.00 20.50 50.00 -1.417012
600 11.75 189.00 20.50 50.00 -2.229501
600 447.50 74.00 41.00 100.00 -2.426585
600 373.75 31.00 20.50 50.00 -3.363647
630 405.75 163.00 20.50 50.00 1.600508
630 467.17 140.73 22.38 54.58 0.006003
630 243.75 193.00 20.50 50.00 -0.517086
630 414.74 156.00 22.38 54.58 -0.633917
630 56.52 169.09 22.38 54.58 -0.644593
630 4.10 186.55 22.38 54.58 -0.992487
630 341.15 152.31 31.54 76.92 -1.097216
630 395.75 161.00 20.50 50.00 -1.146298
630 557.75 91.00 20.50 50.00 -1.742643
630 482.46 75.27 22.38 54.58 -1.888944
660 397.03 162.77 24.37 59.45 0.228911
660 438.77 140.73 22.38 54.58 0.109167
660 408.38 159.44 34.37 83.83 -0.360456
660 212.79 154.91 44.67 108.95 -0.632452
660 67.44 175.64 22.38 54.58 -1.124196
660 515.75 101.00 20.50 50.00 -1.209297
660 4.86 164.76 26.57 64.81 -1.356125
660 353.58 149.45 22.38 54.58 -1.446725
660 592.00 64.16 48.64 118.64 -1.496454
660 527.88 89.11 24.37 59.45 -1.755729
660 339.11 149.19 26.57 64.81 -1.937185
660 525.65 21.82 34.37 83.83 -4.069280
690 394.36 153.88 28.92 70.53 -0.334021
690 347.03 151.64 22.38 54.58 -0.350725
690 196.60 198.49 26.57 64.81 -0.417711
690 415.00 158.46 31.54 76.92 -0.849431
690 207.50 158.00 41.00 100.00 -1.045881
690 470.78 127.13 24.37 59.45 -1.404442
690 355.77 147.27 22.38 54.58 -1.437642
690 317.71 144.73 37.52 91.50 -1.709322
690 35.39 167.52 24.37 59.45 -1.990597
690 449.75 41.00 20.50 50.00 -2.330902
690 598.23 57.82 22.38 54.58 -2.807424
690 611.45 57.88 28.92 70.53 -3.092807
720 467.75 181.00 20.50 50.00 -0.093712
720 507.75 133.00 20.50 50.00 -0.443778
720 435.18 146.01 34.37 83.83 -0.853460
720 219.50 162.00 41.00 100.00 -1.198537
720 463.75 119.00 20.50 50.00 -1.258229
720 101.75 163.00 20.50 50.00 -1.368899
720 35.75 171.00 20.50 50.00 -1.466384
720 557.75 95.00 20.50 50.00 -1.594735
720 7.45 167.35 26.57 64.81 -1.875864
720 571.79 16.90 69.16 168.67 -3.673647
750 521.75 179.00 20.50 50.00 0.785152
750 -0.27 171.27 22.38 54.58 -1.086096
750 245.75 203.00 20.50 50.00 -1.302883
750 255.50 154.00 41.00 100.00 -1.334863
750 496.91 148.40 37.52 91.50 -1.371428
750 529.75 175.00 20.50 50.00 -1.525571
750 391.29 133.09 44.67 108.95 -1.871889
750 617.88 55.64 22.38 54.58 -2.731695
780 611.75 179.00 20.50 50.00 1.822436
780 89.75 167.00 20.50 50.00 -0.057482
780 282.83 162.77 24.37 59.45 -0.556347
780 404.35 120.00 44.67 108.95 -0.859896
780 165.99 136.94 28.92 70.53 -0.893516
780 456.60 120.00 44.67 108.95 -1.282777
780 439.47 125.65 28.92 70.53 -1.738281
780 617.88 70.91 22.38 54.58 -2.121325
810 491.75 179.00 20.50 50.00 0.909512
810 477.75 181.00 20.50 50.00 -0.244019
810 61.75 181.00 20.50 50.00 -0.440499
810 524.29 74.29 117.14 285.71 -0.467733
810 481.62 151.78 26.57 64.81 -1.265272
810 613.77 22.05 26.57 64.81 -4.094015
840 585.12 193.09 22.38 54.58 1.691155
840 475.75 187.00 20.50 50.00 1.352192
840 495.75 193.00 20.50 50.00 0.016032
840 577.75 197.00 20.50 50.00 -0.160149
840 531.92 164.62 31.54 76.92 -0.160544
840 595.50 146.00 41.00 100.00 -0.362811
840 162.69 136.92 31.54 76.92 -0.922708
840 475.75 93.00 20.50 50.00 -1.004245
840 194.80 155.64 24.37 59.45 -1.120023
840 556.76 92.11 26.57 64.81 -1.354884
840 493.04 88.94 28.92 70.53 -1.609874
840 565.75 199.00 20.50 50.00 -1.632572
840 103.46 125.87 34.37 83.83 -1.716198
840 550.17 182.18 22.38 54.58 -2.004258
840 499.93 169.09 22.38 54.58 -2.028048
840 615.91 70.10 24.37 59.45 -2.322300
840 473.46 41.54 31.54 76.92 -2.514855
870 475.75 185.00 20.50 50.00 3.578222
870 587.31 56.92 31.54 76.92 -0.346093
870 519.75 199.00 20.50 50.00 -0.376885
870 471.75 169.00 20.50 50.00 -0.397404
870 564.53 190.70 26.57 64.81 -0.915187
870 559.75 147.00 20.50 50.00 -1.024442
870 106.78 139.76 28.92 70.53 -1.413030
870 467.75 185.00 20.50 50.00 -1.465579
870 613.75 61.00 20.50 50.00 -1.510423
870 513.75 167.00 20.50 50.00 -1.610490
870 508.67 180.00 22.38 54.58 -1.818656
870 393.52 185.51 26.57 64.81 -2.045817
870 619.75 53.00 20.50 50.00 -2.311525
870 401.78 43.96 24.37 59.45 -2.733005
870 552.35 42.55 22.38 54.58 -3.336670
900 525.75 195.00 20.50 50.00 4.095720
900 465.75 177.00 20.50 50.00 1.800039
900 427.21 193.30 26.57 64.81 1.633681
900 487.75 177.00 20.50 50.00 0.450389
900 615.91 212.67 24.37 59.45 0.269824
900 559.75 177.00 20.50 50.00 0.217071
900 123.70 142.59 28.92 70.53 0.008409
900 527.75 171.00 20.50 50.00 -0.123940
900 87.05 136.94 28.92 70.53 -0.311985
900 473.16 165.15 24.37 59.45 -0.509666
900 226.89 195.27 22.38 54.58 -0.527697
900 277.75 157.00 20.50 50.00 -0.674444
900 501.50 182.12 28.92 70.53 -0.744696
900 461.75 167.00 20.50 50.00 -0.751076
900 611.45 136.94 28.92 70.53 -0.848826
900 517.41 184.36 22.38 54.58 -0.956320
900 427.85 173.45 22.38 54.58 -1.118137
900 561.09 156.00 22.38 54.58 -1.190910
900 517.41 162.55 22.38 54.58 -2.055591
900 586.08 9.88 28.92 70.53 -3.197167
930 357.71 162.35 28.92 70.53 -0.215872
930 575.75 215.00 20.50 50.00 -0.354904
930 86.70 129.23 34.37 83.83 -0.504325
930 527.75 149.00 20.50 50.00 -0.657188
930 399.50 142.00 41.00 100.00 -0.789838
930 617.88 153.82 22.38 54.58 -0.921597
930 132.94 143.76 24.37 59.45 -1.241386
930 4.86 175.14 26.57 64.81 -2.077460
960 590.38 158.46 31.54 76.92 3.124572
960 531.92 170.77 31.54 76.92 1.988792
960 546.40 180.32 26.57 64.81 0.595799
960 602.97 133.74 37.52 91.50 -0.064562
960 120.23 133.74 37.52 91.50 -0.908472
960 458.30 151.78 26.57 64.81 -0.923819
960 77.82 124.36 44.67 108.95 -1.115439
960 587.36 141.39 24.37 59.45 -1.123498
960 345.75 185.00 20.50 50.00 -1.816560
990 113.46 136.92 31.54 76.92 -0.639441
990 63.50 114.00 41.00 100.00 -0.683041
990 441.75 171.00 20.50 50.00 -1.067948
990 498.68 151.06 28.92 70.53 -1.072562
990 473.75 173.00 20.50 50.00 -1.371295
990 551.23 48.00 89.69 218.76 -2.198312
1020 32.59 102.18 48.64 118.64 -1.328811
1020 551.77 130.08 37.52 91.50 -1.427705
1020 103.50 122.00 41.00 100.00 -1.566572
1020 517.55 124.36 44.67 108.95 -1.585539
1050 81.75 181.00 20.50 50.00 -0.329627
1050 -0.54 102.55 44.67 108.95 -0.918039
1050 455.00 146.15 31.54 76.92 -1.128227
1050 213.83 155.64 24.37 59.45 -1.210124
1050 309.00 188.91 24.37 59.45 -1.277816
1050 92.95 136.22 26.57 64.81 -1.416371
1050 513.61 169.90 24.37 59.45 -1.495148
1050 563.28 175.64 22.38 54.58 -2.100416
1080 549.75 165.00 20.50 50.00 0.487905
1080 481.75 161.00 20.50 50.00 -0.200482
1080 27.75 173.00 20.50 50.00 -0.539465
1080 602.97 144.73 37.52 91.50 -0.936981
1080 10.65 171.27 22.38 54.58 -1.170981
1080 287.29 188.11 26.57 64.81 -1.294832
1080 -0.25 175.00 20.50 50.00 -1.327126
1080 562.51 149.37 34.37 83.83 -1.674775
1080 366.17 153.88 28.92 70.53 -1.702732
1080 447.75 167.00 20.50 50.00 -1.896518
1110 606.07 176.22 34.37 83.83 0.855661
1110 1.91 197.45 22.38 54.58 0.470537
1110 385.75 165.00 20.50 50.00 -0.542818
1110 517.89 151.78 26.57 64.81 -0.774164
1110 491.19 186.55 22.38 54.58 -1.045510
1110 350.38 143.08 31.54 76.92 -1.109695
1110 27.75 183.00 20.50 50.00 -1.322734
1110 370.20 149.19 26.57 64.81 -1.556668
1140 613.75 165.00 20.50 50.00 1.533839
1140 578.08 140.00 31.54 76.92 0.360790
1140 343.61 142.59 28.92 70.53 0.039440
1140 619.75 157.00 20.50 50.00 -0.142009
1140 592.67 135.94 34.37 83.83 -0.213324
1140 470.78 165.15 24.37 59.45 -0.595960
1140 383.08 139.76 28.92 70.53 -0.982221
1140 481.62 156.97 26.57 64.81 -1.047657
1140 448.85 146.15 31.54 76.92 -1.136901
1140 523.50 110.00 41.00 100.00 -1.701743
1140 562.51 142.66 34.37 83.83 -2.050961
1170 394.65 158.02 24.37 59.45 -0.551342
1170 347.76 106.91 44.67 108.95 -1.061193
1170 454.06 177.82 22.38 54.58 -1.309814
1170 544.54 162.77 24.37 59.45 -1.415448
1170 479.75 165.00 20.50 50.00 -1.490249
1170 427.75 107.00 20.50 50.00 -1.640425
1170 574.20 164.73 22.38 54.58 -1.828431
1200 420.82 165.15 24.37 59.45 0.630709
1200 613.77 159.57 26.57 64.81 0.533194
1200 387.20 126.41 37.52 91.50 -0.827757
1200 497.19 125.94 48.64 118.64 -0.836924
1200 336.11 160.36 22.38 54.58 -1.154603
1200 98.08 69.23 31.54 76.92 -1.664773
1200 595.92 85.09 44.67 108.95 -1.934075
1230 551.58 159.57 26.57 64.81 0.498932
1230 592.00 116.44 48.64 118.64 0.335363
1230 430.03 164.73 22.38 54.58 0.264502
1230 411.92 136.92 31.54 76.92 -0.197420
1230 389.75 165.00 20.50 50.00 -0.340518
1230 473.75 161.00 20.50 50.00 -1.176154
1230 504.30 162.55 22.38 54.58 -1.298019
1230 399.62 140.00 31.54 76.92 -1.392129
1230 542.16 158.02 24.37 59.45 -1.432616
1230 406.01 112.36 22.38 54.58 -1.920511
1230 80.00 55.38 34.37 83.83 -2.178784
1260 433.46 140.00 31.54 76.92 0.923914
1260 397.03 158.02 24.37 59.45 0.402136
1260 608.85 143.08 31.54 76.92 0.187524
1260 418.08 140.00 31.54 76.92 -0.810675
1260 491.92 155.38 31.54 76.92 -0.943892
1260 534.88 166.91 22.38 54.58 -1.168354
1260 365.75 173.00 20.50 50.00 -1.467847
1260 33.75 183.00 20.50 50.00 -1.633776
1260 582.86 115.64 44.67 108.95 -1.733154
1260 64.45 37.62 26.57 64.81 -3.784311
1290 449.37 133.74 37.52 91.50 1.308140
1290 408.38 139.30 34.37 83.83 0.991038
1290 430.38 149.23 31.54 76.92 -0.677217
1290 460.89 89.51 26.57 64.81 -0.908031
1290 613.77 105.08 26.57 64.81 -1.050878
1290 22.20 168.00 28.92 70.53 -1.147085
1290 371.06 169.09 22.38 54.58 -1.596263
1290 -0.30 169.90 24.37 59.45 -1.634810
1290 351.40 53.45 22.38 54.58 -2.514499
1290 521.77 64.36 22.38 54.58 -2.671848
1320 483.75 181.00 20.50 50.00 5.688986
1320 565.86 135.94 34.37 83.83 0.413652
1320 419.75 157.00 20.50 50.00 -0.236253
1320 522.69 143.08 31.54 76.92 -0.375492
1320 608.85 143.08 31.54 76.92 -0.458917
1320 489.39 159.57 26.57 64.81 -0.803936
1320 486.80 81.73 26.57 64.81 -1.864033
1320 552.35 49.09 22.38 54.58 -2.895173
1350 606.07 146.01 34.37 83.83 0.359930
1350 529.75 185.00 20.50 50.00 -0.211720
1350 434.40 151.64 22.38 54.58 -0.375230
1350 442.75 136.22 26.57 64.81 -0.487101
1350 515.75 201.00 20.50 50.00 -0.917621
1350 493.38 105.82 22.38 54.58 -1.319674
1350 569.83 55.64 22.38 54.58 -1.558030
1350 519.59 105.82 22.38 54.58 -1.641838
1350 398.17 152.06 37.52 91.50 -1.715041
1350 523.08 63.57 26.57 64.81 -2.123420
1350 -0.25 151.00 20.50 50.00 -2.141941
1380 597.36 176.47 28.92 70.53 8.107735
1380 577.62 170.82 28.92 70.53 2.994214
1380 427.31 173.85 31.54 76.92 -0.214918
1380 470.48 142.59 28.92 70.53 -0.557273
1380 586.08 179.29 28.92 70.53 -0.742652
1380 608.77 196.04 24.37 59.45 -1.289531
1380 283.75 171.00 20.50 50.00 -1.661504
1380 608.85 60.00 31.54 76.92 -2.717374
1410 465.75 179.00 20.50 50.00 2.419346
1410 497.75 188.73 22.38 54.58 -0.819156
1410 30.31 177.82 22.38 54.58 -1.054781
1410 499.50 126.00 41.00 100.00 -1.337413
1410 515.48 110.97 52.90 129.03 -1.720496
1410 611.45 120.00 28.92 70.53 -1.906988
1410 2.08 60.59 24.37 59.45 -2.298589
1410 599.50 50.00 41.00 100.00 -2.573751
1410 535.75 259.00 20.50 50.00 -3.375018
1410 595.75 39.00 20.50 50.00 -3.540465
1410 601.75 299.00 20.50 50.00 -4.963659
1440 526.14 173.45 22.38 54.58 2.647978
1440 303.75 177.00 20.50 50.00 0.449720
1440 582.52 97.43 48.64 118.64 0.047712
1440 519.75 181.00 20.50 50.00 -0.175810
1440 556.73 115.64 44.67 108.95 -0.284628
1440 549.29 169.90 24.37 59.45 -0.812048
1440 295.75 177.00 20.50 50.00 -0.954799
1440 606.07 176.22 34.37 83.83 -1.268483
1440 485.45 129.23 34.37 83.83 -1.619295
1470 323.75 179.00 20.50 50.00 -0.412117
1470 582.58 100.65 52.90 129.03 -0.496737
1470 469.75 175.00 20.50 50.00 -0.736749
1470 63.75 175.00 20.50 50.00 -2.109893
1500 501.71 158.02 24.37 59.45 1.495748
1500 417.75 175.00 20.50 50.00 -1.070305
1500 351.75 177.00 20.50 50.00 -1.077075
1500 587.21 264.00 44.67 108.95 -2.831263
1500 600.81 234.81 26.57 64.81 -2.836013
1500 619.75 297.00 20.50 50.00 -5.028483
1530 523.75 179.00 20.50 50.00 0.673841
1530 463.75 147.00 20.50 50.00 -0.291066
1530 558.91 184.36 22.38 54.58 -1.045384
1530 4.10 188.73 22.38 54.58 -2.180942
1530 571.79 43.94 69.16 168.67 -3.024185
1560 545.75 185.00 20.50 50.00 5.993044
1560 552.35 177.82 22.38 54.58 1.360547
1560 619.75 175.00 20.50 50.00 0.452632
1560 527.88 177.03 24.37 59.45 0.194338
1560 619.75 99.00 20.50 50.00 -0.622702
1560 458.43 142.91 22.38 54.58 -0.780163
1560 397.75 139.00 20.50 50.00 -0.780802
1560 582.67 164.76 26.57 64.81 -0.815687
1560 613.77 136.22 26.57 64.81 -0.822253
1560 615.91 198.42 24.37 59.45 -1.076056
1560 611.33 177.82 22.38 54.58 -1.777890
1590 593.46 176.92 31.54 76.92 5.886171
1590 602.97 148.40 37.52 91.50 -1.364724
1590 333.92 175.64 22.38 54.58 -1.445953
1590 582.67 188.11 26.57 64.81 -1.982584
1590 608.85 23.08 31.54 76.92 -3.642970
1620 367.61 172.54 26.57 64.81 -0.292965
1620 41.75 183.00 20.50 50.00 -2.122715
1650 439.47 173.65 28.92 70.53 0.973019
1650 522.30 159.44 34.37 83.83 -1.765370
1650 606.96 101.45 22.38 54.58 -1.782819
1650 105.75 195.00 20.50 50.00 -2.103825
1680 537.40 136.63 24.37 59.45 0.869054
1680 491.98 182.92 26.57 64.81 0.656322
1680 595.92 146.18 44.67 108.95 -1.472614
1680 608.58 89.51 26.57 64.81 -2.021383
1710 569.75 185.00 20.50 50.00 -0.775500
1710 480.30 186.53 24.37 59.45 -1.758371
1710 91.75 171.00 20.50 50.00 -1.785886
1710 575.50 130.00 41.00 100.00 -2.086138
1710 21.11 60.59 24.37 59.45 -2.642290
1740 491.19 175.64 22.38 54.58 -0.549259
1740 589.49 169.09 22.38 54.58 -1.220772
1740 25.94 173.45 22.38 54.58 -1.571890
1770 457.75 189.00 20.50 50.00 0.002416
1770 437.75 185.00 20.50 50.00 -0.660570
1770 493.38 177.82 22.38 54.58 -1.046831
1770 584.23 155.38 31.54 76.92 -1.400485
1770 553.75 175.00 20.50 50.00 -1.698514
1770 413.68 172.28 24.37 59.45 -1.838512
1770 602.97 75.11 37.52 91.50 -1.966583
1800 481.75 195.00 20.50 50.00 -0.541560
1800 151.75 183.00 20.50 50.00 -0.683747
1800 11.75 115.00 20.50 50.00 -1.144640
1800 601.75 185.00 20.50 50.00 -1.449046
1800 387.75 171.00 20.50 50.00 -1.685618
1830 432.71 174.65 24.37 59.45 -0.197661
1830 602.97 188.70 37.52 91.50 -0.400130
1830 587.75 157.00 20.50 50.00 -0.974977
1830 159.75 179.00 20.50 50.00 -1.052220
1830 443.75 193.00 20.50 50.00 -1.184197
1830 387.75 167.00 20.50 50.00 -1.662374
