0 0 1845
0 1 1844
0 2 1322
0 3 568
0 4 2133
0 5 2133
0 6 1930
0 7 1929
0 8 1703
0 9 1702
0 10 1702
0 11 1589
0 12 1691
0 13 1691
0 14 1911
1 0 1711
1 1 1842
1 2 1842
1 3 1841
1 4 1814
1 5 1814
2 0 1842
2 1 1842
2 2 1749
2 3 1955
2 4 1842
2 5 1841
2 6 1841
2 7 1842
2 8 1960
2 9 1842
2 10 1842
2 11 1841
3 0 1842
3 1 1842
3 2 1841
3 3 1841
3 4 1841
3 5 1841
3 6 1841
3 7 1842
3 8 1842
3 9 1842
3 10 1841
3 11 1844
3 12 1844
4 0 1842
4 1 1841
4 2 1812
4 3 1811
4 4 1886
4 5 1696
4 6 1841
4 7 1842
4 8 1842
4 9 1842
4 10 1841
4 11 1899
5 0 1737
5 1 1961
5 2 1841
5 3 1841
5 4 1841
5 5 1841
5 6 1841
5 7 1842
5 8 1842
5 9 1842
5 10 1841
5 11 1707
5 12 1707
