150 97.4876708984 155.871536255 20.0729675293 55.9002380371 0.0749126821756
300 32.1069984436 168.300994873 17.965423584 34.2073364258 0.147619470954
420 372.611968994 149.536087036 17.2098388672 39.529510498 0.0800721719861
450 373.827453613 153.050003052 18.1988525391 42.6710205078 0.621228516102
510 599.232727051 25.4381103516 35.7556152344 49.6288375854 0.0793688818812
690 382.198425293 166.283050537 16.0568237305 33.8614196777 0.989111363888
690 420.210479736 169.12991333 15.9685058594 29.7942810059 0.981753885746
720 443.900787354 169.351959229 15.4801635742 32.1792602539 0.822604656219
720 391.207183838 169.294830322 17.2642211914 39.5912780762 0.575287103653
720 380.296264648 170.781723022 15.2233886719 40.3680725098 0.159674286842
750 403.180786133 163.278518677 20.7356567383 41.9190979004 0.859428822994
780 413.100982666 170.747650146 21.5709228516 40.922454834 0.992590785027
780 395.791534424 171.492126465 19.4083251953 40.6165161133 0.971306622028
810 422.188964844 172.536972046 24.2265014648 44.7480163574 0.997870445251
810 395.594329834 166.072158813 24.8633422852 48.3501586914 0.985526442528
810 526.792419434 166.511734009 28.0541992188 74.0353393555 0.075494736433
840 597.763793945 163.343109131 33.6776123047 74.8827514648 0.998728573322
840 399.331451416 156.533996582 27.4678344727 60.6489257812 0.456542402506
870 434.465881348 160.977813721 37.5026245117 77.6141967773 0.998649299145
870 401.841278076 164.261108398 34.3291625977 64.5380554199 0.995390892029
900 493.812652588 159.607803345 38.534942627 91.3197631836 0.998269796371
900 437.600463867 155.592666626 33.0894165039 83.0243530273 0.998205661774
900 478.419494629 157.225219727 28.6663818359 80.9619140625 0.931599915028
930 550.221618652 153.460891724 42.9150390625 114.023544312 0.99818110466
930 494.92086792 155.593841553 53.9466247559 131.092834473 0.995117545128
1170 495.289459229 127.642936707 36.3376159668 86.9133682251 0.945381999016
1350 350.290405273 153.035232544 20.3170776367 48.6531677246 0.562577068806
1500 352.411987305 173.345474243 15.4058227539 36.8792724609 0.233713105321
1560 422.151153564 169.668792725 15.2370605469 52.7425537109 0.942590653896
1560 366.919128418 158.700286865 27.9319458008 59.2050170898 0.764860808849
1590 491.407226562 146.639205933 34.1973266602 83.3394470215 0.581084728241
1650 17.072719574 161.690628052 21.7415161133 39.9187927246 0.522029459476
1680 533.074584961 162.499130249 21.9246826172 39.6953125 0.14215311408
1710 281.744384766 174.5209198 17.3447265625 37.0945129395 0.859791100025
1740 323.560821533 165.834106445 19.3216552734 33.0451660156 0.991737782955
1740 491.741088867 146.025146484 19.5574951172 43.8388061523 0.131478667259
1770 352.249542236 163.07208252 17.4005737305 37.2210083008 0.995360791683
1770 106.301544189 174.457305908 15.5101623535 30.4902954102 0.714530050755
1800 381.499664307 172.889328003 17.1287841797 39.791015625 0.630296051502
1830 21.2683486938 174.23538208 17.7402877808 36.416595459 0.994484722614
1830 404.192047119 171.026611328 17.8258056641 38.8162231445 0.984494030476
1830 415.848236084 168.979156494 15.4390869141 37.8317260742 0.925864994526
1860 466.774780273 166.166549683 28.1221313477 65.0536193848 0.999152779579
