60 411.890808105 89.4570388794 61.6691894531 115.010887146 0.764319598675
90 287.781860352 116.295516968 15.2456665039 32.3962402344 0.673269271851
90 415.091491699 104.502212524 62.7775268555 103.769287109 0.144735202193
120 284.787780762 111.667510986 17.5811767578 37.2694702148 0.988394618034
150 288.913452148 115.018554688 17.7033081055 40.7006225586 0.606765627861
150 420.110046387 87.6361999512 61.5580444336 114.284698486 0.175906941295
180 288.767425537 110.75479126 17.4082641602 34.4887695312 0.984188973904
180 410.128753662 91.4686431885 70.4081420898 108.132965088 0.201396390796
210 286.689758301 112.714797974 16.6232299805 34.8855285645 0.946542263031
240 283.639465332 113.586929321 18.6852416992 35.7867126465 0.977287054062
270 286.701873779 111.549293518 17.1683959961 35.7897109985 0.890703320503
300 286.38180542 115.269866943 15.7941894531 34.2277832031 0.809766709805
330 285.327209473 110.409103394 19.0600585938 34.8504486084 0.997112631798
330 388.687713623 150.755996704 23.6439208984 36.3575744629 0.853594779968
330 413.952911377 104.829078674 55.8284912109 94.7106246948 0.0646962597966
360 287.015319824 116.114685059 16.6013183594 34.0198059082 0.135763064027
390 285.570159912 111.988624573 15.9918212891 34.3198013306 0.140265718102
390 417.070678711 95.1331787109 51.905090332 112.383514404 0.115507431328
450 290.259155273 116.603713989 16.5266113281 30.482635498 0.0530569069088
540 425.141235352 112.504989624 52.6081542969 96.0682983398 0.308317244053
600 419.035980225 105.345230103 60.5657348633 114.434326172 0.206200644374
690 418.643096924 100.633407593 64.2294921875 115.3309021 0.503394126892
780 427.542480469 102.560058594 57.6202392578 103.183258057 0.616541922092
840 446.938598633 60.0679550171 55.2819824219 153.673919678 0.890997111797
870 465.111358643 54.9550170898 63.0797424316 163.066986084 0.10174651444
900 381.587982178 115.467544556 16.0302124023 40.9403076172 0.986411809921
900 1.50521659851 151.77520752 17.7020721436 50.6813049316 0.0544889271259
930 436.202056885 130.259124756 15.8430175781 32.5148620605 0.944195628166
930 429.576324463 125.530952454 13.9348754883 31.4568862915 0.81405633688
930 492.502349854 122.974845886 19.2682495117 47.3897781372 0.545232713223
960 408.160858154 108.830589294 16.1265869141 43.7314987183 0.289075195789
1020 537.433166504 136.953491211 17.8665771484 39.7163391113 0.996540486813
1080 437.813995361 128.376556396 17.8408203125 31.8752746582 0.996743679047
1110 496.076385498 143.710296631 22.8186340332 47.2957458496 0.995949268341
1110 443.081207275 126.981628418 15.9724731445 32.4645385742 0.981849491596
1110 451.298980713 134.55758667 16.5540771484 36.5857543945 0.192015811801
1110 432.817016602 129.593276978 15.2791748047 32.0562744141 0.151190176606
1140 517.60559082 143.332061768 26.6817626953 48.3642883301 0.994438529015
1170 544.119689941 145.692626953 27.3608398438 53.2417907715 0.98237913847
1170 462.996582031 139.471221924 16.5845947266 36.1539001465 0.230082124472
1200 582.636474609 153.451950073 31.0642089844 70.7309570312 0.9864808321
1320 479.625640869 157.518692017 16.419921875 32.6126403809 0.943729102612
1320 395.864318848 155.237884521 17.6669311523 29.8726806641 0.836545348167
1320 520.606140137 155.095947266 17.2255859375 32.5888671875 0.278025716543
1320 531.201538086 155.927062988 15.9150390625 29.7121887207 0.131156042218
1380 523.740478516 168.889328003 16.9068603516 33.8586730957 0.996140897274
1410 539.592590332 162.452163696 18.0411376953 38.8279724121 0.994667291641
1440 547.56463623 167.032424927 18.3078613281 37.2180480957 0.993701338768
1470 552.240234375 170.515472412 16.7349853516 40.5746154785 0.0796583816409
1500 555.25994873 171.782592773 20.7789306641 48.0256958008 0.997154712677
1530 554.475585938 171.814743042 21.7980957031 46.9028320312 0.995835781097
1560 552.548339844 174.338592529 20.4245605469 46.9953308105 0.997706532478
1590 546.19720459 173.935714722 20.1573486328 50.3025817871 0.997133255005
1650 29.744392395 180.609588623 27.305557251 64.3111572266 0.976917743683
1650 543.827148438 171.439376831 20.7431640625 53.5177612305 0.908458411694
1680 551.360168457 163.743774414 26.5017089844 64.942565918 0.997559666634
1710 575.27746582 175.401245117 21.6470947266 56.4342956543 0.998429954052
1710 509.895629883 174.24836731 16.1257324219 37.3536987305 0.925105512142
1740 602.44317627 166.657958984 26.8006591797 73.0251464844 0.998440802097
1770 521.427246094 182.35357666 19.7875976562 36.745513916 0.947299420834
1800 525.848327637 178.581451416 16.9156494141 33.3135681152 0.0966911017895
1830 523.712890625 186.771255493 18.1691894531 36.2820129395 0.992464542389
