120 11.9346199036 179.733612061 15.2340774536 29.3916625977 0.794998526573
120 2.33443784714 177.950698853 15.3079662323 36.3969116211 0.142630934715
150 444.960327148 165.521179199 17.2994995117 32.1793212891 0.638285756111
180 458.355529785 161.529632568 22.6659545898 31.6508483887 0.974812209606
180 446.613616943 155.536361694 18.1885375977 31.4902648926 0.133462816477
210 509.909912109 158.495117188 20.2507324219 41.9099731445 0.997352004051
210 578.568359375 171.933502197 18.3371582031 37.8811340332 0.996521234512
210 478.307830811 160.903518677 25.4188232422 41.1315307617 0.987949490547
210 545.651428223 154.550643921 17.1127929688 44.1024169922 0.704812645912
240 563.872436523 154.234588623 31.7650146484 60.1402282715 0.998205304146
240 513.993225098 153.147216797 22.9796142578 50.1112976074 0.995739340782
270 542.991516113 167.567459106 26.5178222656 35.6501464844 0.415834099054
300 607.575012207 147.107910156 28.7073974609 66.0505981445 0.993464529514
300 444.27545166 157.384658813 16.2767944336 39.5770568848 0.894058167934
360 0.606027603149 165.515380859 19.586265564 46.4339904785 0.962917923927
480 19.0967941284 177.59312439 16.5410118103 35.9100341797 0.849801659584
570 30.7220649719 173.965255737 16.5810470581 37.6202392578 0.997391581535
570 70.3422851562 168.937072754 15.7971191406 40.2640075684 0.865904569626
570 98.3041992188 174.526550293 17.0451660156 33.3871459961 0.374187767506
570 85.1858520508 171.33392334 15.4864807129 32.8416748047 0.0735296532512
600 60.5250930786 177.568359375 15.9083099365 32.0756225586 0.995239973068
600 0.850347518921 194.753799438 16.2084445953 44.200592041 0.086902089417
630 451.681396484 162.44770813 20.232421875 36.7581481934 0.953076779842
630 8.2975320816 177.056335449 19.0180397034 36.4572143555 0.0707145854831
660 455.20916748 160.593780518 16.5417480469 34.8151245117 0.549492895603
660 11.0784931183 174.878723145 19.6620140076 35.1472473145 0.087885260582
690 512.010009766 170.597610474 19.4188232422 46.4391479492 0.444110423326
690 476.923400879 176.655456543 15.129699707 38.0802001953 0.408394366503
720 590.071594238 156.670120239 24.4683837891 61.7966918945 0.99748468399
720 515.403625488 162.201156616 20.5594482422 56.0780334473 0.987426996231
720 550.780822754 171.50479126 17.6525878906 44.366394043 0.9779946208
720 529.73059082 165.468505859 14.3970947266 48.4661560059 0.27819621563
750 582.776550293 157.267776489 24.6574707031 69.4858093262 0.980387032032
840 492.773773193 137.276229858 29.2612609863 75.1058044434 0.215355873108
870 445.422973633 164.549346924 18.3655395508 35.1267700195 0.116391576827
900 471.34197998 164.791397095 19.3102416992 34.4334411621 0.997877717018
930 523.689880371 154.580474854 19.6500244141 46.0781860352 0.996773660183
960 616.051086426 141.344421387 22.0560302734 59.751953125 0.997076272964
960 467.554626465 148.568771362 17.4306640625 51.9033813477 0.989660620689
960 477.244262695 158.136489868 15.0524902344 44.7306518555 0.0646956264973
990 591.721923828 141.957717896 29.2631835938 76.6508789062 0.998768985271
1020 547.938964844 176.911773682 19.9583740234 38.5354003906 0.462677150965
1050 606.437072754 133.581054688 28.1694335938 76.6347351074 0.905463933945
1050 567.296081543 143.781616211 20.0010986328 58.021484375 0.509248614311
1050 151.098800659 141.465423584 22.9859619141 54.7024841309 0.20766711235
1140 440.250579834 160.419616699 23.9896850586 53.9844665527 0.0632983967662
1170 612.012817383 159.337402344 22.4165039062 44.500213623 0.997601211071
1230 532.224609375 162.728973389 23.6408691406 49.1492614746 0.993847429752
1230 54.1912002563 158.783859253 28.8000335693 58.7723083496 0.606683731079
1230 490.306732178 172.358169556 16.3902587891 47.4076843262 0.592721998692
1260 541.544494629 162.402999878 19.0642089844 42.1586914062 0.987275898457
1320 88.0227127075 160.982376099 20.4960174561 40.5117492676 0.993895351887
1320 419.072113037 157.498184204 22.1136474609 38.4940185547 0.859156727791
1320 559.191223145 162.111984253 29.6245117188 62.7452697754 0.112898282707
1350 435.951843262 156.204376221 25.016784668 51.6671447754 0.994902253151
1380 447.601776123 164.254608154 19.4523925781 45.707611084 0.998122870922
1410 553.767150879 156.24357605 24.0981445312 58.1241760254 0.998031795025
1410 459.979980469 158.783813477 25.3411865234 50.7157592773 0.99206584692
1410 12.0591554642 163.388122559 23.7070465088 62.0740966797 0.510316550732
1440 477.824157715 163.561843872 23.1232299805 52.3444213867 0.998554646969
1440 418.388885498 165.334503174 18.8664550781 26.5819091797 0.990513443947
1440 428.570800781 164.171203613 18.6627197266 31.4510803223 0.402552425861
1440 582.99041748 159.024749756 30.6899414062 77.458404541 0.102274887264
1470 45.8520927429 167.322845459 23.1493263245 48.7135620117 0.996006190777
1470 21.2579975128 161.214431763 20.6656093597 43.4426879883 0.992678403854
1470 492.766418457 161.502105713 25.1795654297 69.0069274902 0.829997122288
1500 503.017181396 168.594055176 21.2742614746 47.567565918 0.998292148113
1500 1.73701095581 171.274230957 24.3487224579 55.6605529785 0.995663940907
1500 436.558166504 165.217651367 22.3284301758 45.920715332 0.264506787062
1530 494.990631104 170.491088867 23.0942077637 61.1540527344 0.99672794342
1530 517.783325195 164.466949463 18.6145019531 57.7218017578 0.928576231003
1590 374.701599121 162.428222656 36.2827148438 79.7229614258 0.99922645092
1620 219.233062744 154.990539551 43.5936279297 88.1103515625 0.999599397182
1650 564.466491699 142.484420776 32.2286376953 68.3025817871 0.739355683327
1680 337.604705811 118.639671326 30.6962280273 82.8021011353 0.107987351716
