90 3.0628528595 185.56463623 15.5184783936 64.7047119141 0.942055761814
120 16.7963752747 183.53503418 27.8414268494 67.9835205078 0.986385762691
150 38.9502067566 175.294433594 30.352191925 71.7066345215 0.998281002045
180 50.3998374939 173.770446777 29.4919624329 73.0706787109 0.998659849167
210 57.892829895 174.04524231 28.1739349365 68.2384338379 0.99883466959
240 70.2137832642 173.723464966 27.6043395996 64.7216186523 0.997616291046
270 73.6782608032 178.085067749 27.3991088867 65.4215087891 0.993714630604
300 81.3353805542 177.791305542 24.5863189697 62.864654541 0.996543943882
330 80.7499465942 176.042510986 26.4031982422 60.9078979492 0.996619939804
360 85.8699645996 182.571289062 25.4549255371 57.9548034668 0.971276819706
390 85.8058624268 178.63343811 23.2006530762 50.794128418 0.975065767765
420 89.3871612549 188.530044556 26.5065002441 52.5798339844 0.995729982853
450 582.079467773 158.88269043 23.0623779297 65.6292724609 0.389906674623
450 109.823257446 188.326721191 25.9741363525 54.9990234375 0.0934148132801
510 67.3364334106 185.509979248 20.63671875 51.1629638672 0.976238071918
540 31.6483402252 175.435409546 23.5159053802 60.394317627 0.989179849625
600 469.008453369 142.766021729 18.348449707 57.8756713867 0.0732567608356
630 385.494567871 177.481658936 17.6170043945 33.494934082 0.984450280666
630 396.535766602 172.698944092 16.6876831055 34.103302002 0.272981077433
690 561.791137695 150.164672852 19.7991943359 43.8461608887 0.99746966362
780 180.839569092 159.56829834 16.7128601074 43.6934509277 0.974166035652
840 567.383850098 121.183242798 44.6435546875 121.621795654 0.99844545126
900 468.807067871 151.069763184 21.3851928711 44.6898803711 0.861450076103
900 198.948394775 134.612304688 19.233795166 47.0725402832 0.0622316449881
930 479.490509033 142.044372559 23.0241699219 51.0807800293 0.994194328785
930 193.301849365 150.93927002 19.9209594727 37.3515014648 0.244366511703
960 532.46484375 144.491485596 26.1032714844 67.0721740723 0.161046594381
990 118.566184998 145.80090332 24.8068618774 55.876739502 0.700817167759
990 153.207839966 148.494415283 17.021270752 45.3498840332 0.160420954227
1020 72.4059066772 147.325561523 24.9725036621 53.6994018555 0.847589075565
1050 47.6933822632 146.029907227 18.0134735107 52.3732299805 0.287081927061
1110 124.264533997 158.468215942 17.8580551147 38.8907470703 0.0990389287472
1140 148.957290649 166.787445068 20.7963562012 47.7684936523 0.10007083416
1170 68.7038803101 172.601089478 39.0488739014 75.8612670898 0.499086409807
1230 155.482803345 128.298141479 28.2415771484 82.0589904785 0.282487392426
1470 139.499343872 170.342071533 21.5211791992 36.7510070801 0.793840169907
1470 3.24147891998 156.640518188 18.1878738403 52.4801025391 0.447345674038
1500 428.37310791 164.73928833 19.6467895508 41.4512939453 0.727828085423
1530 401.167816162 156.639938354 30.1967773438 53.6856689453 0.998447477818
1560 363.258544922 150.168670654 35.7711181641 65.7407531738 0.997956395149
1560 2.00426578522 149.429901123 19.5940246582 62.3638000488 0.201307848096
1620 225.526748657 151.588928223 32.9464569092 79.8291931152 0.728897750378
1650 148.028961182 151.550582886 51.2272644043 95.3246459961 0.998832643032
1680 47.1327438354 157.605621338 50.6435699463 110.995849609 0.999256551266
1680 72.0016555786 177.812255859 19.9672698975 57.4265441895 0.163741514087
