540 293.595855713 161.991607666 28.841003418 73.6738891602 0.996585249901
540 279.4894104 164.322387695 25.0905151367 67.9128112793 0.799169123173
570 316.131378174 157.687591553 22.8435668945 42.582244873 0.994775533676
630 101.999755859 154.81111145 28.6291046143 63.2213134766 0.630322277546
750 464.46307373 153.732009888 17.7662353516 43.6507873535 0.236923873425
780 499.523498535 144.856018066 20.2778320312 47.9848022461 0.995889246464
810 585.638122559 146.483596802 30.2141113281 69.3609313965 0.995975315571
930 186.357086182 150.333084106 15.9944763184 36.4923095703 0.767434179783
960 456.243621826 156.202972412 22.97265625 42.4572753906 0.519557476044
990 113.700759888 157.149688721 19.0439300537 39.0559082031 0.990281581879
990 134.56590271 159.983413696 16.6456604004 34.5190429688 0.925789356232
990 124.545181274 156.637191772 17.4147033691 33.5717773438 0.884299278259
990 89.312171936 158.029708862 17.9311981201 35.9577331543 0.734488010406
1020 62.1462173462 155.879989624 19.4261932373 36.6385803223 0.996012091637
1020 96.3972854614 161.95010376 18.2504425049 34.6077270508 0.991482377052
1020 22.5712928772 150.678359985 22.5019073486 46.6135559082 0.977362692356
1080 343.407836914 156.120223999 16.2708740234 27.630279541 0.0915069654584
1080 516.444458008 156.55140686 25.8170166016 58.1076660156 0.0718968361616
1110 341.111999512 155.901504517 15.7620239258 23.9303894043 0.996477544308
1140 345.864929199 161.372833252 16.5023803711 28.3515625 0.989842355251
1140 330.119110107 160.819122314 16.1859741211 26.6221008301 0.111047178507
1170 320.312988281 164.179870605 17.649230957 26.9834899902 0.993217885494
1170 331.380371094 166.305419922 17.0904541016 26.7061462402 0.448909580708
1500 373.861602783 199.500045776 17.1917114258 34.5166625977 0.87917983532
1530 218.326522827 188.811309814 15.725982666 37.5413513184 0.632650971413
1590 111.761581421 175.932495117 21.6776733398 42.4455871582 0.995493531227
1620 32.9623718262 165.122192383 29.5910339355 60.6584472656 0.984396517277
1680 116.598991394 164.592727661 19.7458877563 38.4745178223 0.942979097366
1830 405.566253662 108.847732544 21.9349975586 60.2176818848 0.490385144949
1830 460.057739258 118.865402222 23.4483642578 50.2526550293 0.21367046237
