150 49.3507156372 201.848327637 21.0154190063 46.831237793 0.918523907661
180 580.097717285 172.868377686 44.7211914062 55.9121398926 0.109038032591
630 242.166778564 211.526062012 18.0968933105 35.3132629395 0.232445374131
750 480.3722229 170.561233521 19.3989868164 31.0679321289 0.990228295326
780 362.809295654 174.16343689 15.4356079102 34.6592407227 0.693771839142
870 526.793518066 174.384399414 23.0487060547 51.2501831055 0.99673563242
870 1.57538890839 183.120010376 15.3414087296 45.8310546875 0.927826225758
870 331.403015137 180.150894165 17.0138549805 32.8212280273 0.381453275681
900 57.1117172241 185.274200439 18.7846832275 35.2276306152 0.974250912666
900 594.036560059 170.147171021 24.2309570312 52.1614379883 0.915043771267
930 80.5068588257 181.18737793 16.1231689453 34.0075683594 0.988310575485
930 615.779968262 160.445358276 21.0461425781 63.285949707 0.93251991272
960 74.191444397 176.637313843 16.5235137939 33.5322875977 0.993532419205
960 616.134643555 161.766479492 21.7427978516 62.3853149414 0.903303563595
990 620.67199707 171.904052734 18.2882080078 46.2175292969 0.36402374506
1020 103.84211731 184.436187744 16.5827026367 29.1722106934 0.993186235428
1080 614.098999023 158.374343872 18.9080810547 72.0946350098 0.979406535625
1170 620.116699219 173.618240356 18.8833007812 50.0752868652 0.191836282611
1200 196.017288208 173.58026123 17.6923217773 39.3537597656 0.76826196909
1230 203.442565918 179.271224976 17.9268188477 37.8275146484 0.996014356613
1260 619.653381348 165.011108398 17.8623046875 56.9628295898 0.356080293655
1290 203.478134155 178.982818604 18.3565063477 36.2730102539 0.988298773766
1290 614.272521973 170.468414307 22.2061767578 58.3323974609 0.969501316547
1320 615.752685547 157.538528442 21.8127441406 64.9647827148 0.995359957218
1320 207.701873779 181.71685791 16.5989990234 34.1395568848 0.995343625546
1350 612.504882812 160.805725098 23.0081787109 69.3051452637 0.855875790119
1380 204.375610352 177.391326904 17.6695251465 35.0236816406 0.963099241257
1380 603.473205566 166.174179077 26.4371337891 60.5514831543 0.594103753567
1410 191.257415771 178.874938965 20.9124145508 37.5882263184 0.855829775333
1410 607.313903809 165.951370239 27.2030029297 58.1903076172 0.706505835056
1440 606.314147949 165.365814209 25.8887939453 60.643737793 0.353086948395
1500 606.961364746 173.101593018 25.16796875 56.3594665527 0.613560259342
1530 607.656921387 169.615875244 28.4597167969 54.9127807617 0.935865998268
1560 606.989013672 166.356140137 27.1732177734 56.8227233887 0.972274780273
1590 612.303527832 169.112091064 23.5733642578 61.593536377 0.942122936249
1680 596.618041992 160.934417725 29.0592041016 65.7641601562 0.998191177845
1710 583.936340332 164.860595703 25.2015380859 62.5520629883 0.995512902737
1740 581.165405273 167.943878174 27.1473388672 61.9425354004 0.997753083706
1770 81.2964935303 187.914993286 17.2012329102 30.8895263672 0.997199654579
1770 611.715637207 168.749572754 23.2524414062 75.3840026855 0.97870695591
