120 425.667449951 175.947479248 27.5577392578 64.7541809082 0.996610701084
150 212.155639648 175.396179199 16.0745544434 43.215057373 0.865926206112
150 115.117675781 173.798583984 17.166595459 41.1942138672 0.0984428226948
180 294.996429443 164.638977051 17.7478637695 39.438659668 0.995253324509
210 387.069030762 177.736907959 19.4912109375 42.961730957 0.858948230743
240 336.911956787 181.681213379 27.6545410156 48.566986084 0.902998924255
330 465.662994385 215.180908203 26.9602661133 52.8160095215 0.0686023905873
540 509.209106445 187.348144531 33.5612792969 90.7357177734 0.980744540691
540 468.850738525 180.102355957 36.103515625 108.751861572 0.499957203865
540 491.299285889 169.6015625 33.4817199707 123.733184814 0.289903402328
630 133.086715698 183.61895752 18.5910949707 42.8243103027 0.989281415939
660 81.5701217651 180.412658691 22.6536102295 54.0113830566 0.992521047592
690 7.75639533997 177.385284424 28.5746364594 66.0042419434 0.99781191349
720 190.157485962 180.222305298 16.2495422363 38.2607116699 0.775669515133
900 483.812255859 163.263916016 23.8171386719 61.2487487793 0.486621052027
930 70.4319076538 172.810638428 25.0469665527 49.7584838867 0.968278586864
960 498.608978271 166.253219604 26.980255127 64.8526916504 0.883229494095
990 6.80674171448 171.820861816 24.5269622803 54.786315918 0.993251264095
1380 0.616836547852 180.37979126 16.1246814728 48.1410522461 0.0631466731429
1470 110.43334198 218.181411743 24.0457687378 35.7516174316 0.0862016454339
1500 388.581268311 194.89881897 27.4701538086 74.3482818604 0.861202836037
1590 346.437866211 173.526046753 17.5238037109 42.4854736328 0.0566597096622
1620 11.0354661942 163.382751465 25.1246261597 62.1441040039 0.968942821026
1800 544.250549316 186.683303833 17.9451904297 50.7841491699 0.991927027702
1830 90.9447860718 187.650253296 17.3657836914 37.8499145508 0.994625031948
