300 16.4708137512 98.3731231689 26.5395927429 75.7351379395 0.108507111669
330 428.881439209 176.723602295 31.6753540039 50.7622070312 0.239874213934
510 419.091491699 156.652557373 19.8192138672 43.4273071289 0.58586281538
750 3.69013118744 155.414611816 16.3960609436 58.2606811523 0.368273228407
1080 493.300506592 184.895187378 22.279876709 50.5907287598 0.996924340725
1170 502.673400879 176.334854126 19.8438720703 57.6097412109 0.37823972106
1260 510.518493652 195.648925781 20.3127441406 45.7232971191 0.996834337711
1320 510.382629395 191.52015686 22.2219238281 47.5019226074 0.992867350578
1350 512.21862793 186.790756226 19.755859375 46.4838562012 0.992404639721
1380 518.595031738 189.117630005 21.2364501953 47.0718078613 0.996690034866
1380 506.890258789 189.627609253 19.9681396484 41.266784668 0.092155277729
1410 519.822875977 186.625137329 21.3197021484 42.4749450684 0.934613645077
1440 525.976135254 189.797805786 20.2462158203 41.8145446777 0.947437644005
1530 504.989074707 185.648483276 20.2272949219 44.7225036621 0.0806644335389
1590 551.400939941 195.052444458 17.9075927734 34.6015625 0.0682427361608
1650 509.44744873 185.175735474 17.6442871094 48.1054992676 0.277344167233
1680 552.893127441 199.395874023 17.6282958984 34.323059082 0.670342445374
1710 556.029418945 195.500335693 18.2325439453 38.5837097168 0.128180190921
1740 558.964355469 191.106323242 18.2770996094 36.7387084961 0.992930233479
1830 503.090118408 181.422241211 18.6157531738 49.9388122559 0.112689480186
