30 464.812103271 153.519821167 35.9664306641 82.037902832 0.999375641346
30 256.797851562 8.0390625 36.4973754883 73.8288116455 0.945044398308
30 451.317260742 169.679840088 19.7416381836 49.0784912109 0.766560077667
60 349.735778809 159.190765381 30.7626342773 77.121673584 0.998769581318
60 556.389892578 132.258407593 41.1802978516 112.7840271 0.99727255106
60 498.231506348 174.635742188 19.8823242188 41.0930175781 0.996602296829
60 284.83013916 0.0 28.252746582 52.8271713257 0.98616039753
60 412.918182373 179.439300537 18.9137573242 60.2738952637 0.617381751537
60 398.276245117 172.351089478 21.2012329102 66.6124572754 0.161168947816
90 427.973205566 154.051818848 39.2510986328 97.9050598145 0.998946964741
90 389.586456299 150.71697998 37.6926879883 98.5334777832 0.998442351818
120 491.717193604 140.838577271 66.2199401855 150.13053894 0.998037755489
120 525.620666504 167.347579956 29.857421875 92.0189971924 0.153258919716
120 465.762481689 138.351654053 38.1892089844 146.34387207 0.140419751406
120 506.700927734 169.816604614 26.3995361328 83.2719726562 0.0541862621903
240 381.671600342 175.432693481 19.5651855469 38.3485412598 0.96111124754
240 609.648681641 103.876037598 27.2003173828 75.7236633301 0.282110989094
270 241.313232422 188.187728882 15.9594421387 32.2079467773 0.995160520077
270 231.099716187 187.50088501 16.0701293945 35.3307800293 0.98403096199
300 78.138633728 192.78024292 18.648727417 36.6487731934 0.99773311615
300 539.106018066 198.308868408 15.9975585938 42.7168273926 0.992608368397
300 64.8847732544 190.69078064 15.5758666992 37.0335693359 0.314110189676
330 555.563720703 188.995742798 19.3585205078 65.5402832031 0.911934196949
360 3.63504695892 186.242797852 15.8905191422 36.4302368164 0.967103481293
390 445.627166748 173.372192383 19.9614257812 35.7105712891 0.978808164597
390 553.073791504 165.647872925 19.2504882812 44.009552002 0.147343099117
420 465.982025146 172.49597168 18.3296508789 41.361114502 0.987387239933
420 388.327453613 183.797729492 16.3285522461 34.4889526367 0.939768970013
420 349.274078369 168.820220947 26.776184082 50.3393554688 0.190988823771
420 376.860809326 174.852935791 18.5675048828 35.9530029297 0.068053945899
450 390.05090332 190.00440979 17.5186767578 37.6169128418 0.965016424656
510 528.937561035 177.87727356 26.8192138672 75.115234375 0.9829018116
540 482.390838623 187.388565063 20.8171386719 53.0529785156 0.131378009915
570 544.970153809 176.282180786 25.248046875 70.9273071289 0.996021449566
630 206.023132324 188.530654907 18.0395507812 34.5001831055 0.99734723568
660 266.586395264 186.916442871 20.743347168 38.0407104492 0.917990505695
660 554.895507812 186.544433594 19.4836425781 46.0823669434 0.210880354047
690 293.699279785 188.174743652 20.4397583008 36.6361083984 0.996720016003
720 346.167114258 188.090255737 19.3423461914 35.8681640625 0.997714757919
720 275.884246826 191.276199341 19.3233032227 35.9117736816 0.995953083038
720 390.507049561 185.852096558 18.4935302734 30.5028686523 0.993433237076
720 19.8607177734 196.825531006 21.1578483582 52.2893066406 0.209123313427
750 335.243865967 191.798522949 20.1616821289 39.0546875 0.990988910198
750 256.159790039 188.859725952 17.5731811523 38.8469238281 0.934244632721
750 345.37399292 186.97013855 21.3645629883 40.8566589355 0.131962701678
780 350.727752686 178.572189331 18.487121582 47.7053222656 0.965792477131
810 437.408447266 169.623855591 44.0911254883 74.160949707 0.993960261345
810 366.996948242 172.944732666 25.3762207031 53.477355957 0.986137449741
810 83.0519638062 187.180648804 20.8154296875 33.3720703125 0.960685968399
840 569.99597168 161.653396606 41.7883300781 86.5164794922 0.998455643654
840 465.78237915 166.941467285 47.7431335449 85.552520752 0.998389005661
840 83.4089508057 184.42414856 15.6791534424 37.4847717285 0.989663541317
840 91.2160263062 180.888961792 17.0099182129 36.6358032227 0.989663541317
840 224.882827759 175.054595947 26.7494812012 65.3530883789 0.986518919468
840 67.0403060913 183.576370239 17.0447692871 39.8648376465 0.974546194077
840 244.612747192 186.281982422 23.5782012939 59.3532714844 0.888692557812
870 570.832580566 159.906311035 47.0837402344 101.642547607 0.999393224716
870 136.362304688 167.329986572 42.5892028809 87.0034790039 0.997440695763
870 111.301376343 151.365875244 35.5539855957 104.324737549 0.984385430813
870 26.4534397125 157.340362549 38.7973098755 99.7450256348 0.749163210392
930 129.496170044 176.751556396 16.2267456055 30.472076416 0.992160499096
960 606.415893555 176.523529053 16.0792236328 40.0080871582 0.0510389022529
990 32.2045898438 186.80065918 15.7480773926 35.5890808105 0.0632943958044
1020 610.854003906 197.270172119 15.6043701172 36.1426086426 0.996321678162
1020 620.677124023 188.665756226 14.921875 43.0782470703 0.0921043232083
1050 620.379760742 199.586761475 18.5833740234 34.7925109863 0.945379555225
1050 22.5665416718 193.090499878 14.7739963531 37.2973632812 0.164819553494
1050 102.439102173 189.020050049 17.8714599609 35.094543457 0.129040941596
1050 510.6065979 194.031295776 15.5434265137 24.761932373 0.0866254940629
1050 526.708190918 189.320343018 16.6734619141 28.3361206055 0.078373208642
1080 611.451477051 199.678283691 17.3911132812 36.2667541504 0.990984320641
1080 600.289245605 204.728942871 17.0151367188 30.7395019531 0.53690123558
1110 105.96962738 190.730712891 15.3807220459 42.1373901367 0.69118386507
1110 14.3768873215 209.095046997 15.9452142715 30.9124145508 0.459670990705
1170 526.436645508 208.615188599 15.7680664062 20.8187866211 0.920833408833
1170 15.2633714676 206.180892944 16.3365974426 31.0047912598 0.914977192879
1230 620.216369629 188.812988281 15.8854980469 46.4014892578 0.606932282448
1230 609.926391602 196.367401123 16.8092041016 43.7550964355 0.342994302511
1260 606.695373535 206.303421021 17.2403564453 36.4027404785 0.992460548878
1260 13.6135406494 195.461608887 15.7023620605 40.1633605957 0.990421533585
1290 8.26879692078 201.63734436 21.6186408997 40.2525939941 0.842083454132
1290 598.101623535 203.439697266 21.8035888672 37.4630432129 0.432094067335
1320 601.596679688 204.533859253 20.1922607422 35.9494018555 0.916518092155
1350 16.3435173035 203.713638306 15.8739433289 40.8062438965 0.988405942917
1350 605.8046875 206.137741089 16.5109863281 31.7815856934 0.986620187759
1350 618.232421875 195.56237793 15.7911376953 41.9739379883 0.105564661324
1380 606.159362793 200.980773926 19.5183105469 38.5545349121 0.997095584869
1380 44.9992294312 185.698181152 18.7933273315 40.5503234863 0.93179166317
1410 605.883483887 204.009887695 25.8518066406 45.4940795898 0.996671795845
1410 13.3466129303 201.709533691 15.4338340759 38.0091247559 0.991674005985
1440 607.762207031 206.855239868 19.6260986328 40.1233215332 0.997313916683
1440 14.7758045197 201.620880127 15.4905776978 38.5855712891 0.988976657391
1470 13.1928882599 199.360855103 15.9370002747 38.6638793945 0.992992639542
1500 606.052307129 207.939727783 17.7932128906 38.3377075195 0.996149539948
1500 11.7428817749 201.336120605 16.2858276367 42.3635253906 0.994191229343
1530 105.046348572 206.083816528 23.4916610718 57.709854126 0.996178865433
1530 605.347045898 210.855010986 20.2236328125 34.255279541 0.988194942474
1530 12.7886714935 204.062591553 17.2095336914 39.3804626465 0.984826207161
1560 15.4764022827 210.751846313 16.0420837402 36.8961486816 0.979378640652
1590 611.558532715 205.170059204 19.7806396484 37.185333252 0.996669828892
1620 613.816650391 198.322814941 19.7534179688 45.0170593262 0.985033690929
1620 1.41873645782 200.588317871 16.837852478 42.623626709 0.967548072338
1710 524.910522461 207.259521484 16.1815185547 28.5713500977 0.749401032925
1740 221.613067627 193.750656128 22.2919616699 39.335723877 0.0889757424593
