30 612.84 181.03 28.28 68.97 222.10
30 458.84 182.68 20.00 48.78 119.89
30 478.15 187.67 22.47 54.79 58.94
30 7.23 321.09 17.83 43.48 40.68
30 6.67 271.35 31.71 77.35 40.35
30 480.30 32.44 20.00 48.78 19.87
30 162.85 264.92 25.23 61.54 17.54
30 408.60 184.65 31.71 77.35 15.04
30 325.49 9.78 17.83 43.48 14.72
30 428.37 169.13 35.65 86.96 12.85
30 257.10 110.32 31.71 77.35 9.94
60 612.84 181.03 28.28 68.97 234.75
60 469.84 181.96 17.83 43.48 71.95
60 7.50 263.04 35.65 86.96 62.43
60 478.15 185.48 22.47 54.79 55.28
60 162.26 200.24 20.00 48.78 53.15
60 323.75 8.04 17.83 43.48 47.12
60 479.71 97.94 31.71 77.35 37.31
60 79.15 109.85 25.23 61.54 30.37
60 4.73 312.60 22.47 54.79 26.42
60 402.56 236.59 40.00 97.56 16.13
60 59.67 92.61 35.65 86.96 15.28
60 489.11 29.86 22.47 54.79 13.88
60 372.84 128.62 28.28 68.97 10.88
60 428.02 379.66 28.28 68.97 10.12
60 171.30 266.58 22.47 54.79 6.34
60 45.76 85.65 35.65 86.96 2.43
90 612.84 181.03 28.28 68.97 222.23
90 480.34 185.48 22.47 54.79 152.70
90 6.67 271.35 31.71 77.35 43.90
90 162.01 202.83 17.83 43.48 42.31
90 5.49 319.35 17.83 43.48 40.16
90 402.42 184.65 31.71 77.35 33.51
90 323.75 8.04 17.83 43.48 26.06
90 362.95 131.75 50.80 123.90 22.73
90 420.97 153.68 31.71 77.35 20.81
90 486.92 29.86 22.47 54.79 15.41
90 603.46 183.69 25.23 61.54 8.03
90 476.62 94.84 31.71 77.35 5.45
120 612.84 181.03 28.28 68.97 219.07
120 484.73 183.29 22.47 54.79 109.11
120 160.38 193.54 25.23 61.54 35.38
120 7.23 326.30 17.83 43.48 32.23
120 402.42 184.65 31.71 77.35 25.99
120 6.67 262.06 31.71 77.35 24.84
120 165.31 264.92 25.23 61.54 16.78
120 431.15 378.15 25.23 61.54 15.59
120 411.69 218.71 31.71 77.35 11.58
120 185.99 169.16 31.71 77.35 10.19
120 306.36 138.48 17.83 43.48 0.91
150 495.91 184.63 20.00 48.78 173.85
150 615.77 188.62 25.23 61.54 151.02
150 478.15 189.86 22.47 54.79 58.54
150 153.59 210.87 35.65 86.96 53.07
150 6.67 274.45 31.71 77.35 40.82
150 5.49 328.04 17.83 43.48 38.05
150 503.72 182.68 20.00 48.78 35.99
150 56.14 97.94 31.71 77.35 31.47
150 405.51 218.71 31.71 77.35 13.58
150 152.50 264.63 20.00 48.78 12.49
150 425.26 161.72 28.28 68.97 10.09
150 486.92 32.05 22.47 54.79 7.52
180 509.57 202.20 20.00 48.78 185.52
180 480.34 207.40 22.47 54.79 51.22
180 201.81 192.07 28.28 68.97 29.07
180 150.55 215.85 20.00 48.78 26.32
180 420.97 175.35 31.71 77.35 18.73
180 217.66 267.17 17.83 43.48 15.68
180 5.31 168.92 25.23 61.54 10.53
180 199.77 247.69 25.23 61.54 3.95
210 523.23 215.85 20.00 48.78 185.69
210 482.53 220.55 22.47 54.79 70.82
210 47.33 125.86 28.28 68.97 48.00
210 515.43 215.85 20.00 48.78 32.06
210 420.00 156.88 45.20 110.24 28.20
210 230.87 128.57 63.78 155.55 13.46
240 546.65 213.90 20.00 48.78 222.00
240 538.84 213.90 20.00 48.78 104.92
240 6.67 317.81 31.71 77.35 71.87
240 17.93 325.65 35.65 86.96 24.16
240 9.11 227.12 22.47 54.79 24.01
240 493.49 218.36 22.47 54.79 15.58
240 8.41 263.90 40.00 97.56 7.92
240 204.18 198.63 22.47 54.79 6.20
270 572.40 200.82 22.47 54.79 166.93
270 502.50 200.34 28.28 68.97 74.67
270 15.15 304.31 25.23 61.54 64.76
270 71.31 236.15 45.20 110.24 48.43
270 54.18 107.17 17.83 43.48 39.31
270 5.31 306.77 25.23 61.54 35.15
270 72.16 128.62 28.28 68.97 34.83
270 454.94 202.20 20.00 48.78 25.22
270 26.64 303.84 22.47 54.79 10.51
270 564.21 198.29 20.00 48.78 4.48
300 613.31 191.08 25.23 61.54 114.02
300 34.49 91.74 31.71 77.35 33.91
300 460.62 194.25 22.47 54.79 20.63
300 529.62 203.38 25.23 61.54 13.58
300 93.24 243.48 31.71 77.35 9.88
330 9.76 91.74 31.71 77.35 27.72
330 551.47 52.58 50.80 123.90 21.32
330 3.75 129.78 17.83 43.48 4.08
360 40.74 288.20 80.85 197.19 58.69
360 35.33 82.17 35.65 86.96 56.17
360 515.43 206.10 20.00 48.78 42.62
360 535.92 216.74 17.83 43.48 31.88
360 184.34 166.39 50.80 123.90 24.75
360 374.18 105.43 17.83 43.48 11.29
390 610.85 205.85 25.23 61.54 62.64
390 483.75 195.87 17.83 43.48 36.50
390 92.01 346.59 20.00 48.78 34.81
390 584.83 184.65 31.71 77.35 34.61
390 242.56 178.05 40.00 97.56 32.79
390 19.61 47.53 63.78 155.55 20.00
390 361.99 194.25 22.47 54.79 14.52
420 502.54 193.54 25.23 61.54 73.04
420 4.73 205.21 22.47 54.79 60.19
420 117.38 10.98 20.00 48.78 48.45
420 21.41 19.57 35.65 86.96 46.11
420 118.70 152.60 22.47 54.79 34.27
420 44.18 187.67 22.47 54.79 34.02
420 129.66 14.52 22.47 54.79 26.56
420 7.50 16.09 35.65 86.96 26.07
420 315.05 298.48 17.83 43.48 23.92
420 141.93 15.96 45.20 110.24 23.91
420 70.11 47.39 35.65 86.96 22.33
420 248.97 140.22 17.83 43.48 21.83
420 594.11 11.23 31.71 77.35 16.51
420 47.23 77.61 17.83 43.48 12.92
420 13.49 192.05 22.47 54.79 11.41
420 273.64 225.77 50.80 123.90 10.38
420 109.57 12.93 20.00 48.78 5.03
450 268.10 190.65 17.83 43.48 62.79
450 570.06 159.27 20.00 48.78 57.43
450 56.14 11.23 31.71 77.35 53.98
450 77.07 16.09 35.65 86.96 41.67
450 548.10 267.17 17.83 43.48 40.04
450 69.40 7.24 28.28 68.97 34.79
450 445.92 274.77 25.23 61.54 31.48
450 29.92 193.54 25.23 61.54 31.03
450 563.75 162.83 17.83 43.48 21.76
450 95.04 12.99 50.80 123.90 17.49
450 50.09 186.55 28.28 68.97 8.65
480 9.76 144.39 31.71 77.35 82.91
480 117.38 190.49 20.00 48.78 64.19
480 69.31 72.92 25.23 61.54 49.31
480 77.67 186.55 28.28 68.97 48.38
480 589.88 146.83 40.00 97.56 30.46
480 166.16 194.39 20.00 48.78 20.30
510 199.05 10.00 28.28 68.97 31.00
510 188.02 10.00 28.28 68.97 20.59
510 598.80 30.00 35.65 86.96 11.79
510 150.55 151.46 20.00 48.78 11.43
540 578.65 8.13 31.71 77.35 68.81
540 35.41 146.03 22.47 54.79 37.37
540 593.62 208.31 25.23 61.54 26.99
570 402.42 187.74 31.71 77.35 46.89
570 521.71 136.70 50.80 123.90 35.87
570 195.73 205.37 40.00 97.56 17.49
570 543.88 261.03 28.28 68.97 17.30
570 497.62 232.92 25.23 61.54 12.44
570 541.12 241.72 28.28 68.97 11.29
600 15.91 192.44 20.00 48.78 53.42
600 551.47 265.36 50.80 123.90 51.16
600 506.82 12.99 50.80 123.90 40.11
600 167.50 183.04 35.65 86.96 29.13
600 559.25 5.75 22.47 54.79 18.13
600 621.14 300.22 17.83 43.48 15.22
630 4.21 108.54 20.00 48.78 31.21
630 578.97 5.75 22.47 54.79 24.07
630 607.33 7.24 28.28 68.97 21.36
630 547.07 25.52 56.55 137.93 19.38
630 501.77 7.07 20.00 48.78 7.59
660 423.72 120.24 20.00 48.78 41.18
660 562.22 83.61 80.85 197.19 27.79
660 578.65 32.90 31.71 77.35 26.11
660 40.68 169.16 31.71 77.35 16.54
660 486.98 57.53 50.80 123.90 9.91
660 23.72 192.44 20.00 48.78 8.53
690 581.24 181.24 50.80 123.90 39.33
690 578.97 47.40 22.47 54.79 9.29
720 447.76 130.34 56.55 137.93 45.58
720 506.82 171.34 50.80 123.90 43.45
720 530.62 240.98 80.85 197.19 41.99
720 580.17 229.66 56.55 137.93 40.57
720 506.64 137.26 22.47 54.79 28.01
720 25.58 161.44 50.80 123.90 26.54
720 376.89 184.63 20.00 48.78 25.80
720 70.11 193.48 35.65 86.96 11.22
750 421.41 179.57 35.65 86.96 54.05
750 3.75 190.65 17.83 43.48 43.84
750 233.59 176.09 35.65 86.96 37.16
750 222.74 210.00 20.00 48.78 17.85
750 561.24 139.27 45.20 110.24 15.41
750 156.71 10.24 40.00 97.56 6.57
750 27.93 64.88 40.00 97.56 1.30
780 433.62 176.31 25.23 61.54 100.80
780 507.93 224.88 40.00 97.56 30.77
780 39.05 153.45 28.28 68.97 16.37
780 474.91 150.69 28.28 68.97 10.18
780 238.10 157.93 56.55 137.93 7.44
810 439.52 169.16 31.71 77.35 183.50
810 556.43 102.06 50.80 123.90 79.95
810 40.74 28.52 80.85 197.19 48.74
810 576.28 107.01 50.80 123.90 36.71
810 532.84 112.07 28.28 68.97 17.92
810 614.18 301.96 17.83 43.48 10.30
840 488.41 170.24 40.00 97.56 251.99
840 17.04 36.39 80.85 197.19 83.66
840 48.64 44.26 80.85 197.19 65.71
840 5.31 173.85 25.23 61.54 50.91
840 214.18 162.83 17.83 43.48 21.03
840 582.88 147.17 17.83 43.48 11.37
840 195.43 159.27 20.00 48.78 4.11
870 578.83 165.97 63.78 155.55 198.73
870 392.50 182.68 20.00 48.78 86.60
870 212.95 165.75 22.47 54.79 85.79
870 22.76 126.06 45.20 110.24 26.00
870 481.79 178.90 45.20 110.24 25.96
870 527.15 232.92 25.23 61.54 7.28
900 403.63 189.86 22.47 54.79 57.66
900 203.23 176.83 20.00 48.78 54.40
900 195.43 172.93 20.00 48.78 36.00
900 212.99 172.93 20.00 48.78 24.10
900 539.15 189.76 40.00 97.56 21.32
900 70.48 172.33 22.47 54.79 15.17
900 491.90 146.90 56.55 137.93 7.71
930 424.89 190.00 35.65 86.96 97.36
930 14.46 158.70 35.65 86.96 36.29
930 130.09 167.24 28.28 68.97 34.11
930 197.60 174.52 22.47 54.79 31.90
930 189.57 180.73 20.00 48.78 24.04
930 466.63 103.04 35.65 86.96 19.35
930 45.18 190.49 20.00 48.78 19.24
930 490.98 200.43 35.65 86.96 6.31
930 337.88 148.22 22.47 54.79 0.01
960 502.93 185.52 56.55 137.93 145.14
960 480.86 185.52 56.55 137.93 54.06
960 6.16 190.49 20.00 48.78 48.55
960 532.99 130.00 20.00 48.78 44.12
960 343.67 159.87 31.71 77.35 34.42
960 14.22 175.52 28.28 68.97 31.39
960 166.16 184.63 20.00 48.78 14.71
960 552.50 223.66 20.00 48.78 9.14
990 165.31 176.31 25.23 61.54 62.76
990 460.62 40.82 22.47 54.79 44.40
990 538.36 241.72 28.28 68.97 43.04
990 116.08 178.77 25.23 61.54 28.90
990 483.19 40.34 28.28 68.97 24.23
990 22.88 300.22 17.83 43.48 19.60
990 84.21 184.63 20.00 48.78 13.77
990 204.54 159.87 31.71 77.35 8.94
990 142.81 183.29 22.47 54.79 6.72
990 402.34 152.48 45.20 110.24 1.83
1020 411.47 167.24 28.28 68.97 43.24
1020 5.49 328.04 17.83 43.48 38.23
1020 389.40 167.24 28.28 68.97 23.55
1020 70.55 284.15 20.00 48.78 19.08
1020 143.15 158.70 35.65 86.96 17.82
1020 223.88 170.00 28.28 68.97 14.23
1020 476.62 215.61 31.71 77.35 13.44
1020 331.72 143.67 45.20 110.24 8.05
1050 597.20 178.45 31.71 77.35 136.87
1050 405.51 166.06 31.71 77.35 59.12
1050 4.73 229.32 22.47 54.79 41.38
1050 535.24 139.02 40.00 97.56 36.56
1050 13.93 178.90 45.20 110.24 31.92
1050 119.05 172.76 28.28 68.97 23.05
1050 420.97 166.06 31.71 77.35 13.59
1050 438.70 181.10 22.47 54.79 9.76
1050 397.05 183.29 22.47 54.79 8.31
1080 61.14 296.74 17.83 43.48 56.91
1080 369.59 31.64 89.69 218.76 52.36
1080 164.00 143.67 45.20 110.24 21.84
1080 585.69 119.31 56.55 137.93 19.34
1080 213.82 162.97 31.71 77.35 4.52
1110 497.93 165.65 35.65 86.96 69.72
1110 566.28 172.26 31.71 77.35 60.43
1110 4.73 146.03 22.47 54.79 53.50
1110 3.75 305.43 17.83 43.48 41.42
1110 57.66 147.17 17.83 43.48 39.78
1110 408.60 162.97 31.71 77.35 26.38
1110 196.29 175.52 28.28 68.97 26.10
1110 68.60 288.05 20.00 48.78 25.82
1110 340.58 32.90 31.71 77.35 24.76
1110 603.75 183.70 17.83 43.48 20.73
1110 187.46 178.77 25.23 61.54 10.01
1110 602.01 4.57 17.83 43.48 8.68
1110 25.58 225.77 50.80 123.90 6.58
1140 610.71 199.35 17.83 43.48 74.80
1140 352.38 8.92 25.23 61.54 54.77
1140 15.15 129.54 25.23 61.54 51.49
1140 422.07 158.54 40.00 97.56 48.42
1140 35.87 164.35 71.30 173.91 44.21
1140 173.49 172.33 22.47 54.79 41.60
1140 572.46 206.32 31.71 77.35 34.13
1140 104.96 121.86 50.80 123.90 31.70
1140 4.73 124.11 22.47 54.79 22.77
1140 513.48 229.51 20.00 48.78 22.70
1140 441.59 158.54 40.00 97.56 21.92
1140 211.34 142.93 40.00 97.56 12.95
1140 454.04 71.51 22.47 54.79 11.32
1140 403.63 130.68 22.47 54.79 11.23
1170 534.54 191.08 25.23 61.54 53.17
1170 57.89 73.95 114.81 280.01 34.43
1170 428.02 106.55 28.28 68.97 27.46
1170 452.84 181.03 28.28 68.97 25.30
1170 546.85 200.92 25.23 61.54 24.04
1170 15.00 178.26 71.30 173.91 19.38
1170 174.22 167.24 28.28 68.97 13.25
1170 384.38 178.77 25.23 61.54 9.36
1170 224.62 183.70 17.83 43.48 0.48
1200 584.83 175.35 31.71 77.35 96.99
1200 569.37 175.35 31.71 77.35 50.01
1200 476.79 103.70 17.83 43.48 44.65
1200 466.36 101.96 17.83 43.48 41.05
1200 591.85 141.30 35.65 86.96 38.29
1200 25.00 304.31 25.23 61.54 35.26
1200 26.54 32.31 126.15 307.69 27.01
1200 428.02 76.21 28.28 68.97 25.10
1200 549.40 10.00 28.28 68.97 23.93
1200 8.71 302.41 28.28 68.97 22.75
1200 490.71 101.96 17.83 43.48 22.36
1200 554.86 192.05 22.47 54.79 22.09
1200 523.75 8.04 17.83 43.48 10.60
1230 498.26 17.42 31.71 77.35 84.43
1230 12.69 306.77 25.23 61.54 82.00
1230 554.45 48.05 20.00 48.78 56.41
1230 427.44 146.60 50.80 123.90 40.28
1230 473.53 20.52 31.71 77.35 30.73
1230 101.41 151.74 35.65 86.96 28.56
1230 88.97 289.78 17.83 43.48 26.48
1230 22.54 301.85 25.23 61.54 25.05
1260 6.92 312.60 22.47 54.79 60.00
1260 183.72 174.88 20.00 48.78 47.35
1260 484.56 51.63 114.81 280.01 36.08
1260 121.28 190.49 20.00 48.78 32.24
1260 21.23 113.88 100.71 245.62 30.29
1290 4.21 329.02 20.00 48.78 55.69
1290 6.16 133.90 20.00 48.78 50.65
1290 544.38 13.85 25.23 61.54 46.70
1290 166.92 172.33 22.47 54.79 41.45
1290 581.31 6.46 25.23 61.54 21.37
1290 413.92 208.31 25.23 61.54 19.67
1290 431.85 186.52 35.65 86.96 19.62
1290 358.21 112.84 45.20 110.24 8.34
1290 611.04 172.93 20.00 48.78 3.46
1320 42.28 155.22 35.65 86.96 30.03
1320 445.92 95.08 25.23 61.54 25.85
1320 453.29 213.17 40.00 97.56 25.75
1320 302.88 166.30 17.83 43.48 25.21
1320 86.54 176.31 25.23 61.54 18.90
1320 362.62 108.44 45.20 110.24 15.56
1320 513.32 56.74 17.83 43.48 4.66
1320 61.71 284.11 22.47 54.79 3.80
1350 8.41 154.63 40.00 97.56 58.70
1350 182.88 190.65 17.83 43.48 53.54
1350 24.02 150.73 40.00 97.56 51.30
1350 33.22 310.41 22.47 54.79 39.71
1350 308.60 165.12 20.00 48.78 32.56
1350 482.02 126.80 50.80 123.90 30.12
1350 546.51 111.96 50.80 123.90 27.03
1350 530.52 157.93 56.55 137.93 26.08
1350 37.60 299.45 22.47 54.79 24.15
1350 431.15 168.92 25.23 61.54 20.21
1350 139.67 137.83 35.65 86.96 15.22
1350 526.67 111.96 50.80 123.90 14.29
1350 38.80 141.30 35.65 86.96 0.20
1380 518.63 31.64 89.69 218.76 59.37
1380 452.72 155.22 35.65 86.96 58.91
1380 495.68 181.10 22.47 54.79 45.75
1380 116.29 153.45 28.28 68.97 44.29
1380 376.74 53.04 71.30 173.91 26.92
1380 141.10 142.93 40.00 97.56 19.90
1380 306.65 161.22 20.00 48.78 18.99
1380 324.21 163.17 20.00 48.78 12.25
1410 439.73 22.91 89.69 218.76 50.34
1410 519.77 183.69 25.23 61.54 46.30
1410 71.31 143.67 45.20 110.24 44.72
1410 152.16 170.00 28.28 68.97 38.09
1410 138.84 192.44 20.00 48.78 23.00
1410 52.45 169.78 17.83 43.48 16.94
1410 564.02 169.13 35.65 86.96 16.19
1410 300.62 154.79 22.47 54.79 15.74
1440 435.05 175.00 17.83 43.48 39.72
1440 507.46 156.62 25.23 61.54 37.61
1440 309.38 152.60 22.47 54.79 33.39
1440 289.66 150.41 22.47 54.79 32.25
1440 16.22 162.44 40.00 97.56 27.57
1440 415.92 181.96 17.83 43.48 12.05
1440 224.03 191.13 50.80 123.90 9.06
1440 578.85 188.62 25.23 61.54 3.94
1470 5.95 186.55 28.28 68.97 60.65
1470 311.58 146.03 22.47 54.79 45.82
1470 287.47 146.03 22.47 54.79 41.79
1470 601.59 154.63 40.00 97.56 39.57
1470 189.30 196.08 50.80 123.90 39.38
1470 548.10 168.04 17.83 43.48 37.71
1470 15.15 50.77 25.23 61.54 33.61
1500 69.12 207.91 114.81 280.01 38.40
1500 513.32 180.22 17.83 43.48 34.28
1500 577.87 169.02 20.00 48.78 0.31
1530 5.31 168.92 25.23 61.54 69.20
1530 142.81 152.60 22.47 54.79 33.03
1530 574.18 164.57 17.83 43.48 29.06
1530 157.92 144.31 25.23 61.54 27.52
1530 435.33 12.61 35.65 86.96 25.02
1530 307.19 148.22 22.47 54.79 18.89
1530 15.00 87.83 71.30 173.91 15.80
1530 278.74 147.48 31.71 77.35 13.01
1530 70.23 121.86 50.80 123.90 8.19
1530 113.78 131.22 40.00 97.56 7.54
1530 410.06 131.95 20.00 48.78 5.91
1560 11.30 170.14 22.47 54.79 101.04
1560 407.23 133.26 17.83 43.48 52.06
1560 17.93 127.39 35.65 86.96 49.34
1560 4.21 186.59 20.00 48.78 33.78
1560 77.07 71.74 35.65 86.96 26.03
1560 22.88 187.17 17.83 43.48 17.45
1560 384.62 145.43 17.83 43.48 17.25
1560 563.75 143.70 17.83 43.48 17.16
1560 280.27 157.61 17.83 43.48 12.50
1560 591.52 165.12 20.00 48.78 6.94
1590 10.98 130.87 35.65 86.96 79.54
1590 8.97 190.65 17.83 43.48 69.61
1590 131.85 154.79 22.47 54.79 62.60
1590 203.01 127.64 89.69 218.76 47.66
1590 98.17 139.02 40.00 97.56 22.79
1590 74.69 73.16 31.71 77.35 11.12
1590 404.02 75.22 35.65 86.96 10.89
1590 145.62 149.23 25.23 61.54 5.40
1620 131.85 154.79 22.47 54.79 56.94
1620 10.23 127.08 25.23 61.54 42.41
1620 204.57 142.41 28.28 68.97 42.36
1620 44.18 64.93 22.47 54.79 37.77
1620 391.58 150.65 17.83 43.48 36.86
1620 410.71 143.70 17.83 43.48 33.81
1620 102.51 147.48 31.71 77.35 32.57
1620 300.39 156.77 31.71 77.35 29.79
1620 147.19 156.99 22.47 54.79 24.53
1620 12.85 32.90 31.71 77.35 16.64
1620 191.03 143.84 22.47 54.79 9.96
1650 7.23 195.87 17.83 43.48 87.42
1650 13.96 186.59 20.00 48.78 71.61
1650 199.05 147.93 28.28 68.97 48.03
1650 141.14 169.78 17.83 43.48 32.98
1650 35.87 53.04 71.30 173.91 29.91
1650 154.45 151.46 20.00 48.78 22.08
1650 216.20 127.39 35.65 86.96 6.68
1680 8.11 194.39 20.00 48.78 75.85
1680 131.85 159.18 22.47 54.79 59.06
1680 307.19 159.18 22.47 54.79 51.32
1680 15.91 186.59 20.00 48.78 36.77
1680 535.14 198.63 22.47 54.79 36.29
1680 204.18 143.84 22.47 54.79 35.37
1680 410.06 139.76 20.00 48.78 33.64
1680 393.32 152.39 17.83 43.48 32.25
1680 148.08 156.62 25.23 61.54 27.02
1680 94.27 142.93 40.00 97.56 25.01
1680 46.86 66.97 31.71 77.35 20.38
1680 382.74 141.71 20.00 48.78 2.36
1680 77.67 81.72 28.28 68.97 0.65
1710 526.37 198.63 22.47 54.79 33.23
1710 16.98 40.34 28.28 68.97 27.05
1710 307.19 159.18 22.47 54.79 22.18
1710 6.16 198.29 20.00 48.78 21.46
1710 47.15 63.08 25.23 61.54 21.24
1710 412.45 141.96 17.83 43.48 18.64
1710 56.54 36.39 80.85 197.19 13.45
1710 10.98 144.78 35.65 86.96 12.72
1740 7.23 195.87 17.83 43.48 91.70
1740 40.74 52.13 80.85 197.19 49.36
1740 172.83 134.86 45.20 110.24 32.39
1740 209.09 143.66 20.00 48.78 22.26
1740 467.34 8.13 31.71 77.35 21.58
1740 307.19 159.18 22.47 54.79 20.25
1740 380.79 143.66 20.00 48.78 17.23
1740 148.08 156.62 25.23 61.54 16.41
1740 12.85 36.00 31.71 77.35 15.42
1740 412.45 141.96 17.83 43.48 15.14
1740 278.80 158.70 35.65 86.96 14.02
1740 455.77 26.15 25.23 61.54 9.62
1740 94.66 97.24 56.55 137.93 9.28
1740 3.75 206.30 17.83 43.48 5.59
1770 5.49 195.87 17.83 43.48 100.14
1770 508.84 198.63 22.47 54.79 60.91
1770 13.96 186.59 20.00 48.78 50.14
1770 108.02 164.48 28.28 68.97 37.59
1770 45.18 69.51 20.00 48.78 34.48
1770 148.08 159.08 25.23 61.54 33.37
1770 131.85 161.37 22.47 54.79 32.30
1770 74.69 76.26 31.71 77.35 21.60
1770 461.16 8.13 31.71 77.35 13.76
1770 192.38 144.31 25.23 61.54 7.21
1800 4.21 188.54 20.00 48.78 80.75
1800 40.74 52.13 80.85 197.19 60.53
1800 131.85 161.37 22.47 54.79 53.79
1800 465.62 191.08 25.23 61.54 43.65
1800 443.23 5.12 20.00 48.78 41.24
1800 204.69 149.23 25.23 61.54 39.74
1800 445.27 198.63 22.47 54.79 34.36
1800 12.01 192.44 20.00 48.78 30.60
1800 476.40 28.54 20.00 48.78 24.44
1800 188.02 142.41 28.28 68.97 21.70
1800 149.38 161.37 22.47 54.79 18.56
1830 466.36 185.43 17.83 43.48 56.63
1830 130.71 161.09 17.83 43.48 31.76
1830 339.82 174.88 20.00 48.78 31.12
1830 603.46 178.77 25.23 61.54 17.52
1830 461.16 11.23 31.71 77.35 17.10
1830 288.02 156.77 31.71 77.35 14.69
1830 391.77 151.69 25.23 61.54 13.26
1830 103.77 159.08 25.23 61.54 13.14
1830 6.92 124.11 22.47 54.79 12.91
1830 15.91 133.90 20.00 48.78 11.18
1830 563.75 173.26 17.83 43.48 3.50
