30 504.62 187.17 17.83 43.48 138.08
30 471.58 185.48 22.47 54.79 101.90
30 440.27 185.43 17.83 43.48 85.96
30 15.94 135.10 31.71 77.35 50.37
30 488.11 186.59 20.00 48.78 39.67
30 212.99 252.93 20.00 48.78 36.62
30 525.93 161.28 45.20 110.24 26.63
30 497.66 192.39 17.83 43.48 8.74
30 30.78 142.41 28.28 68.97 3.57
60 485.49 188.91 17.83 43.48 143.14
60 512.38 183.69 25.23 61.54 142.17
60 442.01 185.43 17.83 43.48 123.81
60 541.92 183.69 25.23 61.54 107.49
60 574.22 175.52 28.28 68.97 103.74
60 459.40 187.17 17.83 43.48 76.23
60 591.85 19.57 35.65 86.96 22.09
60 5.49 244.57 17.83 43.48 19.71
60 535.14 176.71 22.47 54.79 16.23
60 22.50 101.03 28.28 68.97 15.88
60 238.35 172.93 20.00 48.78 2.63
60 14.18 101.96 17.83 43.48 2.47
90 570.98 179.57 35.65 86.96 227.59
90 505.67 180.73 20.00 48.78 199.47
90 548.60 188.54 20.00 48.78 184.52
90 458.84 182.68 20.00 48.78 134.55
90 475.96 178.90 22.47 54.79 121.96
90 557.07 179.57 35.65 86.96 93.18
90 588.02 175.52 28.28 68.97 67.48
90 564.02 155.22 35.65 86.96 39.56
90 442.01 192.39 17.83 43.48 37.19
90 226.10 167.95 22.47 54.79 23.65
120 492.69 171.38 25.23 61.54 228.47
120 603.46 181.23 25.23 61.54 220.32
120 516.29 167.24 28.28 68.97 174.59
120 541.71 174.52 22.47 54.79 163.55
120 482.85 171.38 25.23 61.54 92.08
120 502.54 173.85 25.23 61.54 52.35
120 473.77 176.71 22.47 54.79 36.56
120 333.09 67.87 80.85 197.19 23.05
120 193.97 191.03 56.55 137.93 12.67
120 445.70 159.87 31.71 77.35 9.27
150 553.91 169.16 31.71 77.35 224.99
150 589.88 162.44 40.00 97.56 203.15
150 541.55 172.26 31.71 77.35 109.93
150 495.17 181.55 31.71 77.35 39.14
150 524.69 191.08 25.23 61.54 38.28
150 480.30 204.15 20.00 48.78 32.60
150 421.31 173.85 25.23 61.54 22.87
150 236.40 169.02 20.00 48.78 17.33
180 181.17 134.81 63.78 155.55 81.19
180 442.28 151.74 35.65 86.96 80.38
180 534.18 202.83 17.83 43.48 57.25
180 483.19 175.52 28.28 68.97 48.12
180 460.69 183.69 25.23 61.54 39.35
180 507.46 181.23 25.23 61.54 33.29
180 473.77 185.48 22.47 54.79 28.37
180 541.55 171.34 50.80 123.90 24.15
180 37.58 97.94 31.71 77.35 9.76
210 236.40 161.22 20.00 48.78 42.31
210 550.82 175.35 31.71 77.35 37.95
210 534.18 185.43 17.83 43.48 35.59
210 585.98 162.44 40.00 97.56 34.96
210 182.93 130.34 56.55 137.93 27.05
210 601.59 154.63 40.00 97.56 23.31
210 475.05 176.74 17.83 43.48 17.38
210 372.08 159.08 25.23 61.54 10.51
240 568.71 183.79 28.28 68.97 72.25
240 507.46 168.92 25.23 61.54 43.72
240 582.50 181.03 28.28 68.97 40.50
240 454.98 181.55 31.71 77.35 30.33
240 508.02 134.14 28.28 68.97 18.56
270 377.68 156.77 31.71 77.35 47.21
270 438.54 208.31 25.23 61.54 36.93
270 593.53 95.52 28.28 68.97 36.09
270 230.48 163.56 22.47 54.79 29.93
270 568.11 172.93 20.00 48.78 18.82
270 570.07 20.37 45.20 110.24 8.19
270 215.60 150.69 28.28 68.97 7.25
270 523.54 174.15 40.00 97.56 4.53
300 598.70 174.52 22.47 54.79 82.21
300 503.86 209.72 45.20 110.24 45.53
300 226.85 159.08 25.23 61.54 45.19
300 558.35 174.88 20.00 48.78 40.64
300 447.47 185.48 22.47 54.79 40.17
300 574.22 156.21 28.28 68.97 33.05
300 478.15 189.86 22.47 54.79 25.63
300 494.18 261.96 17.83 43.48 24.13
300 188.37 134.35 35.65 86.96 8.44
300 379.46 183.69 25.23 61.54 5.85
330 482.85 178.77 25.23 61.54 122.93
330 402.42 181.55 31.71 77.35 61.27
330 556.83 148.07 45.20 110.24 52.88
330 543.88 194.83 28.28 68.97 8.72
330 223.15 130.87 35.65 86.96 2.35
330 209.24 137.83 35.65 86.96 1.33
360 8.11 87.07 20.00 48.78 62.33
360 517.60 176.71 22.47 54.79 58.85
360 433.33 181.55 31.71 77.35 52.63
360 188.02 158.97 28.28 68.97 17.01
360 201.81 156.21 28.28 68.97 8.74
360 131.04 157.32 20.00 48.78 7.06
360 234.91 153.45 28.28 68.97 6.45
360 458.42 209.59 22.47 54.79 1.59
390 193.22 185.48 22.47 54.79 34.47
390 193.22 165.75 22.47 54.79 33.90
390 156.40 172.93 20.00 48.78 32.73
390 578.17 162.44 40.00 97.56 24.87
390 66.63 231.74 35.65 86.96 19.00
390 473.00 26.15 25.23 61.54 12.00
390 3.75 28.91 17.83 43.48 7.25
390 34.85 72.92 25.23 61.54 1.33
390 94.27 111.71 40.00 97.56 1.16
390 466.63 186.52 35.65 86.96 0.37
420 65.27 186.19 50.80 123.90 58.20
420 6.16 108.54 20.00 48.78 33.33
420 7.77 272.31 25.23 61.54 32.05
420 56.89 109.87 63.78 155.55 30.62
420 504.44 221.81 31.71 77.35 28.97
420 484.51 181.95 40.00 97.56 26.24
420 167.77 154.15 25.23 61.54 16.95
420 424.06 178.45 31.71 77.35 14.76
420 6.16 90.98 20.00 48.78 9.27
420 179.81 144.39 31.71 77.35 7.56
450 50.39 186.19 50.80 123.90 92.86
450 19.61 97.40 63.78 155.55 34.34
450 7.23 98.48 17.83 43.48 33.40
450 394.76 154.63 40.00 97.56 23.05
450 115.33 137.83 35.65 86.96 15.36
450 166.92 170.14 22.47 54.79 11.13
450 441.81 186.55 28.28 68.97 9.43
480 75.72 192.11 45.20 110.24 66.42
480 12.45 300.22 17.83 43.48 36.99
480 457.26 171.27 89.69 218.76 29.77
480 17.62 277.23 25.23 61.54 14.24
480 110.78 150.69 28.28 68.97 5.37
510 45.49 96.74 17.83 43.48 30.46
510 50.75 268.77 22.47 54.79 30.16
510 142.81 163.56 22.47 54.79 21.82
510 492.08 221.81 31.71 77.35 19.93
510 149.84 190.65 17.83 43.48 17.02
510 594.32 172.33 22.47 54.79 12.82
510 502.50 241.72 28.28 68.97 4.38
540 505.26 175.52 28.28 68.97 39.67
540 549.31 168.92 25.23 61.54 29.17
540 4.73 89.04 22.47 54.79 1.89
570 573.92 178.77 25.23 61.54 121.95
570 557.00 178.45 31.71 77.35 59.21
570 526.09 178.45 31.71 77.35 47.09
570 411.69 172.26 31.71 77.35 20.46
570 544.64 178.45 31.71 77.35 15.82
600 596.29 175.52 28.28 68.97 107.10
600 570.98 179.57 35.65 86.96 72.50
600 16.22 142.93 40.00 97.56 34.96
630 618.42 198.63 22.47 54.79 56.13
630 62.32 166.06 31.71 77.35 39.33
630 137.66 133.26 17.83 43.48 31.45
630 447.76 146.90 56.55 137.93 26.72
630 102.88 192.39 17.83 43.48 16.75
630 348.91 80.87 71.30 173.91 13.52
660 511.78 176.29 50.80 123.90 56.32
660 563.62 240.69 56.55 137.93 40.37
660 6.67 94.84 31.71 77.35 34.40
660 14.18 199.35 17.83 43.48 26.19
660 600.89 7.95 22.47 54.79 22.00
660 497.88 185.48 22.47 54.79 12.08
690 568.71 175.52 28.28 68.97 124.42
690 31.58 195.87 17.83 43.48 94.52
690 5.49 333.26 17.83 43.48 61.49
690 451.85 244.66 22.47 54.79 28.71
690 578.90 192.11 45.20 110.24 27.80
690 60.79 188.54 20.00 48.78 25.59
690 477.67 7.24 28.28 68.97 24.63
690 412.56 161.44 50.80 123.90 24.46
690 37.38 188.54 20.00 48.78 22.08
690 88.97 195.87 17.83 43.48 21.32
690 198.36 206.32 31.71 77.35 18.34
690 3.75 317.61 17.83 43.48 2.48
720 149.40 183.79 28.28 68.97 37.12
720 145.80 215.61 31.71 77.35 31.93
720 4.21 194.39 20.00 48.78 23.52
720 445.70 138.19 31.71 77.35 17.30
720 524.57 167.24 28.28 68.97 16.38
720 427.15 153.68 31.71 77.35 2.61
750 427.15 159.87 31.71 77.35 68.02
750 490.23 183.69 25.23 61.54 58.24
750 459.40 181.96 17.83 43.48 56.92
750 517.10 240.55 45.20 110.24 35.20
750 7.23 270.65 17.83 43.48 25.21
750 14.18 277.61 17.83 43.48 13.19
780 508.84 187.67 22.47 54.79 164.30
780 537.00 178.77 25.23 61.54 160.15
780 564.08 176.31 25.23 61.54 153.35
780 463.15 181.23 25.23 61.54 117.99
780 576.28 161.44 50.80 123.90 110.30
780 488.11 182.68 20.00 48.78 103.06
780 502.26 194.25 22.47 54.79 38.30
780 440.89 187.67 22.47 54.79 35.15
780 151.58 187.67 22.47 54.79 28.34
780 453.31 176.31 25.23 61.54 26.10
780 43.54 185.85 40.00 97.56 10.43
810 606.47 166.06 31.71 77.35 186.27
810 554.91 181.03 28.28 68.97 158.51
810 588.02 170.00 28.28 68.97 154.34
810 541.12 170.00 28.28 68.97 134.34
810 508.02 178.28 28.28 68.97 122.13
810 501.77 174.88 20.00 48.78 64.13
810 519.05 181.03 28.28 68.97 45.21
810 87.23 192.39 17.83 43.48 34.12
810 477.92 186.15 25.23 61.54 30.59
810 63.88 147.93 28.28 68.97 26.29
810 165.31 183.69 25.23 61.54 18.40
840 554.91 164.48 28.28 68.97 165.24
840 574.27 166.34 40.00 97.56 142.69
840 527.33 181.03 28.28 68.97 38.95
840 244.02 200.43 35.65 86.96 32.65
840 530.34 55.60 45.20 110.24 26.88
840 392.50 163.17 20.00 48.78 4.36
840 516.81 193.94 31.71 77.35 4.05
870 6.16 118.29 20.00 48.78 48.26
870 442.61 26.71 31.71 77.35 26.83
870 511.85 68.26 35.65 86.96 23.21
870 577.93 176.09 35.65 86.96 9.22
900 574.18 199.35 17.83 43.48 29.05
900 55.92 190.65 17.83 43.48 26.73
900 86.46 88.29 40.00 97.56 12.24
900 14.18 187.17 17.83 43.48 8.94
930 590.78 197.59 28.28 68.97 48.33
930 142.88 185.43 17.83 43.48 29.42
930 521.81 10.00 28.28 68.97 25.80
930 83.75 190.65 17.83 43.48 21.72
930 10.70 116.91 50.80 123.90 21.70
930 458.36 161.72 28.28 68.97 18.20
960 594.11 193.94 31.71 77.35 35.58
960 118.54 33.54 25.23 61.54 13.28
960 464.70 204.15 20.00 48.78 6.55
960 504.44 175.35 31.71 77.35 6.07
990 605.76 183.04 35.65 86.96 29.11
990 568.71 189.31 28.28 68.97 21.65
1020 95.04 111.96 50.80 123.90 40.57
1020 568.11 118.29 20.00 48.78 31.50
1020 519.48 207.59 56.55 137.93 23.15
1050 12.32 10.24 40.00 97.56 57.17
1050 38.80 12.61 35.65 86.96 27.82
1050 455.31 165.69 45.20 110.24 26.37
1050 480.61 88.29 40.00 97.56 24.81
1050 56.20 16.09 35.65 86.96 18.99
1050 379.15 154.63 40.00 97.56 5.32
1050 97.79 121.65 45.20 110.24 4.93
1080 16.22 10.24 40.00 97.56 56.15
1080 445.18 204.15 20.00 48.78 42.62
1080 11.30 196.44 22.47 54.79 39.55
1080 558.66 248.29 40.00 97.56 37.53
1080 5.31 50.77 25.23 61.54 29.24
1080 20.08 186.15 25.23 61.54 24.54
1080 10.98 68.26 35.65 86.96 21.80
1080 556.69 176.31 25.23 61.54 21.73
1080 393.32 197.61 17.83 43.48 18.01
1110 607.33 178.28 28.28 68.97 154.38
1110 445.76 203.91 35.65 86.96 40.02
1110 441.59 10.24 40.00 97.56 27.23
1110 465.00 205.37 40.00 97.56 18.05
1140 11.47 172.76 28.28 68.97 64.71
1140 451.88 206.32 31.71 77.35 53.83
1140 477.92 53.23 25.23 61.54 36.63
1140 431.85 9.13 35.65 86.96 20.25
1140 611.85 135.07 22.47 54.79 19.00
1170 505.26 15.52 28.28 68.97 70.28
1170 504.02 197.56 40.00 97.56 45.76
1170 403.19 181.03 28.28 68.97 44.91
1170 496.90 136.70 50.80 123.90 27.65
1170 571.52 178.26 71.30 173.91 20.25
1170 516.29 15.52 28.28 68.97 17.71
1170 477.67 120.34 28.28 68.97 10.51
1200 429.57 208.05 20.00 48.78 29.15
1200 359.77 198.46 25.23 61.54 22.87
1200 442.28 193.48 35.65 86.96 22.79
1200 6.67 169.16 31.71 77.35 14.95
1200 557.61 150.43 71.30 173.91 2.15
1230 572.40 60.55 22.47 54.79 41.33
1230 461.10 178.05 40.00 97.56 25.72
1230 554.86 64.93 22.47 54.79 20.41
1230 563.63 84.66 22.47 54.79 18.23
1230 570.71 8.04 17.83 43.48 12.25
1260 507.02 51.63 114.81 280.01 45.55
1260 603.38 29.81 31.71 77.35 40.61
1260 12.01 188.54 20.00 48.78 13.25
1260 412.40 178.90 22.47 54.79 6.27
1290 609.66 260.00 22.47 54.79 60.40
1290 4.73 189.86 22.47 54.79 52.15
1290 28.10 295.00 17.83 43.48 37.75
1290 535.60 219.66 28.28 68.97 20.66
1290 66.85 87.69 25.23 61.54 19.08
1290 573.92 112.31 25.23 61.54 14.87
1290 507.93 115.61 40.00 97.56 11.42
1320 365.76 190.00 35.65 86.96 51.92
1320 611.04 98.78 20.00 48.78 41.96
1320 570.71 27.17 17.83 43.48 32.75
1320 521.81 106.55 28.28 68.97 29.46
1320 16.98 81.72 28.28 68.97 8.96
1320 3.75 300.22 17.83 43.48 0.89
1320 15.00 220.00 71.30 173.91 0.14
1350 577.93 144.78 35.65 86.96 33.33
1350 571.32 255.46 50.80 123.90 29.33
1350 8.71 76.21 28.28 68.97 25.33
1350 241.64 203.23 31.71 77.35 18.64
1350 602.01 4.57 17.83 43.48 8.48
1350 358.21 196.51 45.20 110.24 3.89
1380 13.96 274.39 20.00 48.78 85.84
1380 362.62 187.71 45.20 110.24 34.65
1380 609.57 97.94 31.71 77.35 24.34
1380 543.88 216.90 28.28 68.97 23.64
1380 209.24 193.48 35.65 86.96 21.55
1380 225.79 196.51 45.20 110.24 9.79
1380 511.85 196.96 35.65 86.96 4.45
1410 577.93 151.74 35.65 86.96 74.57
1410 198.36 197.03 31.71 77.35 55.93
1410 552.16 225.17 28.28 68.97 38.15
1410 564.02 155.22 35.65 86.96 36.45
1410 362.95 191.13 50.80 123.90 31.45
1440 511.78 191.13 50.80 123.90 80.80
1440 516.74 151.55 50.80 123.90 61.45
1440 499.45 170.09 45.20 110.24 56.37
1440 371.45 192.11 45.20 110.24 33.54
1440 4.21 250.98 20.00 48.78 29.29
1440 615.77 166.46 25.23 61.54 27.79
1440 113.32 251.52 17.83 43.48 18.98
1470 481.09 157.39 71.30 173.91 99.33
1470 371.45 196.51 45.20 110.24 44.97
1470 435.05 180.22 17.83 43.48 26.08
1470 149.83 202.07 56.55 137.93 24.04
1470 579.82 139.76 20.00 48.78 21.88
1470 399.25 161.37 22.47 54.79 8.01
1500 499.01 146.56 80.85 197.19 126.00
1500 131.46 203.38 63.78 155.55 35.19
1500 435.05 178.48 17.83 43.48 28.13
1500 571.32 166.39 50.80 123.90 16.77
1500 17.88 82.47 22.47 54.79 10.49
1500 504.27 247.01 63.78 155.55 5.79
1500 442.28 144.78 35.65 86.96 2.51
1530 522.72 146.56 80.85 197.19 117.36
1530 533.23 202.04 100.71 245.62 50.13
1530 137.52 209.72 45.20 110.24 47.98
1530 501.96 185.22 71.30 173.91 30.96
1530 438.53 180.22 17.83 43.48 25.41
1530 417.87 144.39 31.71 77.35 21.31
1530 399.15 159.08 25.23 61.54 17.16
1560 443.75 183.70 17.83 43.48 56.71
1560 128.69 214.13 45.20 110.24 34.76
1560 414.78 147.48 31.71 77.35 29.89
1560 565.66 253.76 45.20 110.24 29.34
1560 10.23 80.31 25.23 61.54 17.78
1560 570.37 209.27 40.00 97.56 11.79
1560 612.99 133.90 20.00 48.78 4.91
1590 448.97 183.70 17.83 43.48 85.80
1590 455.31 126.06 45.20 110.24 38.73
1590 111.21 207.59 56.55 137.93 26.18
1590 570.07 148.07 45.20 110.24 15.19
1590 97.79 178.90 45.20 110.24 10.86
1590 424.62 180.22 17.83 43.48 3.17
1620 466.36 183.70 17.83 43.48 121.79
1620 435.05 178.48 17.83 43.48 70.52
1620 450.71 181.96 17.83 43.48 63.68
1620 459.40 183.70 17.83 43.48 38.38
1620 94.66 157.93 56.55 137.93 33.00
1620 375.60 197.59 28.28 68.97 19.67
1620 601.59 139.02 40.00 97.56 19.45
1620 4.21 139.76 20.00 48.78 14.03
1650 483.75 185.43 17.83 43.48 159.08
1650 468.10 183.70 17.83 43.48 113.01
1650 452.45 181.96 17.83 43.48 110.57
1650 490.62 130.46 45.20 110.24 41.02
1650 383.15 196.96 35.65 86.96 32.84
1650 17.62 80.31 25.23 61.54 9.04
1680 495.91 186.59 20.00 48.78 163.48
1680 474.45 184.63 20.00 48.78 143.44
1680 458.84 180.73 20.00 48.78 102.91
1680 10.23 77.85 25.23 61.54 64.26
1680 377.83 205.98 50.80 123.90 34.35
1680 499.82 196.34 20.00 48.78 20.83
1710 488.11 188.54 20.00 48.78 179.74
1710 471.58 181.10 22.47 54.79 160.99
1710 511.03 187.67 22.47 54.79 156.99
1710 4.21 81.22 20.00 48.78 51.90
1710 375.86 205.32 45.20 110.24 30.45
1710 409.14 58.62 56.55 137.93 21.33
1740 495.68 183.29 22.47 54.79 223.17
1740 539.46 183.69 25.23 61.54 197.70
1740 513.22 185.48 22.47 54.79 191.46
1740 504.45 183.29 22.47 54.79 47.53
1740 372.72 200.43 35.65 86.96 38.98
1740 569.14 113.79 56.55 137.93 29.03
1740 468.60 137.80 20.00 48.78 25.98
1740 549.31 186.15 25.23 61.54 25.40
1740 4.73 78.08 22.47 54.79 25.27
1740 410.71 188.91 17.83 43.48 18.03
1740 138.79 141.38 56.55 137.93 17.78
1740 523.23 186.59 20.00 48.78 13.48
1740 199.05 205.86 28.28 68.97 5.12
1770 529.62 178.77 25.23 61.54 243.72
1770 554.23 181.23 25.23 61.54 235.44
1770 579.74 181.03 28.28 68.97 185.73
1770 564.08 183.69 25.23 61.54 62.26
1770 583.31 82.02 45.20 110.24 31.59
1770 368.41 203.23 31.71 77.35 17.29
1770 207.33 205.86 28.28 68.97 11.77
1770 431.21 53.10 56.55 137.93 8.47
