30 541.92 191.08 25.23 61.54 101.69
30 209.62 171.38 25.23 61.54 76.36
30 518.53 95.00 17.83 43.48 34.75
30 618.84 215.85 20.00 48.78 33.61
30 363.54 127.32 40.00 97.56 14.61
30 15.91 200.24 20.00 48.78 12.70
60 544.38 191.08 25.23 61.54 101.48
60 207.15 171.38 25.23 61.54 83.84
60 363.54 123.41 40.00 97.56 34.54
60 308.60 12.93 20.00 48.78 29.47
60 12.01 200.24 20.00 48.78 23.29
60 523.75 96.74 17.83 43.48 9.39
90 544.38 191.08 25.23 61.54 87.70
90 207.15 171.38 25.23 61.54 66.07
90 8.71 181.03 28.28 68.97 44.55
90 593.32 216.74 17.83 43.48 23.21
90 290.85 151.69 25.23 61.54 19.62
90 617.66 220.22 17.83 43.48 18.79
120 552.16 192.07 28.28 68.97 94.08
120 544.70 210.00 20.00 48.78 34.39
120 6.92 200.82 22.47 54.79 25.53
120 363.54 127.32 40.00 97.56 17.14
120 193.97 108.28 56.55 137.93 14.53
120 167.50 148.26 35.65 86.96 10.99
150 576.38 205.85 25.23 61.54 119.03
150 199.77 176.31 25.23 61.54 33.18
150 549.84 206.30 17.83 43.48 6.73
150 359.63 131.22 40.00 97.56 4.03
150 585.26 197.59 28.28 68.97 3.42
180 196.79 169.78 17.83 43.48 29.29
180 604.57 197.59 28.28 68.97 23.38
180 362.62 126.06 45.20 110.24 22.36
180 223.88 175.52 28.28 68.97 17.25
180 293.31 156.62 25.23 61.54 10.92
210 359.63 123.41 40.00 97.56 25.51
210 285.27 150.41 22.47 54.79 8.27
240 560.30 10.98 20.00 48.78 26.98
240 359.63 123.41 40.00 97.56 23.68
240 31.58 194.13 17.83 43.48 17.45
270 362.62 112.84 45.20 110.24 48.20
270 129.24 169.13 35.65 86.96 10.54
300 250.37 115.61 40.00 97.56 30.18
300 3.75 150.65 17.83 43.48 26.10
300 80.43 167.24 28.28 68.97 21.16
330 100.00 131.75 50.80 123.90 47.39
330 239.03 112.84 45.20 110.24 27.96
330 13.40 78.70 63.78 155.55 27.39
330 186.64 141.64 22.47 54.79 9.00
360 28.91 94.78 71.30 173.91 56.93
360 228.99 97.11 50.80 123.90 18.86
360 207.44 64.88 40.00 97.56 11.62
390 182.90 39.10 31.71 77.35 28.07
390 22.50 197.59 28.28 68.97 9.50
390 558.53 204.57 17.83 43.48 8.76
390 4.21 184.63 20.00 48.78 8.71
390 212.23 78.70 63.78 155.55 0.33
420 5.95 197.59 28.28 68.97 69.36
420 54.18 155.87 17.83 43.48 31.30
420 11.47 211.38 28.28 68.97 23.52
420 201.99 181.10 22.47 54.79 10.19
450 7.50 89.13 35.65 86.96 27.08
450 104.62 84.57 17.83 43.48 22.64
450 361.28 159.27 20.00 48.78 21.96
480 3.75 42.83 17.83 43.48 51.20
480 485.31 196.00 25.23 61.54 25.10
480 587.62 178.78 20.00 48.78 21.44
480 8.11 225.61 20.00 48.78 9.76
540 365.31 141.29 31.71 77.35 24.80
570 73.59 23.04 35.65 86.96 36.11
570 365.76 130.87 35.65 86.96 22.11
570 502.88 187.17 17.83 43.48 5.54
600 408.71 145.17 28.28 68.97 41.00
600 380.28 108.44 45.20 110.24 32.76
600 8.41 53.17 40.00 97.56 24.14
600 605.92 191.08 25.23 61.54 7.46
600 343.67 193.94 31.71 77.35 1.51
630 397.07 116.96 35.65 86.96 31.70
630 605.49 206.30 17.83 43.48 26.02
660 95.04 77.32 50.80 123.90 17.40
660 508.45 69.66 56.55 137.93 14.91
690 5.31 178.77 25.23 61.54 38.15
690 111.79 138.19 31.71 77.35 29.19
690 16.98 178.28 28.28 68.97 23.84
690 514.81 67.87 80.85 197.19 15.35
720 22.54 8.92 25.23 61.54 29.68
720 443.23 178.78 20.00 48.78 16.83
720 33.22 7.95 22.47 54.79 12.72
720 127.25 144.39 31.71 77.35 7.22
750 448.38 176.31 25.23 61.54 51.23
750 181.66 139.27 45.20 110.24 40.05
750 6.16 124.15 20.00 48.78 24.05
780 127.47 203.01 22.47 54.79 53.84
780 562.26 210.00 20.00 48.78 32.55
780 145.80 175.35 31.71 77.35 30.15
780 47.15 208.31 25.23 61.54 16.69
780 546.85 196.00 25.23 61.54 8.63
810 71.58 197.61 17.83 43.48 84.00
810 423.36 192.05 22.47 54.79 12.80
810 4.73 229.32 22.47 54.79 2.79
810 434.32 192.05 22.47 54.79 0.54
840 381.71 203.01 22.47 54.79 77.38
840 410.37 162.44 40.00 97.56 3.24
870 394.23 198.46 25.23 61.54 54.22
870 436.29 186.55 28.28 68.97 45.56
870 32.84 91.48 80.85 197.19 44.97
870 473.53 175.35 31.71 77.35 31.04
870 524.69 191.08 25.23 61.54 28.33
870 191.85 179.57 35.65 86.96 19.91
900 62.48 170.09 45.20 110.24 89.90
900 394.91 186.55 28.28 68.97 60.70
900 410.21 200.82 22.47 54.79 53.35
900 448.79 172.26 31.71 77.35 33.62
900 544.70 215.85 20.00 48.78 14.17
930 386.95 158.54 40.00 97.56 51.40
930 539.67 162.17 35.65 86.96 40.45
930 478.15 189.86 22.47 54.79 14.14
930 566.41 116.10 63.78 155.55 11.69
930 411.69 178.45 31.71 77.35 10.92
960 397.67 136.70 50.80 123.90 38.63
960 347.46 193.54 25.23 61.54 38.02
960 226.65 204.15 20.00 48.78 22.35
960 300.62 198.63 22.47 54.79 9.34
960 318.53 209.78 17.83 43.48 2.91
990 410.71 211.52 17.83 43.48 61.16
990 204.54 187.74 31.71 77.35 53.07
990 428.10 211.52 17.83 43.48 35.50
990 565.49 213.26 17.83 43.48 33.10
990 452.99 204.15 20.00 48.78 16.14
990 591.52 208.05 20.00 48.78 14.73
990 393.32 209.78 17.83 43.48 11.34
990 300.79 206.10 20.00 48.78 5.39
1020 454.04 196.44 22.47 54.79 32.83
1020 493.49 198.63 22.47 54.79 24.24
1020 138.79 163.45 56.55 137.93 21.56
1050 581.77 200.24 20.00 48.78 53.97
1050 24.45 207.40 22.47 54.79 36.66
1050 340.07 203.01 22.47 54.79 19.14
1050 588.37 106.52 35.65 86.96 17.67
1080 362.01 209.78 17.83 43.48 45.09
1080 394.45 139.76 20.00 48.78 36.02
1080 453.31 198.46 25.23 61.54 32.74
1080 368.56 194.25 22.47 54.79 20.73
1080 588.02 208.62 28.28 68.97 9.88
1110 429.71 116.10 63.78 155.55 35.92
1110 421.16 203.01 22.47 54.79 18.05
1110 243.62 124.83 56.55 137.93 15.44
1140 298.84 200.24 20.00 48.78 45.30
1140 359.63 150.73 40.00 97.56 36.54
1140 484.73 207.40 22.47 54.79 29.92
1140 558.35 130.00 20.00 48.78 17.79
1170 438.80 162.17 35.65 86.96 7.50
1200 498.26 153.68 31.71 77.35 32.80
1200 497.66 37.61 17.83 43.48 16.81
1230 585.69 135.86 56.55 137.93 25.45
1230 591.85 82.17 35.65 86.96 19.54
1230 454.18 176.74 17.83 43.48 16.55
1260 614.04 198.63 22.47 54.79 43.95
1260 584.62 18.48 17.83 43.48 33.32
1260 605.27 194.25 22.47 54.79 30.58
1290 355.43 163.17 20.00 48.78 42.43
1290 62.88 187.17 17.83 43.48 18.68
1290 308.10 171.52 17.83 43.48 2.20
1320 486.16 186.59 20.00 48.78 40.82
1320 433.32 181.96 17.83 43.48 35.44
1320 347.62 165.12 20.00 48.78 20.77
1320 378.36 153.45 28.28 68.97 20.50
1320 406.54 154.15 25.23 61.54 8.97
1350 516.74 121.86 50.80 123.90 55.99
1350 20.08 26.15 25.23 61.54 16.82
1350 401.44 159.18 22.47 54.79 2.03
1380 4.73 5.75 22.47 54.79 40.71
1380 566.16 174.88 20.00 48.78 29.78
1380 467.34 144.39 31.71 77.35 29.75
1380 440.89 174.52 22.47 54.79 28.04
1380 546.85 164.00 25.23 61.54 20.83
1380 391.77 161.54 25.23 61.54 -0.01
1410 453.31 171.38 25.23 61.54 47.88
1410 619.40 192.39 17.83 43.48 4.14
1410 497.66 49.78 17.83 43.48 2.70
1440 423.72 186.59 20.00 48.78 36.58
1470 4.73 29.86 22.47 54.79 37.39
1470 583.77 210.77 25.23 61.54 37.12
1470 13.96 174.88 20.00 48.78 25.34
1470 388.60 172.93 20.00 48.78 10.11
1470 343.72 167.07 20.00 48.78 7.72
1500 354.85 151.69 25.23 61.54 47.82
1500 391.77 159.08 25.23 61.54 40.90
1500 5.31 154.15 25.23 61.54 23.54
1500 450.85 178.77 25.23 61.54 22.10
1500 554.91 34.83 28.28 68.97 21.90
1500 5.49 13.26 17.83 43.48 12.27
1530 6.16 176.83 20.00 48.78 40.88
1530 35.33 12.61 35.65 86.96 27.36
1530 466.63 155.22 35.65 86.96 10.70
1560 43.23 18.78 20.00 48.78 30.55
1590 598.80 183.04 35.65 86.96 28.64
1650 581.74 184.65 31.71 77.35 17.08
1680 614.94 221.71 20.00 48.78 38.06
1680 561.62 181.23 25.23 61.54 27.28
1710 515.41 203.01 22.47 54.79 43.63
1740 603.08 209.59 22.47 54.79 21.04
1770 216.89 165.12 20.00 48.78 24.49
