30 443.23 5.12 20.00 48.78 30.82
30 313.77 43.01 22.47 54.79 18.38
30 458.23 11.38 25.23 61.54 17.92
30 372.08 8.92 25.23 61.54 12.69
30 35.73 166.34 40.00 97.56 7.34
60 536.89 170.98 20.00 48.78 30.07
60 317.07 103.04 35.65 86.96 22.84
60 36.00 170.09 45.20 110.24 14.77
90 313.59 103.04 35.65 86.96 51.58
90 35.50 171.34 50.80 123.90 37.68
120 39.63 174.15 40.00 97.56 40.94
120 528.56 27.67 22.47 54.79 19.64
120 320.38 100.00 25.23 61.54 18.87
120 486.38 130.34 56.55 137.93 7.31
150 39.63 170.24 40.00 97.56 40.66
150 486.38 130.34 56.55 137.93 3.48
180 539.46 6.46 25.23 61.54 38.80
180 36.00 165.69 45.20 110.24 28.79
180 378.84 321.22 20.00 48.78 16.15
180 486.38 130.34 56.55 137.93 13.14
180 125.18 147.56 20.00 48.78 10.76
210 39.63 181.95 40.00 97.56 50.36
210 462.81 10.14 22.47 54.79 24.73
210 4.73 154.79 22.47 54.79 13.39
240 28.37 183.04 35.65 86.96 59.00
270 472.50 7.07 20.00 48.78 44.57
270 492.45 190.65 17.83 43.48 43.50
270 12.01 233.41 20.00 48.78 26.36
270 528.97 20.22 17.83 43.48 15.33
300 476.79 8.04 17.83 43.48 58.62
300 552.67 141.64 22.47 54.79 35.54
300 218.84 190.49 20.00 48.78 31.89
300 313.32 9.78 17.83 43.48 15.61
300 369.09 208.05 20.00 48.78 10.19
300 573.92 6.46 25.23 61.54 7.79
330 570.37 10.24 40.00 97.56 33.30
330 604.57 7.24 28.28 68.97 11.74
360 534.94 184.63 20.00 48.78 43.22
390 474.91 186.55 28.28 68.97 8.80
420 515.73 158.54 40.00 97.56 18.79
450 25.00 196.00 25.23 61.54 43.36
450 574.46 183.04 35.65 86.96 22.96
450 606.47 221.81 31.71 77.35 19.02
450 603.46 72.92 25.23 61.54 12.19
480 614.94 231.46 20.00 48.78 29.48
480 476.71 174.15 40.00 97.56 23.12
480 131.85 178.90 22.47 54.79 13.96
480 591.52 233.41 20.00 48.78 8.69
480 4.21 48.05 20.00 48.78 3.85
510 546.64 186.55 28.28 68.97 33.46
510 547.73 11.23 31.71 77.35 26.70
510 535.60 189.31 28.28 68.97 19.80
510 600.89 207.40 22.47 54.79 19.31
510 607.13 7.07 20.00 48.78 13.92
510 351.58 6.30 17.83 43.48 10.64
510 140.79 170.98 20.00 48.78 9.67
540 179.74 164.48 28.28 68.97 17.17
570 11.47 197.59 28.28 68.97 76.87
570 421.16 183.29 22.47 54.79 62.74
570 554.91 194.83 28.28 68.97 18.17
570 77.07 162.17 35.65 86.96 14.38
570 188.84 174.52 22.47 54.79 12.72
600 440.89 91.23 22.47 54.79 36.54
600 349.38 121.65 45.20 110.24 25.21
600 436.08 181.23 25.23 61.54 19.07
600 63.05 154.63 40.00 97.56 17.33
600 469.40 7.24 28.28 68.97 14.41
630 469.38 7.95 22.47 54.79 36.15
630 280.27 162.83 17.83 43.48 32.81
630 5.49 180.22 17.83 43.48 32.77
630 536.16 40.36 89.69 218.76 31.35
630 192.38 154.15 25.23 61.54 30.28
630 404.85 84.94 63.78 155.55 24.15
630 398.53 98.48 17.83 43.48 17.21
630 514.85 205.85 25.23 61.54 8.75
630 456.89 10.98 20.00 48.78 7.23
630 7.50 214.35 35.65 86.96 4.85
660 429.93 25.48 22.47 54.79 69.05
660 392.16 139.66 28.28 68.97 59.11
660 269.57 155.37 20.00 48.78 45.00
660 445.49 37.61 17.83 43.48 28.87
660 445.18 5.12 20.00 48.78 26.39
660 4.21 178.78 20.00 48.78 20.90
660 384.70 24.63 20.00 48.78 13.17
690 261.16 146.03 22.47 54.79 59.63
690 145.00 156.99 22.47 54.79 51.14
690 400.54 123.91 35.65 86.96 41.94
690 513.72 45.29 31.71 77.35 28.27
690 248.97 159.35 17.83 43.48 15.08
690 25.58 107.01 50.80 123.90 9.92
720 526.09 42.19 31.71 77.35 53.08
720 252.40 146.03 22.47 54.79 13.57
750 538.36 37.59 28.28 68.97 70.44
750 240.43 145.17 28.28 68.97 20.35
750 394.86 43.01 22.47 54.79 19.23
780 3.75 183.70 17.83 43.48 74.24
780 160.30 186.59 20.00 48.78 68.87
780 589.57 188.54 20.00 48.78 55.52
780 17.88 176.71 22.47 54.79 42.29
780 108.02 158.97 28.28 68.97 11.96
780 226.18 138.19 31.71 77.35 7.73
810 8.41 162.44 40.00 97.56 62.11
810 457.66 141.96 17.83 43.48 45.34
810 91.47 197.59 28.28 68.97 7.42
810 164.50 111.96 50.80 123.90 1.93
840 417.87 178.45 31.71 77.35 42.93
840 516.81 113.42 31.71 77.35 39.90
840 184.45 165.75 22.47 54.79 33.48
840 539.40 168.04 17.83 43.48 22.23
840 134.04 176.71 22.47 54.79 13.54
840 433.62 178.77 25.23 61.54 5.62
870 254.59 148.22 22.47 54.79 29.35
870 400.30 170.98 20.00 48.78 18.68
870 224.62 157.61 17.83 43.48 11.73
870 88.97 20.37 45.20 110.24 11.33
870 105.55 174.52 22.47 54.79 9.79
870 497.93 141.30 35.65 86.96 6.67
870 582.07 252.20 40.00 97.56 6.62
900 420.97 178.45 31.71 77.35 58.44
900 120.27 4.57 17.83 43.48 22.28
900 74.45 190.49 20.00 48.78 17.12
900 78.35 22.68 20.00 48.78 15.46
900 222.88 138.48 17.83 43.48 7.46
930 486.21 161.28 45.20 110.24 52.05
930 189.08 125.81 31.71 77.35 50.21
930 535.24 209.27 40.00 97.56 47.05
930 42.23 18.77 25.23 61.54 37.19
930 431.21 146.90 56.55 137.93 21.52
930 475.34 202.07 56.55 137.93 20.35
930 5.49 4.57 17.83 43.48 20.31
930 128.97 152.39 17.83 43.48 18.39
930 11.30 115.34 22.47 54.79 14.43
930 232.16 123.10 28.28 68.97 11.17
930 596.29 203.10 28.28 68.97 10.92
930 608.38 252.62 25.23 61.54 9.69
930 536.89 98.78 20.00 48.78 5.55
960 152.80 103.90 40.00 97.56 25.94
960 539.46 223.08 25.23 61.54 23.63
960 38.53 157.61 17.83 43.48 20.95
960 581.24 102.06 50.80 123.90 19.56
960 61.14 159.35 17.83 43.48 18.70
960 549.31 225.54 25.23 61.54 18.64
990 8.71 134.14 28.28 68.97 71.88
990 259.82 36.34 20.00 48.78 31.11
990 389.40 131.38 28.28 68.97 5.51
990 17.88 95.62 22.47 54.79 2.11
1020 12.01 178.78 20.00 48.78 59.12
1020 408.60 144.39 31.71 77.35 48.31
1020 35.87 73.91 71.30 173.91 42.74
1020 183.72 36.34 20.00 48.78 39.11
1020 4.21 94.88 20.00 48.78 31.17
1020 139.67 127.39 35.65 86.96 26.37
1020 566.28 128.90 31.71 77.35 24.32
1020 394.23 154.15 25.23 61.54 12.19
1050 568.11 167.07 20.00 48.78 53.61
1050 447.76 97.24 56.55 137.93 33.87
1050 593.62 144.31 25.23 61.54 21.13
1050 334.52 22.91 89.69 218.76 16.50
1050 431.85 137.83 35.65 86.96 14.48
1050 494.22 48.62 28.28 68.97 10.85
1050 606.47 135.10 31.71 77.35 3.66
1050 565.82 7.95 22.47 54.79 2.38
1050 544.70 169.02 20.00 48.78 0.75
1080 433.24 121.65 45.20 110.24 30.05
1080 186.36 157.61 17.83 43.48 16.45
1080 604.57 109.31 28.28 68.97 10.90
1080 557.07 12.61 35.65 86.96 10.57
1080 205.18 165.12 20.00 48.78 7.05
1110 532.27 128.90 31.71 77.35 74.64
1110 370.75 139.45 22.47 54.79 35.09
1110 494.46 130.87 35.65 86.96 29.76
1110 153.77 143.84 22.47 54.79 28.04
1110 138.23 141.85 25.23 61.54 19.07
1110 546.95 111.71 40.00 97.56 18.12
1110 174.18 171.52 17.83 43.48 6.92
1110 522.01 166.30 17.83 43.48 5.12
1140 110.78 147.93 28.28 68.97 25.81
1140 131.85 130.68 22.47 54.79 22.47
1140 123.46 151.69 25.23 61.54 20.70
1140 597.38 137.80 20.00 48.78 19.43
1140 556.40 135.85 20.00 48.78 16.45
1140 517.10 77.61 45.20 110.24 10.97
1170 10.98 148.26 35.65 86.96 49.35
1170 123.75 176.74 17.83 43.48 44.58
1170 560.43 40.34 28.28 68.97 29.15
1170 526.09 153.68 31.71 77.35 27.05
1170 476.40 159.27 20.00 48.78 25.44
1170 22.76 121.65 45.20 110.24 14.70
1170 107.62 180.73 20.00 48.78 7.22
1200 4.73 80.27 22.47 54.79 59.78
1200 521.81 150.69 28.28 68.97 59.01
1200 541.55 147.48 31.71 77.35 58.75
1200 574.27 29.76 40.00 97.56 20.48
1200 573.96 5.12 20.00 48.78 13.45
1200 245.49 152.39 17.83 43.48 4.84
1200 501.77 147.56 20.00 48.78 4.67
1230 544.38 156.62 25.23 61.54 45.64
1230 6.67 116.52 31.71 77.35 43.14
1230 554.86 167.95 22.47 54.79 8.44
1230 42.28 9.13 35.65 86.96 5.84
1230 5.95 153.45 28.28 68.97 2.43
1290 45.49 150.65 17.83 43.48 48.96
1290 176.98 136.90 28.28 68.97 41.91
1290 508.45 42.07 56.55 137.93 40.82
1290 425.69 108.28 56.55 137.93 40.43
1290 288.97 16.74 17.83 43.48 26.82
1320 89.00 134.46 25.23 61.54 46.84
1320 425.55 146.03 22.47 54.79 33.15
1320 74.91 7.24 28.28 68.97 12.84
1320 71.58 129.78 17.83 43.48 7.43
1320 513.32 192.39 17.83 43.48 3.03
1350 453.31 139.38 25.23 61.54 75.75
1350 61.92 75.38 25.23 61.54 43.05
1350 351.58 171.52 17.83 43.48 23.60
1380 351.52 169.02 20.00 48.78 44.20
1380 37.60 156.99 22.47 54.79 39.76
1380 607.13 104.63 20.00 48.78 39.10
1380 461.14 176.74 17.83 43.48 18.81
1380 87.05 141.29 31.71 77.35 15.32
1380 523.54 115.61 40.00 97.56 7.89
1410 351.83 162.44 40.00 97.56 42.13
1410 426.23 193.54 25.23 61.54 41.66
1410 13.96 16.83 20.00 48.78 21.53
1410 607.33 170.00 28.28 68.97 18.78
1410 210.72 119.61 31.71 77.35 18.73
1410 499.82 210.00 20.00 48.78 14.65
1440 459.67 155.22 35.65 86.96 33.72
1440 160.43 112.07 28.28 68.97 32.64
1440 554.86 205.21 22.47 54.79 27.91
1440 615.92 117.61 17.83 43.48 19.19
1440 148.60 5.12 20.00 48.78 7.69
1470 549.84 6.30 17.83 43.48 55.32
1470 380.79 57.80 20.00 48.78 40.72
1470 511.78 176.29 50.80 123.90 34.84
1470 417.52 156.49 50.80 123.90 21.09
1470 484.51 166.34 40.00 97.56 7.53
1500 538.52 130.82 80.85 197.19 17.33
1530 519.77 215.69 25.23 61.54 44.75
1530 522.23 134.46 25.23 61.54 18.17
1530 513.48 206.10 20.00 48.78 12.75
1560 587.72 183.30 45.20 110.24 63.12
1560 535.34 153.51 63.78 155.55 56.38
1560 428.10 194.13 17.83 43.48 41.35
1560 565.66 244.95 45.20 110.24 38.17
1560 133.31 156.62 25.23 61.54 24.34
1560 593.78 37.56 40.00 97.56 22.39
1590 508.28 218.53 45.20 110.24 42.86
1590 92.01 169.02 20.00 48.78 41.75
1590 62.88 192.39 17.83 43.48 34.07
1590 208.56 161.37 22.47 54.79 29.42
1590 320.43 56.90 28.28 68.97 16.12
1620 66.64 10.00 28.28 68.97 33.52
1620 34.85 198.46 25.23 61.54 30.83
1620 5.49 27.17 17.83 43.48 24.77
1620 581.24 146.60 50.80 123.90 23.54
1620 122.01 4.57 17.83 43.48 18.46
1650 12.69 203.38 25.23 61.54 14.24
1650 226.65 167.07 20.00 48.78 13.84
1680 478.35 165.12 20.00 48.78 60.02
1680 495.91 165.12 20.00 48.78 41.52
1680 221.14 171.52 17.83 43.48 27.82
1680 372.84 192.07 28.28 68.97 11.73
1680 585.98 236.59 40.00 97.56 3.67
1710 173.62 147.48 31.71 77.35 22.23
1710 573.96 170.98 20.00 48.78 12.82
1740 4.21 5.12 20.00 48.78 57.09
1740 5.49 77.61 17.83 43.48 49.63
1740 557.00 150.58 31.71 77.35 47.04
1740 66.85 186.15 25.23 61.54 36.38
1740 588.69 146.77 25.23 61.54 17.48
1740 168.97 181.96 17.83 43.48 1.13
1770 600.29 138.19 31.71 77.35 60.06
1770 502.54 205.85 25.23 61.54 55.16
1770 291.11 8.13 31.71 77.35 53.66
1770 516.70 122.34 63.78 155.55 48.53
1770 273.53 12.76 28.28 68.97 38.48
1770 581.74 138.19 31.71 77.35 23.88
1800 524.18 148.22 22.47 54.79 62.66
1800 600.27 190.65 17.83 43.48 32.45
1800 35.50 136.70 50.80 123.90 18.95
1800 534.94 149.51 20.00 48.78 13.47
1800 542.88 159.35 17.83 43.48 12.25
1830 4.73 71.51 22.47 54.79 44.42
1830 562.22 52.13 80.85 197.19 39.85
1830 473.53 11.23 31.71 77.35 36.97
1830 27.46 82.77 25.23 61.54 25.68
1830 26.64 183.29 22.47 54.79 13.19
1830 442.07 156.88 45.20 110.24 5.69
