30 179.38 116.91 50.80 123.90 43.91
30 337.66 135.00 17.83 43.48 36.30
30 6.67 212.52 31.71 77.35 34.08
30 99.40 204.57 17.83 43.48 30.96
30 278.54 100.00 25.23 61.54 24.81
30 18.90 22.91 89.69 218.76 20.82
30 230.87 78.70 63.78 155.55 12.92
30 6.16 122.20 20.00 48.78 5.20
60 185.99 144.39 31.71 77.35 38.17
60 154.57 111.96 50.80 123.90 28.20
60 366.37 213.97 22.47 54.79 21.53
60 132.84 40.34 28.28 68.97 8.45
90 4.21 194.39 20.00 48.78 51.34
90 124.11 31.64 89.69 218.76 38.87
90 532.45 201.09 17.83 43.48 33.24
90 226.95 72.68 40.00 97.56 18.67
90 328.97 128.04 17.83 43.48 14.55
90 304.70 51.95 20.00 48.78 2.53
120 464.14 161.28 45.20 110.24 58.68
120 209.78 60.00 71.30 173.91 47.11
120 304.70 7.07 20.00 48.78 45.42
120 179.74 158.97 28.28 68.97 38.89
120 102.21 11.56 45.20 110.24 37.86
120 336.98 7.24 28.28 68.97 21.51
120 120.89 181.10 22.47 54.79 19.35
120 280.27 4.57 17.83 43.48 17.44
120 322.26 5.12 20.00 48.78 4.02
150 171.90 102.76 56.55 137.93 44.45
150 209.78 53.04 71.30 173.91 38.69
150 402.34 156.88 45.20 110.24 34.02
150 157.07 148.26 35.65 86.96 30.24
150 472.50 7.07 20.00 48.78 29.08
150 65.27 131.75 50.80 123.90 22.33
150 474.45 153.41 20.00 48.78 21.45
150 546.95 201.46 40.00 97.56 19.98
150 390.55 153.41 20.00 48.78 19.18
150 464.70 9.02 20.00 48.78 14.30
150 273.62 107.38 25.23 61.54 13.93
180 5.95 123.10 28.28 68.97 62.94
180 61.92 6.46 25.23 61.54 47.18
180 22.76 15.96 45.20 110.24 44.20
180 190.86 36.39 80.85 197.19 38.47
180 13.49 56.16 22.47 54.79 37.17
180 518.25 51.63 114.81 280.01 26.97
180 124.81 121.86 50.80 123.90 20.70
180 6.67 8.13 31.71 77.35 14.60
210 175.06 36.39 80.85 197.19 41.79
210 10.06 51.95 20.00 48.78 35.67
210 74.76 139.02 40.00 97.56 23.67
210 265.26 95.52 28.28 68.97 17.53
210 94.46 137.83 35.65 86.96 13.98
210 45.18 184.63 20.00 48.78 3.57
240 597.20 39.10 31.71 77.35 57.08
240 5.95 181.03 28.28 68.97 37.82
240 5.95 120.34 28.28 68.97 16.13
240 193.97 25.52 56.55 137.93 15.25
240 15.15 45.85 25.23 61.54 12.75
240 398.66 123.41 40.00 97.56 12.71
240 367.44 14.15 40.00 97.56 12.59
270 12.45 185.43 17.83 43.48 52.31
270 376.89 48.05 20.00 48.78 29.74
270 33.48 165.12 20.00 48.78 18.48
300 43.75 21.96 17.83 43.48 28.34
300 102.88 188.91 17.83 43.48 19.88
300 177.93 16.09 35.65 86.96 14.86
300 445.18 169.02 20.00 48.78 2.57
330 13.93 121.65 45.20 110.24 24.24
330 410.21 167.95 22.47 54.79 7.98
360 328.97 56.74 17.83 43.48 27.94
360 249.00 82.77 25.23 61.54 18.49
360 462.81 167.95 22.47 54.79 5.28
390 220.00 32.90 31.71 77.35 19.00
390 465.00 172.33 22.47 54.79 12.83
390 78.53 190.65 17.83 43.48 1.31
420 6.92 7.95 22.47 54.79 17.48
420 329.11 62.74 22.47 54.79 7.40
420 250.21 86.85 22.47 54.79 2.68
420 386.65 53.90 20.00 48.78 2.60
450 386.65 51.95 20.00 48.78 41.13
450 330.06 63.66 20.00 48.78 24.04
450 462.81 172.33 22.47 54.79 8.30
480 587.92 181.55 31.71 77.35 33.59
480 151.58 187.17 17.83 43.48 31.52
480 330.71 61.96 17.83 43.48 21.04
480 78.53 190.65 17.83 43.48 5.70
510 285.76 214.35 35.65 86.96 25.17
510 288.02 252.77 31.71 77.35 21.75
510 232.50 92.93 20.00 48.78 16.83
510 480.34 174.52 22.47 54.79 8.57
510 330.06 65.61 20.00 48.78 5.91
540 384.70 53.90 20.00 48.78 55.79
540 329.11 62.74 22.47 54.79 14.67
540 232.50 92.93 20.00 48.78 12.36
540 221.12 37.59 28.28 68.97 7.59
540 123.46 65.54 25.23 61.54 6.35
570 330.71 63.70 17.83 43.48 42.10
570 465.00 172.33 22.47 54.79 27.01
570 219.46 36.00 25.23 61.54 10.98
570 386.10 53.97 22.47 54.79 3.06
600 462.81 174.52 22.47 54.79 47.90
600 384.70 55.85 20.00 48.78 21.80
600 250.21 89.04 22.47 54.79 14.50
600 233.32 95.00 17.83 43.48 12.69
600 327.77 60.62 25.23 61.54 7.89
630 6.92 5.75 22.47 54.79 29.40
630 462.81 174.52 22.47 54.79 21.46
630 327.77 60.62 25.23 61.54 18.46
630 235.05 95.00 17.83 43.48 3.66
630 123.46 65.54 25.23 61.54 -0.57
660 465.00 174.52 22.47 54.79 30.26
660 8.71 7.24 28.28 68.97 19.36
660 179.82 5.12 20.00 48.78 15.84
660 410.21 174.52 22.47 54.79 10.22
660 328.97 65.43 17.83 43.48 10.22
660 448.38 166.46 25.23 61.54 10.18
690 330.06 63.66 20.00 48.78 33.02
690 8.71 7.24 28.28 68.97 28.35
690 465.00 176.71 22.47 54.79 20.39
690 123.46 65.54 25.23 61.54 16.41
720 462.81 174.52 22.47 54.79 33.39
720 330.71 63.70 17.83 43.48 25.40
720 224.62 32.39 17.83 43.48 14.34
720 232.50 92.93 20.00 48.78 11.79
720 10.23 6.46 25.23 61.54 6.85
750 328.97 65.43 17.83 43.48 32.94
750 462.81 174.52 22.47 54.79 22.89
750 241.44 181.10 22.47 54.79 12.05
780 328.97 65.43 17.83 43.48 27.02
780 231.58 96.74 17.83 43.48 22.89
780 182.88 8.04 17.83 43.48 22.39
780 7.50 9.13 35.65 86.96 21.34
780 222.88 32.39 17.83 43.48 20.17
780 381.71 53.97 22.47 54.79 12.46
780 18.90 40.36 89.69 218.76 9.50
810 222.88 32.39 17.83 43.48 41.88
810 384.70 55.85 20.00 48.78 41.78
810 8.71 7.24 28.28 68.97 27.12
810 330.71 63.70 17.83 43.48 11.87
810 85.49 199.35 17.83 43.48 8.12
810 463.15 173.85 25.23 61.54 5.13
840 330.06 63.66 20.00 48.78 33.38
840 11.47 7.24 28.28 68.97 9.11
840 475.05 74.13 17.83 43.48 7.33
840 465.00 174.52 22.47 54.79 3.66
840 386.65 55.85 20.00 48.78 1.69
870 11.30 5.75 22.47 54.79 28.61
870 332.01 65.61 20.00 48.78 19.42
870 17.04 44.26 80.85 197.19 10.45
870 216.20 57.83 35.65 86.96 3.38
900 6.16 5.12 20.00 48.78 50.29
900 4.21 198.29 20.00 48.78 39.75
900 330.71 68.91 17.83 43.48 28.44
900 388.29 51.78 22.47 54.79 19.27
900 4.21 22.68 20.00 48.78 5.95
930 417.66 208.04 17.83 43.48 17.61
930 131.85 198.63 22.47 54.79 17.20
930 389.31 45.85 25.23 61.54 16.86
960 66.85 200.92 25.23 61.54 23.20
960 511.52 44.15 20.00 48.78 20.62
960 223.09 73.16 31.71 77.35 7.64
960 94.59 198.63 22.47 54.79 6.46
990 6.16 213.90 20.00 48.78 41.41
990 34.49 193.94 31.71 77.35 31.95
990 194.26 12.99 50.80 123.90 27.76
990 12.69 193.54 25.23 61.54 26.60
990 420.00 99.34 80.85 197.19 11.67
1020 184.02 18.05 40.00 97.56 53.42
1020 4.21 213.90 20.00 48.78 30.16
1020 496.90 176.29 50.80 123.90 26.14
1050 167.77 161.54 25.23 61.54 25.77
1050 335.91 22.68 20.00 48.78 16.31
1050 10.23 220.62 25.23 61.54 13.70
1080 414.78 91.74 31.71 77.35 56.98
1080 182.50 139.66 28.28 68.97 28.56
1080 199.22 116.91 50.80 123.90 25.34
1110 42.83 32.17 71.30 173.91 26.13
1110 515.33 89.13 35.65 86.96 25.28
1110 435.33 50.87 35.65 86.96 22.99
1110 144.31 31.03 56.55 137.93 22.11
1110 572.46 135.10 31.71 77.35 13.86
1140 556.69 90.15 25.23 61.54 28.92
1140 8.41 88.29 40.00 97.56 22.03
1140 8.41 14.15 40.00 97.56 19.34
1140 468.55 20.37 45.20 110.24 17.98
1140 513.53 29.31 28.28 68.97 16.05
1170 158.53 23.70 17.83 43.48 19.07
1170 529.13 16.36 63.78 155.55 14.43
1170 6.16 145.61 20.00 48.78 9.82
1170 84.21 5.12 20.00 48.78 3.70
1170 28.02 37.59 28.28 68.97 3.54
1200 149.84 32.39 17.83 43.48 11.27
1230 199.77 146.77 25.23 61.54 22.35
1230 508.28 139.27 45.20 110.24 19.01
1260 517.38 180.73 20.00 48.78 28.06
1260 499.40 185.43 17.83 43.48 19.46
1260 257.87 40.24 20.00 48.78 18.32
1260 152.16 18.28 28.28 68.97 14.32
1260 445.92 168.92 25.23 61.54 13.08
1260 459.67 148.26 35.65 86.96 6.69
1290 54.94 7.07 20.00 48.78 15.92
1290 572.45 192.39 17.83 43.48 3.69
1320 359.48 113.79 56.55 137.93 50.55
1320 293.29 146.83 40.00 97.56 17.05
1320 351.58 192.39 17.83 43.48 10.94
1350 216.89 198.29 20.00 48.78 107.54
1350 261.94 103.64 63.78 155.55 58.02
1350 207.13 188.54 20.00 48.78 31.46
1350 241.44 187.67 22.47 54.79 21.33
1350 8.71 208.62 28.28 68.97 13.06
1380 59.46 200.92 25.23 61.54 173.53
1380 95.92 202.83 17.83 43.48 99.51
1380 49.62 198.46 25.23 61.54 73.69
1380 181.96 94.78 71.30 173.91 70.49
1380 152.16 181.03 28.28 68.97 53.72
1380 4.21 210.00 20.00 48.78 19.64
1380 587.72 134.86 45.20 110.24 16.70
1380 4.21 120.24 20.00 48.78 9.29
1380 7.50 224.78 35.65 86.96 7.93
1410 126.30 87.83 71.30 173.91 62.34
1410 66.64 181.03 28.28 68.97 22.48
1410 594.11 128.90 31.71 77.35 14.90
1410 568.01 174.52 22.47 54.79 14.46
1410 519.63 142.93 40.00 97.56 10.66
1410 587.74 172.33 22.47 54.79 4.66
1440 80.27 57.82 89.69 218.76 57.63
1440 547.73 150.58 31.71 77.35 22.13
1440 8.41 170.24 40.00 97.56 19.63
1440 573.92 159.08 25.23 61.54 10.47
1440 586.20 107.01 50.80 123.90 8.55
1470 574.27 146.83 40.00 97.56 76.36
1470 56.54 60.00 80.85 197.19 48.42
1470 570.98 64.78 35.65 86.96 33.28
1470 614.18 181.96 17.83 43.48 25.67
1500 597.68 142.93 40.00 97.56 75.73
1500 53.97 57.82 89.69 218.76 56.63
1500 593.78 53.17 40.00 97.56 47.67
1500 441.28 184.63 20.00 48.78 23.14
1500 584.89 144.78 35.65 86.96 4.42
1530 45.21 57.82 89.69 218.76 79.07
1530 612.45 192.39 17.83 43.48 72.77
1530 612.99 50.00 20.00 48.78 50.41
1530 544.64 156.77 31.71 77.35 41.25
1530 193.32 188.91 17.83 43.48 14.00
1530 505.67 182.68 20.00 48.78 9.20
1560 45.21 57.82 89.69 218.76 77.44
1560 605.76 158.70 35.65 86.96 64.41
1560 547.73 159.87 31.71 77.35 55.55
1560 476.79 194.13 17.83 43.48 19.71
1560 443.75 195.87 17.83 43.48 13.14
1560 621.14 58.48 17.83 43.48 7.27
1590 45.21 66.55 89.69 218.76 80.40
1590 605.76 162.17 35.65 86.96 43.43
1590 617.66 56.74 17.83 43.48 30.15
1590 467.19 185.48 22.47 54.79 25.00
1590 443.23 196.34 20.00 48.78 7.01
1590 561.44 183.29 22.47 54.79 5.22
1620 45.21 66.55 89.69 218.76 81.02
1620 614.04 53.97 22.47 54.79 24.39
1620 441.28 200.24 20.00 48.78 23.69
1620 588.37 165.65 35.65 86.96 15.58
1650 36.44 66.55 89.69 218.76 69.67
1650 541.55 141.65 50.80 123.90 21.12
1650 478.53 211.52 17.83 43.48 14.45
1680 27.67 66.55 89.69 218.76 42.28
1680 175.92 204.57 17.83 43.48 39.83
1680 5.49 213.26 17.83 43.48 20.48
1680 454.94 213.90 20.00 48.78 16.16
1680 497.62 203.38 25.23 61.54 15.54
1680 488.97 221.96 17.83 43.48 8.05
1680 524.69 200.92 25.23 61.54 4.74
1680 509.92 203.38 25.23 61.54 3.08
1710 21.23 45.31 100.71 245.62 29.76
1710 492.45 218.48 17.83 43.48 29.61
1710 541.14 234.13 17.83 43.48 29.37
1710 4.73 108.77 22.47 54.79 15.95
1710 149.38 189.86 22.47 54.79 11.40
1710 472.16 203.10 28.28 68.97 8.34
1710 526.37 218.36 22.47 54.79 5.32
1710 550.48 222.74 22.47 54.79 2.10
1740 499.82 219.76 20.00 48.78 74.90
1740 5.49 173.26 17.83 43.48 32.68
1740 549.84 204.57 17.83 43.48 21.45
1740 27.62 184.63 20.00 48.78 6.77
1770 22.93 20.00 56.55 137.93 26.85
1770 3.75 187.17 17.83 43.48 24.30
1770 87.23 187.17 17.83 43.48 17.81
1770 468.10 32.39 17.83 43.48 9.63
1800 37.60 178.90 22.47 54.79 17.02
1830 28.10 72.39 17.83 43.48 64.70
1830 429.57 260.73 20.00 48.78 19.67
