30 602.28 19.57 35.65 86.96 42.20
30 509.86 75.27 89.69 218.76 25.95
30 35.87 87.83 71.30 173.91 16.56
60 563.19 57.68 31.71 77.35 54.00
60 403.63 200.82 22.47 54.79 40.31
60 369.09 32.44 20.00 48.78 15.36
60 17.04 75.74 80.85 197.19 4.02
90 535.24 64.88 40.00 97.56 53.80
90 561.40 47.63 50.80 123.90 29.95
90 445.76 200.43 35.65 86.96 18.70
120 513.53 263.79 28.28 68.97 36.74
120 529.62 274.77 25.23 61.54 24.84
120 27.17 86.42 45.20 110.24 14.64
120 174.42 136.70 50.80 123.90 9.83
150 8.41 131.22 40.00 97.56 40.82
150 572.62 240.78 63.78 155.55 25.54
150 9.11 93.42 22.47 54.79 11.30
180 35.43 202.20 20.00 48.78 33.45
180 28.10 202.83 17.83 43.48 11.89
210 234.91 164.48 28.28 68.97 43.54
210 464.62 157.61 17.83 43.48 10.30
240 155.05 199.35 17.83 43.48 10.86
270 474.45 176.83 20.00 48.78 45.37
270 116.51 183.29 22.47 54.79 37.16
270 109.84 195.87 17.83 43.48 26.75
270 223.09 172.26 31.71 77.35 4.57
270 513.97 64.14 56.55 137.93 4.20
300 490.71 176.74 17.83 43.48 82.23
300 541.55 101.03 31.71 77.35 22.21
300 192.17 187.74 31.71 77.35 14.33
300 146.64 175.52 28.28 68.97 13.95
300 494.18 187.17 17.83 43.48 10.76
300 393.14 147.48 31.71 77.35 9.35
300 27.46 198.46 25.23 61.54 6.17
330 6.92 95.62 22.47 54.79 68.87
330 149.40 211.38 28.28 68.97 63.94
330 482.01 176.74 17.83 43.48 41.06
330 386.63 148.26 35.65 86.96 37.72
330 95.04 136.70 50.80 123.90 29.80
330 569.37 150.58 31.71 77.35 23.49
330 525.49 176.74 17.83 43.48 18.55
330 491.47 164.48 28.28 68.97 7.02
360 86.46 213.17 40.00 97.56 84.66
360 511.58 173.26 17.83 43.48 65.74
360 487.23 175.00 17.83 43.48 62.24
360 106.62 196.51 45.20 110.24 47.69
360 50.39 191.13 50.80 123.90 37.66
360 19.61 116.10 63.78 155.55 37.39
360 91.47 98.28 28.28 68.97 27.73
360 4.21 83.17 20.00 48.78 19.81
360 209.15 196.08 50.80 123.90 7.24
360 359.63 201.46 40.00 97.56 1.33
390 521.28 170.98 20.00 48.78 125.68
390 11.90 218.62 56.55 137.93 77.01
390 61.55 185.52 56.55 137.93 74.50
390 513.48 172.93 20.00 48.78 35.54
390 372.72 196.96 35.65 86.96 25.22
390 6.92 316.99 22.47 54.79 22.71
390 493.49 181.10 22.47 54.79 13.71
420 525.18 170.98 20.00 48.78 101.74
420 20.62 196.08 50.80 123.90 84.60
420 4.73 292.88 22.47 54.79 49.27
420 3.75 202.83 17.83 43.48 42.83
420 560.10 172.26 31.71 77.35 38.15
420 596.29 153.45 28.28 68.97 33.61
420 12.85 184.65 31.71 77.35 12.99
420 552.50 170.98 20.00 48.78 12.93
420 30.54 220.82 50.80 123.90 7.19
420 383.46 118.46 126.15 307.69 0.76
450 520.27 173.26 17.83 43.48 115.08
450 531.04 169.02 20.00 48.78 104.22
450 397.61 143.48 71.30 173.91 31.41
450 554.45 172.93 20.00 48.78 21.95
450 582.50 181.03 28.28 68.97 20.63
450 478.53 141.96 17.83 43.48 10.76
480 531.04 170.98 20.00 48.78 138.30
480 516.79 175.00 17.83 43.48 90.65
480 523.23 170.98 20.00 48.78 49.99
480 556.79 175.00 17.83 43.48 44.22
480 414.22 161.72 28.28 68.97 39.51
480 615.77 168.92 25.23 61.54 34.08
480 33.66 71.61 159.46 388.92 2.31
510 531.04 172.93 20.00 48.78 119.63
510 404.20 146.56 80.85 197.19 37.93
510 53.97 214.91 89.69 218.76 31.10
510 616.23 174.52 22.47 54.79 28.45
510 522.01 176.74 17.83 43.48 15.82
510 505.67 178.78 20.00 48.78 14.34
510 566.16 176.83 20.00 48.78 5.64
540 531.04 174.88 20.00 48.78 117.40
540 396.30 146.56 80.85 197.19 51.83
540 523.75 178.48 17.83 43.48 43.55
540 14.18 202.83 17.83 43.48 42.18
540 254.59 424.38 22.47 54.79 34.20
540 478.53 135.00 17.83 43.48 6.65
570 531.04 174.88 20.00 48.78 109.11
570 377.07 118.06 159.46 388.92 47.87
570 579.82 210.00 20.00 48.78 23.60
570 10.06 202.20 20.00 48.78 22.64
600 531.04 174.88 20.00 48.78 125.11
600 414.22 164.48 28.28 68.97 44.38
600 518.53 178.48 17.83 43.48 41.80
600 618.84 178.78 20.00 48.78 37.41
600 550.55 178.78 20.00 48.78 27.10
600 539.52 172.33 22.47 54.79 21.76
600 402.34 231.74 45.20 110.24 14.59
630 531.04 174.88 20.00 48.78 109.12
630 523.75 180.22 17.83 43.48 62.97
630 404.66 136.36 89.69 218.76 58.57
630 69.32 228.31 63.78 155.55 13.41
630 348.02 90.00 28.28 68.97 1.71
660 531.04 174.88 20.00 48.78 103.31
660 404.57 150.43 71.30 173.91 44.37
660 523.23 176.83 20.00 48.78 42.82
660 19.03 209.42 31.71 77.35 38.89
660 6.67 206.32 31.71 77.35 34.20
660 69.32 228.31 63.78 155.55 12.34
660 78.66 107.80 40.00 97.56 3.32
690 529.09 174.88 20.00 48.78 114.59
690 254.59 426.58 22.47 54.79 75.54
690 396.30 154.43 80.85 197.19 49.93
690 8.71 205.86 28.28 68.97 19.10
690 522.01 183.70 17.83 43.48 15.60
690 581.77 210.00 20.00 48.78 14.23
690 87.05 101.03 31.71 77.35 10.45
690 69.32 228.31 63.78 155.55 8.06
720 531.04 176.83 20.00 48.78 110.70
720 396.30 154.43 80.85 197.19 41.10
720 254.59 426.58 22.47 54.79 34.72
720 581.77 211.95 20.00 48.78 25.78
720 71.31 231.74 45.20 110.24 13.66
720 517.31 164.00 25.23 61.54 11.39
750 531.04 176.83 20.00 48.78 73.35
750 257.87 428.54 20.00 48.78 52.27
750 404.20 146.56 80.85 197.19 43.59
750 581.16 205.21 22.47 54.79 8.87
780 525.18 176.83 20.00 48.78 75.76
780 583.36 205.21 22.47 54.79 39.09
780 404.57 150.43 71.30 173.91 34.75
780 257.66 428.91 17.83 43.48 30.18
780 355.33 377.83 35.65 86.96 16.00
810 527.13 176.83 20.00 48.78 78.27
810 520.27 180.22 17.83 43.48 65.82
810 414.22 164.48 28.28 68.97 47.02
810 534.94 174.88 20.00 48.78 26.93
810 8.11 202.20 20.00 48.78 15.32
810 259.40 428.91 17.83 43.48 14.14
810 615.77 173.85 25.23 61.54 12.19
810 371.15 192.31 126.15 307.69 10.28
840 529.09 176.83 20.00 48.78 149.38
840 396.30 154.43 80.85 197.19 56.26
840 71.31 231.74 45.20 110.24 23.53
840 517.60 170.14 22.47 54.79 22.02
840 257.66 428.91 17.83 43.48 16.84
840 522.28 120.43 35.65 86.96 7.61
840 615.77 176.31 25.23 61.54 3.05
870 531.04 176.83 20.00 48.78 111.48
870 396.30 154.43 80.85 197.19 49.71
870 255.92 428.91 17.83 43.48 44.83
870 618.42 178.90 22.47 54.79 40.11
870 348.02 87.24 28.28 68.97 15.21
870 517.31 164.00 25.23 61.54 12.42
870 581.31 200.92 25.23 61.54 0.37
900 529.09 176.83 20.00 48.78 84.96
900 404.57 150.43 71.30 173.91 31.93
900 69.32 228.31 63.78 155.55 22.67
900 605.92 173.85 25.23 61.54 19.87
900 536.89 174.88 20.00 48.78 15.07
900 398.10 229.66 56.55 137.93 14.64
930 527.13 176.83 20.00 48.78 130.88
930 583.36 203.01 22.47 54.79 54.42
930 377.07 118.06 159.46 388.92 34.10
930 615.77 173.85 25.23 61.54 24.48
960 525.18 176.83 20.00 48.78 139.56
960 583.36 200.82 22.47 54.79 34.27
960 377.07 118.06 159.46 388.92 32.59
960 69.32 228.31 63.78 155.55 21.03
960 616.23 178.90 22.47 54.79 19.99
960 10.06 202.20 20.00 48.78 16.48
990 527.13 176.83 20.00 48.78 147.51
990 254.59 426.58 22.47 54.79 51.38
990 404.20 146.56 80.85 197.19 45.50
990 519.33 176.83 20.00 48.78 41.82
990 581.16 205.21 22.47 54.79 18.49
990 69.32 228.31 63.78 155.55 16.86
990 10.06 204.15 20.00 48.78 13.48
990 615.77 173.85 25.23 61.54 12.99
1020 525.18 176.83 20.00 48.78 152.82
1020 404.57 150.43 71.30 173.91 39.22
1020 583.36 203.01 22.47 54.79 36.02
1020 257.66 427.17 17.83 43.48 13.52
1020 398.10 229.66 56.55 137.93 11.35
1020 70.65 226.96 71.30 173.91 5.71
1050 525.18 176.83 20.00 48.78 143.37
1050 620.79 178.78 20.00 48.78 50.72
1050 377.07 118.06 159.46 388.92 36.87
1050 6.16 165.12 20.00 48.78 27.41
1050 255.91 428.54 20.00 48.78 20.36
1050 71.31 231.74 45.20 110.24 11.19
1050 583.36 205.21 22.47 54.79 9.53
1080 525.18 176.83 20.00 48.78 144.34
1080 404.57 150.43 71.30 173.91 37.17
1080 618.42 178.90 22.47 54.79 26.76
1080 71.31 231.74 45.20 110.24 18.26
1080 398.10 229.66 56.55 137.93 7.39
1110 527.13 176.83 20.00 48.78 116.00
1110 404.57 150.43 71.30 173.91 49.03
1110 618.84 178.78 20.00 48.78 35.27
1110 10.71 173.26 17.83 43.48 2.24
1140 531.04 176.83 20.00 48.78 79.36
1140 404.57 150.43 71.30 173.91 53.96
1140 257.87 428.54 20.00 48.78 50.52
1140 583.36 205.21 22.47 54.79 20.07
1140 522.01 180.22 17.83 43.48 7.86
1140 605.49 114.13 17.83 43.48 3.15
1170 530.75 176.71 22.47 54.79 89.88
1170 259.40 430.65 17.83 43.48 58.05
1170 404.20 146.56 80.85 197.19 46.10
1170 583.36 205.21 22.47 54.79 33.81
1170 517.60 170.14 22.47 54.79 4.97
1200 532.99 176.83 20.00 48.78 94.85
1200 402.64 181.24 50.80 123.90 49.98
1200 397.93 231.74 45.20 110.24 26.12
1200 519.79 170.14 22.47 54.79 20.21
1200 145.62 363.38 25.23 61.54 19.69
1200 442.61 153.68 31.71 77.35 16.08
1200 88.97 231.74 45.20 110.24 1.12
1230 529.09 176.83 20.00 48.78 134.15
1230 519.79 170.14 22.47 54.79 38.06
1230 618.42 176.71 22.47 54.79 37.33
1230 404.66 136.36 89.69 218.76 19.91
1260 529.09 178.78 20.00 48.78 101.71
1260 521.28 176.83 20.00 48.78 44.17
1260 406.46 217.07 40.00 97.56 21.10
1290 527.13 176.83 20.00 48.78 150.04
1290 517.60 167.95 22.47 54.79 22.06
1290 583.36 205.21 22.47 54.79 18.60
1290 397.67 181.24 50.80 123.90 12.78
1320 527.13 176.83 20.00 48.78 145.47
1320 517.60 170.14 22.47 54.79 30.84
1320 404.20 146.56 80.85 197.19 24.31
1320 94.66 224.14 56.55 137.93 6.02
1350 529.09 176.83 20.00 48.78 147.71
1350 521.28 174.88 20.00 48.78 54.97
1350 404.20 146.56 80.85 197.19 21.52
1350 581.16 205.21 22.47 54.79 11.67
1380 531.04 176.83 20.00 48.78 118.76
1380 619.40 185.43 17.83 43.48 17.16
1380 404.20 146.56 80.85 197.19 16.81
1380 102.21 222.94 45.20 110.24 13.21
1410 536.89 176.83 20.00 48.78 86.19
1410 372.00 121.76 145.33 354.45 36.00
1410 583.36 205.21 22.47 54.79 27.26
1410 3.75 204.57 17.83 43.48 11.79
1440 532.99 176.83 20.00 48.78 65.34
1440 397.67 181.24 50.80 123.90 20.67
1440 583.36 205.21 22.47 54.79 17.13
1440 100.17 224.14 56.55 137.93 14.66
1440 92.01 102.68 20.00 48.78 1.93
1470 530.75 172.33 22.47 54.79 114.97
1470 397.67 181.24 50.80 123.90 17.68
1470 92.01 102.68 20.00 48.78 10.99
1500 529.09 174.88 20.00 48.78 89.78
1500 372.00 121.76 145.33 354.45 37.54
1500 583.36 205.21 22.47 54.79 27.88
1500 102.21 222.94 45.20 110.24 18.34
1530 531.04 174.88 20.00 48.78 130.74
1530 372.00 121.76 145.33 354.45 37.38
1530 523.75 180.22 17.83 43.48 34.25
1560 527.13 176.83 20.00 48.78 101.51
1560 615.77 173.85 25.23 61.54 92.11
1560 372.00 121.76 145.33 354.45 39.90
1560 581.16 205.21 22.47 54.79 18.07
1560 168.11 161.22 20.00 48.78 1.98
1590 525.18 176.83 20.00 48.78 117.96
1590 372.00 121.76 145.33 354.45 38.39
1590 583.36 203.01 22.47 54.79 29.36
1590 605.92 171.38 25.23 61.54 13.66
1590 102.21 222.94 45.20 110.24 7.14
1620 525.18 176.83 20.00 48.78 126.24
1620 404.20 146.56 80.85 197.19 22.89
1650 525.18 176.83 20.00 48.78 129.42
1650 377.07 118.06 159.46 388.92 37.59
1650 581.16 203.01 22.47 54.79 23.35
1650 523.00 128.90 31.71 77.35 2.68
1680 529.09 176.83 20.00 48.78 155.54
1680 536.89 176.83 20.00 48.78 20.90
1680 517.60 167.95 22.47 54.79 20.01
1680 386.22 135.88 145.33 354.45 18.01
1680 25.22 206.32 31.71 77.35 16.38
1680 581.16 205.21 22.47 54.79 16.24
1680 168.11 161.22 20.00 48.78 9.60
1710 531.04 176.83 20.00 48.78 83.22
1710 556.40 178.78 20.00 48.78 35.12
1710 396.69 235.38 25.23 61.54 18.32
1710 585.55 205.21 22.47 54.79 13.23
1740 529.09 176.83 20.00 48.78 156.31
1740 521.28 176.83 20.00 48.78 46.47
1740 615.77 173.85 25.23 61.54 19.48
1740 392.59 224.14 56.55 137.93 17.98
1740 556.79 181.96 17.83 43.48 15.75
1740 390.65 136.52 71.30 173.91 12.33
1740 578.97 203.01 22.47 54.79 3.68
1770 531.04 176.83 20.00 48.78 136.69
1770 583.36 203.01 22.47 54.79 35.70
1770 372.00 121.76 145.33 354.45 35.18
1770 523.75 178.48 17.83 43.48 21.88
1770 556.79 181.96 17.83 43.48 20.47
1800 531.04 176.83 20.00 48.78 158.33
1800 538.84 176.83 20.00 48.78 75.24
1800 523.75 180.22 17.83 43.48 38.66
1800 31.40 169.16 31.71 77.35 19.10
1800 404.20 146.56 80.85 197.19 16.49
1830 531.04 176.83 20.00 48.78 139.94
1830 416.38 168.92 25.23 61.54 63.38
1830 523.23 178.78 20.00 48.78 57.32
1830 12.01 280.24 20.00 48.78 36.75
1830 7.50 200.43 35.65 86.96 33.86
