30 51.04 9.02 20.00 48.78 65.27
30 46.86 26.71 31.71 77.35 59.21
30 7.50 134.35 35.65 86.96 55.09
30 518.80 9.13 35.65 86.96 49.79
30 24.45 205.21 22.47 54.79 38.75
30 315.46 176.31 25.23 61.54 35.05
30 3.75 61.96 17.83 43.48 31.36
30 397.05 189.86 22.47 54.79 23.79
30 101.41 26.52 35.65 86.96 23.62
30 452.84 167.24 28.28 68.97 7.68
60 115.33 155.22 35.65 86.96 82.41
60 52.45 213.26 17.83 43.48 31.21
60 279.05 170.00 28.28 68.97 6.81
90 574.48 218.53 45.20 110.24 40.33
90 559.25 238.08 22.47 54.79 37.84
90 85.49 61.96 17.83 43.48 21.36
90 167.50 148.26 35.65 86.96 15.61
90 203.23 172.93 20.00 48.78 13.14
90 143.88 167.24 28.28 68.97 8.90
90 112.12 183.29 22.47 54.79 1.17
120 212.95 165.75 22.47 54.79 43.05
120 158.15 170.14 22.47 54.79 34.94
120 237.05 82.47 22.47 54.79 24.76
120 222.74 172.93 20.00 48.78 15.92
120 91.46 55.69 25.23 61.54 13.35
120 109.93 183.29 22.47 54.79 13.30
120 168.71 158.97 28.28 68.97 5.65
150 512.38 223.08 25.23 61.54 30.98
150 170.23 164.00 25.23 61.54 30.68
150 87.05 36.00 31.71 77.35 19.44
150 116.51 178.90 22.47 54.79 14.65
180 24.89 54.35 35.65 86.96 64.64
180 149.40 153.45 28.28 68.97 51.63
180 81.62 28.62 25.23 61.54 41.40
180 235.05 8.04 17.83 43.48 34.07
180 88.71 170.00 28.28 68.97 20.76
180 357.31 181.23 25.23 61.54 20.62
180 181.66 126.06 45.20 110.24 17.14
180 71.77 31.08 25.23 61.54 6.17
210 81.62 6.46 25.23 61.54 49.01
210 71.77 8.92 25.23 61.54 47.39
210 139.67 144.78 35.65 86.96 46.30
210 399.25 200.82 22.47 54.79 44.06
210 93.92 6.46 25.23 61.54 40.85
210 177.24 117.25 45.20 110.24 36.55
210 246.16 65.61 20.00 48.78 22.86
210 261.77 5.12 20.00 48.78 12.69
210 61.92 13.85 25.23 61.54 12.59
240 450.85 228.00 25.23 61.54 57.93
240 410.37 193.66 40.00 97.56 49.93
240 154.57 111.96 50.80 123.90 32.54
240 209.09 30.49 20.00 48.78 22.94
240 370.09 147.93 28.28 68.97 20.79
240 249.00 65.54 25.23 61.54 20.75
240 398.66 205.37 40.00 97.56 18.85
240 106.62 134.86 45.20 110.24 14.72
240 425.98 193.66 40.00 97.56 14.69
240 563.19 116.52 31.71 77.35 14.58
270 383.86 141.29 31.71 77.35 56.18
270 3.75 194.13 17.83 43.48 41.30
270 390.05 156.77 31.71 77.35 30.93
270 118.80 134.35 35.65 86.96 23.48
270 536.74 199.13 71.30 173.91 18.21
270 83.62 97.24 56.55 137.93 10.91
270 427.62 167.07 20.00 48.78 9.02
270 239.15 43.38 25.23 61.54 8.97
300 557.67 178.28 28.28 68.97 103.66
300 442.07 121.65 45.20 110.24 71.87
300 98.85 132.00 25.23 61.54 47.79
300 38.80 148.26 35.65 86.96 41.74
300 405.49 164.57 17.83 43.48 21.75
300 355.41 194.25 22.47 54.79 16.62
300 424.41 130.46 45.20 110.24 16.57
300 218.84 172.93 20.00 48.78 10.55
330 442.07 82.02 45.20 110.24 83.54
330 60.79 141.71 20.00 48.78 59.21
330 9.76 94.84 31.71 77.35 55.62
330 560.54 172.61 35.65 86.96 37.24
330 6.67 147.48 31.71 77.35 35.20
330 272.12 154.79 22.47 54.79 25.80
330 143.88 84.94 63.78 155.55 23.05
330 24.02 135.12 40.00 97.56 11.89
360 414.27 193.66 40.00 97.56 50.76
360 529.13 16.36 63.78 155.55 43.05
360 530.62 75.74 80.85 197.19 35.74
360 454.04 75.89 22.47 54.79 28.27
360 382.79 191.13 50.80 123.90 26.88
360 442.07 161.28 45.20 110.24 25.98
360 226.95 123.41 40.00 97.56 23.13
360 477.07 82.17 35.65 86.96 17.64
360 4.21 131.95 20.00 48.78 16.85
360 87.05 153.68 31.71 77.35 14.34
360 126.30 73.91 71.30 173.91 9.91
390 191.03 165.75 22.47 54.79 46.90
390 278.54 151.69 25.23 61.54 42.61
390 279.33 34.39 20.00 48.78 41.49
390 493.49 62.74 22.47 54.79 40.04
390 22.76 130.46 45.20 110.24 35.22
390 543.05 209.27 40.00 97.56 35.13
390 556.83 15.96 45.20 110.24 32.71
390 392.16 67.93 28.28 68.97 31.50
390 130.09 139.66 28.28 68.97 29.49
390 482.53 23.29 22.47 54.79 26.05
390 442.01 48.04 17.83 43.48 25.87
390 6.67 122.71 31.71 77.35 23.90
390 591.01 8.13 31.71 77.35 23.08
390 587.92 66.97 31.71 77.35 16.92
390 507.93 57.07 40.00 97.56 12.40
390 116.29 134.14 28.28 68.97 11.80
390 500.07 53.97 22.47 54.79 5.75
390 527.15 6.46 25.23 61.54 4.99
420 90.98 123.91 35.65 86.96 74.00
420 552.59 14.48 56.55 137.93 40.78
420 445.49 185.85 40.00 97.56 35.37
420 413.42 22.91 89.69 218.76 32.05
420 208.14 112.84 45.20 110.24 31.09
420 366.37 7.95 22.47 54.79 30.21
420 184.45 163.56 22.47 54.79 26.41
420 534.18 6.30 17.83 43.48 23.41
420 563.19 293.03 31.71 77.35 17.62
420 142.81 163.56 22.47 54.79 17.10
420 603.38 42.19 31.71 77.35 16.97
420 490.62 218.53 45.20 110.24 16.63
420 62.32 153.68 31.71 77.35 9.36
450 552.16 32.07 28.28 68.97 35.26
450 39.63 115.61 40.00 97.56 35.22
450 250.21 167.95 22.47 54.79 25.93
450 8.11 100.73 20.00 48.78 25.08
450 377.66 30.65 17.83 43.48 19.32
450 6.92 18.90 22.47 54.79 15.42
480 447.33 158.97 28.28 68.97 47.24
480 297.29 54.58 31.71 77.35 17.51
480 353.32 185.43 17.83 43.48 8.71
480 291.11 29.81 31.71 77.35 7.77
480 462.81 172.33 22.47 54.79 5.61
480 132.72 151.74 35.65 86.96 2.75
510 541.55 108.28 56.55 137.93 55.70
510 370.09 167.24 28.28 68.97 50.80
510 523.54 146.83 40.00 97.56 23.32
510 35.41 183.29 22.47 54.79 12.69
510 585.55 32.05 22.47 54.79 9.02
540 298.36 12.76 28.28 68.97 28.57
540 10.06 170.98 20.00 48.78 19.31
540 43.23 5.12 20.00 48.78 19.09
540 230.21 99.63 45.20 110.24 17.62
540 101.41 144.78 35.65 86.96 16.19
540 24.21 196.74 114.81 280.01 3.73
540 390.85 158.54 40.00 97.56 3.16
570 501.86 62.47 50.80 123.90 69.33
570 523.38 231.43 100.71 245.62 58.62
570 394.23 166.46 25.23 61.54 29.70
570 234.76 111.71 40.00 97.56 18.44
600 583.31 15.96 45.20 110.24 61.95
600 113.62 36.00 25.23 61.54 18.93
600 546.64 7.24 28.28 68.97 13.41
600 422.48 201.03 50.80 123.90 10.94
600 473.32 265.43 17.83 43.48 10.72
600 513.48 196.34 20.00 48.78 9.05
600 512.38 112.31 25.23 61.54 2.95
630 571.32 230.72 50.80 123.90 28.01
630 460.79 137.80 20.00 48.78 20.13
630 202.28 116.96 35.65 86.96 16.36
630 3.75 195.87 17.83 43.48 7.24
660 305.00 10.24 40.00 97.56 40.02
660 110.78 150.69 28.28 68.97 36.08
660 194.26 111.96 50.80 123.90 28.66
660 294.94 7.07 20.00 48.78 24.61
660 396.69 186.15 25.23 61.54 24.56
660 570.07 275.78 45.20 110.24 12.23
660 553.91 101.03 31.71 77.35 7.61
660 519.48 108.28 56.55 137.93 1.27
690 466.63 148.26 35.65 86.96 39.99
690 433.78 174.15 40.00 97.56 30.83
690 552.41 112.84 45.20 110.24 22.97
690 576.98 324.48 28.28 68.97 5.15
720 169.11 148.22 22.47 54.79 65.08
720 556.83 121.65 45.20 110.24 46.19
720 543.15 144.78 35.65 86.96 19.90
720 219.46 164.00 25.23 61.54 6.18
750 151.58 190.65 17.83 43.48 21.61
750 405.51 172.26 31.71 77.35 12.33
780 244.02 127.39 35.65 86.96 21.94
780 92.45 159.35 17.83 43.48 17.53
780 142.81 176.71 22.47 54.79 12.38
780 331.30 56.16 22.47 54.79 11.05
810 233.59 123.91 35.65 86.96 36.24
810 585.55 132.88 22.47 54.79 22.50
840 68.60 182.68 20.00 48.78 51.38
840 129.77 116.91 50.80 123.90 27.01
870 600.89 141.64 22.47 54.79 53.03
870 78.35 169.02 20.00 48.78 29.71
870 268.69 164.00 25.23 61.54 29.09
870 171.47 161.72 28.28 68.97 23.37
870 502.50 158.97 28.28 68.97 19.83
870 240.54 137.83 35.65 86.96 16.48
870 94.66 102.76 56.55 137.93 7.94
870 57.66 188.91 17.83 43.48 6.11
900 598.80 304.78 35.65 86.96 29.35
900 408.60 156.77 31.71 77.35 29.27
900 158.53 183.70 17.83 43.48 19.66
900 50.09 84.48 28.28 68.97 10.03
900 165.49 176.74 17.83 43.48 8.45
930 351.58 188.91 17.83 43.48 54.16
930 52.45 201.09 17.83 43.48 29.47
930 437.36 121.86 50.80 123.90 27.81
930 109.84 187.17 17.83 43.48 22.22
930 116.08 159.08 25.23 61.54 16.26
930 250.92 153.68 31.71 77.35 5.11
930 372.08 164.00 25.23 61.54 3.19
960 52.95 167.95 22.47 54.79 42.67
960 88.15 36.39 80.85 197.19 28.37
990 569.14 202.07 56.55 137.93 38.51
990 279.33 153.41 20.00 48.78 37.57
990 141.14 155.87 17.83 43.48 6.64
990 12.85 153.68 31.71 77.35 6.52
990 472.80 119.51 40.00 97.56 5.54
990 53.66 117.25 45.20 110.24 1.02
1020 7.50 148.26 35.65 86.96 68.40
1020 90.21 139.45 22.47 54.79 60.44
1020 285.18 153.41 20.00 48.78 43.83
1020 438.54 134.46 25.23 61.54 12.08
1020 408.01 181.10 22.47 54.79 7.28
1020 44.18 152.60 22.47 54.79 6.36
1050 47.33 131.38 28.28 68.97 58.63
1050 287.47 152.60 22.47 54.79 47.14
1050 476.62 218.71 31.71 77.35 35.47
1050 495.17 116.52 31.71 77.35 29.22
1050 597.38 30.49 20.00 48.78 25.35
1050 488.71 241.72 28.28 68.97 18.24
1050 70.11 123.91 35.65 86.96 16.67
1050 462.88 237.61 17.83 43.48 11.03
1050 5.31 124.62 25.23 61.54 7.75
1050 56.14 138.19 31.71 77.35 0.05
1080 5.31 156.62 25.23 61.54 49.78
1080 289.66 154.79 22.47 54.79 39.37
1080 603.38 178.45 31.71 77.35 29.18
1080 460.69 196.00 25.23 61.54 17.30
1080 346.76 147.48 31.71 77.35 9.17
1110 278.70 156.99 22.47 54.79 79.67
1110 477.67 203.10 28.28 68.97 38.90
1110 6.92 174.52 22.47 54.79 34.77
1110 571.46 255.08 25.23 61.54 7.66
1140 280.89 156.99 22.47 54.79 63.20
1140 404.21 92.93 20.00 48.78 53.52
1140 560.10 258.97 31.71 77.35 22.65
1140 507.93 201.46 40.00 97.56 14.60
1140 47.23 199.35 17.83 43.48 1.79
1170 278.54 154.15 25.23 61.54 52.59
1170 289.66 154.79 22.47 54.79 37.76
1170 448.79 181.55 31.71 77.35 29.74
1170 486.38 163.45 56.55 137.93 26.00
1170 600.27 61.96 17.83 43.48 12.77
1170 566.36 196.08 50.80 123.90 4.34
1200 507.54 197.03 31.71 77.35 34.98
1200 266.23 154.15 25.23 61.54 21.35
1230 268.69 149.23 25.23 61.54 59.21
1230 146.64 67.93 28.28 68.97 29.99
1230 258.85 151.69 25.23 61.54 27.10
1230 499.82 186.59 20.00 48.78 23.02
1230 4.21 178.78 20.00 48.78 20.99
1230 368.97 187.17 17.83 43.48 11.00
1230 27.67 49.09 89.69 218.76 7.28
1260 261.31 149.23 25.23 61.54 57.39
1260 271.15 146.77 25.23 61.54 25.60
1260 226.95 119.51 40.00 97.56 16.11
1260 399.15 6.46 25.23 61.54 14.14
1260 508.02 12.76 28.28 68.97 9.27
1290 262.50 145.17 28.28 68.97 66.48
1290 273.62 141.85 25.23 61.54 30.68
1290 508.91 136.52 71.30 173.91 2.58
1320 254.22 142.41 28.28 68.97 45.25
1320 455.31 161.28 45.20 110.24 27.19
1320 609.66 295.07 22.47 54.79 21.35
1320 433.33 181.55 31.71 77.35 11.58
1320 334.46 127.39 35.65 86.96 10.78
1350 445.49 185.43 17.83 43.48 71.65
1350 512.69 139.27 45.20 110.24 65.60
1350 455.92 185.43 17.83 43.48 46.30
1350 235.46 138.19 31.71 77.35 45.91
1350 377.66 176.74 17.83 43.48 10.79
1350 566.41 197.14 63.78 155.55 6.87
1380 195.27 138.19 31.71 77.35 103.75
1380 436.43 159.87 31.71 77.35 34.68
1380 368.97 176.74 17.83 43.48 33.64
1380 3.75 88.04 17.83 43.48 16.75
1380 324.21 169.02 20.00 48.78 14.80
1380 476.40 198.29 20.00 48.78 8.82
1380 85.49 171.52 17.83 43.48 2.01
1380 4.73 196.44 22.47 54.79 0.18
1410 372.99 176.83 20.00 48.78 62.13
1410 201.45 138.19 31.71 77.35 60.05
1410 483.19 183.79 28.28 68.97 26.70
1410 335.92 164.57 17.83 43.48 22.11
1410 543.59 11.56 45.20 110.24 16.75
1410 394.76 135.12 40.00 97.56 9.14
1440 223.09 135.10 31.71 77.35 65.26
1440 541.92 95.08 25.23 61.54 62.55
1440 423.50 97.40 63.78 155.55 59.33
1440 276.08 65.54 25.23 61.54 38.78
1440 501.86 107.01 50.80 123.90 30.78
1440 539.46 164.00 25.23 61.54 9.20
1470 571.32 107.01 50.80 123.90 78.52
1470 529.78 101.74 71.30 173.91 56.38
1470 591.16 111.96 50.80 123.90 46.54
1470 390.65 25.22 71.30 173.91 32.87
1470 226.18 128.90 31.71 77.35 28.22
1470 371.34 135.12 40.00 97.56 13.74
1470 5.49 173.26 17.83 43.48 11.51
1470 610.85 85.23 25.23 61.54 8.94
1500 439.35 46.09 71.30 173.91 59.27
1500 387.07 69.66 56.55 137.93 51.51
1500 226.18 122.71 31.71 77.35 40.60
1500 529.78 73.91 71.30 173.91 27.69
1500 616.23 115.34 22.47 54.79 8.23
1500 3.75 42.83 17.83 43.48 7.37
1500 415.59 104.04 45.20 110.24 5.44
1530 524.18 150.41 22.47 54.79 110.04
1530 467.34 132.00 31.71 77.35 66.09
1530 72.35 44.26 80.85 197.19 31.43
1530 502.26 150.41 22.47 54.79 31.01
1530 525.00 42.07 56.55 137.93 24.22
1530 449.09 155.37 20.00 48.78 23.72
1530 43.23 59.76 20.00 48.78 21.44
1530 258.85 132.00 25.23 61.54 18.44
1530 588.37 61.30 35.65 86.96 10.40
1530 521.81 7.24 28.28 68.97 7.18
1560 13.96 51.95 20.00 48.78 88.25
1560 526.09 147.48 31.71 77.35 48.53
1560 65.41 26.71 31.71 77.35 45.58
1560 508.84 150.41 22.47 54.79 42.69
1560 541.92 151.69 25.23 61.54 35.86
1560 588.37 130.87 35.65 86.96 32.34
1560 237.07 116.96 35.65 86.96 20.27
1560 87.05 29.81 31.71 77.35 3.06
1590 443.75 171.52 17.83 43.48 102.23
1590 49.95 14.32 31.71 77.35 65.97
1590 569.37 138.19 31.71 77.35 50.42
1590 246.46 111.71 40.00 97.56 36.43
1590 15.68 56.16 22.47 54.79 36.31
1590 71.59 14.32 31.71 77.35 27.45
1590 467.41 20.66 80.85 197.19 18.27
1590 106.60 60.00 63.78 155.55 13.78
1620 517.38 174.88 20.00 48.78 142.85
1620 269.88 115.61 40.00 97.56 50.79
1620 432.12 23.29 22.47 54.79 35.52
1620 113.32 81.09 17.83 43.48 26.20
1620 413.92 181.23 25.23 61.54 23.89
1620 586.20 97.11 50.80 123.90 23.71
1620 491.47 161.72 28.28 68.97 21.50
1620 461.14 197.61 17.83 43.48 16.99
1650 252.28 112.84 45.20 110.24 53.86
1650 601.59 162.44 40.00 97.56 43.07
1650 458.36 197.59 28.28 68.97 39.37
1650 565.49 4.57 17.83 43.48 38.62
1650 482.26 5.12 20.00 48.78 34.91
1650 612.99 63.66 20.00 48.78 27.30
1650 6.16 30.49 20.00 48.78 23.29
1650 552.59 163.45 56.55 137.93 22.73
1650 290.09 139.66 28.28 68.97 16.18
1650 8.71 45.86 28.28 68.97 11.48
1680 498.26 101.03 31.71 77.35 44.42
1680 239.03 108.44 45.20 110.24 34.76
1680 276.29 136.90 28.28 68.97 34.07
1680 64.38 53.23 25.23 61.54 31.96
1680 342.26 80.27 22.47 54.79 31.83
1680 544.62 145.43 17.83 43.48 20.04
1680 291.85 152.60 22.47 54.79 18.18
1680 78.35 69.51 20.00 48.78 11.87
1680 406.54 178.77 25.23 61.54 3.79
1710 353.48 7.07 20.00 48.78 21.31
1710 254.01 132.00 31.71 77.35 20.94
1710 285.92 151.69 25.23 61.54 19.42
1710 221.38 104.04 45.20 110.24 16.68
1710 327.50 19.57 35.65 86.96 15.22
1710 394.86 183.29 22.47 54.79 13.96
1710 51.04 77.32 20.00 48.78 7.69
1740 440.89 139.45 22.47 54.79 25.20
1740 595.33 263.04 35.65 86.96 13.48
1740 237.07 130.87 35.65 86.96 11.45
1740 177.41 91.72 56.55 137.93 11.39
1740 410.98 172.61 35.65 86.96 9.70
1770 6.16 44.15 20.00 48.78 45.88
1770 450.09 197.59 28.28 68.97 36.90
1770 464.31 119.31 56.55 137.93 32.06
1770 129.66 86.85 22.47 54.79 25.41
1770 431.52 223.66 20.00 48.78 16.98
1770 605.49 261.96 17.83 43.48 11.74
1800 447.76 135.86 56.55 137.93 56.69
1800 25.00 63.08 25.23 61.54 43.15
1800 381.14 181.96 17.83 43.48 22.21
1800 276.51 154.79 22.47 54.79 15.90
1800 177.88 75.89 22.47 54.79 15.67
1800 539.15 10.24 40.00 97.56 9.65
1830 20.07 110.96 22.47 54.79 15.29
1830 166.92 69.32 22.47 54.79 12.60
1830 475.46 127.08 25.23 61.54 10.70
1830 400.27 199.35 17.83 43.48 10.44
1830 608.97 188.91 17.83 43.48 8.43
1830 470.54 112.31 25.23 61.54 3.59
1830 440.89 207.40 22.47 54.79 3.51
