30 41.28 190.49 20.00 48.78 155.51
30 9.11 5.75 22.47 54.79 90.59
30 477.38 156.88 45.20 110.24 89.81
30 33.48 190.49 20.00 48.78 80.01
30 418.97 174.52 22.47 54.79 55.02
30 29.57 9.02 20.00 48.78 39.29
30 14.22 156.21 28.28 68.97 0.98
60 479.71 175.35 31.71 77.35 71.94
60 12.69 122.15 25.23 61.54 33.30
60 179.74 136.90 28.28 68.97 19.59
60 193.48 188.54 20.00 48.78 3.67
90 473.59 162.17 35.65 86.96 68.11
90 502.88 169.78 17.83 43.48 35.32
90 170.71 164.57 17.83 43.48 28.82
90 518.53 169.78 17.83 43.48 16.72
120 551.77 38.46 25.23 61.54 44.88
120 132.72 134.35 35.65 86.96 44.01
120 495.15 146.77 25.23 61.54 35.75
120 557.05 7.95 22.47 54.79 29.81
120 411.47 145.17 28.28 68.97 28.67
120 459.67 144.78 35.65 86.96 18.13
120 254.59 156.99 22.47 54.79 9.91
150 441.59 135.12 40.00 97.56 37.16
150 83.62 86.21 56.55 137.93 34.95
150 519.90 200.13 31.71 77.35 33.49
150 585.98 197.56 40.00 97.56 18.33
150 50.09 12.76 28.28 68.97 9.82
150 480.34 156.99 22.47 54.79 2.50
180 24.21 51.63 114.81 280.01 61.81
180 553.91 193.94 31.71 77.35 61.45
180 8.41 80.49 40.00 97.56 37.28
180 464.70 9.02 20.00 48.78 36.94
180 6.92 281.92 22.47 54.79 33.37
180 418.85 159.08 25.23 61.54 32.29
180 530.34 108.44 45.20 110.24 21.85
180 544.64 203.23 31.71 77.35 17.41
180 499.82 9.02 20.00 48.78 11.13
210 504.89 190.00 35.65 86.96 83.48
210 380.77 135.10 31.71 77.35 54.48
210 27.46 92.62 25.23 61.54 47.10
210 165.31 164.00 25.23 61.54 43.37
210 422.88 176.74 17.83 43.48 39.14
210 496.22 150.73 40.00 97.56 36.41
210 501.77 5.12 20.00 48.78 34.71
210 572.01 165.12 20.00 48.78 28.96
210 570.06 7.07 20.00 48.78 23.77
240 417.87 150.58 31.71 77.35 73.45
240 234.91 134.14 28.28 68.97 25.01
240 8.41 111.71 40.00 97.56 18.07
240 491.94 151.55 50.80 123.90 18.05
240 93.96 5.12 20.00 48.78 3.42
240 149.38 148.22 22.47 54.79 3.09
270 468.55 143.67 45.20 110.24 100.43
270 374.59 141.29 31.71 77.35 34.95
270 4.73 181.10 22.47 54.79 30.29
270 158.15 143.84 22.47 54.79 19.63
270 202.28 120.43 35.65 86.96 10.09
300 458.36 164.48 28.28 68.97 71.16
300 469.40 167.24 28.28 68.97 55.13
300 390.85 123.41 40.00 97.56 40.71
300 190.78 139.66 28.28 68.97 39.45
300 339.82 176.83 20.00 48.78 32.52
300 107.74 156.99 22.47 54.79 17.99
330 566.41 153.51 63.78 155.55 100.27
330 37.31 159.08 25.23 61.54 52.68
330 561.40 111.96 50.80 123.90 44.48
330 402.01 145.43 17.83 43.48 18.84
330 433.32 192.39 17.83 43.48 17.15
330 443.75 187.17 17.83 43.48 16.95
330 61.92 159.08 25.23 61.54 12.26
330 121.28 40.24 20.00 48.78 9.02
330 204.54 128.90 31.71 77.35 3.25
360 511.83 174.15 40.00 97.56 77.35
360 19.03 144.39 31.71 77.35 46.61
360 472.80 37.56 40.00 97.56 31.98
360 486.21 165.69 45.20 110.24 24.73
360 74.69 159.87 31.71 77.35 8.46
360 495.00 25.22 71.30 173.91 7.94
390 7.50 162.17 35.65 86.96 18.11
390 71.58 48.04 17.83 43.48 15.07
390 129.39 123.41 40.00 97.56 5.98
420 560.19 28.83 63.78 155.55 28.99
420 554.86 5.75 22.47 54.79 26.68
420 199.05 170.00 28.28 68.97 22.61
420 342.26 183.29 22.47 54.79 21.74
420 234.23 156.62 25.23 61.54 11.61
450 592.14 15.96 45.20 110.24 32.04
450 515.41 5.75 22.47 54.79 19.00
450 407.50 123.91 35.65 86.96 15.31
450 22.13 153.68 31.71 77.35 6.61
480 410.37 139.02 40.00 97.56 52.36
480 140.79 120.24 20.00 48.78 19.73
480 4.21 71.46 20.00 48.78 16.71
510 406.76 139.27 45.20 110.24 42.82
510 605.49 9.78 17.83 43.48 6.63
510 176.22 174.15 40.00 97.56 1.70
540 11.47 156.21 28.28 68.97 39.26
540 8.71 211.38 28.28 68.97 33.85
540 393.14 8.13 31.71 77.35 31.19
570 9.52 15.96 45.20 110.24 54.26
570 256.69 134.86 45.20 110.24 27.09
600 511.78 37.73 50.80 123.90 40.17
600 530.52 113.79 56.55 137.93 22.45
600 550.65 60.00 71.30 173.91 13.21
630 138.23 191.08 25.23 61.54 132.47
630 328.21 200.13 31.71 77.35 97.50
630 310.11 196.96 35.65 86.96 44.30
630 114.88 27.84 50.80 123.90 42.21
630 158.15 58.36 22.47 54.79 40.29
630 165.31 196.00 25.23 61.54 29.27
630 109.88 127.32 40.00 97.56 29.14
630 198.36 39.10 31.71 77.35 26.37
630 340.55 165.69 45.20 110.24 26.06
630 287.59 183.30 45.20 110.24 23.11
630 192.38 68.00 25.23 61.54 22.47
630 176.71 8.13 31.71 77.35 20.10
660 55.24 197.56 40.00 97.56 133.72
660 537.33 62.74 22.47 54.79 72.79
660 537.00 173.85 25.23 61.54 34.85
660 466.99 203.38 63.78 155.55 32.30
660 432.39 206.09 71.30 173.91 21.52
660 47.33 236.21 28.28 68.97 14.18
660 605.27 67.12 22.47 54.79 1.18
660 300.79 190.49 20.00 48.78 0.64
690 592.12 16.71 22.47 54.79 51.17
690 566.28 8.13 31.71 77.35 45.27
690 175.91 192.44 20.00 48.78 42.61
690 516.74 32.78 50.80 123.90 39.66
690 597.20 339.48 31.71 77.35 39.45
690 605.49 9.78 17.83 43.48 20.85
690 376.89 167.07 20.00 48.78 19.14
690 401.62 164.00 25.23 61.54 15.84
720 5.31 223.08 25.23 61.54 80.05
720 376.89 165.12 20.00 48.78 30.32
720 537.33 38.63 22.47 54.79 29.28
720 232.50 30.49 20.00 48.78 24.12
720 405.51 150.58 31.71 77.35 17.17
720 384.70 32.44 20.00 48.78 11.42
720 424.41 126.06 45.20 110.24 11.36
720 345.67 9.02 20.00 48.78 9.43
750 143.88 158.97 28.28 68.97 86.42
750 189.84 183.70 17.83 43.48 59.16
750 277.68 115.61 40.00 97.56 47.82
750 357.31 11.38 25.23 61.54 37.23
750 166.92 165.75 22.47 54.79 28.19
750 138.42 5.75 22.47 54.79 14.48
750 62.32 8.13 31.71 77.35 13.20
750 378.84 161.22 20.00 48.78 0.87
780 148.89 162.97 31.71 77.35 65.31
780 124.15 159.87 31.71 77.35 52.47
780 240.27 169.78 17.83 43.48 45.85
780 182.50 164.48 28.28 68.97 36.84
780 516.74 146.60 50.80 123.90 29.15
780 480.27 75.87 17.83 43.48 16.97
780 83.75 192.39 17.83 43.48 13.09
780 28.45 97.24 56.55 137.93 7.36
780 618.84 55.85 20.00 48.78 5.97
810 97.93 148.26 35.65 86.96 101.10
810 581.16 7.95 22.47 54.79 96.70
810 176.71 156.77 31.71 77.35 62.66
810 5.49 35.87 17.83 43.48 31.81
810 12.01 28.54 20.00 48.78 29.18
810 572.40 10.14 22.47 54.79 28.32
810 140.62 139.45 22.47 54.79 15.26
810 19.82 26.59 20.00 48.78 10.96
840 33.53 161.72 28.28 68.97 149.77
840 4.21 180.73 20.00 48.78 80.84
840 182.90 135.10 31.71 77.35 40.30
840 137.52 104.04 45.20 110.24 36.83
840 236.40 169.02 20.00 48.78 8.82
870 119.86 104.04 45.20 110.24 34.82
870 164.51 139.02 40.00 97.56 12.85
870 219.46 168.92 25.23 61.54 7.47
870 510.49 91.17 63.78 155.55 4.82
900 90.08 107.01 50.80 123.90 64.17
900 150.11 148.26 35.65 86.96 31.74
900 443.23 161.22 20.00 48.78 8.49
900 292.45 16.74 17.83 43.48 8.23
900 204.54 169.16 31.71 77.35 5.29
930 75.19 111.96 50.80 123.90 76.57
930 141.93 148.07 45.20 110.24 41.96
930 3.75 28.91 17.83 43.48 26.07
930 291.04 16.83 20.00 48.78 18.73
930 334.40 132.00 31.71 77.35 17.58
930 31.83 154.63 40.00 97.56 13.54
930 529.78 94.78 71.30 173.91 5.02
960 56.03 119.31 56.55 137.93 86.44
960 181.41 186.52 35.65 86.96 23.50
960 129.39 166.34 40.00 97.56 8.17
960 272.12 10.14 22.47 54.79 0.29
990 28.45 119.31 56.55 137.93 109.08
990 3.75 23.70 17.83 43.48 32.55
990 221.14 181.96 17.83 43.48 14.19
990 104.89 196.96 35.65 86.96 9.48
990 438.54 178.77 25.23 61.54 8.35
990 111.79 169.16 31.71 77.35 5.61
990 12.69 112.31 25.23 61.54 2.00
990 154.57 146.60 50.80 123.90 1.93
1020 109.92 161.44 50.80 123.90 48.87
1020 129.77 186.19 50.80 123.90 24.70
1020 318.48 130.46 45.20 110.24 4.05
1020 7.50 85.65 35.65 86.96 1.95
1050 50.68 147.27 63.78 155.55 51.28
1050 431.15 178.77 25.23 61.54 37.66
1050 4.73 80.27 22.47 54.79 35.40
1050 142.74 5.12 20.00 48.78 35.01
1050 182.50 167.24 28.28 68.97 33.38
1050 19.61 153.51 63.78 155.55 28.67
1050 317.67 161.72 28.28 68.97 27.48
1050 441.00 178.77 25.23 61.54 17.43
1050 570.07 11.56 45.20 110.24 7.59
1080 460.69 173.85 25.23 61.54 28.90
1080 614.18 204.57 17.83 43.48 26.66
1080 454.04 185.48 22.47 54.79 24.12
1080 12.69 146.77 25.23 61.54 18.71
1080 433.53 164.48 28.28 68.97 9.67
1080 22.76 99.63 45.20 110.24 9.35
1080 287.23 34.13 17.83 43.48 1.25
1080 4.73 154.79 22.47 54.79 0.41
1110 160.54 158.70 35.65 86.96 50.18
1110 4.21 145.61 20.00 48.78 44.92
1110 138.36 164.48 28.28 68.97 43.34
1110 486.21 139.27 45.20 110.24 26.57
1110 211.04 176.83 20.00 48.78 10.05
1110 426.36 199.35 17.83 43.48 8.14
1110 443.23 176.83 20.00 48.78 6.97
1140 140.62 181.10 22.47 54.79 16.54
1140 93.92 176.31 25.23 61.54 14.83
1140 83.63 181.10 22.47 54.79 14.28
1140 488.99 8.13 31.71 77.35 9.09
1140 578.83 103.64 63.78 155.55 7.70
1170 3.75 105.43 17.83 43.48 31.96
1170 524.57 7.24 28.28 68.97 9.95
1170 191.03 165.75 22.47 54.79 7.24
1170 287.13 178.78 20.00 48.78 5.34
1200 535.14 5.75 22.47 54.79 60.45
1200 429.88 146.83 40.00 97.56 40.79
1200 521.81 15.52 28.28 68.97 38.34
1200 586.23 215.69 25.23 61.54 8.98
1230 125.27 170.14 22.47 54.79 25.90
1230 591.58 6.30 17.83 43.48 8.85
1260 454.98 125.81 31.71 77.35 54.01
1260 230.55 9.02 20.00 48.78 28.10
1260 486.16 161.22 20.00 48.78 27.95
1290 10.23 161.54 25.23 61.54 42.62
1290 529.62 159.08 25.23 61.54 35.48
1290 473.59 134.35 35.65 86.96 28.21
1290 439.05 139.66 28.28 68.97 15.10
1290 492.08 138.19 31.71 77.35 14.20
1320 590.78 147.93 28.28 68.97 17.53
1320 482.80 141.29 31.71 77.35 15.21
1320 510.63 141.29 31.71 77.35 4.09
1350 293.29 127.32 40.00 97.56 11.00
1380 74.86 196.44 22.47 54.79 11.45
1380 278.76 126.06 45.20 110.24 9.98
1380 567.50 169.13 35.65 86.96 3.37
1410 558.53 194.13 17.83 43.48 30.69
1410 173.96 7.07 20.00 48.78 29.34
1410 269.93 134.86 45.20 110.24 13.25
1410 309.83 113.79 56.55 137.93 8.33
1440 550.82 203.23 31.71 77.35 68.91
1440 611.04 192.44 20.00 48.78 43.13
1440 13.40 116.10 63.78 155.55 20.46
1470 392.67 178.90 22.47 54.79 17.79
1470 49.09 221.71 20.00 48.78 16.91
1470 529.18 187.74 31.71 77.35 14.38
1500 541.92 183.69 25.23 61.54 53.26
1500 433.48 5.12 20.00 48.78 25.27
1500 589.88 14.15 40.00 97.56 18.35
1530 203.23 198.29 20.00 48.78 38.98
1530 232.67 165.75 22.47 54.79 38.49
1530 477.38 130.46 45.20 110.24 18.62
1530 592.14 134.86 45.20 110.24 5.47
1560 501.77 118.29 20.00 48.78 51.60
1560 596.55 134.86 45.20 110.24 30.75
1560 214.54 159.08 25.23 61.54 23.46
1560 271.52 34.39 20.00 48.78 20.69
1590 448.97 176.74 17.83 43.48 53.43
1590 573.92 166.46 25.23 61.54 41.81
1590 8.41 205.37 40.00 97.56 33.54
1590 180.08 156.62 25.23 61.54 32.08
1590 4.21 26.59 20.00 48.78 24.05
1590 144.70 28.54 20.00 48.78 17.72
1590 499.82 92.93 20.00 48.78 12.25
1590 245.95 37.59 28.28 68.97 11.87
1590 153.32 27.17 17.83 43.48 11.66
1590 602.01 166.30 17.83 43.48 5.39
1620 470.55 169.02 20.00 48.78 117.58
1620 133.10 130.46 45.20 110.24 62.93
1620 4.21 20.73 20.00 48.78 24.26
1620 615.92 164.57 17.83 43.48 23.90
1620 55.60 32.07 28.28 68.97 15.33
1620 593.78 10.24 40.00 97.56 12.25
1620 34.85 16.31 25.23 61.54 11.37
1620 588.37 280.43 35.65 86.96 9.65
1650 477.67 158.97 28.28 68.97 120.67
1650 586.20 22.89 50.80 123.90 66.20
1650 95.04 121.86 50.80 123.90 41.09
1650 138.36 142.41 28.28 68.97 17.43
1680 463.15 155.22 35.65 86.96 168.41
1680 119.05 134.14 28.28 68.97 72.57
1680 117.38 170.98 20.00 48.78 54.33
1680 501.14 178.48 17.83 43.48 36.22
1680 589.93 32.05 22.47 54.79 35.66
1680 66.90 108.44 45.20 110.24 20.98
1680 538.36 7.24 28.28 68.97 16.95
1710 99.82 176.83 20.00 48.78 137.35
1710 478.53 166.30 17.83 43.48 84.47
1710 422.07 154.63 40.00 97.56 71.56
1710 442.61 172.26 31.71 77.35 58.86
1710 35.50 111.96 50.80 123.90 41.78
1710 532.45 190.65 17.83 43.48 30.29
1710 497.88 154.79 22.47 54.79 23.75
1710 528.97 4.57 17.83 43.48 18.78
1710 116.79 175.00 17.83 43.48 15.66
1740 359.63 158.54 40.00 97.56 183.22
1740 72.50 180.73 20.00 48.78 133.05
1740 488.97 169.78 17.83 43.48 113.44
1740 105.67 176.83 20.00 48.78 88.93
1740 581.31 8.92 25.23 61.54 79.54
1740 505.67 161.22 20.00 48.78 43.37
1740 19.61 97.40 63.78 155.55 23.45
1740 423.72 135.85 20.00 48.78 10.57
1770 285.49 166.34 40.00 97.56 157.59
1770 84.21 184.63 20.00 48.78 121.52
1770 495.92 173.26 17.83 43.48 104.71
1770 504.45 165.75 22.47 54.79 55.66
1770 13.40 103.64 63.78 155.55 39.50
1770 148.08 139.38 25.23 61.54 25.50
1770 138.23 134.46 25.23 61.54 23.24
1770 109.57 130.00 20.00 48.78 13.00
1800 199.31 170.09 45.20 110.24 174.59
1800 497.87 176.83 20.00 48.78 126.10
1800 44.69 183.69 25.23 61.54 96.48
1800 506.64 170.14 22.47 54.79 57.15
1800 115.33 134.35 35.65 86.96 40.64
1800 593.53 7.24 28.28 68.97 33.85
1800 84.02 137.83 35.65 86.96 17.23
1800 103.36 126.30 22.47 54.79 14.67
1830 497.87 184.63 20.00 48.78 140.34
1830 66.65 194.39 20.00 48.78 123.47
1830 95.04 176.29 50.80 123.90 103.41
1830 82.26 133.90 20.00 48.78 50.19
1830 129.09 149.51 20.00 48.78 31.22
1830 507.46 171.38 25.23 61.54 30.41
1830 276.79 183.70 17.83 43.48 23.63
1830 68.10 136.74 17.83 43.48 16.55
