30 416.78 229.32 22.47 54.79 59.97
30 328.71 76.21 28.28 68.97 40.66
30 614.18 84.57 17.83 43.48 36.73
30 589.84 145.43 17.83 43.48 7.63
30 289.09 87.07 20.00 48.78 2.39
60 154.45 231.46 20.00 48.78 44.44
60 412.01 75.37 20.00 48.78 43.91
60 417.93 200.43 35.65 86.96 41.03
60 340.08 65.54 25.23 61.54 36.04
60 462.17 176.29 50.80 123.90 27.97
60 332.01 87.07 20.00 48.78 26.39
60 8.41 220.98 40.00 97.56 14.11
60 283.75 82.83 17.83 43.48 11.41
90 282.01 88.04 17.83 43.48 46.61
90 331.30 63.87 31.71 77.35 46.29
90 423.36 235.89 22.47 54.79 45.39
90 4.21 295.85 20.00 48.78 31.71
90 47.23 295.00 17.83 43.48 24.10
90 229.28 51.48 31.71 77.35 20.01
90 290.85 65.54 25.23 61.54 16.39
90 412.01 77.32 20.00 48.78 15.62
90 589.84 148.91 17.83 43.48 13.76
90 53.97 118.91 89.69 218.76 11.12
120 334.22 70.69 28.28 68.97 50.16
120 417.87 212.52 31.71 77.35 44.09
120 3.75 298.48 17.83 43.48 40.18
120 282.01 89.78 17.83 43.48 18.65
120 53.97 118.91 89.69 218.76 18.03
120 328.11 94.88 20.00 48.78 17.63
120 149.38 235.89 22.47 54.79 6.76
120 7.50 228.26 35.65 86.96 4.54
150 146.63 207.39 35.65 86.96 59.55
150 44.18 284.11 22.47 54.79 42.07
150 334.22 67.93 28.28 68.97 40.14
150 417.93 207.39 35.65 86.96 26.67
150 283.75 93.26 17.83 43.48 20.59
150 43.77 237.29 31.71 77.35 12.53
180 328.11 96.83 20.00 48.78 62.17
180 417.93 207.39 35.65 86.96 49.53
180 84.55 214.13 45.20 110.24 27.81
180 340.07 80.27 22.47 54.79 25.06
180 8.97 303.70 17.83 43.48 7.67
180 44.57 241.72 28.28 68.97 7.44
180 149.40 214.14 28.28 68.97 4.46
210 146.63 207.39 35.65 86.96 54.18
210 417.93 207.39 35.65 86.96 53.93
210 397.05 86.85 22.47 54.79 48.08
210 282.01 95.00 17.83 43.48 45.45
210 47.23 300.22 17.83 43.48 43.70
210 4.21 301.71 20.00 48.78 36.85
210 328.97 98.48 17.83 43.48 36.16
210 340.08 77.85 25.23 61.54 31.78
210 98.85 228.00 25.23 61.54 25.70
240 45.49 300.22 17.83 43.48 49.80
240 417.93 207.39 35.65 86.96 46.16
240 334.22 73.45 28.28 68.97 43.14
240 326.16 96.83 20.00 48.78 41.39
240 106.58 127.64 89.69 218.76 21.34
240 282.01 91.52 17.83 43.48 13.76
240 394.86 89.04 22.47 54.79 12.62
240 8.41 228.78 40.00 97.56 11.32
240 45.76 231.74 35.65 86.96 5.10
270 47.23 300.22 17.83 43.48 55.64
270 146.63 207.39 35.65 86.96 52.38
270 282.01 91.52 17.83 43.48 48.37
270 417.87 215.61 31.71 77.35 48.11
270 334.22 76.21 28.28 68.97 47.69
270 326.16 96.83 20.00 48.78 28.51
270 43.77 234.19 31.71 77.35 18.31
300 47.13 286.10 20.00 48.78 43.65
300 329.11 91.23 22.47 54.79 42.09
300 148.89 212.52 31.71 77.35 40.36
300 282.01 91.52 17.83 43.48 31.39
300 43.77 237.29 31.71 77.35 23.72
300 335.15 72.92 25.23 61.54 14.39
300 412.01 81.22 20.00 48.78 13.74
300 7.50 231.74 35.65 86.96 7.30
330 334.22 70.69 28.28 68.97 49.24
330 417.87 215.61 31.71 77.35 48.95
330 328.11 96.83 20.00 48.78 47.79
330 47.23 300.22 17.83 43.48 37.55
330 614.18 89.78 17.83 43.48 20.79
330 7.50 231.74 35.65 86.96 14.34
330 283.75 89.78 17.83 43.48 12.62
330 26.36 88.04 17.83 43.48 10.65
330 229.28 57.68 31.71 77.35 4.18
360 331.47 76.21 28.28 68.97 53.46
360 414.27 232.68 40.00 97.56 45.15
360 283.23 85.12 20.00 48.78 45.05
360 46.37 286.30 22.47 54.79 34.36
360 4.21 301.71 20.00 48.78 25.07
360 29.92 85.23 25.23 61.54 22.04
360 143.15 210.87 35.65 86.96 21.58
360 84.55 218.53 45.20 110.24 19.46
360 43.77 234.19 31.71 77.35 7.81
390 282.01 91.52 17.83 43.48 46.13
390 340.07 82.47 22.47 54.79 42.84
390 326.16 96.83 20.00 48.78 38.44
390 44.18 286.30 22.47 54.79 35.61
390 417.93 210.87 35.65 86.96 34.88
390 84.55 214.13 45.20 110.24 25.69
390 103.95 178.03 80.85 197.19 21.10
420 417.93 207.39 35.65 86.96 48.42
420 337.62 72.92 25.23 61.54 44.48
420 47.23 300.22 17.83 43.48 37.69
420 329.11 91.23 22.47 54.79 37.44
420 150.11 210.87 35.65 86.96 32.73
420 282.01 93.26 17.83 43.48 32.04
420 589.57 155.37 20.00 48.78 18.35
420 229.28 51.48 31.71 77.35 16.50
450 399.25 89.04 22.47 54.79 69.20
450 285.49 88.04 17.83 43.48 64.58
450 334.22 76.21 28.28 68.97 60.27
450 45.49 300.22 17.83 43.48 57.37
450 417.93 207.39 35.65 86.96 51.50
450 148.89 212.52 31.71 77.35 49.39
450 326.16 96.83 20.00 48.78 30.94
450 93.96 270.49 20.00 48.78 16.18
450 102.07 201.46 40.00 97.56 4.90
480 417.87 215.61 31.71 77.35 69.03
480 334.22 73.45 28.28 68.97 59.13
480 3.75 301.96 17.83 43.48 50.09
480 328.11 96.83 20.00 48.78 42.75
480 394.86 89.04 22.47 54.79 24.38
480 8.41 228.78 40.00 97.56 23.68
480 282.01 91.52 17.83 43.48 22.87
480 44.18 281.92 22.47 54.79 19.66
480 106.58 127.64 89.69 218.76 13.35
480 43.77 237.29 31.71 77.35 8.04
480 78.10 229.66 56.55 137.93 6.60
510 283.75 89.78 17.83 43.48 51.76
510 47.23 300.22 17.83 43.48 50.61
510 331.30 70.06 31.71 77.35 40.13
510 423.72 243.17 20.00 48.78 38.92
510 26.64 84.66 22.47 54.79 26.58
510 43.77 237.29 31.71 77.35 23.82
510 106.58 127.64 89.69 218.76 20.87
510 612.45 91.52 17.83 43.48 20.34
510 8.41 228.78 40.00 97.56 10.09
540 282.01 91.52 17.83 43.48 49.78
540 417.93 210.87 35.65 86.96 43.09
540 331.47 76.21 28.28 68.97 38.59
540 27.46 82.77 25.23 61.54 28.26
540 45.18 286.10 20.00 48.78 18.93
540 43.77 234.19 31.71 77.35 16.25
540 150.11 210.87 35.65 86.96 14.66
570 146.63 207.39 35.65 86.96 56.74
570 417.87 215.61 31.71 77.35 49.80
570 334.22 73.45 28.28 68.97 44.50
570 328.11 96.83 20.00 48.78 42.23
570 283.75 93.26 17.83 43.48 28.30
570 46.37 284.11 22.47 54.79 25.59
570 25.00 85.23 25.23 61.54 12.50
570 410.21 80.27 22.47 54.79 5.12
600 334.22 73.45 28.28 68.97 59.05
600 417.93 207.39 35.65 86.96 42.68
600 328.11 96.83 20.00 48.78 33.83
600 282.01 93.26 17.83 43.48 31.33
600 43.77 237.29 31.71 77.35 29.06
600 47.13 286.10 20.00 48.78 19.05
600 28.84 86.85 22.47 54.79 16.80
600 129.09 196.34 20.00 48.78 12.51
600 144.65 196.08 50.80 123.90 3.07
600 116.79 199.35 17.83 43.48 1.39
630 417.93 207.39 35.65 86.96 51.09
630 129.09 196.34 20.00 48.78 48.39
630 335.15 72.92 25.23 61.54 47.79
630 148.89 212.52 31.71 77.35 47.63
630 47.23 300.22 17.83 43.48 42.91
630 399.15 85.23 25.23 61.54 42.01
630 614.18 91.52 17.83 43.48 41.02
630 282.01 91.52 17.83 43.48 37.93
630 232.37 54.58 31.71 77.35 22.89
630 27.46 82.77 25.23 61.54 10.25
630 326.92 95.62 22.47 54.79 8.13
630 75.53 172.21 63.78 155.55 3.92
630 8.41 228.78 40.00 97.56 1.34
660 6.16 297.80 20.00 48.78 51.06
660 283.75 89.78 17.83 43.48 47.31
660 417.87 215.61 31.71 77.35 37.11
660 331.30 70.06 31.71 77.35 33.16
660 45.76 245.65 35.65 86.96 22.83
660 591.58 154.13 17.83 43.48 22.83
660 397.05 91.23 22.47 54.79 14.94
660 229.28 57.68 31.71 77.35 13.35
660 148.08 237.85 25.23 61.54 12.79
660 8.41 228.78 40.00 97.56 1.98
690 334.22 73.45 28.28 68.97 46.52
690 283.75 89.78 17.83 43.48 43.45
690 419.74 214.14 28.28 68.97 24.22
690 47.23 300.22 17.83 43.48 22.28
690 84.55 214.13 45.20 110.24 18.90
690 26.64 89.04 22.47 54.79 18.63
690 148.89 212.52 31.71 77.35 15.97
720 283.75 89.78 17.83 43.48 57.60
720 423.72 243.17 20.00 48.78 47.52
720 331.47 76.21 28.28 68.97 45.16
720 47.23 300.22 17.83 43.48 32.71
750 334.22 70.69 28.28 68.97 35.32
750 421.77 243.17 20.00 48.78 28.11
750 282.01 89.78 17.83 43.48 26.87
750 46.37 284.11 22.47 54.79 19.37
750 150.11 210.87 35.65 86.96 19.35
750 43.77 234.19 31.71 77.35 9.97
780 283.75 89.78 17.83 43.48 68.64
780 334.22 70.69 28.28 68.97 46.03
780 425.55 240.27 22.47 54.79 43.37
780 47.23 300.22 17.83 43.48 41.18
780 328.11 96.83 20.00 48.78 37.68
780 3.75 301.96 17.83 43.48 36.13
780 397.05 86.85 22.47 54.79 24.68
780 26.64 89.04 22.47 54.79 17.22
780 290.85 70.46 25.23 61.54 10.45
780 43.77 237.29 31.71 77.35 9.28
810 283.75 89.78 17.83 43.48 55.66
810 337.62 72.92 25.23 61.54 54.20
810 328.11 96.83 20.00 48.78 48.11
810 417.93 207.39 35.65 86.96 43.26
810 53.97 118.91 89.69 218.76 25.56
810 40.68 237.29 31.71 77.35 5.86
840 614.18 91.52 17.83 43.48 50.71
840 47.23 300.22 17.83 43.48 37.97
840 335.15 72.92 25.23 61.54 34.78
840 417.93 207.39 35.65 86.96 31.58
840 285.49 89.78 17.83 43.48 30.44
840 43.77 237.29 31.71 77.35 29.03
840 27.62 89.02 20.00 48.78 18.64
840 479.71 181.55 31.71 77.35 18.48
840 84.55 214.13 45.20 110.24 16.33
840 7.50 231.74 35.65 86.96 2.05
870 285.49 88.04 17.83 43.48 51.75
870 331.47 73.45 28.28 68.97 44.78
870 44.18 235.89 22.47 54.79 38.24
870 421.31 237.85 25.23 61.54 34.60
870 150.11 210.87 35.65 86.96 17.02
870 53.97 118.91 89.69 218.76 15.80
870 394.86 89.04 22.47 54.79 7.25
870 3.75 301.96 17.83 43.48 6.84
900 331.47 73.45 28.28 68.97 39.05
900 285.49 95.00 17.83 43.48 29.93
900 53.97 118.91 89.69 218.76 28.43
900 47.23 300.22 17.83 43.48 26.48
900 44.69 235.38 25.23 61.54 20.02
900 412.56 225.77 50.80 123.90 15.26
900 26.36 88.04 17.83 43.48 13.99
900 615.92 89.78 17.83 43.48 7.28
930 283.75 89.78 17.83 43.48 53.57
930 334.22 70.69 28.28 68.97 52.00
930 132.45 197.61 17.83 43.48 33.88
930 53.97 118.91 89.69 218.76 28.79
930 417.93 207.39 35.65 86.96 28.40
930 479.71 178.45 31.71 77.35 15.38
930 3.75 301.96 17.83 43.48 12.90
960 3.75 301.96 17.83 43.48 56.16
960 331.47 76.21 28.28 68.97 50.89
960 47.23 300.22 17.83 43.48 37.38
960 417.87 215.61 31.71 77.35 24.23
960 232.37 54.58 31.71 77.35 23.89
960 282.01 91.52 17.83 43.48 20.00
960 8.41 228.78 40.00 97.56 7.56
990 331.47 78.97 28.28 68.97 51.74
990 414.27 232.68 40.00 97.56 42.12
990 282.01 91.52 17.83 43.48 39.63
990 47.13 284.15 20.00 48.78 33.33
990 84.55 214.13 45.20 110.24 18.01
990 42.23 235.38 25.23 61.54 17.84
1020 335.15 72.92 25.23 61.54 46.08
1020 283.75 89.78 17.83 43.48 42.47
1020 417.93 207.39 35.65 86.96 42.22
1020 328.11 96.83 20.00 48.78 35.56
1020 396.69 87.69 25.23 61.54 35.39
1020 47.23 300.22 17.83 43.48 32.81
1020 232.37 54.58 31.71 77.35 29.87
1020 43.77 237.29 31.71 77.35 23.52
1050 283.75 89.78 17.83 43.48 46.19
1050 337.62 72.92 25.23 61.54 45.30
1050 232.37 54.58 31.71 77.35 35.09
1050 47.23 300.22 17.83 43.48 33.43
1050 3.75 300.22 17.83 43.48 31.55
1050 414.27 232.68 40.00 97.56 29.87
1050 6.16 73.41 20.00 48.78 29.49
1050 394.86 89.04 22.47 54.79 25.21
1050 328.11 96.83 20.00 48.78 24.01
1050 482.80 181.55 31.71 77.35 16.22
1050 93.96 270.49 20.00 48.78 5.44
1080 334.22 78.97 28.28 68.97 42.49
1080 45.49 300.22 17.83 43.48 38.90
1080 283.75 89.78 17.83 43.48 28.86
1080 324.73 93.42 22.47 54.79 17.70
1080 43.77 234.19 31.71 77.35 16.68
1080 93.96 270.49 20.00 48.78 13.26
1080 141.93 196.51 45.20 110.24 13.23
1080 50.71 181.96 17.83 43.48 3.69
1110 334.22 70.69 28.28 68.97 55.38
1110 417.93 207.39 35.65 86.96 45.36
1110 47.23 300.22 17.83 43.48 31.81
1110 53.97 118.91 89.69 218.76 23.79
1110 401.44 93.42 22.47 54.79 20.37
1110 282.01 89.78 17.83 43.48 19.70
1110 106.58 127.64 89.69 218.76 18.14
1140 335.15 72.92 25.23 61.54 49.54
1140 84.55 227.34 45.20 110.24 39.54
1140 47.23 300.22 17.83 43.48 37.93
1140 129.09 196.34 20.00 48.78 34.65
1140 421.77 243.17 20.00 48.78 31.38
1140 399.25 93.42 22.47 54.79 27.29
1140 282.01 91.52 17.83 43.48 22.30
1140 482.80 181.55 31.71 77.35 18.07
1140 328.97 98.48 17.83 43.48 18.07
1140 615.92 91.52 17.83 43.48 13.79
1170 331.30 70.06 31.71 77.35 44.87
1170 399.25 89.04 22.47 54.79 37.07
1170 287.13 92.93 20.00 48.78 36.19
1170 417.87 215.61 31.71 77.35 32.92
1170 3.75 301.96 17.83 43.48 20.02
1170 47.23 300.22 17.83 43.48 19.56
1170 479.71 181.55 31.71 77.35 14.61
1170 98.85 225.54 25.23 61.54 11.73
1170 127.23 197.61 17.83 43.48 6.65
1200 337.62 72.92 25.23 61.54 65.83
1200 328.11 96.83 20.00 48.78 52.35
1200 3.75 301.96 17.83 43.48 43.84
1200 42.23 282.15 25.23 61.54 40.24
1200 417.93 207.39 35.65 86.96 31.68
1200 232.37 54.58 31.71 77.35 28.77
1200 23.72 89.02 20.00 48.78 27.81
1200 287.13 92.93 20.00 48.78 16.40
1200 413.96 83.17 20.00 48.78 10.97
1200 600.27 141.96 17.83 43.48 9.71
1200 45.18 237.32 20.00 48.78 0.68
1230 328.11 96.83 20.00 48.78 52.71
1230 146.63 207.39 35.65 86.96 43.21
1230 414.27 232.68 40.00 97.56 40.89
1230 332.69 72.92 25.23 61.54 40.50
1230 615.92 91.52 17.83 43.48 39.42
1230 399.15 87.69 25.23 61.54 33.69
1230 43.77 237.29 31.71 77.35 23.32
1230 131.04 196.34 20.00 48.78 18.37
1230 282.01 93.26 17.83 43.48 8.78
1230 462.17 186.19 50.80 123.90 7.21
1260 334.22 73.45 28.28 68.97 51.49
1260 232.37 54.58 31.71 77.35 41.52
1260 3.75 301.96 17.83 43.48 38.46
1260 326.16 96.83 20.00 48.78 38.42
1260 43.77 237.29 31.71 77.35 30.02
1260 414.27 232.68 40.00 97.56 29.90
1260 283.75 88.04 17.83 43.48 23.79
1260 46.37 284.11 22.47 54.79 18.56
1260 84.55 214.13 45.20 110.24 15.24
1290 282.01 89.78 17.83 43.48 53.33
1290 614.18 91.52 17.83 43.48 47.23
1290 331.47 76.21 28.28 68.97 37.00
1290 48.56 284.11 22.47 54.79 21.19
1290 597.38 139.76 20.00 48.78 17.15
1290 464.31 185.52 56.55 137.93 11.17
1320 327.77 90.15 25.23 61.54 52.34
1320 282.01 93.26 17.83 43.48 51.34
1320 290.71 93.26 17.83 43.48 25.95
1320 332.69 77.85 25.23 61.54 25.85
1320 399.15 87.69 25.23 61.54 22.51
1320 101.41 179.57 35.65 86.96 13.34
1320 108.10 263.70 17.83 43.48 6.35
1320 23.72 87.07 20.00 48.78 6.10
1320 480.86 257.24 56.55 137.93 3.40
1350 320.30 120.24 20.00 48.78 36.20
1350 334.22 90.00 28.28 68.97 24.49
1350 535.14 207.40 22.47 54.79 15.73
1350 437.68 252.20 40.00 97.56 13.39
1350 386.64 222.41 28.28 68.97 11.67
1350 414.27 224.88 40.00 97.56 10.63
1350 285.92 102.46 25.23 61.54 5.76
1380 17.41 218.62 56.55 137.93 92.05
1380 300.69 127.08 25.23 61.54 54.18
1410 22.54 100.00 25.23 61.54 49.47
1410 82.26 280.24 20.00 48.78 44.63
1410 421.77 89.02 20.00 48.78 42.90
1410 449.66 224.93 22.47 54.79 39.44
1410 204.54 128.90 31.71 77.35 31.71
1410 88.71 255.52 28.28 68.97 7.26
1410 287.59 86.42 45.20 110.24 4.31
1440 35.41 91.23 22.47 54.79 45.04
1440 138.42 275.34 22.47 54.79 40.66
1440 518.80 169.13 35.65 86.96 36.03
1440 306.63 103.04 35.65 86.96 18.35
1440 145.80 237.29 31.71 77.35 17.08
1440 535.24 158.54 40.00 97.56 16.41
1440 14.22 92.76 28.28 68.97 16.28
1470 9.76 88.65 31.71 77.35 86.01
1470 153.59 217.83 35.65 86.96 52.56
1470 15.15 156.62 25.23 61.54 48.80
1470 105.26 263.79 28.28 68.97 44.29
1470 197.38 208.05 20.00 48.78 33.59
1470 297.20 80.49 40.00 97.56 25.65
1470 530.52 135.86 56.55 137.93 10.27
1470 219.46 114.77 25.23 61.54 7.82
1500 10.23 95.08 25.23 61.54 56.17
1500 160.61 205.37 40.00 97.56 46.94
1500 333.09 67.87 80.85 197.19 36.38
1500 128.38 250.15 25.23 61.54 35.68
1500 193.59 109.87 63.78 155.55 33.14
1500 563.62 141.38 56.55 137.93 26.91
1500 243.45 139.27 45.20 110.24 15.81
1500 303.48 97.94 31.71 77.35 12.68
1500 461.12 40.34 28.28 68.97 10.20
1530 277.78 67.87 80.85 197.19 60.67
1530 4.21 85.12 20.00 48.78 54.18
1530 212.84 103.79 28.28 68.97 45.44
1530 473.53 14.32 31.71 77.35 44.17
1530 392.67 187.67 22.47 54.79 27.70
1530 42.28 92.61 35.65 86.96 24.71
1530 111.79 104.13 31.71 77.35 19.64
1530 603.38 327.10 31.71 77.35 2.95
1560 277.78 60.00 80.85 197.19 55.54
1560 182.88 258.48 17.83 43.48 28.32
1560 212.84 95.52 28.28 68.97 19.99
1560 79.15 117.23 25.23 61.54 11.27
1560 251.46 171.38 25.23 61.54 7.62
1560 255.92 131.52 17.83 43.48 4.45
1560 31.83 80.49 40.00 97.56 3.90
1590 303.41 52.58 50.80 123.90 63.54
1590 404.08 186.15 25.23 61.54 60.33
1590 186.36 251.52 17.83 43.48 29.94
1590 4.21 241.22 20.00 48.78 29.92
1590 221.55 108.28 56.55 137.93 22.65
1590 414.46 165.65 35.65 86.96 16.81
1620 501.14 35.87 17.83 43.48 26.56
1620 101.41 130.87 35.65 86.96 14.40
1620 435.43 77.32 20.00 48.78 14.10
1620 346.64 84.66 22.47 54.79 12.02
1620 209.15 102.06 50.80 123.90 11.70
1620 529.18 162.97 31.71 77.35 8.48
1650 599.05 18.28 28.28 68.97 67.12
1650 44.47 66.23 63.78 155.55 57.45
1650 260.19 63.87 31.71 77.35 37.92
1650 401.44 185.48 22.47 54.79 32.78
1650 411.47 164.48 28.28 68.97 32.68
1650 236.40 184.63 20.00 48.78 13.28
1680 361.99 187.67 22.47 54.79 86.04
1680 369.62 178.77 25.23 61.54 64.76
1680 393.32 188.91 17.83 43.48 43.29
1680 17.04 36.39 80.85 197.19 39.67
1680 207.33 92.76 28.28 68.97 34.77
1680 179.74 62.41 28.28 68.97 31.96
1680 241.62 82.77 25.23 61.54 14.83
1680 316.40 40.24 20.00 48.78 13.69
1680 254.46 50.87 35.65 86.96 13.08
1680 521.28 22.68 20.00 48.78 3.29
1710 390.48 178.90 22.47 54.79 59.79
1710 384.70 190.49 20.00 48.78 43.32
1710 215.60 90.00 28.28 68.97 35.79
1710 357.38 188.54 20.00 48.78 31.36
1710 295.77 8.92 25.23 61.54 17.10
1710 12.32 57.07 40.00 97.56 13.42
1710 493.49 12.33 22.47 54.79 2.92
1740 589.57 5.12 20.00 48.78 55.44
1740 351.52 184.63 20.00 48.78 41.59
1740 533.23 45.31 100.71 245.62 23.58
1740 282.28 12.61 35.65 86.96 16.28
1740 5.49 235.87 17.83 43.48 13.46
1740 226.10 170.14 22.47 54.79 8.01
1740 346.64 5.75 22.47 54.79 7.44
1740 413.92 191.08 25.23 61.54 4.33
1770 586.23 198.46 25.23 61.54 145.38
1770 456.23 185.48 22.47 54.79 58.86
1770 465.00 183.29 22.47 54.79 29.16
1770 158.15 124.11 22.47 54.79 18.75
1770 203.75 181.96 17.83 43.48 17.26
1770 263.72 63.66 20.00 48.78 8.76
1800 461.12 181.03 28.28 68.97 38.88
1800 241.64 11.23 31.71 77.35 32.65
1800 335.15 168.92 25.23 61.54 26.69
1800 546.85 166.46 25.23 61.54 14.43
1800 281.00 31.08 25.23 61.54 7.74
1830 496.98 181.03 28.28 68.97 51.87
1830 327.23 173.26 17.83 43.48 20.76
1830 602.28 158.70 35.65 86.96 18.38
1830 339.74 158.97 28.28 68.97 7.37
1830 485.31 188.62 25.23 61.54 3.32
