30 243.75 194.13 17.83 43.48 63.67
30 490.06 217.80 20.00 48.78 40.88
30 473.00 210.77 25.23 61.54 30.20
30 228.29 183.29 22.47 54.79 19.82
30 16.22 123.41 40.00 97.56 19.12
30 63.05 131.22 40.00 97.56 4.01
60 11.90 102.76 56.55 137.93 68.74
60 467.19 198.63 22.47 54.79 66.48
60 529.24 183.04 35.65 86.96 64.85
60 517.31 193.54 25.23 61.54 30.06
60 484.02 169.13 35.65 86.96 26.60
60 368.97 11.52 17.83 43.48 18.56
60 353.48 5.12 20.00 48.78 17.07
60 380.79 10.98 20.00 48.78 16.28
90 497.66 178.48 17.83 43.48 86.40
90 511.58 176.74 17.83 43.48 76.34
90 487.23 178.48 17.83 43.48 13.29
90 596.55 200.92 45.20 110.24 3.33
120 573.92 176.31 25.23 61.54 210.80
120 544.38 176.31 25.23 61.54 163.57
120 7.77 58.15 25.23 61.54 41.25
120 114.88 141.29 31.71 77.35 21.20
120 141.12 142.41 28.28 68.97 13.53
120 258.17 127.32 40.00 97.56 1.82
150 6.92 172.33 22.47 54.79 65.24
150 560.10 153.68 31.71 77.35 8.40
180 170.53 150.58 31.71 77.35 27.45
180 23.72 182.68 20.00 48.78 24.88
180 386.36 161.09 17.83 43.48 15.75
210 35.73 142.93 40.00 97.56 99.59
210 102.88 192.39 17.83 43.48 77.90
210 5.49 195.87 17.83 43.48 73.54
210 386.36 166.30 17.83 43.48 34.62
210 117.38 186.59 20.00 48.78 14.50
240 390.48 163.56 22.47 54.79 58.16
240 445.18 174.88 20.00 48.78 42.04
240 4.73 16.71 22.47 54.79 39.72
240 441.28 186.59 20.00 48.78 28.97
240 4.73 60.55 22.47 54.79 23.78
240 592.14 90.83 45.20 110.24 21.05
240 471.58 181.96 17.83 43.48 12.80
240 28.84 196.44 22.47 54.79 10.52
270 476.40 190.49 20.00 48.78 113.89
270 404.08 161.54 25.23 61.54 74.34
270 469.84 188.91 17.83 43.48 65.92
270 488.99 162.97 31.71 77.35 52.21
270 492.45 8.04 17.83 43.48 47.52
270 522.23 173.85 25.23 61.54 33.48
270 449.09 186.59 20.00 48.78 23.58
270 515.41 185.48 22.47 54.79 20.13
270 238.91 121.86 50.80 123.90 10.64
300 542.74 190.49 20.00 48.78 151.85
300 532.99 190.49 20.00 48.78 110.21
300 429.57 172.93 20.00 48.78 58.96
300 576.98 183.79 28.28 68.97 39.89
300 442.61 144.39 31.71 77.35 18.10
330 516.79 185.43 17.83 43.48 104.07
330 509.84 185.43 17.83 43.48 77.95
330 461.14 183.70 17.83 43.48 77.52
330 490.71 181.96 17.83 43.48 76.17
330 24.62 204.57 17.83 43.48 41.78
330 55.24 146.83 40.00 97.56 34.58
330 83.19 40.34 28.28 68.97 29.05
330 469.40 158.97 28.28 68.97 23.64
330 320.27 128.04 17.83 43.48 13.40
330 253.80 121.86 50.80 123.90 7.67
330 569.37 138.19 31.71 77.35 1.64
360 521.99 176.71 22.47 54.79 147.14
360 600.89 185.48 22.47 54.79 145.75
360 554.45 180.73 20.00 48.78 87.89
360 592.12 185.48 22.47 54.79 82.88
360 52.95 7.95 22.47 54.79 72.57
360 513.22 178.90 22.47 54.79 35.50
360 583.36 183.29 22.47 54.79 26.27
360 458.84 186.59 20.00 48.78 23.19
360 30.78 131.38 28.28 68.97 6.95
390 478.53 185.43 17.83 43.48 77.39
390 605.76 169.13 35.65 86.96 76.80
390 85.82 181.10 22.47 54.79 38.50
390 433.33 150.58 31.71 77.35 31.92
390 164.21 182.68 20.00 48.78 31.36
390 598.80 196.96 35.65 86.96 17.07
390 116.08 171.38 25.23 61.54 7.99
390 44.18 198.63 22.47 54.79 7.27
420 509.84 187.17 17.83 43.48 159.44
420 111.58 77.61 17.83 43.48 53.15
420 577.66 188.91 17.83 43.48 52.33
420 552.67 192.05 22.47 54.79 19.52
420 485.95 172.76 28.28 68.97 9.41
420 105.55 178.90 22.47 54.79 7.49
420 322.85 104.92 25.23 61.54 2.19
420 25.26 7.24 28.28 68.97 1.05
450 565.82 183.29 22.47 54.79 175.57
450 7.23 202.83 17.83 43.48 70.86
450 91.52 73.91 71.30 173.91 46.94
450 535.14 194.25 22.47 54.79 34.53
450 53.66 42.39 45.20 110.24 33.68
450 558.35 188.54 20.00 48.78 17.61
480 56.54 60.00 80.85 197.19 45.92
480 4.21 186.59 20.00 48.78 40.26
480 386.96 125.81 31.71 77.35 19.29
480 5.95 26.55 28.28 68.97 13.78
480 497.93 193.48 35.65 86.96 10.12
510 483.75 188.91 17.83 43.48 27.72
510 8.97 77.61 17.83 43.48 22.45
510 567.23 173.26 17.83 43.48 20.27
510 28.10 74.13 17.83 43.48 9.83
540 529.09 184.63 20.00 48.78 94.54
540 552.50 188.54 20.00 48.78 63.80
540 411.47 117.59 28.28 68.97 30.92
570 611.85 185.48 22.47 54.79 65.80
570 418.48 60.00 71.30 173.91 29.33
570 368.56 161.37 22.47 54.79 9.01
600 397.05 161.37 22.47 54.79 30.58
600 122.01 180.22 17.83 43.48 25.22
630 572.45 100.22 17.83 43.48 31.85
630 467.17 32.17 71.30 173.91 31.78
630 556.40 98.78 20.00 48.78 28.64
630 95.91 178.78 20.00 48.78 21.58
630 399.32 159.87 31.71 77.35 12.74
630 344.89 151.74 35.65 86.96 8.10
630 431.52 174.88 20.00 48.78 6.00
660 367.33 153.45 28.28 68.97 51.23
660 210.52 146.90 56.55 137.93 47.06
660 581.24 12.99 50.80 123.90 40.32
660 66.10 176.71 22.47 54.79 35.45
660 397.07 148.26 35.65 86.96 25.72
660 336.22 146.83 40.00 97.56 24.09
660 7.23 201.09 17.83 43.48 14.72
660 568.01 12.33 22.47 54.79 13.37
660 25.26 170.00 28.28 68.97 9.53
660 572.40 80.27 22.47 54.79 0.10
690 422.50 164.48 28.28 68.97 77.71
690 199.22 151.55 50.80 123.90 42.35
690 341.41 141.30 35.65 86.96 39.78
690 593.48 90.98 20.00 48.78 38.47
690 470.55 133.90 20.00 48.78 31.45
690 29.84 192.39 17.83 43.48 29.38
690 6.67 88.65 31.71 77.35 24.39
690 397.67 156.21 28.28 68.97 18.21
690 570.98 50.87 35.65 86.96 13.80
720 469.38 185.48 22.47 54.79 68.54
720 437.66 139.27 45.20 110.24 52.36
720 571.52 18.26 71.30 173.91 46.77
720 228.99 151.55 50.80 123.90 39.42
720 7.23 194.13 17.83 43.48 22.09
720 19.40 190.65 17.83 43.48 21.49
720 28.84 176.71 22.47 54.79 16.05
750 525.18 180.73 20.00 48.78 81.02
750 494.46 158.70 35.65 86.96 67.15
750 532.84 161.72 28.28 68.97 45.80
750 476.79 145.43 17.83 43.48 17.58
750 4.21 192.44 20.00 48.78 14.94
750 95.92 181.96 17.83 43.48 13.24
780 614.04 181.10 22.47 54.79 70.34
780 464.31 135.86 56.55 137.93 52.76
780 581.41 165.65 35.65 86.96 49.62
780 11.90 102.76 56.55 137.93 30.84
780 524.57 153.45 28.28 68.97 17.76
780 252.20 87.10 159.46 388.92 16.69
810 581.41 238.70 35.65 86.96 57.21
810 204.54 147.48 31.71 77.35 42.38
810 511.78 126.80 50.80 123.90 37.65
810 3.75 115.87 17.83 43.48 28.54
810 177.66 187.17 17.83 43.48 15.88
810 233.89 64.44 182.22 444.44 14.18
840 535.34 109.87 63.78 155.55 60.42
840 585.55 198.63 22.47 54.79 52.58
840 480.27 192.39 17.83 43.48 43.99
840 164.35 144.39 31.71 77.35 41.36
840 132.45 187.17 17.83 43.48 38.40
840 8.97 194.13 17.83 43.48 32.24
840 513.97 119.31 56.55 137.93 21.91
840 188.02 150.69 28.28 68.97 2.36
870 475.46 183.69 25.23 61.54 90.43
870 108.37 141.30 35.65 86.96 61.69
870 510.78 181.03 28.28 68.97 50.81
870 565.49 157.61 17.83 43.48 45.15
870 587.74 82.47 22.47 54.79 44.35
870 535.36 184.65 31.71 77.35 40.94
870 562.26 213.90 20.00 48.78 36.73
870 142.71 144.39 31.71 77.35 32.27
870 607.33 59.66 28.28 68.97 23.30
870 581.31 200.92 25.23 61.54 21.87
870 129.66 163.56 22.47 54.79 17.70
870 92.40 161.37 22.47 54.79 16.84
870 396.69 196.00 25.23 61.54 16.68
870 414.46 9.13 35.65 86.96 16.47
870 595.05 37.61 17.83 43.48 10.61
870 76.79 187.17 17.83 43.48 9.46
900 526.09 178.45 31.71 77.35 164.06
900 82.56 135.12 40.00 97.56 76.58
900 124.15 144.39 31.71 77.35 63.97
900 423.77 205.85 25.23 61.54 43.39
900 573.92 13.85 25.23 61.54 42.47
900 468.10 185.43 17.83 43.48 40.37
900 566.54 6.46 25.23 61.54 31.41
900 433.62 198.46 25.23 61.54 21.56
930 27.62 188.54 20.00 48.78 29.89
930 129.39 135.12 40.00 97.56 19.20
930 90.98 134.35 35.65 86.96 14.18
930 10.23 181.23 25.23 61.54 0.59
960 594.11 166.06 31.71 77.35 146.04
960 535.36 178.45 31.71 77.35 113.52
960 469.83 124.83 56.55 137.93 32.97
960 129.39 131.22 40.00 97.56 21.59
960 329.11 196.44 22.47 54.79 5.18
960 7.23 178.48 17.83 43.48 1.65
990 115.45 126.06 45.20 110.24 58.48
990 553.98 122.34 63.78 155.55 40.23
990 49.78 66.96 71.30 173.91 14.53
990 132.88 31.64 89.69 218.76 8.90
1020 105.98 127.32 40.00 97.56 80.27
1020 18.90 31.64 89.69 218.76 42.92
1020 181.41 137.83 35.65 86.96 33.71
1020 6.16 182.68 20.00 48.78 22.56
1020 97.87 180.73 20.00 48.78 22.25
1020 313.59 179.57 35.65 86.96 21.24
1020 125.49 123.41 40.00 97.56 8.14
1050 78.10 113.79 56.55 137.93 56.56
1050 460.62 178.90 22.47 54.79 34.61
1050 62.32 150.58 31.71 77.35 29.73
1050 35.43 176.83 20.00 48.78 13.64
1080 8.11 182.68 20.00 48.78 47.67
1080 56.89 182.68 20.00 48.78 40.58
1080 31.58 183.70 17.83 43.48 34.65
1080 548.60 169.02 20.00 48.78 32.21
1080 120.27 194.13 17.83 43.48 31.93
1080 173.62 150.58 31.71 77.35 17.44
1110 4.21 206.10 20.00 48.78 73.71
1110 336.14 130.46 45.20 110.24 43.18
1110 22.93 108.28 56.55 137.93 38.99
1110 148.10 91.52 17.83 43.48 10.10
1110 394.86 10.14 22.47 54.79 5.40
1140 452.84 167.24 28.28 68.97 49.47
1170 427.62 108.54 20.00 48.78 23.81
1170 340.12 135.12 40.00 97.56 21.20
1200 421.31 168.92 25.23 61.54 98.12
1200 404.08 161.54 25.23 61.54 28.34
1200 109.93 73.70 22.47 54.79 25.74
1200 79.15 183.69 25.23 61.54 25.18
1230 551.77 168.92 25.23 61.54 39.73
1230 102.07 135.12 40.00 97.56 37.58
1230 60.79 178.78 20.00 48.78 26.40
1230 87.05 73.16 31.71 77.35 8.82
1260 443.75 183.70 17.83 43.48 110.64
1260 436.79 181.96 17.83 43.48 34.09
1260 63.90 56.16 22.47 54.79 33.22
1260 88.11 59.76 20.00 48.78 27.45
1260 66.90 121.65 45.20 110.24 22.73
1290 461.14 185.43 17.83 43.48 171.53
1290 14.46 158.70 35.65 86.96 43.55
1290 563.62 141.38 56.55 137.93 40.92
1290 524.18 73.70 22.47 54.79 39.68
1290 27.67 40.36 89.69 218.76 35.02
1290 411.69 162.97 31.71 77.35 25.78
1290 354.85 53.23 25.23 61.54 14.05
1290 449.09 178.78 20.00 48.78 5.44
1320 486.16 184.63 20.00 48.78 187.79
1320 582.50 10.00 28.28 68.97 67.93
1320 20.08 38.46 25.23 61.54 52.54
1320 28.45 113.79 56.55 137.93 38.74
1320 44.69 38.46 25.23 61.54 22.01
1320 352.38 33.54 25.23 61.54 21.01
1320 70.11 96.09 35.65 86.96 19.57
1320 425.98 21.95 40.00 97.56 16.48
1320 488.41 25.85 40.00 97.56 8.98
1320 413.92 159.08 25.23 61.54 5.78
1350 403.75 4.57 17.83 43.48 55.82
1350 515.43 208.05 20.00 48.78 38.76
1350 22.50 15.52 28.28 68.97 34.96
1350 5.31 13.85 25.23 61.54 31.57
1350 438.70 12.33 22.47 54.79 28.35
1350 429.57 9.02 20.00 48.78 25.14
1350 522.28 57.83 35.65 86.96 21.79
1350 571.46 60.62 25.23 61.54 19.38
1350 543.15 9.13 35.65 86.96 17.94
1350 393.32 4.57 17.83 43.48 11.77
1350 7.50 99.57 35.65 86.96 3.26
1350 607.23 9.78 17.83 43.48 1.99
1350 4.73 154.79 22.47 54.79 0.07
1380 600.29 178.45 31.71 77.35 301.83
1380 579.74 175.52 28.28 68.97 187.20
1380 428.37 176.09 35.65 86.96 45.48
1380 587.92 181.55 31.71 77.35 43.62
1380 25.26 62.41 28.28 68.97 21.71
1380 41.81 158.97 28.28 68.97 6.64
1410 467.19 183.29 22.47 54.79 121.98
1410 9.76 51.48 31.71 77.35 61.61
1410 31.58 188.91 17.83 43.48 55.22
1410 508.28 134.86 45.20 110.24 14.69
1440 524.57 172.76 28.28 68.97 144.28
1440 402.56 131.22 40.00 97.56 41.97
1440 578.83 91.17 63.78 155.55 15.50
1470 466.99 91.17 63.78 155.55 52.94
1470 605.92 183.69 25.23 61.54 23.78
1470 596.08 178.77 25.23 61.54 23.18
1500 569.14 191.03 56.55 137.93 51.67
1500 506.64 165.75 22.47 54.79 33.51
1530 525.49 187.17 17.83 43.48 74.96
1530 39.79 185.48 22.47 54.79 17.31
1530 15.92 201.09 17.83 43.48 16.89
1560 548.29 187.67 22.47 54.79 150.53
1560 539.52 187.67 22.47 54.79 50.53
1560 612.99 188.54 20.00 48.78 12.85
1590 594.11 184.65 31.71 77.35 131.95
1590 582.50 194.83 28.28 68.97 34.19
1650 428.83 143.67 45.20 110.24 43.62
1650 268.69 159.08 25.23 61.54 26.04
1650 288.38 164.00 25.23 61.54 7.13
1680 535.14 137.26 22.47 54.79 44.10
1680 546.36 155.87 17.83 43.48 22.46
1710 482.53 192.05 22.47 54.79 42.40
1710 569.37 150.58 31.71 77.35 25.01
1740 3.75 46.30 17.83 43.48 50.20
1740 526.37 176.71 22.47 54.79 20.29
1770 544.38 183.69 25.23 61.54 26.52
1770 530.75 189.86 22.47 54.79 9.05
1800 154.45 188.54 20.00 48.78 38.92
1800 573.92 188.62 25.23 61.54 9.56
1800 593.78 158.54 40.00 97.56 6.39
1830 438.54 183.69 25.23 61.54 47.07
1830 506.64 154.79 22.47 54.79 26.97
1830 199.77 161.54 25.23 61.54 23.90
1830 29.84 197.61 17.83 43.48 1.48
