30 3.75 208.04 17.83 43.48 23.49
30 527.23 82.83 17.83 43.48 14.15
30 34.85 183.69 25.23 61.54 3.31
90 214.57 264.59 80.85 197.19 83.88
90 530.62 272.46 80.85 197.19 36.42
90 257.87 430.49 20.00 48.78 31.26
90 265.43 247.83 71.30 173.91 13.07
120 218.15 162.86 100.71 245.62 70.19
120 199.22 260.41 50.80 123.90 43.36
150 593.78 10.24 40.00 97.56 34.08
150 359.63 127.32 40.00 97.56 15.57
180 282.28 64.78 35.65 86.96 40.15
180 417.87 116.52 31.71 77.35 33.75
180 236.79 46.30 17.83 43.48 17.60
180 214.94 48.05 20.00 48.78 14.12
180 439.51 40.65 159.46 388.92 8.24
180 196.29 12.76 28.28 68.97 8.23
210 215.24 80.49 40.00 97.56 5.08
240 369.24 162.17 35.65 86.96 43.71
240 165.31 92.62 25.23 61.54 39.17
240 390.65 108.70 71.30 173.91 17.74
240 100.00 62.47 50.80 123.90 14.49
240 53.04 39.10 31.71 77.35 12.06
270 365.76 179.57 35.65 86.96 59.91
270 149.40 98.28 28.28 68.97 40.76
270 3.75 58.48 17.83 43.48 37.45
270 122.28 82.17 35.65 86.96 31.51
270 164.50 131.75 50.80 123.90 16.39
270 87.50 64.78 35.65 86.96 10.20
270 262.07 166.34 40.00 97.56 8.70
270 383.05 174.15 40.00 97.56 2.79
300 172.32 158.54 40.00 97.56 54.42
300 372.72 186.52 35.65 86.96 41.08
300 45.21 110.18 89.69 218.76 27.59
300 130.09 103.79 28.28 68.97 15.27
300 4.73 93.42 22.47 54.79 14.95
300 66.95 49.27 40.00 97.56 12.07
300 101.31 80.31 25.23 61.54 11.50
330 128.69 134.86 45.20 110.24 57.08
330 176.98 194.83 28.28 68.97 56.81
330 383.15 196.96 35.65 86.96 53.49
330 17.62 122.15 25.23 61.54 34.55
330 230.55 202.20 20.00 48.78 32.84
330 16.22 60.98 40.00 97.56 26.44
330 35.87 80.87 71.30 173.91 18.83
330 108.37 110.00 35.65 86.96 13.35
330 210.75 205.21 22.47 54.79 5.53
360 94.66 130.34 56.55 137.93 84.18
360 32.04 122.34 63.78 155.55 57.12
360 148.90 185.85 40.00 97.56 53.16
360 9.52 82.02 45.20 110.24 33.39
360 72.59 130.34 56.55 137.93 29.76
360 129.24 207.39 35.65 86.96 22.69
360 281.81 203.10 28.28 68.97 12.92
360 61.55 75.17 56.55 137.93 8.52
360 176.71 193.94 31.71 77.35 8.25
390 4.21 92.93 20.00 48.78 45.15
390 75.53 172.21 63.78 155.55 42.84
390 611.04 71.46 20.00 48.78 8.40
390 278.80 203.91 35.65 86.96 7.19
390 3.75 131.52 17.83 43.48 6.15
420 297.66 206.30 17.83 43.48 40.95
420 133.26 122.61 71.30 173.91 21.13
420 10.70 225.77 50.80 123.90 19.17
450 96.38 242.77 25.23 61.54 31.25
450 15.66 146.60 50.80 123.90 16.83
450 233.95 191.13 50.80 123.90 14.37
480 169.11 260.00 22.47 54.79 37.37
480 318.53 68.91 17.83 43.48 31.76
480 260.17 124.83 56.55 137.93 24.17
510 145.00 236.59 40.00 97.56 52.10
510 38.53 286.30 17.83 43.48 40.98
510 244.02 85.65 35.65 86.96 33.14
510 500.12 115.61 40.00 97.56 25.24
510 221.38 86.42 45.20 110.24 22.29
510 170.71 190.65 17.83 43.48 21.92
510 249.51 178.44 63.78 155.55 20.75
510 177.66 188.91 17.83 43.48 19.21
510 378.84 18.78 20.00 48.78 10.35
510 5.95 92.76 28.28 68.97 8.49
540 195.41 216.16 22.47 54.79 49.53
540 235.77 69.23 126.15 307.69 42.52
540 157.92 208.31 25.23 61.54 33.02
570 282.24 42.07 56.55 137.93 53.36
570 217.66 244.57 17.83 43.48 50.18
570 260.17 36.55 56.55 137.93 42.71
570 282.46 118.60 114.81 280.01 40.20
570 223.90 231.51 22.47 54.79 26.41
570 176.98 216.90 28.28 68.97 25.08
570 188.84 198.63 22.47 54.79 17.26
570 234.62 51.19 45.20 110.24 10.33
600 105.26 233.45 28.28 68.97 25.88
600 309.62 155.38 126.15 307.69 23.81
600 402.64 121.86 50.80 123.90 21.03
600 266.23 205.85 25.23 61.54 7.60
600 252.45 255.00 17.83 43.48 5.57
630 322.03 181.55 31.71 77.35 35.61
630 457.33 93.53 145.33 354.45 33.24
660 280.58 209.61 63.78 155.55 193.88
660 159.26 185.90 80.85 197.19 182.60
660 255.73 203.38 63.78 155.55 83.26
660 194.25 145.09 89.69 218.76 37.94
660 150.55 319.27 20.00 48.78 34.17
660 80.25 162.30 80.85 197.19 26.73
690 60.62 104.08 100.71 245.62 90.09
690 46.86 197.03 31.71 77.35 19.67
690 474.91 272.07 28.28 68.97 12.55
690 338.60 185.58 114.81 280.01 9.28
690 119.75 146.56 80.85 197.19 5.32
720 238.08 92.73 89.69 218.76 68.88
720 212.84 192.07 28.28 68.97 42.26
720 121.00 124.62 25.23 61.54 42.03
720 73.59 165.65 35.65 86.96 41.63
720 98.85 124.62 25.23 61.54 23.44
720 602.28 242.17 35.65 86.96 20.62
720 172.69 200.92 25.23 61.54 19.00
720 86.46 205.37 40.00 97.56 17.57
720 203.72 108.44 45.20 110.24 16.64
720 114.32 198.63 22.47 54.79 12.79
720 280.58 197.14 63.78 155.55 11.51
720 133.31 124.62 25.23 61.54 10.09
720 160.43 136.90 28.28 68.97 4.76
720 70.11 200.43 35.65 86.96 3.19
750 484.00 74.69 100.71 245.62 78.26
750 278.74 200.13 31.71 77.35 52.85
750 400.54 207.39 35.65 86.96 40.31
750 252.28 161.28 45.20 110.24 37.19
750 367.03 121.65 45.20 110.24 36.23
750 437.36 166.39 50.80 123.90 35.76
750 546.42 217.38 80.85 197.19 31.68
750 241.62 168.92 25.23 61.54 27.64
750 303.88 208.62 28.28 68.97 25.52
750 324.08 147.27 63.78 155.55 15.11
750 431.15 107.38 25.23 61.54 11.44
780 538.52 170.16 80.85 197.19 34.34
780 585.69 218.62 56.55 137.93 13.42
810 305.62 139.38 25.23 61.54 26.99
810 508.45 146.90 56.55 137.93 15.51
810 478.35 172.93 20.00 48.78 9.53
810 10.23 124.62 25.23 61.54 5.93
840 15.00 101.74 71.30 173.91 58.06
840 357.60 143.84 22.47 54.79 48.69
840 422.50 147.93 28.28 68.97 40.45
840 433.53 145.17 28.28 68.97 23.81
840 203.23 135.85 20.00 48.78 19.27
840 195.41 143.84 22.47 54.79 12.50
840 160.38 146.77 25.23 61.54 7.92
840 219.46 144.31 25.23 61.54 7.35
870 216.89 182.68 20.00 48.78 66.94
870 146.36 152.39 17.83 43.48 35.76
870 497.93 162.17 35.65 86.96 21.09
870 93.38 152.48 45.20 110.24 16.68
900 5.31 245.23 25.23 61.54 81.41
900 245.49 187.17 17.83 43.48 45.31
900 25.83 153.51 63.78 155.55 45.26
900 546.95 181.95 40.00 97.56 30.11
900 395.05 39.35 17.83 43.48 12.91
930 222.74 194.39 20.00 48.78 94.21
930 174.46 186.52 35.65 86.96 50.89
930 37.31 161.54 25.23 61.54 39.68
930 198.36 172.26 31.71 77.35 37.74
930 3.75 159.35 17.83 43.48 33.44
930 12.45 157.61 17.83 43.48 25.07
930 513.72 193.94 31.71 77.35 20.74
930 408.11 186.59 20.00 48.78 16.79
930 466.36 211.52 17.83 43.48 15.85
960 204.18 196.44 22.47 54.79 55.30
960 124.28 183.30 45.20 110.24 47.02
960 175.15 198.46 25.23 61.54 32.89
960 425.67 190.49 20.00 48.78 23.64
960 195.41 196.44 22.47 54.79 9.41
990 11.47 211.38 28.28 68.97 62.56
990 154.91 189.31 28.28 68.97 34.61
990 65.27 186.19 50.80 123.90 33.24
990 133.29 170.24 40.00 97.56 33.24
990 167.44 193.94 31.71 77.35 26.54
990 24.02 217.07 40.00 97.56 26.41
990 228.60 198.29 20.00 48.78 10.60
1020 26.64 198.63 22.47 54.79 34.20
1020 80.30 163.17 20.00 48.78 33.28
1020 327.50 193.48 35.65 86.96 30.65
1020 97.93 203.91 35.65 86.96 30.26
1020 26.64 163.56 22.47 54.79 12.52
1020 139.67 193.48 35.65 86.96 7.77
1050 255.92 199.35 17.83 43.48 55.81
1050 196.29 183.79 28.28 68.97 40.95
1050 35.50 181.24 50.80 123.90 28.29
1050 484.02 179.57 35.65 86.96 26.22
1050 167.23 218.48 17.83 43.48 25.43
1050 4.21 161.22 20.00 48.78 20.42
1050 22.50 222.41 28.28 68.97 13.96
1080 10.70 171.34 50.80 123.90 67.00
1080 177.93 179.57 35.65 86.96 44.21
1110 245.82 198.63 22.47 54.79 73.91
1110 152.80 178.05 40.00 97.56 50.49
1110 271.58 199.35 17.83 43.48 37.96
1110 63.15 210.87 35.65 86.96 31.28
1110 179.81 184.65 31.71 77.35 27.78
1110 254.59 198.63 22.47 54.79 18.36
1110 557.07 169.13 35.65 86.96 15.05
1110 137.20 170.24 40.00 97.56 12.32
1110 615.77 240.31 25.23 61.54 8.36
1140 230.48 203.01 22.47 54.79 108.49
1140 258.85 203.38 25.23 61.54 66.23
1140 217.00 200.92 25.23 61.54 58.65
1140 242.26 204.15 20.00 48.78 45.37
1140 130.34 203.23 31.71 77.35 40.20
1140 83.62 157.93 56.55 137.93 31.11
1140 174.18 216.74 17.83 43.48 9.58
1170 5.31 242.77 25.23 61.54 69.01
1170 210.09 200.34 28.28 68.97 66.48
1170 45.18 161.22 20.00 48.78 32.41
1170 223.15 203.91 35.65 86.96 26.06
1170 361.81 233.45 28.28 68.97 24.22
1170 81.62 225.54 25.23 61.54 19.36
1170 15.91 262.68 20.00 48.78 18.68
1170 123.46 213.23 25.23 61.54 12.84
1170 474.91 208.62 28.28 68.97 11.63
1200 377.68 206.32 31.71 77.35 51.56
1200 13.40 178.44 63.78 155.55 46.27
1200 71.59 218.71 31.71 77.35 44.37
1200 115.33 210.87 35.65 86.96 33.97
1230 215.24 201.46 40.00 97.56 94.44
1230 181.66 200.92 45.20 110.24 73.49
1230 379.67 217.83 35.65 86.96 70.86
1230 238.66 205.37 40.00 97.56 66.58
1230 575.92 190.65 17.83 43.48 38.34
1230 5.95 263.79 28.28 68.97 37.49
1230 11.47 250.00 28.28 68.97 37.18
1230 125.76 231.74 35.65 86.96 30.99
1230 24.89 259.57 35.65 86.96 20.15
1230 172.69 230.46 25.23 61.54 17.92
1230 28.45 180.00 56.55 137.93 10.71
1260 160.86 185.52 56.55 137.93 76.49
1260 102.21 205.32 45.20 110.24 73.70
1260 186.07 222.94 45.20 110.24 48.90
1260 5.95 238.97 28.28 68.97 44.34
1260 355.33 238.70 35.65 86.96 40.12
1260 349.57 288.05 20.00 48.78 30.67
1260 82.56 205.37 40.00 97.56 20.35
1260 616.23 205.21 22.47 54.79 10.97
1260 262.07 220.98 40.00 97.56 2.98
1290 38.25 190.91 63.78 155.55 72.89
1290 144.65 235.67 50.80 123.90 60.81
1290 109.92 205.98 50.80 123.90 60.35
1290 351.85 256.09 35.65 86.96 55.35
1290 17.41 191.03 56.55 137.93 42.86
1290 56.89 209.61 63.78 155.55 21.49
1290 223.05 244.39 40.00 97.56 21.10
1290 352.95 299.23 31.71 77.35 15.09
1290 133.28 180.00 56.55 137.93 11.04
1290 596.79 272.39 17.83 43.48 2.83
1320 511.83 263.90 40.00 97.56 70.63
1320 195.87 185.22 71.30 173.91 69.31
1320 126.30 185.22 71.30 173.91 66.27
1320 98.48 185.22 71.30 173.91 64.45
1320 244.57 226.96 71.30 173.91 62.50
1320 499.40 322.83 17.83 43.48 52.98
1320 353.02 230.72 50.80 123.90 39.68
1320 222.47 154.43 80.85 197.19 21.78
1350 235.46 231.10 31.71 77.35 62.79
1350 395.38 162.86 100.71 245.62 46.46
1350 234.76 287.32 40.00 97.56 45.58
1350 580.17 279.31 56.55 137.93 43.74
1350 571.32 245.57 50.80 123.90 41.62
1350 27.17 214.13 45.20 110.24 36.94
1350 552.16 332.76 28.28 68.97 29.36
1350 372.87 260.41 50.80 123.90 24.01
1350 31.58 131.52 17.83 43.48 2.86
1380 397.93 222.94 45.20 110.24 84.17
1380 75.19 201.03 50.80 123.90 36.65
1380 392.59 284.83 56.55 137.93 33.89
1380 156.31 265.71 63.78 155.55 28.67
1380 164.02 228.26 35.65 86.96 12.75
1410 412.56 220.82 50.80 123.90 61.33
1410 94.27 205.37 40.00 97.56 45.29
1410 411.07 278.18 63.78 155.55 40.10
1410 177.93 228.26 35.65 86.96 33.65
1410 177.87 116.34 20.00 48.78 28.77
1410 87.50 245.65 35.65 86.96 19.06
1410 63.15 245.65 35.65 86.96 4.91
1440 420.00 222.94 45.20 110.24 81.58
1440 177.66 119.35 17.83 43.48 54.61
1440 97.79 200.92 45.20 110.24 52.76
1440 404.85 284.42 63.78 155.55 50.51
1440 176.22 279.51 40.00 97.56 27.95
1440 177.93 228.26 35.65 86.96 23.81
1440 87.05 237.29 31.71 77.35 14.59
1440 55.24 240.49 40.00 97.56 12.24
1470 420.00 222.94 45.20 110.24 90.96
1470 95.04 205.98 50.80 123.90 60.19
1470 404.85 284.42 63.78 155.55 54.64
1470 177.66 121.09 17.83 43.48 41.07
1470 174.42 220.82 50.80 123.90 39.42
1470 56.03 207.59 56.55 137.93 19.85
1470 171.90 273.79 56.55 137.93 8.36
1500 420.00 218.53 45.20 110.24 66.05
1500 100.00 205.98 50.80 123.90 59.56
1500 56.03 207.59 56.55 137.93 26.89
1500 424.41 275.78 45.20 110.24 15.41
1500 158.67 135.88 145.33 354.45 13.19
1530 428.83 222.94 45.20 110.24 64.50
1530 100.00 201.03 50.80 123.90 49.90
1530 412.10 264.59 80.85 197.19 41.95
1530 87.05 252.77 31.71 77.35 23.05
1560 482.02 225.77 50.80 123.90 55.28
1560 146.34 205.32 45.20 110.24 52.53
1560 228.10 119.35 17.83 43.48 48.16
1560 467.41 272.46 80.85 197.19 39.70
1560 233.59 235.22 35.65 86.96 29.60
1560 135.60 247.24 28.28 68.97 27.17
1560 102.07 248.29 40.00 97.56 4.26
1590 404.85 228.31 63.78 155.55 58.56
1590 295.77 255.08 25.23 61.54 53.30
1590 392.71 191.13 50.80 123.90 44.54
1590 390.48 106.58 22.47 54.79 42.93
1590 258.76 260.41 50.80 123.90 21.22
1590 320.38 257.54 25.23 61.54 20.66
1650 62.48 161.28 45.20 110.24 36.23
1650 475.46 279.69 25.23 61.54 4.09
1680 223.88 45.86 28.28 68.97 48.74
1680 100.00 166.39 50.80 123.90 37.53
1680 263.72 166.39 50.80 123.90 33.44
1680 272.39 213.04 71.30 173.91 26.76
1710 28.02 167.24 28.28 68.97 68.38
1710 424.89 169.13 35.65 86.96 34.78
1710 119.86 178.90 45.20 110.24 29.49
1710 221.71 220.55 22.47 54.79 25.13
1710 230.11 186.52 35.65 86.96 20.68
1710 16.98 167.24 28.28 68.97 19.62
1710 209.62 213.23 25.23 61.54 6.46
1710 216.89 243.17 20.00 48.78 3.06
1740 282.28 186.52 35.65 86.96 51.49
1740 94.46 158.70 35.65 86.96 46.47
1740 349.38 161.28 45.20 110.24 44.32
1740 143.15 165.65 35.65 86.96 34.99
1740 202.23 198.46 25.23 61.54 21.96
1740 493.49 207.40 22.47 54.79 20.32
1740 56.20 179.57 35.65 86.96 12.80
1740 550.11 179.57 35.65 86.96 8.47
1770 583.77 215.69 25.23 61.54 57.21
1770 415.59 170.09 45.20 110.24 53.56
1770 351.52 219.76 20.00 48.78 49.00
1770 184.02 162.44 40.00 97.56 40.33
1770 136.20 169.13 35.65 86.96 37.35
1770 394.76 193.66 40.00 97.56 32.04
1770 90.98 183.04 35.65 86.96 22.55
1770 362.22 197.03 31.71 77.35 17.54
1800 540.79 250.98 20.00 48.78 71.37
1800 361.81 29.31 28.28 68.97 63.41
1800 7.50 179.57 35.65 86.96 62.39
1800 4.21 229.51 20.00 48.78 60.69
1800 365.76 200.43 35.65 86.96 57.57
1800 84.21 215.85 20.00 48.78 39.62
1800 447.29 166.39 50.80 123.90 31.64
1800 420.00 196.51 45.20 110.24 28.58
1800 184.02 170.24 40.00 97.56 23.82
1800 198.77 91.48 80.85 197.19 20.19
1800 387.75 201.03 50.80 123.90 16.54
1800 524.57 252.76 28.28 68.97 9.71
1800 96.38 188.62 25.23 61.54 4.09
1800 119.86 161.28 45.20 110.24 3.76
1830 46.37 227.12 22.47 54.79 75.77
1830 352.95 11.23 31.71 77.35 52.99
1830 447.76 168.97 56.55 137.93 38.40
1830 70.23 156.49 50.80 123.90 37.12
1830 32.38 218.15 25.23 61.54 33.77
1830 543.15 249.13 35.65 86.96 31.94
1830 367.03 209.72 45.20 110.24 18.33
1830 22.13 181.55 31.71 77.35 5.60
