30 5.95 183.79 28.28 68.97 52.11
30 168.97 171.52 17.83 43.48 26.94
30 182.88 171.52 17.83 43.48 22.36
60 165.49 171.52 17.83 43.48 26.72
90 5.95 178.28 28.28 68.97 47.79
90 168.97 173.26 17.83 43.48 34.21
90 77.67 34.83 28.28 68.97 26.96
90 182.26 172.33 22.47 54.79 16.21
120 5.95 181.03 28.28 68.97 55.55
120 18.34 143.67 45.20 110.24 12.38
120 167.23 175.00 17.83 43.48 10.47
120 254.18 77.61 17.83 43.48 2.73
150 5.95 178.28 28.28 68.97 40.75
150 175.91 182.68 20.00 48.78 39.07
150 166.16 174.88 20.00 48.78 13.94
150 184.45 172.33 22.47 54.79 8.44
150 461.10 220.98 40.00 97.56 0.06
180 174.18 175.00 17.83 43.48 31.50
180 71.31 11.56 45.20 110.24 15.55
180 148.60 190.49 20.00 48.78 13.69
180 481.79 227.34 45.20 110.24 13.03
180 170.71 187.17 17.83 43.48 8.06
210 205.18 180.73 20.00 48.78 59.37
210 195.05 173.26 17.83 43.48 46.43
210 214.18 187.17 17.83 43.48 38.41
210 87.50 9.13 35.65 86.96 33.36
210 9.11 5.75 22.47 54.79 31.21
210 105.26 21.03 28.28 68.97 7.18
210 243.30 72.47 63.78 155.55 6.77
240 191.52 180.73 20.00 48.78 51.68
240 195.43 190.49 20.00 48.78 34.01
240 617.66 230.65 17.83 43.48 32.39
240 77.07 9.13 35.65 86.96 28.48
240 210.71 194.13 17.83 43.48 21.58
240 93.24 20.52 31.71 77.35 15.77
270 74.69 184.65 31.71 77.35 75.45
270 5.49 176.74 17.83 43.48 25.78
270 177.62 188.62 25.23 61.54 20.83
270 74.86 23.29 22.47 54.79 14.76
270 15.94 8.13 31.71 77.35 12.35
270 175.15 171.38 25.23 61.54 7.25
300 9.52 187.71 45.20 110.24 187.22
300 302.74 202.20 20.00 48.78 35.67
300 566.54 245.23 25.23 61.54 25.57
300 136.23 181.10 22.47 54.79 24.52
300 145.62 193.54 25.23 61.54 14.87
300 88.01 187.67 22.47 54.79 5.04
330 42.28 158.70 35.65 86.96 15.38
360 177.88 181.10 22.47 54.79 57.55
360 121.28 186.59 20.00 48.78 49.55
360 549.31 264.92 25.23 61.54 36.10
360 22.88 178.48 17.83 43.48 33.12
360 125.18 7.07 20.00 48.78 19.19
360 258.85 36.00 25.23 61.54 11.83
390 91.46 173.85 25.23 61.54 46.52
390 500.07 154.79 22.47 54.79 45.79
390 379.40 155.87 17.83 43.48 35.22
420 11.47 7.24 28.28 68.97 48.65
420 143.88 161.72 28.28 68.97 41.43
420 108.37 12.61 35.65 86.96 32.05
420 560.27 82.83 17.83 43.48 20.12
420 98.85 8.92 25.23 61.54 16.95
420 411.46 141.85 25.23 61.54 16.43
420 131.04 100.73 20.00 48.78 9.98
420 512.38 144.31 25.23 61.54 6.37
420 61.71 189.86 22.47 54.79 5.80
450 5.95 164.48 28.28 68.97 42.74
450 402.26 141.71 20.00 48.78 20.87
450 76.79 202.83 17.83 43.48 20.05
450 537.33 141.64 22.47 54.79 12.35
480 177.93 148.26 35.65 86.96 35.21
480 164.02 148.26 35.65 86.96 23.04
480 8.41 139.02 40.00 97.56 22.10
480 5.49 124.57 17.83 43.48 19.45
510 606.47 113.42 31.71 77.35 32.38
510 201.45 48.39 31.71 77.35 27.35
510 113.78 131.22 40.00 97.56 16.13
510 29.57 170.98 20.00 48.78 10.62
510 300.69 144.31 25.23 61.54 1.05
540 346.36 27.17 17.83 43.48 36.18
540 508.28 108.44 45.20 110.24 32.65
540 318.94 113.42 31.71 77.35 31.18
540 556.69 11.38 25.23 61.54 25.27
540 390.48 141.64 22.47 54.79 25.04
540 513.72 11.23 31.71 77.35 15.15
540 485.89 11.23 31.71 77.35 12.65
570 576.28 151.55 50.80 123.90 43.35
600 10.06 137.80 20.00 48.78 18.23
630 75.53 91.17 63.78 155.55 55.90
630 605.76 322.17 35.65 86.96 34.83
630 290.09 238.97 28.28 68.97 30.19
630 557.67 112.07 28.28 68.97 25.39
630 470.54 296.92 25.23 61.54 24.31
630 381.14 286.30 17.83 43.48 21.36
630 174.42 151.55 50.80 123.90 18.33
630 7.50 137.83 35.65 86.96 6.14
630 502.26 128.49 22.47 54.79 2.34
660 299.67 158.70 35.65 86.96 55.65
660 386.63 242.17 35.65 86.96 19.45
660 226.65 172.93 20.00 48.78 19.12
660 289.24 99.57 35.65 86.96 17.83
660 448.38 102.46 25.23 61.54 12.07
690 348.06 111.96 50.80 123.90 67.42
690 511.85 228.26 35.65 86.96 44.38
690 12.45 4.57 17.83 43.48 34.98
690 585.69 229.66 56.55 137.93 29.49
690 540.79 200.24 20.00 48.78 12.71
690 481.79 112.84 45.20 110.24 11.70
720 362.95 102.06 50.80 123.90 58.19
720 552.50 7.07 20.00 48.78 29.02
720 384.69 112.84 45.20 110.24 15.64
750 376.03 91.72 56.55 137.93 42.76
750 473.32 103.70 17.83 43.48 37.86
750 341.41 130.87 35.65 86.96 32.81
750 73.32 162.83 17.83 43.48 19.70
750 495.68 95.62 22.47 54.79 16.30
750 425.55 130.68 22.47 54.79 13.44
780 392.43 91.17 63.78 155.55 59.67
780 478.53 108.91 17.83 43.48 43.52
780 609.66 60.55 22.47 54.79 31.36
780 500.07 102.19 22.47 54.79 23.69
780 57.00 168.92 25.23 61.54 11.61
780 302.74 147.56 20.00 48.78 2.74
810 398.10 108.28 56.55 137.93 58.31
810 495.91 110.49 20.00 48.78 52.65
810 376.03 102.76 56.55 137.93 41.66
810 436.43 125.81 31.71 77.35 35.99
810 608.38 146.77 25.23 61.54 16.24
810 591.58 176.74 17.83 43.48 7.84
810 33.53 153.45 28.28 68.97 6.00
840 491.30 102.19 22.47 54.79 60.48
840 435.33 113.48 35.65 86.96 46.14
840 404.02 151.74 35.65 86.96 43.53
840 504.62 114.13 17.83 43.48 36.35
840 188.10 187.17 17.83 43.48 24.42
840 3.75 176.74 17.83 43.48 20.19
840 349.84 176.74 17.83 43.48 15.47
870 7.77 141.85 25.23 61.54 56.22
870 508.45 64.14 56.55 137.93 54.33
870 430.96 40.36 89.69 218.76 43.53
870 224.62 183.70 17.83 43.48 41.71
870 6.16 178.78 20.00 48.78 29.95
870 603.38 113.42 31.71 77.35 10.43
870 383.88 164.48 28.28 68.97 7.15
870 497.41 91.72 56.55 137.93 6.36
870 547.73 63.87 31.71 77.35 0.26
900 244.02 155.22 35.65 86.96 17.77
900 523.75 195.87 17.83 43.48 11.84
900 313.77 178.90 22.47 54.79 6.46
930 277.68 21.95 40.00 97.56 82.88
930 222.47 130.82 80.85 197.19 61.87
930 459.72 214.13 45.20 110.24 24.68
930 157.67 164.48 28.28 68.97 17.43
930 257.93 12.61 35.65 86.96 7.05
960 199.22 156.49 50.80 123.90 63.97
960 209.15 67.42 50.80 123.90 60.88
960 203.72 11.56 45.20 110.24 2.08
990 300.39 166.06 31.71 77.35 9.66
990 208.14 121.65 45.20 110.24 8.72
1020 468.90 154.63 40.00 97.56 76.06
1020 605.49 147.17 17.83 43.48 46.14
1020 65.41 175.35 31.71 77.35 36.96
1020 202.23 171.38 25.23 61.54 30.92
1020 12.45 173.26 17.83 43.48 21.09
1050 201.81 172.76 28.28 68.97 38.98
1050 6.16 215.85 20.00 48.78 29.97
1050 226.10 174.52 22.47 54.79 26.35
1050 566.46 170.24 40.00 97.56 20.61
1080 194.85 168.92 25.23 61.54 48.73
1080 175.91 178.78 20.00 48.78 35.25
1080 353.53 21.03 28.28 68.97 34.80
1080 158.35 194.39 20.00 48.78 23.74
1080 510.49 141.04 63.78 155.55 8.09
1110 451.85 5.75 22.47 54.79 39.27
1110 152.16 161.72 28.28 68.97 39.21
1110 128.38 168.92 25.23 61.54 34.50
1110 532.08 178.77 25.23 61.54 29.95
1140 83.96 156.77 31.71 77.35 66.29
1140 35.50 111.96 50.80 123.90 55.83
1140 465.62 181.23 25.23 61.54 54.84
1140 201.99 172.33 22.47 54.79 26.06
1140 383.05 135.12 40.00 97.56 18.51
1170 6.16 184.63 20.00 48.78 57.57
1170 14.46 151.74 35.65 86.96 47.26
1170 349.86 14.32 31.71 77.35 44.79
1170 328.71 18.28 28.28 68.97 23.15
1170 367.03 117.25 45.20 110.24 8.35
1200 304.62 20.22 17.83 43.48 51.50
1200 37.38 180.73 20.00 48.78 47.55
1200 324.21 20.73 20.00 48.78 31.16
1200 11.90 14.48 56.55 137.93 24.81
1230 345.26 142.41 28.28 68.97 5.62
1230 593.32 4.57 17.83 43.48 0.21
1260 163.75 166.30 17.83 43.48 58.55
1260 429.93 135.07 22.47 54.79 27.49
1260 541.71 7.95 22.47 54.79 22.34
1260 499.40 4.57 17.83 43.48 16.24
1290 6.92 152.60 22.47 54.79 48.06
1290 205.18 161.22 20.00 48.78 28.68
1290 239.25 161.37 22.47 54.79 12.64
1290 113.62 151.69 25.23 61.54 11.32
1320 111.52 170.98 20.00 48.78 37.96
1320 578.85 178.77 25.23 61.54 27.18
1320 514.85 164.00 25.23 61.54 16.71
1320 197.60 165.75 22.47 54.79 15.44
1320 79.15 168.92 25.23 61.54 6.00
1350 571.47 145.17 28.28 68.97 74.39
1350 353.48 165.12 20.00 48.78 43.96
1350 35.41 143.84 22.47 54.79 37.76
1350 72.16 139.66 28.28 68.97 27.80
1350 28.10 157.61 17.83 43.48 20.40
1350 591.85 137.83 35.65 86.96 9.50
1350 485.31 6.46 25.23 61.54 7.99
1380 386.65 174.88 20.00 48.78 55.08
1380 198.36 132.00 31.71 77.35 22.15
1380 379.40 175.00 17.83 43.48 18.30
1380 5.49 155.87 17.83 43.48 9.08
1380 96.38 144.31 25.23 61.54 3.07
1410 153.00 146.77 25.23 61.54 31.17
1410 72.16 134.14 28.28 68.97 25.27
1410 411.69 172.26 31.71 77.35 21.62
1410 492.33 40.36 89.69 218.76 13.77
1440 580.17 146.90 56.55 137.93 66.10
1440 131.85 148.22 22.47 54.79 44.63
1440 4.73 126.30 22.47 54.79 41.54
1440 570.98 120.43 35.65 86.96 35.52
1440 530.62 178.03 80.85 197.19 34.94
1440 339.82 7.07 20.00 48.78 25.94
1440 85.49 95.00 17.83 43.48 20.97
1440 20.07 108.77 22.47 54.79 18.81
1440 423.77 159.08 25.23 61.54 16.72
1440 514.85 80.31 25.23 61.54 15.07
1440 39.05 123.10 28.28 68.97 11.02
1440 361.99 62.74 22.47 54.79 10.13
1470 499.45 156.88 45.20 110.24 59.51
1470 532.27 190.84 31.71 77.35 36.16
1470 602.28 9.13 35.65 86.96 32.96
1470 499.40 4.57 17.83 43.48 32.94
1470 15.91 5.12 20.00 48.78 18.75
1500 44.57 139.66 28.28 68.97 45.49
1500 452.84 12.76 28.28 68.97 25.83
1500 471.58 5.75 22.47 54.79 20.53
1500 25.67 149.51 20.00 48.78 19.67
1500 485.49 157.61 17.83 43.48 9.59
1530 39.79 141.64 22.47 54.79 29.35
1530 372.99 26.59 20.00 48.78 9.53
1560 7.23 162.83 17.83 43.48 66.89
1560 356.29 136.90 28.28 68.97 49.36
1560 303.88 123.10 28.28 68.97 26.18
1560 500.08 159.08 25.23 61.54 23.16
1560 546.65 53.90 20.00 48.78 16.29
1560 574.18 164.57 17.83 43.48 9.51
1590 374.59 138.19 31.71 77.35 52.02
1590 496.98 7.24 28.28 68.97 -0.84
1620 172.45 147.17 17.83 43.48 58.24
1620 7.50 137.83 35.65 86.96 34.88
1620 491.94 52.58 50.80 123.90 29.01
1620 520.27 176.74 17.83 43.48 24.31
1620 296.23 117.53 22.47 54.79 8.72
1650 601.00 117.23 25.23 61.54 65.64
1650 7.50 137.83 35.65 86.96 22.96
1650 498.06 53.77 63.78 155.55 21.88
1650 439.05 125.86 28.28 68.97 20.77
1650 479.42 72.47 63.78 155.55 20.42
1650 268.10 131.52 17.83 43.48 11.69
1650 324.51 80.49 40.00 97.56 5.17
1680 114.32 14.52 22.47 54.79 61.65
1680 587.92 135.10 31.71 77.35 53.85
1680 476.71 123.41 40.00 97.56 37.33
1680 151.58 137.26 22.47 54.79 26.84
1680 322.85 122.15 25.23 61.54 19.56
1710 591.58 181.96 17.83 43.48 28.77
1710 318.15 69.32 22.47 54.79 20.06
1710 584.62 180.22 17.83 43.48 18.37
1710 79.25 10.14 22.47 54.79 15.96
1710 563.19 158.97 28.28 68.97 13.25
1710 367.13 165.12 20.00 48.78 10.61
1710 88.11 161.22 20.00 48.78 6.65
1740 83.96 162.97 31.71 77.35 33.45
1740 406.54 171.38 25.23 61.54 28.40
1740 320.43 34.83 28.28 68.97 21.08
1740 460.78 84.94 63.78 155.55 5.94
1770 21.14 188.91 17.83 43.48 13.93
1770 224.62 164.57 17.83 43.48 13.81
1770 603.46 40.92 25.23 61.54 5.00
1770 461.10 170.24 40.00 97.56 2.94
1800 615.92 159.35 17.83 43.48 47.96
1800 607.23 162.83 17.83 43.48 29.64
1830 141.12 161.72 28.28 68.97 26.86
1830 348.37 120.43 35.65 86.96 19.39
1830 78.35 169.02 20.00 48.78 10.00
1830 454.18 35.87 17.83 43.48 9.96
1830 400.54 137.83 35.65 86.96 9.71
1830 85.82 165.75 22.47 54.79 3.33
