30 403.19 131.38 28.28 68.97 46.52
30 364.57 139.66 28.28 68.97 33.57
30 429.88 127.32 40.00 97.56 22.84
30 529.24 82.17 35.65 86.96 14.02
60 12.01 89.02 20.00 48.78 53.78
60 543.15 82.17 35.65 86.96 22.84
60 487.23 195.87 17.83 43.48 17.65
60 364.57 142.41 28.28 68.97 10.26
60 424.41 112.84 45.20 110.24 7.62
60 80.16 107.01 50.80 123.90 7.10
90 379.67 137.83 35.65 86.96 41.70
90 477.38 90.83 45.20 110.24 23.06
90 532.99 202.20 20.00 48.78 20.07
90 544.62 199.35 17.83 43.48 17.98
90 6.67 119.61 31.71 77.35 7.19
120 77.07 141.30 35.65 86.96 56.29
120 393.59 137.83 35.65 86.96 40.93
120 494.22 114.83 28.28 68.97 6.96
120 420.00 130.46 45.20 110.24 4.12
150 504.62 155.87 17.83 43.48 42.97
150 52.72 130.87 35.65 86.96 40.23
150 402.34 121.65 45.20 110.24 35.92
150 511.85 113.48 35.65 86.96 34.65
180 7.23 135.00 17.83 43.48 31.77
180 518.80 89.13 35.65 86.96 17.21
180 409.14 97.24 56.55 137.93 16.83
180 526.37 62.74 22.47 54.79 15.89
180 452.72 151.74 35.65 86.96 14.18
210 527.33 56.90 28.28 68.97 16.04
210 525.93 86.42 45.20 110.24 11.25
240 410.21 150.41 22.47 54.79 17.35
240 522.28 36.96 35.65 86.96 13.49
240 91.47 156.21 28.28 68.97 13.47
270 519.79 97.81 22.47 54.79 23.48
270 74.45 174.88 20.00 48.78 17.38
270 3.75 152.39 17.83 43.48 10.62
270 394.86 132.88 22.47 54.79 5.68
300 592.14 15.96 45.20 110.24 67.25
300 10.06 120.24 20.00 48.78 43.97
300 476.79 25.43 17.83 43.48 7.04
330 483.19 78.97 28.28 68.97 35.40
330 95.91 180.73 20.00 48.78 9.19
360 5.31 176.31 25.23 61.54 32.39
360 591.16 32.78 50.80 123.90 29.10
360 118.54 166.46 25.23 61.54 22.91
360 495.17 73.16 31.71 77.35 13.61
390 8.71 164.48 28.28 68.97 71.03
390 600.29 51.48 31.71 77.35 30.77
390 22.54 181.23 25.23 61.54 24.82
390 544.62 201.09 17.83 43.48 18.91
390 410.06 165.12 20.00 48.78 6.48
390 6.67 42.19 31.71 77.35 5.70
420 231.58 168.04 17.83 43.48 41.06
420 6.67 156.77 31.71 77.35 21.06
450 236.40 165.12 20.00 48.78 45.99
450 591.85 19.57 35.65 86.96 45.83
450 453.31 159.08 25.23 61.54 27.14
450 189.92 171.38 25.23 61.54 7.23
480 232.67 156.99 22.47 54.79 36.00
480 484.02 148.26 35.65 86.96 33.07
480 618.42 14.52 22.47 54.79 7.61
510 129.24 134.35 35.65 86.96 67.47
510 9.76 150.58 31.71 77.35 31.47
510 237.05 161.37 22.47 54.79 27.91
510 546.95 146.83 40.00 97.56 26.30
540 125.49 181.96 17.83 43.48 28.79
540 611.04 206.10 20.00 48.78 21.09
540 471.58 165.75 22.47 54.79 12.72
540 213.82 156.77 31.71 77.35 8.09
570 92.01 180.73 20.00 48.78 57.85
600 496.22 135.12 40.00 97.56 11.97
630 521.81 153.45 28.28 68.97 35.69
630 98.17 127.32 40.00 97.56 19.82
660 78.66 123.41 40.00 97.56 51.36
660 539.52 165.75 22.47 54.79 41.50
660 201.28 139.76 20.00 48.78 13.40
690 193.48 135.85 20.00 48.78 68.62
720 189.84 140.22 17.83 43.48 56.11
720 6.92 163.56 22.47 54.79 26.42
720 534.54 164.00 25.23 61.54 17.58
750 187.62 143.66 20.00 48.78 56.66
750 534.54 168.92 25.23 61.54 26.38
750 7.23 178.48 17.83 43.48 21.17
780 188.10 148.91 17.83 43.48 58.64
780 59.40 181.96 17.83 43.48 26.14
810 187.62 151.46 20.00 48.78 48.37
840 189.84 154.13 17.83 43.48 56.01
840 534.54 178.77 25.23 61.54 31.36
870 189.57 153.41 20.00 48.78 41.49
870 4.21 190.49 20.00 48.78 19.05
870 535.14 183.29 22.47 54.79 16.37
870 8.11 180.73 20.00 48.78 15.31
900 188.10 157.61 17.83 43.48 58.63
900 534.54 181.23 25.23 61.54 37.13
900 4.73 174.52 22.47 54.79 23.36
930 534.54 183.69 25.23 61.54 45.23
930 187.62 157.32 20.00 48.78 27.05
930 7.23 183.70 17.83 43.48 15.09
960 187.62 161.22 20.00 48.78 22.42
960 7.23 185.43 17.83 43.48 20.94
960 537.00 186.15 25.23 61.54 15.27
990 5.49 187.17 17.83 43.48 44.78
990 534.54 183.69 25.23 61.54 23.70
1020 539.46 186.15 25.23 61.54 59.12
1020 4.73 187.67 22.47 54.79 51.54
1020 389.84 185.43 17.83 43.48 2.53
1050 191.85 165.65 35.65 86.96 3.12
1080 47.13 194.39 20.00 48.78 57.09
1080 532.72 123.91 35.65 86.96 54.94
1080 566.46 162.44 40.00 97.56 41.90
1080 394.86 174.52 22.47 54.79 36.83
1080 82.56 142.93 40.00 97.56 18.64
1080 358.80 151.74 35.65 86.96 14.31
1080 108.69 176.31 25.23 61.54 11.60
1080 12.32 162.44 40.00 97.56 4.82
1110 182.90 169.16 31.71 77.35 99.65
1110 391.77 171.38 25.23 61.54 40.63
1110 524.69 188.62 25.23 61.54 27.79
1110 588.02 194.83 28.28 68.97 18.42
1110 66.90 143.67 45.20 110.24 16.48
1110 566.46 135.12 40.00 97.56 15.63
1140 535.60 189.31 28.28 68.97 57.47
1140 389.31 176.31 25.23 61.54 51.21
1140 170.53 166.06 31.71 77.35 38.88
1140 191.58 199.35 17.83 43.48 34.77
1140 564.21 192.44 20.00 48.78 15.34
1140 369.24 151.74 35.65 86.96 9.85
1140 55.24 146.83 40.00 97.56 7.02
1170 164.35 169.16 31.71 77.35 118.39
1170 383.88 170.00 28.28 68.97 94.94
1170 594.11 107.23 31.71 77.35 42.73
1170 44.83 143.67 45.20 110.24 28.47
1170 359.79 178.90 22.47 54.79 26.59
1170 87.05 169.16 31.71 77.35 12.91
1200 45.43 136.70 50.80 123.90 77.62
1200 393.14 166.06 31.71 77.35 73.05
1200 381.12 172.76 28.28 68.97 65.53
1200 164.02 162.17 35.65 86.96 42.99
1200 182.50 175.52 28.28 68.97 0.92
1230 407.50 162.17 35.65 86.96 51.15
1230 55.35 146.60 50.80 123.90 35.74
1230 173.62 166.06 31.71 77.35 23.23
1230 598.54 186.15 25.23 61.54 21.11
1260 31.59 139.27 45.20 110.24 65.17
1260 150.11 151.74 35.65 86.96 53.58
1260 421.77 190.49 20.00 48.78 39.78
1260 462.88 79.35 17.83 43.48 10.90
1290 145.80 156.77 31.71 77.35 80.01
1290 445.92 191.08 25.23 61.54 61.46
1290 52.84 211.38 28.28 68.97 44.82
1290 9.11 224.93 22.47 54.79 34.82
1290 482.01 63.70 17.83 43.48 27.51
1290 165.31 171.38 25.23 61.54 25.28
1290 461.12 175.52 28.28 68.97 20.09
1290 27.17 134.86 45.20 110.24 15.37
1320 479.71 184.65 31.71 77.35 81.16
1320 129.24 148.26 35.65 86.96 78.57
1320 76.40 221.71 20.00 48.78 4.57
1350 504.45 198.63 22.47 54.79 43.20
1350 552.59 141.38 56.55 137.93 41.60
1350 552.59 86.21 56.55 137.93 20.56
1350 118.53 143.70 17.83 43.48 5.83
1380 568.01 192.05 22.47 54.79 56.04
1380 594.11 193.94 31.71 77.35 27.81
1380 98.85 129.54 25.23 61.54 26.33
1380 477.07 155.22 35.65 86.96 3.91
1410 80.14 130.46 45.20 110.24 45.39
1410 59.67 151.74 35.65 86.96 13.13
1410 457.21 131.75 50.80 123.90 12.68
1440 66.90 130.46 45.20 110.24 124.34
1440 90.98 148.26 35.65 86.96 46.89
1440 592.12 146.03 22.47 54.79 32.55
1440 615.77 6.46 25.23 61.54 10.49
1440 435.43 211.95 20.00 48.78 2.39
1470 33.97 102.76 56.55 137.93 49.88
1470 449.24 203.91 35.65 86.96 14.22
1500 421.14 188.91 17.83 43.48 91.93
1500 11.90 108.28 56.55 137.93 30.21
1500 70.55 50.00 20.00 48.78 26.75
1500 43.54 139.02 40.00 97.56 18.46
1500 58.07 139.27 45.20 110.24 12.31
1500 595.43 131.95 20.00 48.78 9.85
1500 454.98 209.42 31.71 77.35 2.21
1530 431.52 192.44 20.00 48.78 170.57
1530 276.08 154.15 25.23 61.54 30.28
1530 6.16 192.44 20.00 48.78 24.57
1530 84.08 181.23 25.23 61.54 20.09
1530 392.59 25.52 56.55 137.93 19.92
1530 585.98 260.00 40.00 97.56 5.59
1560 480.43 183.79 28.28 68.97 200.27
1560 394.45 9.02 20.00 48.78 45.00
1560 512.69 161.28 45.20 110.24 38.87
1560 554.86 207.40 22.47 54.79 29.69
1560 404.02 9.13 35.65 86.96 21.54
1560 614.94 12.93 20.00 48.78 7.86
1590 592.14 178.90 45.20 110.24 217.51
1590 606.47 70.06 31.71 77.35 37.77
1590 454.04 146.03 22.47 54.79 10.09
1590 3.75 197.61 17.83 43.48 8.87
1590 488.97 147.17 17.83 43.48 4.91
1620 543.90 141.64 22.47 54.79 43.43
1620 484.73 137.26 22.47 54.79 37.97
1620 14.18 108.91 17.83 43.48 31.90
1620 94.46 151.74 35.65 86.96 12.89
1620 73.59 151.74 35.65 86.96 9.66
1650 25.26 175.52 28.28 68.97 39.68
1650 90.37 131.22 40.00 97.56 37.94
1650 146.64 156.21 28.28 68.97 34.25
1680 557.61 136.52 71.30 173.91 50.60
1680 5.31 87.69 25.23 61.54 22.58
1680 10.70 111.96 50.80 123.90 21.07
1680 392.71 166.39 50.80 123.90 14.15
1680 563.62 224.14 56.55 137.93 13.65
1680 464.25 156.77 31.71 77.35 2.32
1710 543.15 235.22 35.65 86.96 27.53
1710 27.17 130.46 45.20 110.24 18.73
1710 177.62 159.08 25.23 61.54 9.98
1710 12.32 150.73 40.00 97.56 9.42
1710 146.64 156.21 28.28 68.97 3.27
1740 341.14 147.17 17.83 43.48 68.18
1740 161.26 147.48 31.71 77.35 22.22
1740 3.75 154.13 17.83 43.48 16.09
1740 470.54 63.08 25.23 61.54 15.99
1740 511.83 181.95 40.00 97.56 2.62
1770 544.64 8.13 31.71 77.35 69.08
1770 592.14 152.48 45.20 110.24 39.63
1770 162.85 151.69 25.23 61.54 22.33
1770 324.73 154.79 22.47 54.79 10.47
1800 363.23 172.93 20.00 48.78 105.90
1800 138.23 136.92 25.23 61.54 21.61
1800 469.84 74.13 17.83 43.48 1.80
1830 256.38 164.00 25.23 61.54 98.93
1830 246.54 164.00 25.23 61.54 62.70
1830 18.34 121.65 45.20 110.24 22.82
1830 383.90 45.21 22.47 54.79 18.68
