30 4.73 165.75 22.47 54.79 20.81
30 392.67 146.03 22.47 54.79 9.62
90 422.48 82.27 50.80 123.90 12.23
180 88.01 152.60 22.47 54.79 82.98
180 501.86 131.75 50.80 123.90 48.14
180 101.16 159.18 22.47 54.79 38.14
180 377.66 133.26 17.83 43.48 33.23
180 441.00 151.69 25.23 61.54 26.96
210 460.79 163.17 20.00 48.78 59.65
210 369.09 124.15 20.00 48.78 34.29
210 607.33 147.93 28.28 68.97 31.44
210 77.05 148.22 22.47 54.79 19.24
210 547.77 128.57 63.78 155.55 16.86
210 9.52 121.65 45.20 110.24 4.15
240 476.79 169.78 17.83 43.48 144.16
240 115.43 12.93 20.00 48.78 51.77
240 165.49 67.17 17.83 43.48 42.09
240 483.75 173.26 17.83 43.48 24.00
240 563.75 4.57 17.83 43.48 19.62
240 368.41 101.03 31.71 77.35 13.37
240 84.21 10.98 20.00 48.78 8.21
270 495.91 170.98 20.00 48.78 131.92
270 488.11 174.88 20.00 48.78 26.22
270 591.15 38.46 25.23 61.54 20.32
270 567.23 6.30 17.83 43.48 19.20
300 519.79 174.52 22.47 54.79 136.07
300 285.92 171.38 25.23 61.54 49.41
300 499.40 164.57 17.83 43.48 48.95
300 568.97 8.04 17.83 43.48 10.36
330 552.16 186.55 28.28 68.97 210.29
330 421.16 141.64 22.47 54.79 42.33
330 518.80 155.22 35.65 86.96 39.27
330 572.45 16.74 17.83 43.48 36.08
330 135.60 59.66 28.28 68.97 31.91
330 294.04 198.63 22.47 54.79 20.46
360 597.20 197.03 31.71 77.35 197.75
360 527.33 161.72 28.28 68.97 60.95
360 130.09 65.17 28.28 68.97 39.27
360 371.50 128.90 31.71 77.35 28.03
360 38.80 165.65 35.65 86.96 17.94
390 24.45 7.95 22.47 54.79 20.89
390 118.54 63.08 25.23 61.54 13.02
390 525.18 180.73 20.00 48.78 10.53
390 298.84 208.05 20.00 48.78 8.56
390 377.68 132.00 31.71 77.35 4.17
420 198.36 166.06 31.71 77.35 45.21
420 15.15 6.46 25.23 61.54 24.84
420 117.97 57.68 31.71 77.35 24.09
420 155.07 175.35 31.71 77.35 15.07
420 542.88 91.52 17.83 43.48 9.32
450 71.59 197.03 31.71 77.35 49.68
450 5.95 10.00 28.28 68.97 36.91
450 394.86 185.48 22.47 54.79 26.03
450 572.46 169.16 31.71 77.35 16.19
450 565.49 185.43 17.83 43.48 15.01
450 534.54 173.85 25.23 61.54 9.99
480 394.45 186.59 20.00 48.78 42.52
480 600.29 42.19 31.71 77.35 28.01
480 39.77 6.46 25.23 61.54 23.09
480 378.36 51.38 28.28 68.97 9.76
480 170.06 188.54 20.00 48.78 6.03
510 57.00 186.15 25.23 61.54 53.00
510 160.30 190.49 20.00 48.78 52.43
510 8.71 192.07 28.28 68.97 39.29
510 25.26 186.55 28.28 68.97 38.19
510 8.11 5.12 20.00 48.78 19.75
510 50.71 201.09 17.83 43.48 15.24
510 66.64 12.76 28.28 68.97 13.91
510 96.78 62.74 22.47 54.79 6.23
510 375.69 35.51 100.71 245.62 2.97
540 25.22 181.55 31.71 77.35 58.34
540 12.85 178.45 31.71 77.35 41.64
540 68.60 196.34 20.00 48.78 8.46
570 421.77 184.63 20.00 48.78 57.99
570 68.29 43.01 22.47 54.79 47.28
570 47.15 26.15 25.23 61.54 34.07
570 59.52 40.82 22.47 54.79 26.99
570 12.69 107.38 25.23 61.54 18.35
600 435.43 186.59 20.00 48.78 11.36
600 6.67 125.81 31.71 77.35 10.03
630 386.96 166.06 31.71 77.35 54.15
630 4.73 5.75 22.47 54.79 48.06
630 523.00 187.74 31.71 77.35 46.36
630 9.11 78.08 22.47 54.79 39.87
630 233.32 173.26 17.83 43.48 37.26
630 36.00 143.67 45.20 110.24 33.94
630 619.40 221.96 17.83 43.48 14.70
630 435.92 128.57 63.78 155.55 9.98
660 5.31 6.46 25.23 61.54 90.87
660 574.22 7.24 28.28 68.97 76.03
660 602.28 186.52 35.65 86.96 66.25
660 408.71 175.52 28.28 68.97 58.78
660 10.98 162.17 35.65 86.96 52.29
660 560.10 8.13 31.71 77.35 27.29
660 501.14 202.83 17.83 43.48 26.46
660 63.11 103.64 63.78 155.55 24.04
660 351.52 186.59 20.00 48.78 21.22
690 35.87 80.87 71.30 173.91 79.83
690 292.84 172.76 28.28 68.97 39.50
690 221.14 173.26 17.83 43.48 32.50
690 519.33 165.12 20.00 48.78 19.64
690 189.57 172.93 20.00 48.78 7.10
720 217.33 176.71 22.47 54.79 39.91
720 544.70 157.32 20.00 48.78 31.89
720 564.21 157.32 20.00 48.78 18.15
720 50.75 196.44 22.47 54.79 13.54
720 591.16 92.16 50.80 123.90 13.35
720 454.94 59.76 20.00 48.78 6.32
750 66.63 169.13 35.65 86.96 87.43
750 180.07 172.33 22.47 54.79 38.92
750 450.09 18.28 28.28 68.97 31.12
750 530.75 152.60 22.47 54.79 18.87
750 611.85 161.37 22.47 54.79 8.26
750 552.50 12.93 20.00 48.78 4.60
780 256.78 25.48 22.47 54.79 22.31
810 304.62 157.61 17.83 43.48 63.20
810 316.40 151.46 20.00 48.78 31.66
810 229.28 8.13 31.71 77.35 24.56
810 115.33 144.78 35.65 86.96 15.34
810 529.62 21.23 25.23 61.54 14.99
810 9.76 162.97 31.71 77.35 11.99
810 459.40 32.39 17.83 43.48 10.25
840 586.20 166.39 50.80 123.90 62.22
840 330.23 132.00 25.23 61.54 54.30
840 110.78 170.00 28.28 68.97 42.29
840 158.15 163.56 22.47 54.79 14.11
840 173.49 12.33 22.47 54.79 12.19
840 4.21 211.95 20.00 48.78 10.80
840 325.12 20.52 31.71 77.35 8.91
840 82.26 196.34 20.00 48.78 7.90
870 197.31 156.62 25.23 61.54 51.20
870 268.02 131.38 28.28 68.97 49.14
870 175.68 163.56 22.47 54.79 39.17
870 29.92 171.38 25.23 61.54 35.15
870 5.31 183.69 25.23 61.54 27.23
870 499.45 174.50 45.20 110.24 16.21
900 199.77 164.00 25.23 61.54 39.82
900 186.64 161.37 22.47 54.79 39.72
900 274.32 152.60 22.47 54.79 26.12
900 118.53 4.57 17.83 43.48 10.53
900 208.56 7.95 22.47 54.79 5.04
930 184.45 176.71 22.47 54.79 47.39
930 161.26 153.68 31.71 77.35 25.98
930 264.89 137.83 35.65 86.96 16.80
930 289.66 156.99 22.47 54.79 12.16
930 12.01 219.76 20.00 48.78 8.16
960 7.50 148.26 35.65 86.96 81.94
960 314.91 147.93 28.28 68.97 62.75
960 22.76 143.67 45.20 110.24 44.21
960 175.68 163.56 22.47 54.79 30.84
990 10.98 151.74 35.65 86.96 36.34
990 42.23 171.38 25.23 61.54 33.17
990 12.69 60.62 25.23 61.54 21.09
990 597.68 244.39 40.00 97.56 18.86
990 539.67 242.17 35.65 86.96 18.28
1020 611.85 47.40 22.47 54.79 31.63
1050 170.98 144.78 35.65 86.96 21.86
1050 456.23 5.75 22.47 54.79 11.96
1080 431.58 9.78 17.83 43.48 35.91
1080 495.91 14.88 20.00 48.78 13.35
1080 397.67 181.24 50.80 123.90 0.83
1110 165.95 158.97 28.28 68.97 37.35
1110 187.46 166.46 25.23 61.54 29.43
1110 150.55 9.02 20.00 48.78 12.03
1140 125.49 139.02 40.00 97.56 64.64
1140 472.16 7.24 28.28 68.97 19.66
1140 566.46 131.22 40.00 97.56 18.63
1170 116.72 130.34 56.55 137.93 22.57
1170 482.85 129.54 25.23 61.54 6.33
1170 333.09 83.61 80.85 197.19 5.49
1170 504.44 209.42 31.71 77.35 3.10
1200 586.36 136.74 17.83 43.48 30.59
1200 9.11 174.52 22.47 54.79 22.12
1200 450.85 183.69 25.23 61.54 17.66
1200 52.84 134.14 28.28 68.97 16.18
1230 13.96 176.83 20.00 48.78 64.70
1230 15.94 122.71 31.71 77.35 53.91
1230 41.99 181.10 22.47 54.79 46.66
1230 458.07 162.97 31.71 77.35 37.42
1230 6.16 180.73 20.00 48.78 28.23
1230 61.92 183.69 25.23 61.54 12.73
1230 589.88 162.44 40.00 97.56 8.11
1230 33.32 185.43 17.83 43.48 0.56
1260 77.67 150.69 28.28 68.97 58.38
1260 4.73 174.52 22.47 54.79 53.04
1260 369.09 256.83 20.00 48.78 20.01
1260 40.27 180.22 17.83 43.48 19.21
1260 104.96 111.96 50.80 123.90 18.68
1260 384.38 176.31 25.23 61.54 16.14
1290 15.92 185.43 17.83 43.48 45.90
1290 497.62 173.85 25.23 61.54 27.88
1290 363.75 79.35 17.83 43.48 19.46
1290 242.26 295.85 20.00 48.78 14.51
1290 465.00 159.18 22.47 54.79 13.75
1290 390.11 176.09 35.65 86.96 7.32
1320 6.16 186.59 20.00 48.78 128.46
1320 496.98 175.52 28.28 68.97 29.26
1320 556.79 4.57 17.83 43.48 21.85
1320 540.79 159.27 20.00 48.78 16.89
1320 379.46 301.85 25.23 61.54 11.87
1320 469.38 165.75 22.47 54.79 1.84
1350 102.21 183.30 45.20 110.24 45.63
1350 381.12 307.93 28.28 68.97 31.64
1350 107.62 151.46 20.00 48.78 28.04
1350 490.23 188.62 25.23 61.54 26.47
1350 226.85 321.54 25.23 61.54 23.69
1350 140.79 233.41 20.00 48.78 18.92
1350 92.01 247.07 20.00 48.78 15.35
1350 349.84 82.83 17.83 43.48 11.82
1380 4.21 198.29 20.00 48.78 75.95
1380 229.84 329.78 17.83 43.48 38.04
1380 35.05 199.35 17.83 43.48 23.43
1410 4.21 202.20 20.00 48.78 81.34
1410 228.60 332.93 20.00 48.78 28.28
1410 148.60 5.12 20.00 48.78 25.81
1410 31.58 204.57 17.83 43.48 25.73
1410 12.01 200.24 20.00 48.78 3.11
1440 133.31 191.08 25.23 61.54 31.09
1440 482.80 175.35 31.71 77.35 16.36
1440 226.65 332.93 20.00 48.78 7.13
1470 150.55 7.07 20.00 48.78 21.87
1500 6.16 204.15 20.00 48.78 130.65
1500 149.38 5.75 22.47 54.79 37.59
1500 226.85 331.38 25.23 61.54 17.88
1500 546.63 179.57 35.65 86.96 13.84
1500 574.59 233.70 22.47 54.79 12.35
1500 578.97 198.63 22.47 54.79 10.22
1500 341.77 87.07 20.00 48.78 7.22
1530 576.78 231.51 22.47 54.79 21.57
1560 6.16 202.20 20.00 48.78 120.86
1590 406.46 181.95 40.00 97.56 9.82
1620 433.33 209.42 31.71 77.35 35.30
1620 248.11 215.85 20.00 48.78 30.81
1620 124.57 225.17 28.28 68.97 25.07
1620 150.55 14.88 20.00 48.78 15.34
1620 447.13 9.02 20.00 48.78 12.77
1650 4.21 211.95 20.00 48.78 55.23
1650 22.50 192.07 28.28 68.97 24.81
1650 450.85 6.46 25.23 61.54 20.62
1650 477.67 186.55 28.28 68.97 9.27
1680 10.23 267.38 25.23 61.54 48.09
1680 66.63 228.26 35.65 86.96 33.11
1680 365.18 210.00 20.00 48.78 8.62
1680 154.45 192.44 20.00 48.78 5.47
1710 143.88 10.00 28.28 68.97 28.12
1710 516.79 11.52 17.83 43.48 25.29
1710 6.92 73.70 22.47 54.79 23.77
1710 381.12 211.38 28.28 68.97 19.67
1710 128.97 8.04 17.83 43.48 10.32
1710 12.85 175.35 31.71 77.35 1.80
1740 383.86 200.13 31.71 77.35 52.64
1740 330.71 281.09 17.83 43.48 18.81
1740 520.27 4.57 17.83 43.48 7.37
1770 378.84 295.85 20.00 48.78 25.00
1770 224.62 303.70 17.83 43.48 19.14
1770 380.77 197.03 31.71 77.35 16.93
1770 469.40 172.76 28.28 68.97 14.94
1770 362.22 190.84 31.71 77.35 14.12
1800 386.63 203.91 35.65 86.96 48.39
1800 264.62 84.57 17.83 43.48 31.10
1800 204.69 319.08 25.23 61.54 13.91
1830 476.62 162.97 31.71 77.35 16.85
1830 371.34 189.76 40.00 97.56 12.51
1830 175.15 336.31 25.23 61.54 4.55
