30 39.33 299.76 20.00 48.78 36.27
30 485.89 200.13 31.71 77.35 24.13
30 417.87 237.29 31.71 77.35 16.55
30 352.95 193.94 31.71 77.35 13.58
30 95.92 286.30 17.83 43.48 13.42
30 151.58 176.71 22.47 54.79 10.91
30 491.11 217.38 80.85 197.19 7.43
60 29.84 317.61 17.83 43.48 36.33
60 483.21 217.38 80.85 197.19 28.34
60 529.78 87.83 71.30 173.91 15.89
60 417.87 237.29 31.71 77.35 9.53
90 29.57 305.61 20.00 48.78 22.47
90 318.48 130.46 45.20 110.24 16.10
90 492.33 214.91 89.69 218.76 13.75
90 417.93 235.22 35.65 86.96 13.48
120 417.93 238.70 35.65 86.96 24.14
120 483.56 214.91 89.69 218.76 23.89
120 28.84 292.88 22.47 54.79 17.35
150 483.56 214.91 89.69 218.76 27.90
150 31.58 322.83 17.83 43.48 24.61
150 417.93 238.70 35.65 86.96 19.91
150 424.06 203.23 31.71 77.35 15.16
150 316.99 110.18 89.69 218.76 14.83
150 31.03 292.88 22.47 54.79 8.86
150 526.67 136.70 50.80 123.90 0.25
180 35.43 301.71 20.00 48.78 27.74
180 521.71 290.10 50.80 123.90 21.72
180 424.06 206.32 31.71 77.35 19.67
180 322.90 130.46 45.20 110.24 13.68
180 417.93 238.70 35.65 86.96 12.83
210 47.23 303.70 17.83 43.48 34.69
210 495.17 203.23 31.71 77.35 25.51
210 3.75 251.52 17.83 43.48 22.77
210 320.61 142.93 40.00 97.56 19.92
210 521.71 290.10 50.80 123.90 8.25
210 33.48 307.56 20.00 48.78 5.00
240 492.32 201.46 40.00 97.56 24.10
240 525.00 290.34 56.55 137.93 11.08
270 503.69 221.63 100.71 245.62 41.30
270 71.58 293.26 17.83 43.48 33.07
270 78.35 288.05 20.00 48.78 27.46
270 324.51 131.22 40.00 97.56 2.35
300 320.86 135.86 56.55 137.93 26.43
300 523.38 231.43 100.71 245.62 17.79
300 541.55 152.41 56.55 137.93 13.63
330 543.08 162.86 100.71 245.62 52.47
330 315.34 135.86 56.55 137.93 17.27
360 499.45 218.53 45.20 110.24 13.60
390 574.48 236.15 45.20 110.24 22.41
390 149.84 279.35 17.83 43.48 6.25
420 445.76 196.96 35.65 86.96 51.40
420 119.05 288.62 28.28 68.97 12.38
450 477.67 183.79 28.28 68.97 49.32
450 451.88 172.26 31.71 77.35 24.18
450 505.00 176.31 25.23 61.54 23.00
450 177.41 207.59 56.55 137.93 14.14
480 458.42 194.25 22.47 54.79 116.00
480 484.73 185.48 22.47 54.79 84.58
480 525.49 185.43 17.83 43.48 66.37
480 539.46 188.62 25.23 61.54 48.03
480 467.34 175.35 31.71 77.35 27.61
480 4.21 336.83 20.00 48.78 25.17
480 10.06 170.98 20.00 48.78 24.65
510 572.40 187.67 22.47 54.79 85.31
510 544.38 181.23 25.23 61.54 75.12
510 596.29 181.03 28.28 68.97 68.28
510 472.16 189.31 28.28 68.97 57.66
510 563.19 203.10 28.28 68.97 40.01
510 581.74 181.55 31.71 77.35 32.66
510 328.04 73.91 71.30 173.91 30.95
510 165.95 128.62 28.28 68.97 13.43
510 456.23 10.14 22.47 54.79 12.55
510 490.98 172.61 35.65 86.96 8.59
540 593.53 183.79 28.28 68.97 174.67
540 605.76 183.04 35.65 86.96 84.35
540 515.33 190.00 35.65 86.96 80.07
540 458.42 187.67 22.47 54.79 46.54
540 536.59 176.29 50.80 123.90 16.85
540 199.05 205.86 28.28 68.97 16.18
540 583.77 183.69 25.23 61.54 16.09
570 537.66 70.65 17.83 43.48 25.29
570 519.63 170.24 40.00 97.56 15.92
600 522.91 72.47 63.78 155.55 58.13
600 13.49 303.84 22.47 54.79 41.60
600 566.41 66.23 63.78 155.55 23.02
630 335.00 32.17 71.30 173.91 46.51
630 570.21 128.49 22.47 54.79 42.71
630 442.24 102.76 56.55 137.93 30.53
630 578.85 141.85 25.23 61.54 20.28
630 591.16 57.53 50.80 123.90 16.36
660 607.47 165.75 22.47 54.79 51.41
660 442.01 180.22 17.83 43.48 11.55
660 113.48 163.17 20.00 48.78 9.24
690 486.92 181.10 22.47 54.79 6.51
720 412.40 154.79 22.47 54.79 9.74
750 424.62 192.39 17.83 43.48 31.32
750 443.75 181.96 17.83 43.48 20.18
750 571.46 168.92 25.23 61.54 17.58
750 47.13 190.49 20.00 48.78 10.24
750 428.02 147.93 28.28 68.97 1.25
780 458.42 187.67 22.47 54.79 77.70
780 574.48 174.50 45.20 110.24 24.78
810 448.49 22.91 89.69 218.76 55.69
810 142.81 170.14 22.47 54.79 43.51
810 429.84 176.74 17.83 43.48 36.01
810 507.54 190.84 31.71 77.35 26.20
810 593.62 181.23 25.23 61.54 25.04
840 113.62 166.46 25.23 61.54 60.67
840 502.26 178.90 22.47 54.79 53.66
840 568.97 225.43 17.83 43.48 27.51
840 494.18 185.43 17.83 43.48 15.72
840 413.92 173.85 25.23 61.54 14.79
840 560.27 227.17 17.83 43.48 10.03
870 552.67 178.90 22.47 54.79 143.77
870 83.19 161.72 28.28 68.97 76.71
870 543.90 181.10 22.47 54.79 52.06
870 572.45 188.91 17.83 43.48 37.67
870 35.43 188.54 20.00 48.78 5.97
900 4.21 182.68 20.00 48.78 37.76
900 501.77 128.05 20.00 48.78 21.69
900 22.88 190.65 17.83 43.48 20.42
900 78.66 139.02 40.00 97.56 15.54
900 29.84 188.91 17.83 43.48 12.42
900 158.16 144.39 31.71 77.35 1.45
930 132.72 137.83 35.65 86.96 15.85
930 8.41 135.12 40.00 97.56 7.82
960 542.74 180.73 20.00 48.78 50.16
960 377.83 116.91 50.80 123.90 7.10
990 405.82 205.21 22.47 54.79 14.12
1020 197.38 170.98 20.00 48.78 39.41
1020 452.72 235.22 35.65 86.96 23.22
1050 52.99 190.49 20.00 48.78 27.66
1050 128.97 183.70 17.83 43.48 17.46
1050 60.79 186.59 20.00 48.78 8.31
1050 177.88 172.33 22.47 54.79 6.23
1080 3.75 204.57 17.83 43.48 74.15
1080 8.11 192.44 20.00 48.78 25.01
1080 101.14 190.65 17.83 43.48 8.15
1080 61.14 188.91 17.83 43.48 7.43
1080 235.46 153.68 31.71 77.35 3.47
1110 440.89 178.90 22.47 54.79 33.34
1110 125.92 173.85 25.23 61.54 27.58
1110 372.95 163.56 22.47 54.79 15.75
1110 142.74 170.98 20.00 48.78 11.49
1110 532.08 33.54 25.23 61.54 2.08
1140 5.49 162.83 17.83 43.48 66.57
1140 477.67 183.79 28.28 68.97 57.67
1140 443.75 194.13 17.83 43.48 24.52
1140 351.83 170.24 40.00 97.56 12.74
1140 484.73 93.42 22.47 54.79 12.70
1170 3.75 301.96 17.83 43.48 58.01
1170 197.60 189.86 22.47 54.79 55.72
1170 612.99 7.07 20.00 48.78 41.48
1170 519.05 51.38 28.28 68.97 37.26
1170 48.64 130.82 80.85 197.19 34.79
1170 552.67 203.01 22.47 54.79 32.05
1170 551.77 48.31 25.23 61.54 20.61
1230 439.73 31.64 89.69 218.76 21.63
1260 99.82 108.54 20.00 48.78 47.85
1290 495.17 79.35 31.71 77.35 31.75
1290 441.00 178.77 25.23 61.54 20.19
1290 70.85 103.90 40.00 97.56 9.82
1320 555.05 199.35 17.83 43.48 31.79
1320 562.56 25.85 40.00 97.56 30.34
1320 47.44 100.00 40.00 97.56 15.16
1320 10.23 117.23 25.23 61.54 14.73
1350 548.60 200.24 20.00 48.78 36.81
1350 35.87 115.65 71.30 173.91 31.11
1350 500.08 186.15 25.23 61.54 30.65
1350 572.01 53.90 20.00 48.78 10.54
1380 560.54 183.04 35.65 86.96 199.62
1380 3.75 215.00 17.83 43.48 75.77
1380 550.11 193.48 35.65 86.96 37.74
1380 599.05 197.59 28.28 68.97 24.52
1380 15.00 136.52 71.30 173.91 16.03
1380 436.72 135.86 56.55 137.93 14.65
1380 3.75 230.65 17.83 43.48 5.75
1410 125.27 205.21 22.47 54.79 15.45
1440 5.95 87.24 28.28 68.97 69.40
1440 436.72 124.83 56.55 137.93 28.91
1440 346.76 215.61 31.71 77.35 18.98
1470 7.77 193.54 25.23 61.54 32.72
1470 93.92 213.23 25.23 61.54 29.27
1470 593.62 90.15 25.23 61.54 9.78
1500 386.63 169.13 35.65 86.96 31.18
1530 603.38 20.52 31.71 77.35 34.88
1530 14.18 209.78 17.83 43.48 34.60
1560 15.15 205.85 25.23 61.54 44.43
1560 217.33 183.29 22.47 54.79 16.80
1560 160.27 199.35 17.83 43.48 15.27
1590 136.89 196.34 20.00 48.78 37.14
1590 205.49 187.17 17.83 43.48 26.14
1590 375.60 164.48 28.28 68.97 2.85
1620 168.97 188.91 17.83 43.48 8.76
1650 43.75 93.26 17.83 43.48 18.18
1650 585.26 65.17 28.28 68.97 17.67
1680 450.71 39.35 17.83 43.48 18.55
1680 436.51 172.33 22.47 54.79 18.17
1740 483.19 183.79 28.28 68.97 26.35
1740 583.36 198.63 22.47 54.79 26.34
1740 515.43 194.39 20.00 48.78 15.32
1740 398.35 178.78 20.00 48.78 2.03
1770 587.74 192.05 22.47 54.79 76.57
1770 39.05 178.28 28.28 68.97 38.12
1770 5.95 178.28 28.28 68.97 27.34
1770 616.23 205.21 22.47 54.79 25.10
1770 193.32 187.17 17.83 43.48 17.32
1800 421.77 157.32 20.00 48.78 13.21
1800 71.31 139.27 45.20 110.24 4.40
1830 506.82 116.91 50.80 123.90 44.22
1830 70.11 169.13 35.65 86.96 2.43
