30 201.28 172.93 20.00 48.78 27.03
30 300.79 18.78 20.00 48.78 18.25
30 258.76 121.86 50.80 123.90 17.49
30 156.79 187.17 17.83 43.48 3.46
60 125.49 169.78 17.83 43.48 16.26
90 28.45 124.83 56.55 137.93 43.57
90 598.53 58.48 17.83 43.48 17.68
90 72.35 67.87 80.85 197.19 16.97
90 565.95 76.21 28.28 68.97 2.53
120 581.31 53.23 25.23 61.54 26.16
150 35.44 40.47 114.81 280.01 34.50
150 238.10 64.14 56.55 137.93 9.72
180 150.11 9.13 35.65 86.96 46.02
180 372.99 235.37 20.00 48.78 26.87
180 243.45 196.51 45.20 110.24 25.93
180 454.04 10.14 22.47 54.79 16.59
210 71.77 223.08 25.23 61.54 51.08
210 94.59 222.74 22.47 54.79 38.02
210 516.79 171.52 17.83 43.48 37.67
210 527.15 151.69 25.23 61.54 13.59
210 102.50 208.62 28.28 68.97 11.96
210 225.79 126.06 45.20 110.24 9.78
210 61.92 225.54 25.23 61.54 4.74
240 9.76 107.23 31.71 77.35 35.45
240 77.05 255.62 22.47 54.79 30.31
240 9.52 11.56 45.20 110.24 26.44
240 254.59 29.86 22.47 54.79 21.99
240 262.50 117.59 28.28 68.97 18.61
240 406.54 8.92 25.23 61.54 17.26
240 137.67 22.60 63.78 155.55 12.41
240 379.46 193.54 25.23 61.54 11.46
240 532.08 205.85 25.23 61.54 10.17
270 271.85 172.61 35.65 86.96 77.21
270 88.97 178.90 45.20 110.24 53.70
270 544.70 100.73 20.00 48.78 49.33
270 68.50 209.42 31.71 77.35 36.21
270 564.08 220.62 25.23 61.54 36.00
270 578.85 198.46 25.23 61.54 31.67
270 116.51 27.67 22.47 54.79 21.74
270 609.09 190.49 20.00 48.78 8.76
300 591.01 63.87 31.71 77.35 58.49
300 7.50 47.39 35.65 86.96 38.09
300 130.09 211.38 28.28 68.97 35.42
300 125.18 34.39 20.00 48.78 30.99
300 63.90 27.67 22.47 54.79 29.45
300 238.91 151.55 50.80 123.90 28.70
300 19.03 184.65 31.71 77.35 27.52
300 229.31 205.85 25.23 61.54 23.03
300 355.41 185.48 22.47 54.79 22.76
330 164.35 200.13 31.71 77.35 10.58
330 566.28 200.13 31.71 77.35 2.41
360 77.61 129.57 71.30 173.91 37.44
360 45.00 163.45 56.55 137.93 7.03
360 261.77 184.63 20.00 48.78 1.84
390 473.00 178.77 25.23 61.54 43.28
390 283.23 182.68 20.00 48.78 41.87
390 295.92 178.48 17.83 43.48 30.85
390 463.15 176.31 25.23 61.54 23.65
390 429.84 192.39 17.83 43.48 17.77
390 588.69 6.46 25.23 61.54 11.26
390 328.97 175.00 17.83 43.48 4.82
420 255.91 178.78 20.00 48.78 55.65
420 463.88 189.31 28.28 68.97 55.15
420 94.18 209.78 17.83 43.48 45.91
420 111.85 176.09 35.65 86.96 37.81
420 68.29 78.08 22.47 54.79 29.09
420 421.31 196.00 25.23 61.54 26.18
450 502.93 168.97 56.55 137.93 52.63
450 224.70 176.83 20.00 48.78 46.34
450 52.72 130.87 35.65 86.96 30.39
450 547.07 108.28 56.55 137.93 26.55
450 433.33 197.03 31.71 77.35 13.98
450 20.62 126.80 50.80 123.90 10.43
480 495.15 77.85 25.23 61.54 57.99
480 498.06 240.78 63.78 155.55 33.44
480 208.56 178.90 22.47 54.79 32.59
480 423.77 203.38 25.23 61.54 3.42
480 481.79 240.55 45.20 110.24 3.07
510 566.28 29.81 31.71 77.35 79.70
510 142.71 166.06 31.71 77.35 32.32
510 335.15 6.46 25.23 61.54 30.25
510 88.11 34.39 20.00 48.78 23.89
510 167.44 169.16 31.71 77.35 18.73
510 125.18 7.07 20.00 48.78 12.82
510 349.57 9.02 20.00 48.78 11.12
510 224.62 171.52 17.83 43.48 9.01
510 146.64 205.86 28.28 68.97 6.16
510 78.66 185.85 40.00 97.56 4.10
540 94.27 158.54 40.00 97.56 54.23
540 541.12 7.24 28.28 68.97 27.05
540 358.53 6.30 17.83 43.48 16.16
540 384.69 15.96 45.20 110.24 4.78
570 4.73 213.97 22.47 54.79 62.61
570 24.45 211.78 22.47 54.79 41.72
570 248.11 161.22 20.00 48.78 30.75
570 443.46 95.08 25.23 61.54 21.32
570 399.32 20.52 31.71 77.35 11.00
570 60.79 210.00 20.00 48.78 9.64
570 375.14 163.56 22.47 54.79 8.26
600 596.55 258.17 45.20 110.24 42.55
600 7.50 148.26 35.65 86.96 33.63
600 101.31 164.00 25.23 61.54 23.39
600 434.32 165.75 22.47 54.79 16.68
600 468.08 70.46 25.23 61.54 4.91
630 556.40 7.07 20.00 48.78 57.83
630 574.59 5.75 22.47 54.79 46.19
630 510.78 23.79 28.28 68.97 37.43
630 603.23 9.02 20.00 48.78 35.16
630 28.45 97.24 56.55 137.93 21.15
630 86.54 166.46 25.23 61.54 19.90
630 447.33 158.97 28.28 68.97 14.26
630 9.76 116.52 31.71 77.35 12.90
660 9.76 153.68 31.71 77.35 80.71
660 503.86 143.67 45.20 110.24 58.19
660 189.84 173.26 17.83 43.48 23.65
660 73.32 178.48 17.83 43.48 17.39
660 35.05 181.96 17.83 43.48 2.94
690 181.77 169.02 20.00 48.78 28.94
690 97.87 92.93 20.00 48.78 17.39
690 362.23 156.62 25.23 61.54 15.88
690 487.50 162.17 35.65 86.96 15.88
690 534.94 42.20 20.00 48.78 13.51
690 471.58 4.57 17.83 43.48 12.53
690 165.31 151.69 25.23 61.54 11.93
690 37.38 178.78 20.00 48.78 6.39
720 189.57 169.02 20.00 48.78 49.02
720 73.59 141.30 35.65 86.96 36.67
720 175.91 169.02 20.00 48.78 28.91
720 198.80 144.78 35.65 86.96 13.47
720 105.55 156.99 22.47 54.79 12.16
720 422.50 7.24 28.28 68.97 8.38
750 89.00 156.62 25.23 61.54 51.49
750 39.77 6.46 25.23 61.54 29.33
750 155.05 34.13 17.83 43.48 28.87
750 24.45 5.75 22.47 54.79 25.97
750 74.91 150.69 28.28 68.97 4.76
780 156.71 135.12 40.00 97.56 50.63
780 553.91 153.68 31.71 77.35 35.26
780 269.93 170.14 22.47 54.79 28.71
780 544.70 172.93 20.00 48.78 24.26
780 125.18 5.12 20.00 48.78 23.04
780 17.87 133.90 20.00 48.78 19.94
780 492.32 146.83 40.00 97.56 19.73
780 222.88 180.22 17.83 43.48 17.16
780 447.47 12.33 22.47 54.79 8.92
780 462.81 34.25 22.47 54.79 4.71
780 52.84 150.69 28.28 68.97 4.55
810 155.46 8.92 25.23 61.54 36.66
810 137.20 131.22 40.00 97.56 29.48
810 580.17 124.83 56.55 137.93 28.03
810 10.98 141.30 35.65 86.96 26.81
810 256.38 26.15 25.23 61.54 23.15
810 556.40 7.07 20.00 48.78 19.72
810 383.05 131.22 40.00 97.56 11.26
840 400.27 183.70 17.83 43.48 47.27
840 108.70 156.77 31.71 77.35 13.53
840 451.04 176.83 20.00 48.78 2.46
870 76.40 71.46 20.00 48.78 35.93
870 149.84 201.09 17.83 43.48 17.24
870 447.47 174.52 22.47 54.79 7.23
870 61.14 77.61 17.83 43.48 6.34
870 425.67 176.83 20.00 48.78 5.83
870 403.63 174.52 22.47 54.79 5.06
900 11.47 81.72 28.28 68.97 61.85
900 416.78 174.52 22.47 54.79 37.90
930 155.05 8.04 17.83 43.48 28.88
930 10.98 23.04 35.65 86.96 22.91
930 393.32 159.35 17.83 43.48 10.92
930 431.52 178.78 20.00 48.78 3.13
990 507.93 139.02 40.00 97.56 20.30
1020 10.23 11.38 25.23 61.54 65.85
1020 249.51 116.10 63.78 155.55 40.27
1020 250.98 43.91 35.65 86.96 35.25
1020 14.22 103.79 28.28 68.97 19.55
1020 590.78 156.21 28.28 68.97 4.84
1050 100.39 122.34 63.78 155.55 39.19
1050 196.29 131.38 28.28 68.97 18.57
1080 72.16 34.83 28.28 68.97 69.16
1080 386.95 76.59 40.00 97.56 50.55
1110 14.46 210.87 35.65 86.96 59.11
1110 206.37 174.52 22.47 54.79 32.42
1110 13.49 104.38 22.47 54.79 18.98
1110 217.33 174.52 22.47 54.79 12.28
1110 160.27 180.22 17.83 43.48 11.77
1110 384.62 197.61 17.83 43.48 11.45
1140 57.33 224.93 22.47 54.79 55.38
1140 318.35 163.17 20.00 48.78 41.68
1140 150.11 196.96 35.65 86.96 38.57
1140 4.73 251.23 22.47 54.79 26.12
1140 88.97 108.91 17.83 43.48 15.93
1140 384.38 159.08 25.23 61.54 14.77
1140 438.53 181.96 17.83 43.48 3.87
1170 7.77 82.77 25.23 61.54 100.85
1170 445.18 172.93 20.00 48.78 24.10
1170 377.00 154.15 25.23 61.54 23.30
1200 312.50 163.17 20.00 48.78 39.74
1200 468.08 171.38 25.23 61.54 36.58
1200 87.05 150.58 31.71 77.35 30.58
1200 129.66 60.55 22.47 54.79 29.23
1200 378.36 150.69 28.28 68.97 11.01
1230 309.38 163.56 22.47 54.79 70.42
1230 485.95 76.21 28.28 68.97 59.24
1230 5.95 175.52 28.28 68.97 31.72
1230 403.63 174.52 22.47 54.79 15.26
1230 8.71 156.21 28.28 68.97 13.92
1230 318.15 161.37 22.47 54.79 13.44
1230 190.78 164.48 28.28 68.97 13.42
1230 609.66 45.21 22.47 54.79 12.75
1230 182.26 60.55 22.47 54.79 11.50
1260 43.75 187.17 17.83 43.48 56.76
1260 574.46 9.13 35.65 86.96 55.32
1260 312.75 150.58 31.71 77.35 51.39
1260 95.91 114.39 20.00 48.78 38.12
1260 14.22 167.24 28.28 68.97 28.46
1260 170.06 182.68 20.00 48.78 18.06
1260 386.96 141.29 31.71 77.35 8.99
1260 436.51 71.51 22.47 54.79 4.88
1290 138.84 186.59 20.00 48.78 64.48
1290 421.31 164.00 25.23 61.54 50.13
1290 17.62 85.23 25.23 61.54 42.00
1290 315.96 159.18 22.47 54.79 29.83
1290 78.35 180.73 20.00 48.78 26.56
1290 86.16 9.02 20.00 48.78 23.34
1290 480.38 171.38 25.23 61.54 19.07
1290 146.64 164.48 28.28 68.97 18.99
1290 591.15 196.00 25.23 61.54 6.87
1290 428.69 11.38 25.23 61.54 6.57
1290 441.81 12.76 28.28 68.97 -0.54
1320 455.92 169.78 17.83 43.48 62.83
1320 323.19 150.69 28.28 68.97 55.27
1320 462.81 161.37 22.47 54.79 33.89
1320 440.27 128.04 17.83 43.48 30.77
1320 485.95 87.24 28.28 68.97 27.78
1320 419.74 153.45 28.28 68.97 21.61
1320 192.38 129.54 25.23 61.54 16.85
1320 158.35 7.07 20.00 48.78 14.68
1320 5.95 15.52 28.28 68.97 13.79
1350 318.94 141.29 31.71 77.35 60.46
1350 20.07 198.63 22.47 54.79 56.94
1350 44.57 197.59 28.28 68.97 34.85
1350 482.85 151.69 25.23 61.54 30.10
1350 105.55 115.34 22.47 54.79 25.22
1350 449.09 9.02 20.00 48.78 21.43
1350 431.85 137.83 35.65 86.96 20.19
1380 312.75 132.00 31.71 77.35 58.92
1380 508.02 65.17 28.28 68.97 42.79
1380 29.92 82.77 25.23 61.54 26.35
1380 125.18 34.39 20.00 48.78 21.85
1380 11.30 106.58 22.47 54.79 15.86
1380 111.58 39.35 17.83 43.48 1.97
1410 35.33 12.61 35.65 86.96 37.90
1410 226.10 161.37 22.47 54.79 37.28
1410 405.82 172.33 22.47 54.79 30.21
1410 303.15 127.39 35.65 86.96 21.85
1410 72.67 141.64 22.47 54.79 4.52
1410 544.70 30.49 20.00 48.78 3.28
1440 218.84 157.32 20.00 48.78 63.15
1440 568.97 9.78 17.83 43.48 50.38
1440 161.26 141.29 31.71 77.35 25.59
1440 305.24 99.63 45.20 110.24 13.18
1440 445.70 141.29 31.71 77.35 12.14
1440 536.59 27.84 50.80 123.90 6.58
1440 210.75 167.95 22.47 54.79 2.51
1440 381.14 185.43 17.83 43.48 1.58
1470 211.04 153.41 20.00 48.78 81.85
1470 508.84 73.70 22.47 54.79 43.24
1470 564.21 157.32 20.00 48.78 38.53
1470 201.99 156.99 22.47 54.79 18.51
1470 158.53 173.26 17.83 43.48 13.56
1470 3.75 155.87 17.83 43.48 0.39
1500 202.23 149.23 25.23 61.54 70.64
1500 5.49 117.61 17.83 43.48 34.24
1500 532.27 57.68 31.71 77.35 31.20
1500 144.70 170.98 20.00 48.78 24.86
1500 339.40 88.04 17.83 43.48 23.32
1500 586.20 87.22 50.80 123.90 19.73
1500 212.08 149.23 25.23 61.54 18.79
1500 439.33 198.29 20.00 48.78 18.77
1500 12.45 122.83 17.83 43.48 14.24
1530 202.23 149.23 25.23 61.54 43.89
1530 140.79 172.93 20.00 48.78 29.40
1530 448.97 197.61 17.83 43.48 26.35
1530 342.88 82.83 17.83 43.48 19.19
1530 543.15 43.91 35.65 86.96 14.06
1560 199.77 154.15 25.23 61.54 64.70
1560 4.73 178.90 22.47 54.79 45.39
1560 554.91 45.86 28.28 68.97 37.47
1560 300.22 60.00 71.30 173.91 29.66
1560 452.45 201.09 17.83 43.48 25.61
1560 611.04 161.22 20.00 48.78 14.75
1560 566.46 18.05 40.00 97.56 13.08
1560 44.57 54.14 28.28 68.97 5.20
1590 571.46 33.54 25.23 61.54 82.69
1590 339.40 75.87 17.83 43.48 44.32
1590 4.73 185.48 22.47 54.79 40.51
1590 300.69 70.46 25.23 61.54 33.89
1590 61.14 49.78 17.83 43.48 26.06
1590 584.83 14.32 31.71 77.35 23.09
1590 28.37 99.57 35.65 86.96 12.66
1590 32.38 6.46 25.23 61.54 -0.49
1620 461.14 202.83 17.83 43.48 51.96
1620 564.02 30.00 35.65 86.96 39.75
1620 199.05 147.93 28.28 68.97 36.66
1620 28.84 10.14 22.47 54.79 23.76
1620 479.71 138.19 31.71 77.35 21.29
1620 414.59 187.67 22.47 54.79 18.38
1620 587.92 17.42 31.71 77.35 14.27
1620 60.79 53.90 20.00 48.78 11.62
1620 101.16 56.16 22.47 54.79 10.32
1620 269.84 168.04 17.83 43.48 -0.06
1650 197.31 146.77 25.23 61.54 73.10
1650 459.40 202.83 17.83 43.48 52.48
1650 575.56 36.00 31.71 77.35 48.37
1650 55.14 82.47 22.47 54.79 11.74
1650 413.92 186.15 25.23 61.54 2.74
1680 464.62 223.70 17.83 43.48 55.26
1680 581.74 45.29 31.71 77.35 51.56
1680 16.98 62.41 28.28 68.97 41.55
1680 12.32 119.51 40.00 97.56 36.05
1680 52.45 68.91 17.83 43.48 22.37
1680 407.23 74.13 17.83 43.48 10.98
1680 604.57 7.24 28.28 68.97 10.67
1680 97.79 104.04 45.20 110.24 7.90
1710 475.05 227.17 17.83 43.48 49.40
1710 188.02 170.00 28.28 68.97 49.11
1710 309.84 61.96 17.83 43.48 31.84
1710 601.59 10.24 40.00 97.56 29.75
1710 11.47 73.45 28.28 68.97 15.06
1710 339.40 35.87 17.83 43.48 7.80
1710 83.62 124.83 56.55 137.93 5.87
1740 176.71 162.97 31.71 77.35 77.99
1740 341.77 83.17 20.00 48.78 54.57
1740 493.49 227.12 22.47 54.79 47.36
1740 306.65 42.20 20.00 48.78 32.20
1740 42.28 89.13 35.65 86.96 21.28
1740 162.01 206.30 17.83 43.48 18.68
1740 431.85 179.57 35.65 86.96 9.74
1740 411.46 38.46 25.23 61.54 4.23
1770 164.35 153.68 31.71 77.35 99.61
1770 7.23 216.74 17.83 43.48 32.65
1770 142.88 197.61 17.83 43.48 26.62
1770 228.29 47.40 22.47 54.79 21.69
1770 295.92 13.26 17.83 43.48 19.92
1770 15.00 94.78 71.30 173.91 7.07
1800 195.41 5.75 22.47 54.79 111.88
1800 139.67 144.78 35.65 86.96 72.12
1800 328.71 12.76 28.28 68.97 36.90
1800 83.63 192.05 22.47 54.79 30.71
1800 12.85 175.35 31.71 77.35 22.20
1800 5.49 20.22 17.83 43.48 21.01
1800 204.69 164.00 25.23 61.54 1.78
1830 98.17 135.12 40.00 97.56 79.37
1830 6.16 79.27 20.00 48.78 35.17
1830 30.78 183.79 28.28 68.97 8.32
1830 66.64 153.45 28.28 68.97 6.43
