30 27.93 166.34 40.00 97.56 79.58
30 581.74 144.39 31.71 77.35 65.22
30 397.93 42.39 45.20 110.24 54.59
30 66.64 181.03 28.28 68.97 47.05
30 465.00 196.44 22.47 54.79 32.19
30 491.94 92.16 50.80 123.90 28.68
30 152.80 127.32 40.00 97.56 26.34
30 5.49 190.65 17.83 43.48 26.22
30 351.83 150.73 40.00 97.56 19.43
30 540.79 182.68 20.00 48.78 13.62
30 374.59 203.23 31.71 77.35 12.92
60 490.06 192.44 20.00 48.78 85.25
60 134.18 183.70 17.83 43.48 71.96
60 578.17 150.73 40.00 97.56 61.62
60 559.15 68.00 25.23 61.54 60.69
60 398.10 14.48 56.55 137.93 57.20
60 356.00 64.90 100.71 245.62 45.88
60 450.09 183.79 28.28 68.97 15.98
60 10.71 175.00 17.83 43.48 13.56
60 177.24 117.25 45.20 110.24 4.13
60 566.54 200.92 25.23 61.54 2.56
90 546.85 188.62 25.23 61.54 102.99
90 137.20 135.12 40.00 97.56 43.22
90 254.18 201.09 17.83 43.48 32.16
90 411.17 15.96 45.20 110.24 27.15
90 478.15 161.37 22.47 54.79 21.03
90 511.58 176.74 17.83 43.48 9.40
90 54.18 185.43 17.83 43.48 8.33
90 554.91 175.52 28.28 68.97 7.71
120 101.14 188.91 17.83 43.48 28.43
120 25.58 116.91 50.80 123.90 16.39
120 443.75 4.57 17.83 43.48 10.33
120 570.07 112.84 45.20 110.24 1.22
150 96.33 166.06 31.71 77.35 46.68
150 19.03 190.84 31.71 77.35 34.14
150 499.74 150.69 28.28 68.97 33.39
150 349.92 132.00 25.23 61.54 32.41
150 143.88 153.45 28.28 68.97 13.47
180 468.08 164.00 25.23 61.54 78.78
180 619.40 180.22 17.83 43.48 63.28
180 101.14 199.35 17.83 43.48 50.68
180 273.62 154.15 25.23 61.54 47.42
180 504.89 162.17 35.65 86.96 46.82
180 492.08 172.26 31.71 77.35 46.57
180 353.79 143.67 45.20 110.24 42.70
180 162.26 5.12 20.00 48.78 24.66
180 54.18 202.83 17.83 43.48 23.21
210 364.18 137.26 22.47 54.79 75.70
210 10.23 198.46 25.23 61.54 70.97
210 278.70 161.37 22.47 54.79 56.45
210 564.02 183.04 35.65 86.96 44.42
210 470.43 153.68 31.71 77.35 43.87
210 554.23 208.31 25.23 61.54 28.81
210 463.88 10.00 28.28 68.97 20.35
210 418.17 146.83 40.00 97.56 19.60
210 107.74 7.95 22.47 54.79 16.38
210 3.75 201.09 17.83 43.48 13.54
240 22.88 202.83 17.83 43.48 73.05
240 212.99 184.63 20.00 48.78 50.78
240 359.33 130.00 20.00 48.78 46.40
240 42.01 197.61 17.83 43.48 38.77
240 26.36 194.13 17.83 43.48 31.93
240 554.76 131.22 40.00 97.56 16.24
240 475.96 10.14 22.47 54.79 13.44
240 428.69 53.23 25.23 61.54 4.84
270 26.36 202.83 17.83 43.48 96.73
270 566.36 121.86 50.80 123.90 27.33
270 435.33 26.52 35.65 86.96 19.83
270 312.16 156.21 28.28 68.97 10.81
270 417.93 26.52 35.65 86.96 9.08
270 397.93 143.67 45.20 110.24 3.91
270 344.89 148.26 35.65 86.96 3.70
300 52.72 172.61 35.65 86.96 37.25
300 6.16 200.24 20.00 48.78 32.66
300 579.82 174.88 20.00 48.78 18.59
300 394.76 18.05 40.00 97.56 12.51
300 379.15 14.15 40.00 97.56 11.18
330 362.28 12.61 35.65 86.96 70.61
330 589.57 180.73 20.00 48.78 53.81
330 248.71 125.86 28.28 68.97 28.58
330 169.46 107.01 50.80 123.90 7.90
330 292.72 144.78 35.65 86.96 2.32
360 369.62 11.38 25.23 61.54 30.93
360 253.92 134.46 25.23 61.54 25.82
360 66.10 203.01 22.47 54.79 16.29
360 485.31 198.46 25.23 61.54 9.96
360 352.95 14.32 31.71 77.35 5.29
390 386.64 183.79 28.28 68.97 64.24
390 113.32 197.61 17.83 43.48 46.28
390 98.97 14.52 22.47 54.79 39.79
390 265.26 131.38 28.28 68.97 8.32
390 15.68 218.36 22.47 54.79 4.82
420 414.46 179.57 35.65 86.96 122.21
420 101.14 185.43 17.83 43.48 61.09
420 107.74 178.90 22.47 54.79 39.61
420 254.46 120.43 35.65 86.96 31.01
420 450.09 136.90 28.28 68.97 25.41
420 216.20 148.26 35.65 86.96 20.21
420 365.31 8.13 31.71 77.35 17.56
420 424.89 190.00 35.65 86.96 14.61
420 334.52 75.27 89.69 218.76 13.29
420 138.42 95.62 22.47 54.79 6.77
450 475.34 174.48 56.55 137.93 150.14
450 458.07 200.13 31.71 77.35 62.96
450 78.53 202.83 17.83 43.48 52.42
450 212.72 144.78 35.65 86.96 29.92
450 336.50 78.70 63.78 155.55 23.46
450 394.91 205.86 28.28 68.97 20.98
450 254.27 111.71 40.00 97.56 16.79
450 561.40 57.53 50.80 123.90 14.88
450 437.38 210.00 20.00 48.78 2.84
480 15.68 91.23 22.47 54.79 69.35
480 3.75 107.17 17.83 43.48 43.98
480 127.25 51.48 31.71 77.35 35.60
480 398.53 175.00 17.83 43.48 34.16
480 158.53 188.91 17.83 43.48 32.32
480 203.54 139.02 40.00 97.56 24.79
480 251.46 109.85 25.23 61.54 18.41
480 36.79 98.48 17.83 43.48 12.67
480 273.53 134.14 28.28 68.97 12.00
480 296.41 152.48 45.20 110.24 6.05
510 377.33 7.95 22.47 54.79 38.59
510 195.73 131.22 40.00 97.56 36.26
510 19.82 204.15 20.00 48.78 33.48
510 370.71 15.00 17.83 43.48 33.28
510 80.30 9.02 20.00 48.78 26.08
510 238.10 119.31 56.55 137.93 24.17
510 522.23 173.85 25.23 61.54 17.71
510 389.84 175.00 17.83 43.48 6.08
510 4.21 90.98 20.00 48.78 1.09
540 614.18 187.17 17.83 43.48 45.25
540 229.31 104.92 25.23 61.54 42.94
540 202.28 148.26 35.65 86.96 37.26
540 247.86 130.46 45.20 110.24 24.67
540 443.75 185.43 17.83 43.48 22.31
540 391.58 21.96 17.83 43.48 16.25
540 519.79 170.14 22.47 54.79 7.01
540 273.64 146.60 50.80 123.90 0.52
570 476.40 184.63 20.00 48.78 70.25
570 605.76 162.17 35.65 86.96 54.93
570 365.49 16.74 17.83 43.48 51.80
570 227.07 97.24 56.55 137.93 47.87
570 566.54 171.38 25.23 61.54 44.62
570 293.29 158.54 40.00 97.56 18.70
570 573.96 106.59 20.00 48.78 18.61
570 328.04 101.74 71.30 173.91 9.74
600 519.77 181.23 25.23 61.54 109.97
600 278.60 136.70 50.80 123.90 47.19
600 114.88 111.96 50.80 123.90 46.41
600 308.22 57.82 89.69 218.76 37.09
600 244.73 119.61 31.71 77.35 11.11
600 223.05 142.93 40.00 97.56 5.76
630 532.45 178.48 17.83 43.48 49.42
630 212.23 97.40 63.78 155.55 41.23
630 340.99 75.74 80.85 197.19 39.35
630 357.31 48.31 25.23 61.54 27.89
630 119.69 25.71 100.71 245.62 22.15
630 16.98 183.79 28.28 68.97 17.33
630 596.51 194.25 22.47 54.79 10.53
630 209.62 77.85 25.23 61.54 4.55
660 502.26 183.29 22.47 54.79 122.01
660 9.52 170.09 45.20 110.24 70.16
660 589.57 178.78 20.00 48.78 53.68
660 463.88 167.24 28.28 68.97 49.53
660 232.37 110.32 31.71 77.35 39.43
660 361.81 32.07 28.28 68.97 29.40
660 193.53 70.69 28.28 68.97 27.88
660 137.52 121.65 45.20 110.24 21.06
660 372.84 170.00 28.28 68.97 11.94
660 273.64 131.75 50.80 123.90 8.95
690 569.00 181.23 25.23 61.54 179.51
690 179.81 66.97 31.71 77.35 41.01
690 539.52 196.44 22.47 54.79 38.61
690 581.74 172.26 31.71 77.35 35.15
690 326.46 25.71 100.71 245.62 27.86
690 3.75 162.83 17.83 43.48 27.34
690 246.54 173.85 25.23 61.54 19.16
690 490.62 121.65 45.20 110.24 10.16
720 173.62 51.48 31.71 77.35 60.37
720 550.11 176.09 35.65 86.96 55.06
720 336.14 126.06 45.20 110.24 42.13
720 128.97 6.30 17.83 43.48 21.91
720 184.89 40.43 35.65 86.96 20.07
720 425.26 189.31 28.28 68.97 17.25
720 223.09 88.65 31.71 77.35 9.24
720 81.75 91.17 63.78 155.55 7.66
750 167.44 32.90 31.71 77.35 42.85
750 508.10 180.22 17.83 43.48 39.98
750 223.09 82.45 31.71 77.35 39.35
750 515.73 178.05 40.00 97.56 33.82
750 334.52 66.55 89.69 218.76 26.19
750 172.69 156.62 25.23 61.54 9.67
750 620.79 71.46 20.00 48.78 4.43
750 74.45 194.39 20.00 48.78 -0.43
780 5.31 168.92 25.23 61.54 45.86
780 334.52 49.09 89.69 218.76 36.65
780 211.34 80.49 40.00 97.56 25.02
780 532.84 128.62 28.28 68.97 21.90
780 412.01 172.93 20.00 48.78 19.73
780 446.48 165.69 45.20 110.24 9.53
780 539.40 173.26 17.83 43.48 2.56
810 578.85 171.38 25.23 61.54 119.48
810 401.44 159.18 22.47 54.79 85.62
810 6.67 224.90 31.71 77.35 34.19
810 282.28 179.57 35.65 86.96 28.25
810 204.54 70.06 31.71 77.35 19.10
810 128.69 11.56 45.20 110.24 13.99
810 325.95 131.38 28.28 68.97 11.75
840 614.18 176.74 17.83 43.48 52.76
840 406.76 108.44 45.20 110.24 44.45
840 22.76 126.06 45.20 110.24 44.33
840 190.48 60.00 45.20 110.24 33.30
840 326.92 128.49 22.47 54.79 12.06
840 369.62 18.77 25.23 61.54 1.85
870 8.41 123.41 40.00 97.56 50.21
870 428.02 145.17 28.28 68.97 48.16
870 334.52 66.55 89.69 218.76 45.23
870 566.16 165.12 20.00 48.78 10.82
900 218.36 92.76 28.28 68.97 39.66
900 441.81 147.93 28.28 68.97 30.96
900 346.15 55.10 100.71 245.62 29.54
900 163.75 168.04 17.83 43.48 25.05
900 335.91 124.15 20.00 48.78 24.13
900 436.43 175.35 31.71 77.35 -0.42
930 218.36 90.00 28.28 68.97 75.01
930 445.18 165.12 20.00 48.78 47.59
930 603.08 174.52 22.47 54.79 32.64
930 177.24 42.39 45.20 110.24 32.18
930 565.66 139.27 45.20 110.24 19.27
960 360.82 31.64 89.69 218.76 41.98
960 460.62 156.99 22.47 54.79 41.67
960 212.99 83.17 20.00 48.78 36.84
960 415.92 265.43 17.83 43.48 24.41
960 92.01 172.93 20.00 48.78 22.11
990 48.97 181.96 17.83 43.48 73.47
990 473.77 159.18 22.47 54.79 50.58
990 5.49 190.65 17.83 43.48 48.32
990 414.18 274.13 17.83 43.48 23.87
990 220.79 169.02 20.00 48.78 22.92
990 346.15 25.71 100.71 245.62 19.00
1020 480.54 134.35 35.65 86.96 76.86
1020 234.91 103.79 28.28 68.97 37.32
1020 7.23 199.35 17.83 43.48 37.18
1020 367.15 16.31 25.23 61.54 35.89
1020 146.63 16.09 35.65 86.96 32.01
1020 383.15 134.35 35.65 86.96 27.75
1020 532.84 136.90 28.28 68.97 25.76
1020 353.53 18.28 28.28 68.97 19.27
1020 194.85 77.85 25.23 61.54 15.78
1020 516.74 201.03 50.80 123.90 14.75
1020 467.34 70.06 31.71 77.35 4.95
1020 544.64 274.45 31.71 77.35 4.17
1050 168.97 122.83 17.83 43.48 42.40
1050 229.40 103.79 28.28 68.97 37.83
1050 554.45 299.76 20.00 48.78 34.78
1050 442.28 193.48 35.65 86.96 14.84
1050 132.72 12.61 35.65 86.96 12.45
1080 438.54 232.92 25.23 61.54 50.20
1080 238.66 111.71 40.00 97.56 31.79
1080 129.24 9.13 35.65 86.96 29.62
1080 357.60 5.75 22.47 54.79 25.18
1080 589.57 311.46 20.00 48.78 22.27
1080 421.16 295.07 22.47 54.79 14.08
1080 347.62 53.90 20.00 48.78 12.77
1080 377.68 141.29 31.71 77.35 8.57
1110 452.84 244.48 28.28 68.97 49.96
1110 231.77 296.92 25.23 61.54 37.19
1110 103.95 28.52 80.85 197.19 28.74
1110 491.11 28.52 80.85 197.19 13.56
1110 343.29 22.91 89.69 218.76 4.13
1140 173.62 66.97 31.71 77.35 47.74
1140 441.59 64.88 40.00 97.56 30.84
1140 363.23 22.68 20.00 48.78 30.07
1140 386.63 106.52 35.65 86.96 19.01
1140 221.71 310.41 22.47 54.79 18.90
1140 347.62 48.05 20.00 48.78 16.88
1140 85.82 194.25 22.47 54.79 14.40
1140 345.67 26.59 20.00 48.78 9.71
1140 554.86 7.95 22.47 54.79 4.94
1170 170.53 66.97 31.71 77.35 56.16
1170 489.11 27.67 22.47 54.79 31.25
1170 98.48 18.26 71.30 173.91 22.71
1170 380.00 91.17 63.78 155.55 19.29
1170 495.68 34.25 22.47 54.79 17.84
1170 125.26 140.93 114.81 280.01 17.14
1170 76.69 191.08 25.23 61.54 2.82
1200 55.92 195.87 17.83 43.48 115.86
1200 48.97 195.87 17.83 43.48 53.30
1200 170.53 70.06 31.71 77.35 46.94
1200 348.84 25.48 22.47 54.79 28.96
1200 221.38 95.23 45.20 110.24 28.71
1200 212.99 323.17 20.00 48.78 26.09
1200 11.47 277.59 28.28 68.97 25.10
1200 392.59 97.24 56.55 137.93 24.88
1200 345.67 50.00 20.00 48.78 23.89
1200 556.83 148.07 45.20 110.24 12.93
1200 497.88 36.44 22.47 54.79 12.77
1200 106.60 28.83 63.78 155.55 8.69
1200 423.90 71.61 159.46 388.92 4.30
1230 516.79 180.22 17.83 43.48 64.14
1230 387.07 102.76 56.55 137.93 58.30
1230 505.67 174.88 20.00 48.78 56.10
1230 347.62 53.90 20.00 48.78 29.97
1230 519.79 5.75 22.47 54.79 27.78
1230 105.69 14.48 56.55 137.93 27.16
1230 210.75 323.56 22.47 54.79 26.83
1230 525.49 181.96 17.83 43.48 18.32
1230 567.50 155.22 35.65 86.96 16.15
1230 221.38 90.83 45.20 110.24 13.78
1230 500.07 38.63 22.47 54.79 10.60
1230 145.00 57.07 40.00 97.56 8.75
1230 170.53 76.26 31.71 77.35 6.03
1260 504.45 174.52 22.47 54.79 103.50
1260 5.49 202.83 17.83 43.48 56.65
1260 518.53 180.22 17.83 43.48 54.50
1260 562.56 146.83 40.00 97.56 29.16
1260 223.05 103.90 40.00 97.56 27.26
1260 105.43 39.13 71.30 173.91 26.10
1260 174.22 76.21 28.28 68.97 25.16
1260 347.62 53.90 20.00 48.78 24.18
1260 374.54 6.46 25.23 61.54 17.30
1260 212.99 325.12 20.00 48.78 12.05
1260 336.98 76.21 28.28 68.97 5.09
1290 517.31 166.46 25.23 61.54 74.95
1290 170.53 76.26 31.71 77.35 50.83
1290 349.57 55.85 20.00 48.78 37.92
1290 215.60 321.72 28.28 68.97 35.33
1290 509.92 173.85 25.23 61.54 34.25
1290 563.19 166.06 31.71 77.35 33.80
1290 387.07 102.76 56.55 137.93 25.88
1290 214.54 100.00 25.23 61.54 22.05
1290 369.62 8.92 25.23 61.54 21.86
1290 106.36 15.00 17.83 43.48 20.94
1290 111.21 20.00 56.55 137.93 18.37
1290 578.17 88.29 40.00 97.56 4.48
1290 141.64 180.00 89.69 218.76 1.68
1320 515.41 139.45 22.47 54.79 59.69
1320 173.62 76.26 31.71 77.35 46.20
1320 495.68 43.01 22.47 54.79 37.35
1320 497.41 196.55 56.55 137.93 36.90
1320 382.79 116.91 50.80 123.90 27.80
1320 488.41 170.24 40.00 97.56 17.53
1320 214.54 100.00 25.23 61.54 13.81
1320 568.71 255.52 28.28 68.97 9.83
1320 105.43 25.22 71.30 173.91 9.54
1320 331.30 86.85 22.47 54.79 8.22
1350 89.04 22.91 89.69 218.76 59.13
1350 170.53 79.35 31.71 77.35 43.21
1350 382.79 111.96 50.80 123.90 34.60
1350 216.91 320.90 31.71 77.35 30.85
1350 332.69 85.23 25.23 61.54 23.19
1350 358.21 11.56 45.20 110.24 15.94
1380 583.72 276.34 20.00 48.78 53.88
1380 460.78 271.95 63.78 155.55 42.49
1380 171.47 84.48 28.28 68.97 42.02
1380 349.57 55.85 20.00 48.78 33.13
1380 13.96 210.00 20.00 48.78 32.34
1380 386.95 115.61 40.00 97.56 31.98
1380 216.91 317.81 31.71 77.35 30.63
1380 332.69 85.23 25.23 61.54 28.02
1380 114.88 8.13 31.71 77.35 20.40
1380 340.08 77.85 25.23 61.54 10.69
1410 173.62 79.35 31.71 77.35 45.03
1410 6.67 209.42 31.71 77.35 44.95
1410 97.81 22.91 89.69 218.76 43.13
1410 216.91 317.81 31.71 77.35 42.11
1410 349.57 55.85 20.00 48.78 30.45
1410 330.23 85.23 25.23 61.54 25.95
1410 78.35 204.15 20.00 48.78 15.57
1410 402.26 116.34 20.00 48.78 4.19
1440 451.85 104.38 22.47 54.79 55.37
1440 332.69 85.23 25.23 61.54 47.01
1440 216.91 317.81 31.71 77.35 44.35
1440 174.22 78.97 28.28 68.97 37.92
1440 116.72 31.03 56.55 137.93 23.59
1440 78.35 206.10 20.00 48.78 8.50
1470 97.81 22.91 89.69 218.76 63.39
1470 440.89 106.58 22.47 54.79 55.13
1470 174.22 78.97 28.28 68.97 38.10
1470 589.57 317.32 20.00 48.78 32.98
1500 438.70 106.58 22.47 54.79 65.87
1500 447.47 106.58 22.47 54.79 46.88
1500 105.43 32.17 71.30 173.91 41.56
1500 170.53 76.26 31.71 77.35 35.59
1500 12.69 225.54 25.23 61.54 28.77
1500 587.74 319.18 22.47 54.79 28.21
1500 218.36 318.97 28.28 68.97 22.06
1500 362.01 30.65 17.83 43.48 13.68
1530 438.70 106.58 22.47 54.79 43.04
1530 218.36 318.97 28.28 68.97 33.63
1530 103.95 28.52 80.85 197.19 32.08
1530 174.22 78.97 28.28 68.97 31.66
1530 447.47 106.58 22.47 54.79 25.16
1530 102.88 15.00 17.83 43.48 16.69
1530 348.91 39.13 71.30 173.91 13.54
1530 35.41 213.97 22.47 54.79 13.35
1560 105.43 32.17 71.30 173.91 49.47
1560 440.89 106.58 22.47 54.79 48.15
1560 174.22 78.97 28.28 68.97 40.80
1560 347.62 57.80 20.00 48.78 22.41
1590 218.36 318.97 28.28 68.97 65.50
1590 129.09 198.29 20.00 48.78 59.68
1590 445.27 106.58 22.47 54.79 40.78
1590 167.44 82.45 31.71 77.35 32.63
1590 347.62 55.85 20.00 48.78 25.64
1590 103.95 28.52 80.85 197.19 25.40
1620 445.27 108.77 22.47 54.79 53.82
1620 170.53 79.35 31.71 77.35 44.36
1620 221.12 318.97 28.28 68.97 44.12
1620 112.39 32.17 71.30 173.91 43.31
1620 131.04 186.59 20.00 48.78 14.89
1620 201.28 135.85 20.00 48.78 13.01
1620 50.68 190.91 63.78 155.55 11.79
1620 330.23 82.77 25.23 61.54 7.39
1650 119.35 32.17 71.30 173.91 53.12
1650 170.53 79.35 31.71 77.35 37.85
1650 221.12 313.45 28.28 68.97 29.26
1650 443.46 107.38 25.23 61.54 22.96
1680 96.05 20.66 80.85 197.19 59.34
1680 232.16 305.17 28.28 68.97 33.41
1680 392.68 40.65 159.46 388.92 10.50
1680 328.21 79.35 31.71 77.35 6.92
1680 167.44 85.55 31.71 77.35 5.08
1680 368.56 45.21 22.47 54.79 2.25
1710 117.97 14.32 31.71 77.35 29.19
1710 222.74 106.59 20.00 48.78 22.28
1710 175.68 84.66 22.47 54.79 17.85
1710 123.23 188.54 20.00 48.78 12.06
1710 419.82 309.51 20.00 48.78 6.99
1740 433.48 250.98 20.00 48.78 59.27
1740 236.69 296.92 25.23 61.54 48.80
1740 24.45 187.67 22.47 54.79 39.49
1740 171.30 89.04 22.47 54.79 32.80
1740 105.43 32.17 71.30 173.91 22.66
1740 219.52 106.58 22.47 54.79 15.70
1740 206.37 113.15 22.47 54.79 6.37
1740 239.15 119.69 25.23 61.54 5.79
1770 433.48 249.02 20.00 48.78 48.61
1770 105.43 32.17 71.30 173.91 38.14
1770 171.30 89.04 22.47 54.79 32.37
1770 348.02 15.52 28.28 68.97 14.11
1800 105.43 32.17 71.30 173.91 51.60
1800 433.48 249.02 20.00 48.78 33.28
1800 240.54 120.43 35.65 86.96 33.01
1800 174.22 78.97 28.28 68.97 28.36
1800 15.91 192.44 20.00 48.78 18.43
1800 361.81 10.00 28.28 68.97 6.94
1800 348.02 15.52 28.28 68.97 6.41
1830 118.54 13.85 25.23 61.54 31.44
1830 239.25 295.07 22.47 54.79 23.28
1830 175.15 80.31 25.23 61.54 21.29
1830 517.10 222.94 45.20 110.24 9.46
