30 442.61 181.55 31.71 77.35 110.56
30 397.93 152.48 45.20 110.24 99.87
30 461.16 178.45 31.71 77.35 44.36
30 530.75 209.59 22.47 54.79 5.02
60 513.97 130.34 56.55 137.93 50.69
60 15.68 163.56 22.47 54.79 47.07
60 4.73 163.56 22.47 54.79 28.54
60 464.31 135.86 56.55 137.93 28.51
60 315.05 183.70 17.83 43.48 24.25
60 266.36 150.65 17.83 43.48 19.86
60 603.75 129.78 17.83 43.48 12.65
90 331.47 172.76 28.28 68.97 103.22
90 372.08 183.69 25.23 61.54 91.02
90 294.18 183.70 17.83 43.48 50.78
90 28.37 130.87 35.65 86.96 41.65
90 339.74 164.48 28.28 68.97 39.72
120 482.02 166.39 50.80 123.90 168.63
120 397.93 156.88 45.20 110.24 91.87
120 25.22 141.29 31.71 77.35 78.41
120 135.77 200.92 25.23 61.54 11.31
150 505.26 197.59 28.28 68.97 62.11
150 440.27 195.87 17.83 43.48 36.64
150 306.63 151.74 35.65 86.96 31.73
150 14.18 185.43 17.83 43.48 21.36
150 405.51 162.97 31.71 77.35 17.23
150 578.17 178.05 40.00 97.56 11.87
150 117.97 51.48 31.71 77.35 11.58
150 4.73 82.47 22.47 54.79 8.17
150 3.75 194.13 17.83 43.48 2.86
180 591.85 169.13 35.65 86.96 42.36
180 478.53 188.91 17.83 43.48 30.83
180 94.27 18.05 40.00 97.56 23.29
180 121.81 40.34 28.28 68.97 23.03
180 37.31 65.54 25.23 61.54 17.69
180 17.87 155.37 20.00 48.78 17.17
180 29.84 79.35 17.83 43.48 10.38
210 10.70 27.84 50.80 123.90 53.50
210 140.79 34.39 20.00 48.78 41.18
210 49.24 112.84 45.20 110.24 28.33
210 186.64 198.63 22.47 54.79 23.19
210 129.66 34.25 22.47 54.79 23.05
210 135.92 141.96 17.83 43.48 15.05
240 9.11 154.79 22.47 54.79 84.09
240 17.41 91.72 56.55 137.93 68.31
240 519.33 213.90 20.00 48.78 58.53
240 66.85 6.46 25.23 61.54 38.25
240 378.84 188.54 20.00 48.78 38.20
240 116.08 13.85 25.23 61.54 26.66
240 4.21 61.71 20.00 48.78 9.47
240 258.97 192.05 22.47 54.79 4.98
270 331.30 139.45 22.47 54.79 39.17
270 16.98 145.17 28.28 68.97 10.64
270 167.50 99.57 35.65 86.96 7.35
300 150.10 109.87 63.78 155.55 41.82
300 137.52 73.21 45.20 110.24 39.89
300 7.50 54.35 35.65 86.96 30.45
300 386.65 192.44 20.00 48.78 27.86
300 376.89 190.49 20.00 48.78 20.97
330 25.58 107.01 50.80 123.90 20.34
330 384.38 188.62 25.23 61.54 17.34
330 5.95 78.97 28.28 68.97 11.61
330 508.02 192.07 28.28 68.97 10.33
330 375.14 187.67 22.47 54.79 6.12
360 428.10 173.26 17.83 43.48 17.81
390 4.21 16.83 20.00 48.78 38.24
390 49.09 81.22 20.00 48.78 20.82
390 55.60 56.90 28.28 68.97 4.11
420 508.10 180.22 17.83 43.48 37.86
420 464.62 171.52 17.83 43.48 19.44
420 58.84 153.41 20.00 48.78 11.57
420 10.71 161.09 17.83 43.48 8.46
450 7.23 293.26 17.83 43.48 26.36
450 111.15 82.77 25.23 61.54 24.52
450 141.12 150.69 28.28 68.97 23.02
450 124.15 141.29 31.71 77.35 18.75
450 460.79 172.93 20.00 48.78 12.47
450 15.15 299.38 25.23 61.54 11.09
480 118.80 137.83 35.65 86.96 38.56
480 6.16 14.88 20.00 48.78 21.39
480 177.88 198.63 22.47 54.79 20.30
480 48.56 156.99 22.47 54.79 18.57
480 3.75 68.91 17.83 43.48 11.89
480 254.66 130.34 56.55 137.93 3.34
510 115.33 134.35 35.65 86.96 46.49
510 177.88 196.44 22.47 54.79 31.58
510 236.69 178.77 25.23 61.54 12.40
510 133.43 144.39 31.71 77.35 9.21
540 5.49 291.52 17.83 43.48 43.44
540 108.37 137.83 35.65 86.96 37.05
540 442.28 183.04 35.65 86.96 36.77
540 10.71 281.09 17.83 43.48 13.82
540 177.87 198.29 20.00 48.78 8.10
570 173.49 198.63 22.47 54.79 14.08
570 541.71 181.10 22.47 54.79 9.63
570 4.21 94.88 20.00 48.78 3.82
570 60.79 268.54 20.00 48.78 3.09
600 445.70 193.94 31.71 77.35 27.71
600 111.85 148.26 35.65 86.96 11.44
600 460.79 172.93 20.00 48.78 10.63
600 22.50 78.97 28.28 68.97 7.94
600 602.28 172.61 35.65 86.96 7.37
600 14.46 106.52 35.65 86.96 4.75
630 132.72 151.74 35.65 86.96 51.15
630 525.18 182.68 20.00 48.78 39.71
630 42.28 64.78 35.65 86.96 19.27
630 605.76 148.26 35.65 86.96 12.52
630 595.33 134.35 35.65 86.96 9.20
630 15.15 50.77 25.23 61.54 7.70
660 612.84 172.76 28.28 68.97 33.62
660 508.10 183.70 17.83 43.48 31.15
660 136.20 148.26 35.65 86.96 11.61
690 506.36 183.70 17.83 43.48 47.74
720 614.04 174.52 22.47 54.79 26.85
720 476.79 187.17 17.83 43.48 5.61
750 4.73 255.62 22.47 54.79 15.88
750 483.75 187.17 17.83 43.48 13.65
780 610.85 176.31 25.23 61.54 31.30
780 445.70 193.94 31.71 77.35 26.24
780 5.95 310.69 28.28 68.97 24.00
780 475.05 187.17 17.83 43.48 14.73
810 605.76 176.09 35.65 86.96 131.00
810 89.00 136.92 25.23 61.54 15.03
840 602.28 176.09 35.65 86.96 145.63
840 13.93 73.21 45.20 110.24 18.32
840 482.01 188.91 17.83 43.48 12.46
870 598.80 179.57 35.65 86.96 198.94
870 7.23 308.91 17.83 43.48 23.35
870 605.76 151.74 35.65 86.96 22.51
870 473.32 188.91 17.83 43.48 18.33
870 517.60 192.05 22.47 54.79 7.93
870 12.32 76.59 40.00 97.56 3.72
900 605.76 179.57 35.65 86.96 114.10
900 12.32 76.59 40.00 97.56 22.46
900 123.23 147.56 20.00 48.78 14.18
900 46.86 70.06 31.71 77.35 8.43
930 605.76 179.57 35.65 86.96 61.34
930 583.72 186.59 20.00 48.78 59.75
930 471.58 192.39 17.83 43.48 28.49
930 4.21 131.95 20.00 48.78 27.66
930 573.96 194.39 20.00 48.78 26.71
930 543.90 189.86 22.47 54.79 12.35
960 109.57 147.56 20.00 48.78 38.19
960 7.50 75.22 35.65 86.96 33.01
960 578.97 187.67 22.47 54.79 31.23
960 5.95 280.34 28.28 68.97 20.55
990 98.85 136.92 25.23 61.54 45.91
990 4.21 92.93 20.00 48.78 20.22
990 534.18 188.91 17.83 43.48 19.86
990 119.05 15.52 28.28 68.97 18.02
990 449.24 193.48 35.65 86.96 14.54
990 557.67 178.28 28.28 68.97 14.33
1020 113.53 7.24 28.28 68.97 35.12
1020 97.87 133.90 20.00 48.78 27.60
1020 511.58 190.65 17.83 43.48 19.19
1020 13.93 222.94 45.20 110.24 17.06
1020 19.03 60.77 31.71 77.35 15.81
1020 245.82 198.63 22.47 54.79 1.36
1050 92.01 131.95 20.00 48.78 86.78
1050 59.40 141.96 17.83 43.48 43.32
1050 3.75 317.61 17.83 43.48 39.81
1050 572.45 194.13 17.83 43.48 39.59
1050 5.95 67.93 28.28 68.97 28.46
1050 537.33 174.52 22.47 54.79 13.32
1080 572.01 192.44 20.00 48.78 61.43
1080 12.85 20.52 31.71 77.35 39.75
1080 83.63 69.32 22.47 54.79 34.83
1080 586.36 192.39 17.83 43.48 34.68
1080 541.71 174.52 22.47 54.79 23.64
1080 85.82 124.11 22.47 54.79 19.26
1080 515.43 172.93 20.00 48.78 13.22
1080 22.13 42.19 31.71 77.35 11.19
1080 46.37 36.44 22.47 54.79 4.29
1110 575.91 192.44 20.00 48.78 75.24
1110 6.67 14.32 31.71 77.35 38.59
1110 83.63 69.32 22.47 54.79 32.07
1110 583.72 188.54 20.00 48.78 29.31
1110 542.74 182.68 20.00 48.78 20.34
1110 16.22 25.85 40.00 97.56 11.16
1140 78.53 72.39 17.83 43.48 24.37
1140 522.01 180.22 17.83 43.48 17.83
1140 182.26 21.10 22.47 54.79 15.76
1140 12.85 17.42 31.71 77.35 15.68
1140 577.66 194.13 17.83 43.48 15.64
1170 544.62 185.43 17.83 43.48 64.06
1170 9.76 17.42 31.71 77.35 31.75
1170 575.91 194.39 20.00 48.78 27.17
1170 85.82 128.49 22.47 54.79 10.65
1200 542.88 187.17 17.83 43.48 70.08
1200 10.23 8.92 25.23 61.54 44.04
1200 78.35 75.37 20.00 48.78 26.98
1200 577.87 196.34 20.00 48.78 20.36
1200 96.78 12.33 22.47 54.79 12.61
1200 85.49 136.74 17.83 43.48 10.72
1200 15.94 39.10 31.71 77.35 6.11
1230 542.88 187.17 17.83 43.48 46.39
1230 585.67 192.44 20.00 48.78 41.61
1230 243.45 183.30 45.20 110.24 24.92
1230 86.16 135.85 20.00 48.78 13.74
1260 542.88 187.17 17.83 43.48 58.51
1260 134.04 16.71 22.47 54.79 28.69
1260 79.25 69.32 22.47 54.79 23.88
1260 85.82 128.49 22.47 54.79 22.46
1260 581.31 181.23 25.23 61.54 20.04
1260 515.43 176.83 20.00 48.78 15.00
1290 9.76 23.61 31.71 77.35 50.29
1290 47.33 125.86 28.28 68.97 49.52
1290 541.14 185.43 17.83 43.48 47.69
1290 86.16 137.80 20.00 48.78 44.76
1290 86.16 75.37 20.00 48.78 26.54
1290 581.31 183.69 25.23 61.54 21.33
1290 78.35 73.41 20.00 48.78 16.03
1320 10.98 9.13 35.65 86.96 30.57
1320 574.22 183.79 28.28 68.97 28.94
1320 106.23 11.38 25.23 61.54 21.81
1320 9.11 161.37 22.47 54.79 19.11
1320 544.62 190.65 17.83 43.48 17.40
1320 12.85 48.39 31.71 77.35 14.64
1320 4.21 90.98 20.00 48.78 14.04
1320 72.67 139.45 22.47 54.79 11.70
1320 74.86 71.51 22.47 54.79 7.83
1320 131.85 16.71 22.47 54.79 5.40
1350 522.01 192.39 17.83 43.48 49.46
1350 7.77 164.00 25.23 61.54 46.67
1350 28.37 137.83 35.65 86.96 45.45
1350 102.50 10.00 28.28 68.97 36.95
1350 16.98 158.97 28.28 68.97 31.51
1350 592.12 200.82 22.47 54.79 4.33
1380 12.32 158.54 40.00 97.56 102.40
1380 35.33 151.74 35.65 86.96 52.64
1380 4.21 194.39 20.00 48.78 38.58
1380 30.78 7.24 28.28 68.97 37.54
1380 149.40 10.00 28.28 68.97 21.32
1410 27.93 146.83 40.00 97.56 9.77
1440 434.32 207.40 22.47 54.79 36.07
1440 562.26 215.85 20.00 48.78 21.02
1440 28.10 190.65 17.83 43.48 10.47
1440 421.31 191.08 25.23 61.54 5.64
1470 588.02 233.45 28.28 68.97 9.56
1500 598.53 249.78 17.83 43.48 40.38
1500 414.78 184.65 31.71 77.35 21.19
1500 454.04 183.29 22.47 54.79 18.75
1500 574.59 238.08 22.47 54.79 15.94
1530 487.23 8.04 17.83 43.48 32.54
1530 201.45 184.65 31.71 77.35 16.25
1560 556.69 8.92 25.23 61.54 83.70
1560 612.99 5.12 20.00 48.78 44.16
1560 6.16 186.59 20.00 48.78 40.58
1560 609.57 48.39 31.71 77.35 20.25
1560 397.67 131.75 50.80 123.90 14.76
1560 244.73 190.84 31.71 77.35 13.71
1560 607.47 207.40 22.47 54.79 9.76
1590 532.72 137.83 35.65 86.96 18.69
1590 394.45 155.37 20.00 48.78 1.62
1620 570.98 141.30 35.65 86.96 62.17
1620 22.76 258.17 45.20 110.24 28.12
1620 549.31 161.54 25.23 61.54 22.98
1620 315.46 159.08 25.23 61.54 15.77
1620 273.32 35.87 17.83 43.48 3.35
1650 22.93 64.14 56.55 137.93 76.53
1650 581.31 75.38 25.23 61.54 47.56
1650 290.09 194.83 28.28 68.97 41.78
1650 37.31 186.15 25.23 61.54 40.23
1650 59.52 5.75 22.47 54.79 29.89
1650 219.46 70.46 25.23 61.54 22.04
1650 582.50 123.10 28.28 68.97 20.58
1650 567.23 216.74 17.83 43.48 16.71
1650 48.56 200.82 22.47 54.79 6.76
1680 521.71 116.91 50.80 123.90 111.26
1680 173.62 147.48 31.71 77.35 29.03
1680 6.92 308.22 22.47 54.79 13.55
1680 226.18 125.81 31.71 77.35 6.11
1710 539.52 200.82 22.47 54.79 60.13
1710 4.73 124.11 22.47 54.79 43.04
1710 12.69 6.46 25.23 61.54 42.92
1710 94.66 91.72 56.55 137.93 36.65
1710 132.72 92.61 35.65 86.96 28.51
1710 199.48 97.24 56.55 137.93 27.80
1710 59.23 138.19 31.71 77.35 25.25
1710 139.61 132.00 31.71 77.35 19.77
1710 497.41 108.28 56.55 137.93 10.32
1710 48.97 4.57 17.83 43.48 3.41
1740 556.79 215.00 17.83 43.48 91.32
1740 52.84 87.24 28.28 68.97 44.79
1740 157.07 141.30 35.65 86.96 30.34
1740 182.50 45.86 28.28 68.97 29.37
1740 133.10 117.25 45.20 110.24 29.16
1740 114.88 150.58 31.71 77.35 28.58
1740 21.14 291.52 17.83 43.48 27.10
1740 19.40 8.04 17.83 43.48 20.68
1740 390.05 156.77 31.71 77.35 17.04
1740 11.90 97.24 56.55 137.93 14.44
1740 453.28 130.34 56.55 137.93 7.99
1740 3.75 89.78 17.83 43.48 3.35
1770 479.42 103.64 63.78 155.55 90.64
1770 523.38 25.71 100.71 245.62 59.54
1770 9.76 8.13 31.71 77.35 52.26
1770 116.29 7.24 28.28 68.97 49.01
1770 97.66 34.13 17.83 43.48 44.12
1770 107.74 5.75 22.47 54.79 38.63
1770 128.69 117.25 45.20 110.24 34.81
1770 32.04 16.36 63.78 155.55 27.90
1770 13.93 55.60 45.20 110.24 22.53
1770 22.76 90.83 45.20 110.24 20.79
1770 367.03 156.88 45.20 110.24 18.90
1770 116.79 183.70 17.83 43.48 4.86
1800 593.48 213.90 20.00 48.78 92.39
1800 109.88 123.41 40.00 97.56 35.46
1800 362.28 144.78 35.65 86.96 27.22
1800 6.16 135.85 20.00 48.78 17.35
1800 134.73 107.01 50.80 123.90 16.32
1800 568.11 67.56 20.00 48.78 15.15
1800 531.04 186.59 20.00 48.78 7.55
1830 121.59 127.32 40.00 97.56 38.11
1830 610.09 183.79 28.28 68.97 31.83
