30 124.15 187.74 31.71 77.35 23.51
60 9.76 144.39 31.71 77.35 54.84
60 41.99 161.37 22.47 54.79 33.16
60 125.92 188.62 25.23 61.54 15.39
60 90.14 128.90 31.71 77.35 5.37
90 10.23 173.85 25.23 61.54 59.73
90 121.81 189.31 28.28 68.97 19.51
90 125.27 5.75 22.47 54.79 15.63
90 45.18 163.17 20.00 48.78 7.45
120 45.18 163.17 20.00 48.78 32.28
120 9.76 144.39 31.71 77.35 24.14
120 123.08 5.75 22.47 54.79 5.05
150 119.03 165.97 63.78 155.55 13.83
180 17.66 192.39 17.83 43.48 35.65
180 41.99 161.37 22.47 54.79 31.47
180 10.23 156.62 25.23 61.54 30.52
180 90.14 128.90 31.71 77.35 4.19
210 37.60 159.18 22.47 54.79 71.27
210 11.30 174.52 22.47 54.79 43.79
240 33.22 159.18 22.47 54.79 53.05
240 387.75 87.22 50.80 123.90 14.60
240 125.92 225.54 25.23 61.54 8.02
300 111.52 7.07 20.00 48.78 45.48
300 392.59 91.72 56.55 137.93 9.70
330 387.07 91.72 56.55 137.93 17.95
330 346.64 189.86 22.47 54.79 14.12
330 367.03 134.86 45.20 110.24 7.46
360 407.23 185.43 17.83 43.48 26.70
360 420.00 52.13 80.85 197.19 25.65
360 370.71 187.17 17.83 43.48 6.98
390 417.28 103.64 63.78 155.55 71.28
390 457.26 22.91 89.69 218.76 45.66
390 612.99 124.15 20.00 48.78 45.14
390 403.19 142.41 28.28 68.97 14.51
390 114.32 86.85 22.47 54.79 12.94
420 446.30 87.83 71.30 173.91 58.63
420 420.00 20.66 80.85 197.19 54.78
420 182.88 168.04 17.83 43.48 33.34
420 76.79 178.48 17.83 43.48 27.80
420 479.42 84.94 63.78 155.55 20.12
420 519.77 8.92 25.23 61.54 18.26
420 115.05 77.61 17.83 43.48 14.77
450 527.40 118.91 89.69 218.76 72.64
450 73.32 133.26 17.83 43.48 33.92
450 499.45 170.09 45.20 110.24 29.99
450 601.00 28.62 25.23 61.54 20.97
450 584.83 88.65 31.71 77.35 19.67
450 475.96 222.74 22.47 54.79 6.63
450 276.79 211.52 17.83 43.48 5.18
480 543.08 35.51 100.71 245.62 87.68
480 192.38 40.92 25.23 61.54 45.71
480 482.80 178.45 31.71 77.35 30.84
480 48.56 104.38 22.47 54.79 20.83
480 102.21 152.48 45.20 110.24 19.58
480 527.15 102.46 25.23 61.54 18.78
480 476.62 162.97 31.71 77.35 3.24
510 201.28 176.83 20.00 48.78 72.03
510 463.15 203.38 25.23 61.54 57.99
510 536.59 82.27 50.80 123.90 55.65
510 107.74 174.52 22.47 54.79 35.30
510 477.67 186.55 28.28 68.97 24.96
510 568.71 76.21 28.28 68.97 22.58
510 21.77 69.51 20.00 48.78 16.63
510 591.58 65.43 17.83 43.48 13.92
510 5.31 63.08 25.23 61.54 13.75
510 421.16 194.25 22.47 54.79 3.51
540 596.08 68.00 25.23 61.54 19.81
540 195.43 217.80 20.00 48.78 12.87
540 121.81 225.17 28.28 68.97 10.30
540 536.59 240.62 50.80 123.90 7.92
540 327.37 62.79 114.81 280.01 6.76
540 125.49 169.78 17.83 43.48 4.92
540 171.30 56.16 22.47 54.79 4.68
570 564.02 172.61 35.65 86.96 58.61
570 152.16 15.52 28.28 68.97 57.88
570 5.95 219.66 28.28 68.97 54.61
570 554.23 196.00 25.23 61.54 49.44
570 536.89 204.15 20.00 48.78 46.76
570 543.90 203.01 22.47 54.79 44.09
570 404.02 183.04 35.65 86.96 33.64
570 148.10 215.00 17.83 43.48 31.20
570 5.31 247.69 25.23 61.54 30.10
570 581.24 166.39 50.80 123.90 29.50
570 113.62 16.31 25.23 61.54 26.99
570 52.08 26.15 25.23 61.54 12.33
600 572.46 175.35 31.71 77.35 23.69
600 592.14 156.88 45.20 110.24 19.37
600 397.07 172.61 35.65 86.96 18.94
600 609.66 18.90 22.47 54.79 13.68
630 467.17 136.52 71.30 173.91 46.59
630 154.91 172.76 28.28 68.97 43.20
630 403.19 161.72 28.28 68.97 38.30
630 92.01 204.15 20.00 48.78 36.10
630 613.31 136.92 25.23 61.54 26.61
630 122.28 9.13 35.65 86.96 24.69
630 602.28 75.22 35.65 86.96 20.90
630 488.04 171.30 71.30 173.91 18.50
630 594.32 110.96 22.47 54.79 14.25
630 528.56 108.77 22.47 54.79 11.55
660 529.24 228.26 35.65 86.96 56.69
660 414.22 161.72 28.28 68.97 45.12
660 607.33 51.38 28.28 68.97 43.71
660 505.26 120.34 28.28 68.97 3.19
660 591.16 97.11 50.80 123.90 1.55
690 572.46 79.35 31.71 77.35 31.58
690 406.16 210.00 20.00 48.78 29.35
690 532.84 7.24 28.28 68.97 28.19
690 451.60 75.74 80.85 197.19 27.03
690 78.66 158.54 40.00 97.56 13.64
690 290.71 157.61 17.83 43.48 8.28
690 541.92 104.92 25.23 61.54 7.43
720 488.41 162.44 40.00 97.56 55.16
720 553.70 22.91 89.69 218.76 47.22
720 113.32 209.78 17.83 43.48 44.29
720 495.68 80.27 22.47 54.79 40.44
720 465.00 76.59 40.00 97.56 24.31
720 524.57 12.76 28.28 68.97 23.38
720 415.59 134.86 45.20 110.24 19.25
720 496.90 107.01 50.80 123.90 16.07
720 423.36 211.78 22.47 54.79 12.66
750 3.75 122.83 17.83 43.48 59.52
750 574.27 127.32 40.00 97.56 55.12
750 535.34 35.06 63.78 155.55 52.36
750 563.62 31.03 56.55 137.93 45.47
750 437.38 247.07 20.00 48.78 41.39
750 479.42 35.06 63.78 155.55 37.46
750 73.32 211.52 17.83 43.48 32.32
750 290.71 4.57 17.83 43.48 30.01
750 499.45 139.27 45.20 110.24 20.45
750 541.55 131.75 50.80 123.90 18.15
750 143.15 151.74 35.65 86.96 11.87
780 495.15 11.38 25.23 61.54 62.94
780 40.68 181.55 31.71 77.35 43.83
780 554.23 60.62 25.23 61.54 30.95
780 74.76 154.63 40.00 97.56 28.63
780 122.01 199.35 17.83 43.48 25.47
780 426.23 198.46 25.23 61.54 23.09
780 242.26 176.83 20.00 48.78 19.27
780 517.60 5.75 22.47 54.79 14.35
780 49.95 169.16 31.71 77.35 12.12
780 510.49 97.40 63.78 155.55 10.65
780 534.94 5.12 20.00 48.78 9.20
780 455.31 209.72 45.20 110.24 3.15
810 54.94 198.29 20.00 48.78 129.15
810 87.23 195.87 17.83 43.48 87.23
810 3.75 197.61 17.83 43.48 52.68
810 588.37 85.65 35.65 86.96 46.85
810 442.33 191.13 50.80 123.90 30.06
810 516.70 53.77 63.78 155.55 27.45
810 421.41 134.35 35.65 86.96 23.29
810 591.85 110.00 35.65 86.96 21.01
810 68.29 126.30 22.47 54.79 17.85
810 550.82 159.87 31.71 77.35 17.65
810 95.04 121.86 50.80 123.90 16.07
840 29.84 195.87 17.83 43.48 72.67
840 437.68 123.41 40.00 97.56 47.63
840 598.80 12.61 35.65 86.96 45.50
840 419.40 143.70 17.83 43.48 41.36
840 575.56 11.23 31.71 77.35 34.39
840 508.91 46.09 71.30 173.91 33.89
840 492.32 189.76 40.00 97.56 26.44
840 425.98 111.71 40.00 97.56 23.87
840 477.05 102.06 50.80 123.90 9.95
840 501.14 53.26 17.83 43.48 5.93
870 525.18 5.12 20.00 48.78 54.81
870 597.38 30.49 20.00 48.78 42.02
870 515.43 7.07 20.00 48.78 41.67
870 532.99 9.02 20.00 48.78 32.90
870 424.06 212.52 31.71 77.35 32.06
870 5.31 178.77 25.23 61.54 23.56
870 204.18 165.75 22.47 54.79 22.62
870 483.21 60.00 80.85 197.19 22.53
870 607.13 118.29 20.00 48.78 22.43
870 506.64 14.52 22.47 54.79 13.11
870 457.21 121.86 50.80 123.90 11.19
870 5.49 86.30 17.83 43.48 11.08
900 491.11 44.26 80.85 197.19 57.37
900 561.62 80.31 25.23 61.54 30.45
900 610.09 62.41 28.28 68.97 20.96
900 12.85 63.87 31.71 77.35 14.48
930 191.52 170.98 20.00 48.78 77.35
930 6.67 97.94 31.71 77.35 47.69
930 608.38 173.85 25.23 61.54 43.90
930 462.17 82.27 50.80 123.90 37.91
930 35.33 85.65 35.65 86.96 13.92
930 486.21 82.02 45.20 110.24 10.98
930 538.45 8.13 31.71 77.35 9.33
930 97.66 197.61 17.83 43.48 8.67
930 160.27 188.91 17.83 43.48 4.38
960 566.46 53.17 40.00 97.56 57.91
960 500.07 47.40 22.47 54.79 45.88
960 41.99 75.89 22.47 54.79 43.03
960 417.87 184.65 31.71 77.35 40.98
960 450.85 87.69 25.23 61.54 29.89
960 491.30 170.14 22.47 54.79 29.87
960 16.98 189.31 28.28 68.97 26.03
960 437.38 192.44 20.00 48.78 16.83
960 612.84 175.52 28.28 68.97 13.40
960 500.07 172.33 22.47 54.79 13.25
990 473.59 43.91 35.65 86.96 68.63
990 549.84 6.30 17.83 43.48 59.40
990 465.62 77.85 25.23 61.54 39.28
990 182.50 153.45 28.28 68.97 36.92
990 475.34 213.10 56.55 137.93 26.03
990 463.88 227.93 28.28 68.97 20.34
990 455.77 77.85 25.23 61.54 12.98
990 538.36 34.83 28.28 68.97 12.80
990 559.15 8.92 25.23 61.54 11.73
1020 496.22 10.24 40.00 97.56 49.63
1020 464.70 87.07 20.00 48.78 41.98
1020 439.05 51.38 28.28 68.97 30.90
1020 131.85 165.75 22.47 54.79 30.83
1020 519.33 241.22 20.00 48.78 28.61
1020 70.48 189.86 22.47 54.79 27.37
1020 481.79 244.95 45.20 110.24 18.06
1020 544.93 241.09 89.69 218.76 14.54
1020 374.59 8.13 31.71 77.35 14.35
1020 143.15 159.08 25.23 61.54 13.19
1020 470.54 60.62 25.23 61.54 11.85
1020 13.49 78.08 22.47 54.79 11.65
1020 553.59 50.87 35.65 86.96 3.93
1020 4.21 81.22 20.00 48.78 0.95
1050 426.23 6.46 25.23 61.54 62.00
1050 55.92 187.17 17.83 43.48 58.73
1050 119.05 153.45 28.28 68.97 45.93
1050 473.77 7.95 22.47 54.79 44.33
1050 501.14 70.65 17.83 43.48 42.96
1050 488.97 8.04 17.83 43.48 42.44
1050 311.58 4.57 17.83 43.48 36.23
1050 509.92 13.85 25.23 61.54 35.09
1050 328.97 4.57 17.83 43.48 31.97
1050 407.50 23.04 35.65 86.96 22.87
1050 401.62 191.08 25.23 61.54 22.83
1050 93.92 154.15 25.23 61.54 14.08
1050 402.26 5.12 20.00 48.78 10.22
1050 492.45 72.39 17.83 43.48 9.29
1080 450.09 7.24 28.28 68.97 92.40
1080 425.26 7.24 28.28 68.97 57.38
1080 495.91 7.07 20.00 48.78 48.83
1080 469.38 5.75 22.47 54.79 30.91
1080 450.90 178.90 45.20 110.24 26.23
1080 11.30 5.75 22.47 54.79 24.58
1080 108.02 156.21 28.28 68.97 20.75
1080 481.79 178.90 45.20 110.24 18.96
1080 513.32 68.91 17.83 43.48 17.45
1080 15.00 66.96 71.30 173.91 15.68
1080 414.27 189.76 40.00 97.56 12.70
1080 460.69 26.15 25.23 61.54 10.91
1080 521.99 53.97 22.47 54.79 5.52
1080 433.78 181.95 40.00 97.56 5.18
1110 22.88 187.17 17.83 43.48 118.68
1110 5.49 187.17 17.83 43.48 84.64
1110 525.76 12.61 35.65 86.96 70.74
1110 429.88 189.76 40.00 97.56 62.63
1110 296.23 82.47 22.47 54.79 49.16
1110 102.50 156.21 28.28 68.97 46.43
1110 514.85 6.46 25.23 61.54 32.79
1110 60.79 9.02 20.00 48.78 31.08
1110 446.30 129.57 71.30 173.91 29.38
1110 484.00 94.29 100.71 245.62 23.40
1110 68.29 5.75 22.47 54.79 4.64
1140 10.71 190.65 17.83 43.48 92.08
1140 24.62 188.91 17.83 43.48 70.10
1140 102.51 159.87 31.71 77.35 54.79
1140 479.42 190.91 63.78 155.55 49.13
1140 326.16 85.12 20.00 48.78 30.65
1140 458.79 130.34 56.55 137.93 27.25
1140 457.21 196.08 50.80 123.90 25.69
1140 313.00 75.38 25.23 61.54 19.45
1140 31.58 190.65 17.83 43.48 15.99
1170 121.00 196.00 25.23 61.54 40.83
1170 75.05 204.57 17.83 43.48 26.02
1170 32.04 334.29 63.78 155.55 13.28
1170 202.23 151.69 25.23 61.54 7.93
1170 41.99 185.48 22.47 54.79 7.68
1170 511.52 170.98 20.00 48.78 5.36
1200 21.41 207.39 35.65 86.96 61.28
1200 45.18 7.07 20.00 48.78 44.46
1200 170.18 40.47 114.81 280.01 27.74
1200 314.45 323.17 20.00 48.78 23.05
1200 40.92 25.71 100.71 245.62 20.07
1200 530.34 161.28 45.20 110.24 13.55
1200 374.54 301.85 25.23 61.54 10.08
1230 315.05 197.61 17.83 43.48 168.09
1230 295.92 195.87 17.83 43.48 166.49
1230 408.60 166.06 31.71 77.35 48.21
1230 33.22 5.75 22.47 54.79 39.22
1230 55.35 27.84 50.80 123.90 28.51
1230 5.49 268.91 17.83 43.48 24.42
1230 322.01 199.35 17.83 43.48 24.20
1230 578.17 240.49 40.00 97.56 22.02
1230 14.46 228.26 35.65 86.96 19.10
1230 397.67 164.48 28.28 68.97 13.74
1230 139.38 55.10 100.71 245.62 12.75
1230 551.47 186.19 50.80 123.90 5.77
1230 108.02 216.90 28.28 68.97 4.04
1260 398.35 196.34 20.00 48.78 207.48
1260 417.87 196.34 20.00 48.78 162.23
1260 25.67 194.39 20.00 48.78 76.53
1260 518.80 158.70 35.65 86.96 71.90
1260 235.05 4.57 17.83 43.48 43.02
1260 507.54 159.87 31.71 77.35 39.53
1260 42.01 293.26 17.83 43.48 36.33
1260 485.89 156.77 31.71 77.35 29.30
1260 249.14 163.45 56.55 137.93 13.73
1260 157.92 70.46 25.23 61.54 12.74
1260 426.36 202.83 17.83 43.48 4.48
1290 421.16 194.25 22.47 54.79 212.97
1290 440.89 192.05 22.47 54.79 201.18
1290 548.00 143.67 45.20 110.24 89.09
1290 413.96 196.34 20.00 48.78 83.33
1290 451.04 198.29 20.00 48.78 60.42
1290 269.47 224.90 31.71 77.35 60.36
1290 429.93 194.25 22.47 54.79 52.94
1290 400.27 190.65 17.83 43.48 34.01
1290 139.67 26.52 35.65 86.96 32.53
1290 94.66 25.52 56.55 137.93 25.44
1290 156.71 267.80 40.00 97.56 20.25
1290 525.93 130.46 45.20 110.24 18.46
1290 265.26 261.03 28.28 68.97 16.62
1290 251.52 94.78 71.30 173.91 2.82
1320 295.77 183.69 25.23 61.54 227.70
1320 320.38 183.69 25.23 61.54 210.14
1320 445.49 146.83 40.00 97.56 91.27
1320 311.58 187.67 22.47 54.79 81.15
1320 431.85 155.22 35.65 86.96 56.46
1320 72.35 138.69 80.85 197.19 52.73
1320 287.47 187.67 22.47 54.79 45.24
1320 223.15 12.61 35.65 86.96 41.12
1320 397.07 141.30 35.65 86.96 32.52
1320 274.32 183.29 22.47 54.79 21.02
1320 603.23 120.24 20.00 48.78 18.55
1320 94.17 240.78 63.78 155.55 18.12
1320 587.92 51.48 31.71 77.35 13.95
1320 164.73 176.71 22.47 54.79 12.76
1320 355.15 91.17 63.78 155.55 9.97
1320 112.82 66.23 63.78 155.55 9.02
1320 484.02 148.26 35.65 86.96 8.74
1350 108.02 178.28 28.28 68.97 259.03
1350 141.12 178.28 28.28 68.97 243.22
1350 287.59 139.27 45.20 110.24 101.74
1350 268.68 116.91 50.80 123.90 65.98
1350 130.85 183.69 25.23 61.54 65.85
1350 442.28 40.43 35.65 86.96 41.57
1350 151.36 83.61 80.85 197.19 34.64
1350 121.00 186.15 25.23 61.54 29.31
1350 62.74 7.07 20.00 48.78 29.16
1350 511.03 229.32 22.47 54.79 28.26
1350 447.76 207.59 56.55 137.93 27.70
1350 216.74 73.91 71.30 173.91 22.13
1350 193.59 97.40 63.78 155.55 11.95
1350 51.34 29.76 40.00 97.56 11.51
1350 318.48 130.46 45.20 110.24 2.09
1380 139.69 126.80 50.80 123.90 56.52
1380 70.65 73.91 71.30 173.91 30.36
1380 464.14 15.96 45.20 110.24 12.59
1380 309.66 253.76 45.20 110.24 12.57
1380 337.93 231.74 35.65 86.96 11.38
1380 176.98 186.55 28.28 68.97 9.01
1380 42.83 73.91 71.30 173.91 6.83
1380 529.18 104.13 31.71 77.35 6.07
1410 74.76 107.80 40.00 97.56 35.11
1410 548.10 188.91 17.83 43.48 32.66
1410 35.05 176.74 17.83 43.48 30.95
1410 603.75 70.65 17.83 43.48 27.63
1410 17.41 14.48 56.55 137.93 25.10
1410 480.54 89.13 35.65 86.96 25.04
1410 532.08 60.62 25.23 61.54 20.66
1410 515.05 195.87 17.83 43.48 19.70
1410 43.23 180.73 20.00 48.78 14.03
1410 4.21 182.68 20.00 48.78 12.02
1410 460.62 36.44 22.47 54.79 8.46
1440 139.67 134.35 35.65 86.96 37.32
1440 482.80 88.65 31.71 77.35 34.33
1440 230.21 227.34 45.20 110.24 30.34
1440 578.97 45.21 22.47 54.79 26.86
1440 598.54 60.62 25.23 61.54 26.28
1440 484.00 221.63 100.71 245.62 20.66
1440 535.24 21.95 40.00 97.56 20.18
1440 59.15 107.80 40.00 97.56 9.63
1440 57.89 185.58 114.81 280.01 3.15
1440 587.74 45.21 22.47 54.79 1.72
1470 40.47 126.80 50.80 123.90 108.96
1470 90.37 142.93 40.00 97.56 56.76
1470 132.72 137.83 35.65 86.96 46.57
1470 60.31 121.86 50.80 123.90 38.76
1470 19.03 175.35 31.71 77.35 38.22
1470 473.59 89.13 35.65 86.96 38.15
1470 456.23 36.44 22.47 54.79 38.15
1470 210.09 357.59 28.28 68.97 38.00
1470 9.11 176.71 22.47 54.79 37.94
1470 34.85 114.77 25.23 61.54 17.67
1470 583.77 40.92 25.23 61.54 16.56
1470 506.36 75.87 17.83 43.48 16.28
1470 603.46 63.08 25.23 61.54 13.89
1470 532.72 43.91 35.65 86.96 13.64
1470 247.50 26.52 35.65 86.96 2.78
1500 25.58 136.70 50.80 123.90 76.97
1500 485.89 197.03 31.71 77.35 64.27
1500 549.40 208.62 28.28 68.97 60.15
1500 579.74 43.10 28.28 68.97 59.87
1500 452.72 26.52 35.65 86.96 53.66
1500 7.50 179.57 35.65 86.96 49.13
1500 230.21 15.96 45.20 110.24 43.23
1500 609.09 61.71 20.00 48.78 38.62
1500 356.29 194.83 28.28 68.97 37.33
1500 417.87 17.42 31.71 77.35 36.73
1500 621.14 204.57 17.83 43.48 32.30
1500 593.62 48.31 25.23 61.54 32.20
1500 470.11 183.04 35.65 86.96 29.39
1500 539.46 80.31 25.23 61.54 26.10
1500 182.54 124.62 25.23 61.54 25.77
1500 566.28 42.19 31.71 77.35 22.48
1500 431.85 19.57 35.65 86.96 22.46
1500 105.98 142.93 40.00 97.56 22.10
1500 101.16 198.63 22.47 54.79 20.43
1500 424.06 193.94 31.71 77.35 11.84
1500 84.08 97.54 25.23 61.54 6.40
1500 511.52 81.22 20.00 48.78 3.80
1530 560.19 16.36 63.78 155.55 75.85
1530 7.50 110.00 35.65 86.96 60.16
1530 603.38 39.10 31.71 77.35 57.43
1530 465.00 14.15 40.00 97.56 53.58
1530 194.85 45.85 25.23 61.54 50.97
1530 241.62 11.38 25.23 61.54 48.08
1530 5.49 91.52 17.83 43.48 45.77
1530 84.57 115.65 71.30 173.91 32.08
1530 527.13 79.27 20.00 48.78 30.31
1530 546.10 64.93 22.47 54.79 15.60
1530 250.37 68.78 40.00 97.56 14.31
1530 428.10 208.04 17.83 43.48 10.29
1530 618.42 80.27 22.47 54.79 5.63
1530 128.69 130.46 45.20 110.24 4.78
1530 173.96 210.00 20.00 48.78 -0.46
1560 28.45 97.24 56.55 137.93 93.98
1560 48.64 91.48 80.85 197.19 91.24
1560 131.85 198.63 22.47 54.79 63.71
1560 168.41 139.27 45.20 110.24 51.60
1560 566.46 10.24 40.00 97.56 44.36
1560 309.66 11.23 31.71 77.35 27.03
1560 495.79 51.63 114.81 280.01 20.27
1560 13.49 194.25 22.47 54.79 19.54
1560 480.30 44.15 20.00 48.78 18.96
1560 300.79 50.00 20.00 48.78 15.28
1560 488.71 21.03 28.28 68.97 14.79
1560 111.15 75.38 25.23 61.54 12.87
1560 593.62 40.92 25.23 61.54 12.11
1590 208.31 84.49 100.71 245.62 87.86
1590 185.48 31.64 89.69 218.76 84.01
1590 358.21 134.86 45.20 110.24 77.85
1590 375.86 134.86 45.20 110.24 60.03
1590 237.85 45.31 100.71 245.62 48.91
1590 458.36 12.76 28.28 68.97 46.52
1590 333.96 116.34 20.00 48.78 33.65
1590 94.18 192.39 17.83 43.48 15.64
1590 164.51 162.44 40.00 97.56 14.00
1590 519.77 6.46 25.23 61.54 3.56
1620 529.47 40.47 114.81 280.01 130.94
1620 501.10 22.91 89.69 218.76 89.48
1620 39.48 14.48 56.55 137.93 69.75
1620 6.92 23.29 22.47 54.79 42.44
1620 12.32 205.37 40.00 97.56 31.54
1620 180.08 200.92 25.23 61.54 27.53
1650 8.71 181.03 28.28 68.97 142.64
1650 420.00 154.43 80.85 197.19 85.01
1650 19.03 175.35 31.71 77.35 49.74
1650 221.71 235.89 22.47 54.79 31.18
1650 287.47 10.14 22.47 54.79 26.51
1650 404.02 169.13 35.65 86.96 11.56
1680 488.41 154.63 40.00 97.56 64.90
1680 269.88 75.74 80.85 197.19 33.85
1680 601.81 230.69 28.28 68.97 21.25
1680 91.46 159.08 25.23 61.54 7.68
1680 567.50 231.74 35.65 86.96 1.88
1710 508.02 183.79 28.28 68.97 64.94
1710 464.70 188.54 20.00 48.78 58.67
1710 599.33 217.80 20.00 48.78 45.81
1710 139.69 171.34 50.80 123.90 35.29
1710 196.79 195.87 17.83 43.48 16.38
1710 6.67 14.32 31.71 77.35 10.87
1740 513.32 194.13 17.83 43.48 76.16
1740 239.25 170.14 22.47 54.79 67.89
1740 546.65 192.44 20.00 48.78 54.93
1740 138.23 188.62 25.23 61.54 39.35
1770 219.52 165.75 22.47 54.79 95.41
1770 523.75 187.17 17.83 43.48 77.66
1770 6.67 175.35 31.71 77.35 30.75
1770 160.27 197.61 17.83 43.48 29.13
1770 142.88 201.09 17.83 43.48 26.74
1770 337.88 172.33 22.47 54.79 24.25
1770 571.46 188.62 25.23 61.54 19.12
1770 245.49 178.48 17.83 43.48 17.00
1770 353.53 145.17 28.28 68.97 13.15
1770 447.13 188.54 20.00 48.78 12.87
1770 461.12 172.76 28.28 68.97 9.99
1770 581.77 208.05 20.00 48.78 7.15
1800 579.82 188.54 20.00 48.78 168.85
1800 563.63 178.90 22.47 54.79 127.11
1800 204.69 159.08 25.23 61.54 85.50
1800 452.45 185.43 17.83 43.48 72.90
1800 337.88 165.75 22.47 54.79 34.77
1800 162.01 190.65 17.83 43.48 24.70
1800 495.92 204.57 17.83 43.48 23.61
1800 316.79 162.83 17.83 43.48 19.34
1800 127.23 192.39 17.83 43.48 17.79
1830 583.77 186.15 25.23 61.54 173.02
1830 410.06 186.59 20.00 48.78 134.27
1830 563.19 178.28 28.28 68.97 130.41
1830 68.29 192.05 22.47 54.79 60.33
1830 130.09 156.21 28.28 68.97 54.10
1830 259.82 161.22 20.00 48.78 30.01
1830 278.54 164.00 25.23 61.54 18.90
1830 455.92 194.13 17.83 43.48 16.07
