30 25.75 17.00 20.50 50.00 -3.693266
60 602.97 126.41 37.52 91.50 -0.504014
60 436.54 112.31 31.54 76.92 -1.053485
60 467.67 117.18 28.92 70.53 -1.081254
60 277.75 97.00 20.50 50.00 -1.200729
60 507.14 120.00 28.92 70.53 -1.230547
60 157.75 135.00 20.50 50.00 -1.564493
60 291.10 102.38 34.37 83.83 -1.723851
60 587.21 89.45 44.67 108.95 -2.158674
90 482.09 109.09 34.37 83.83 -0.667360
90 203.75 141.00 20.50 50.00 -0.756378
90 475.90 145.09 22.38 54.58 -0.796734
90 297.80 109.09 34.37 83.83 -1.339965
90 442.06 104.43 37.52 91.50 -1.705972
90 270.38 75.39 31.54 76.92 -2.281469
90 362.95 16.90 69.16 168.67 -3.772267
90 559.00 -4.00 82.00 200.00 -4.246183
120 602.97 126.41 37.52 91.50 -0.112004
120 213.75 147.00 20.50 50.00 -0.610389
120 161.37 140.73 22.38 54.58 -1.106786
120 121.46 133.62 26.57 64.81 -1.115053
120 169.75 149.00 20.50 50.00 -1.172169
120 319.75 103.00 20.50 50.00 -1.228506
120 397.03 141.39 24.37 59.45 -1.309017
120 17.75 47.00 20.50 50.00 -3.378062
150 224.71 149.45 22.38 54.58 -0.020827
150 165.73 149.45 22.38 54.58 -0.813485
150 159.11 115.25 24.37 59.45 -1.191870
150 173.38 141.39 24.37 59.45 -1.480278
150 587.21 111.27 44.67 108.95 -1.745227
150 493.38 156.00 22.38 54.58 -1.879409
180 189.75 165.00 20.50 50.00 1.932192
180 205.05 153.82 22.38 54.58 0.353183
180 217.33 146.59 26.57 64.81 -0.624310
180 111.09 141.41 26.57 64.81 -0.735825
180 180.52 148.51 24.37 59.45 -1.513475
180 47.09 122.75 37.52 91.50 -1.738869
180 288.05 16.36 22.38 54.58 -3.092179
210 140.31 132.59 34.37 83.83 -0.759257
210 163.75 165.00 20.50 50.00 -0.804353
210 47.58 139.76 28.92 70.53 -1.552260
210 416.84 162.16 26.57 64.81 -1.838683
210 559.00 20.00 82.00 200.00 -3.488458
240 7.50 118.00 41.00 100.00 -1.160582
240 169.75 159.00 20.50 50.00 -1.182117
240 582.60 184.16 24.37 59.45 -1.418291
240 592.00 92.67 48.64 118.64 -1.676507
240 64.49 131.29 28.92 70.53 -1.724518
270 423.48 182.18 22.38 54.58 -0.500769
270 105.75 167.00 20.50 50.00 -1.235110
270 137.34 160.36 22.38 54.58 -1.543002
270 433.46 161.54 31.54 76.92 -1.720391
270 619.75 177.00 20.50 50.00 -2.121250
300 602.97 100.76 37.52 91.50 -0.934292
300 606.07 149.37 34.37 83.83 -1.332518
300 563.75 221.00 20.50 50.00 -1.431737
300 11.75 199.00 20.50 50.00 -1.955508
300 21.75 193.00 20.50 50.00 -2.401645
300 613.77 76.54 26.57 64.81 -2.424508
300 569.16 227.29 28.92 70.53 -2.621389
300 381.75 39.00 20.50 50.00 -3.205849
330 251.90 172.28 24.37 59.45 0.068477
330 213.75 175.00 20.50 50.00 0.048751
330 237.82 171.27 22.38 54.58 -1.029841
330 194.80 162.77 24.37 59.45 -1.199853
330 551.23 21.82 89.69 218.76 -3.764092
330 -0.92 25.85 75.52 184.20 -4.371255
360 209.07 179.41 24.37 59.45 0.446822
360 157.73 175.14 26.57 64.81 0.414089
360 218.08 164.62 31.54 76.92 -0.113201
360 189.75 183.00 20.50 50.00 -0.650441
360 137.75 189.00 20.50 50.00 -0.678957
360 438.77 153.82 22.38 54.58 -1.350567
360 371.06 138.55 22.38 54.58 -1.692039
360 602.97 86.11 37.52 91.50 -2.358531
390 190.04 184.16 24.37 59.45 0.787524
390 223.35 167.52 24.37 59.45 -0.673765
390 366.69 129.82 22.38 54.58 -1.366656
390 66.45 183.23 52.90 129.03 -1.552721
390 110.16 199.72 34.37 83.83 -1.643729
420 499.76 164.76 26.57 64.81 0.034278
420 371.75 145.00 20.50 50.00 -0.379494
420 180.52 188.91 24.37 59.45 -2.076374
420 13.74 241.41 28.92 70.53 -3.358251
450 555.07 159.53 28.92 70.53 0.832796
450 606.07 152.73 34.37 83.83 -0.367923
450 373.75 147.00 20.50 50.00 -0.787942
450 577.49 156.97 26.57 64.81 -1.340274
450 353.75 29.00 20.50 50.00 -3.340774
450 335.15 -1.41 28.92 70.53 -4.929142
480 383.16 136.22 26.57 64.81 -0.669205
510 413.68 139.01 24.37 59.45 0.808920
510 93.75 155.00 20.50 50.00 0.285507
510 459.75 143.00 20.50 50.00 -0.575543
510 431.75 135.00 20.50 50.00 -1.364399
510 521.75 87.00 20.50 50.00 -2.003795
510 607.75 35.00 20.50 50.00 -2.506604
510 145.75 25.00 20.50 50.00 -3.755903
540 135.75 145.00 20.50 50.00 0.475366
540 41.23 112.36 22.38 54.58 -0.084054
540 357.75 129.00 20.50 50.00 -0.606602
540 541.43 123.27 22.38 54.58 -0.720478
540 442.23 127.13 24.37 59.45 -0.942262
540 464.23 130.77 31.54 76.92 -1.047454
540 141.75 137.00 20.50 50.00 -1.062497
540 513.04 112.36 22.38 54.58 -1.576394
540 31.75 239.00 20.50 50.00 -1.989514
540 12.83 156.00 22.38 54.58 -2.226384
540 599.50 34.00 41.00 100.00 -3.181772
570 456.39 120.00 28.92 70.53 0.487092
570 41.13 138.81 26.57 64.81 -0.854188
570 123.75 133.00 20.50 50.00 -1.572089
570 -0.50 126.00 41.00 100.00 -1.576535
570 58.08 220.00 31.54 76.92 -1.640391
570 356.58 131.88 24.37 59.45 -1.768730
570 571.79 84.51 69.16 168.67 -2.529749
570 485.38 27.69 63.08 153.85 -4.005306
600 15.02 166.91 22.38 54.58 0.889225
600 501.75 155.00 20.50 50.00 0.317903
600 510.38 143.08 31.54 76.92 -0.646839
600 -0.35 153.88 28.92 70.53 -1.100290
600 127.54 126.41 37.52 91.50 -1.271584
600 487.75 151.00 20.50 50.00 -1.451623
600 582.65 64.94 57.98 141.42 -1.974197
600 115.75 7.00 20.50 50.00 -3.875993
630 554.54 153.82 22.38 54.58 0.517624
630 562.69 133.85 31.54 76.92 -0.681420
630 544.54 150.89 24.37 59.45 -0.755949
630 -0.35 159.53 28.92 70.53 -1.039627
630 377.75 147.00 20.50 50.00 -1.210660
630 355.75 159.00 20.50 50.00 -1.311259
630 15.75 169.00 20.50 50.00 -1.504531
630 513.20 93.82 44.67 108.95 -1.837820
630 571.50 102.00 41.00 100.00 -1.948768
630 606.07 62.10 34.37 83.83 -2.565268
660 368.87 145.09 22.38 54.58 -0.266395
660 602.97 115.42 37.52 91.50 -1.268248
660 619.75 175.00 20.50 50.00 -1.843132
660 579.27 88.95 34.37 83.83 -2.591556
690 375.43 151.64 22.38 54.58 -0.639084
690 -0.35 159.53 28.92 70.53 -1.300457
690 -0.27 206.18 22.38 54.58 -2.593567
690 326.15 14.27 26.57 64.81 -3.169300
690 347.06 1.19 24.37 59.45 -4.431460
720 383.75 159.00 20.50 50.00 -0.181056
720 608.85 176.92 31.54 76.92 -1.069354
720 -0.27 186.55 22.38 54.58 -1.169018
720 375.75 157.00 20.50 50.00 -1.311015
720 571.79 50.70 69.16 168.67 -2.620977
750 395.75 161.00 20.50 50.00 1.295117
750 405.75 165.00 20.50 50.00 0.518076
750 387.75 167.00 20.50 50.00 -1.230369
750 539.50 94.00 41.00 100.00 -2.410708
780 391.75 165.00 20.50 50.00 3.772644
780 399.75 161.00 20.50 50.00 0.145283
780 417.75 167.00 20.50 50.00 -0.056177
780 385.75 157.00 20.50 50.00 -1.043686
780 -0.30 174.65 24.37 59.45 -1.093786
780 566.34 153.88 28.92 70.53 -1.129372
780 10.65 171.27 22.38 54.58 -2.055449
780 6.28 256.78 34.37 83.83 -3.468054
810 403.82 164.73 22.38 54.58 3.212583
810 425.75 171.00 20.50 50.00 2.782839
810 397.27 158.18 22.38 54.58 1.842844
810 413.68 160.40 24.37 59.45 1.822307
810 171.75 151.00 20.50 50.00 -0.857868
810 81.75 177.00 20.50 50.00 -1.002159
810 541.43 73.09 22.38 54.58 -1.358076
810 528.85 173.85 31.54 76.92 -1.487010
810 58.70 254.18 22.38 54.58 -1.976007
810 619.75 107.00 20.50 50.00 -2.176503
810 619.75 11.00 20.50 50.00 -4.388971
840 600.81 172.54 26.57 64.81 6.535777
840 434.40 171.27 22.38 54.58 5.266442
840 401.78 158.02 24.37 59.45 3.097122
840 425.67 169.09 22.38 54.58 2.614548
840 389.89 155.64 24.37 59.45 -0.412483
840 411.28 151.06 28.92 70.53 -0.883012
840 442.23 165.15 24.37 59.45 -0.980237
840 109.75 169.00 20.50 50.00 -1.159870
840 477.92 79.60 24.37 59.45 -1.621663
840 177.75 3.00 20.50 50.00 -4.612646
870 447.94 167.35 26.57 64.81 4.644232
870 411.66 159.57 26.57 64.81 4.108116
870 437.57 164.76 26.57 64.81 0.986374
870 385.75 143.00 20.50 50.00 -0.502667
870 533.75 139.00 20.50 50.00 -0.854251
870 129.75 121.00 20.50 50.00 -1.065595
870 379.75 151.00 20.50 50.00 -1.125320
870 137.34 114.55 22.38 54.58 -1.541015
870 462.80 177.82 22.38 54.58 -1.823470
900 496.91 159.39 37.52 91.50 5.059463
900 479.62 161.54 31.54 76.92 2.754359
900 435.18 152.73 34.37 83.83 2.568493
900 379.75 145.00 20.50 50.00 -0.175662
900 407.75 149.00 20.50 50.00 -0.767570
900 419.75 143.00 20.50 50.00 -1.124807
900 140.88 138.35 57.98 141.42 -1.309214
900 56.05 120.00 44.67 108.95 -1.322666
900 90.05 115.80 34.37 83.83 -1.352997
900 363.72 134.26 24.37 59.45 -1.378733
900 608.63 156.71 28.92 70.53 -1.411880
900 563.75 157.00 20.50 50.00 -1.679391
900 599.50 46.00 41.00 100.00 -3.343257
900 177.75 11.00 20.50 50.00 -4.294080
930 544.59 154.46 48.64 118.64 4.195731
930 494.84 141.94 52.90 129.03 2.722651
930 619.75 123.00 20.50 50.00 -0.344366
930 416.93 151.64 22.38 54.58 -0.649797
930 253.75 165.00 20.50 50.00 -1.174521
930 427.85 156.00 22.38 54.58 -1.460297
930 615.91 231.68 24.37 59.45 -2.430280
960 579.50 122.00 41.00 100.00 0.369233
960 388.53 149.45 22.38 54.58 0.320185
960 427.21 144.00 26.57 64.81 -0.842122
960 619.75 179.00 20.50 50.00 -1.082518
960 441.75 143.00 20.50 50.00 -1.266427
960 439.75 165.00 20.50 50.00 -1.479843
960 359.75 151.00 20.50 50.00 -1.521577
960 183.85 107.69 63.08 153.85 -1.715875
960 602.97 82.44 37.52 91.50 -1.837724
960 -0.35 91.77 28.92 70.53 -2.139477
960 151.75 5.00 20.50 50.00 -4.063373
990 381.75 155.00 20.50 50.00 0.335328
990 429.75 163.00 20.50 50.00 0.019655
990 433.75 137.00 20.50 50.00 -0.600542
990 373.75 133.00 20.50 50.00 -0.875955
990 354.66 136.22 26.57 64.81 -0.936362
990 171.75 169.00 20.50 50.00 -1.376931
990 575.00 78.46 31.54 76.92 -2.233247
990 327.37 38.18 22.38 54.58 -2.730961
990 587.75 -1.00 20.50 50.00 -4.328546
1020 359.75 149.00 20.50 50.00 0.700320
1020 439.85 160.40 24.37 59.45 -0.090770
1020 424.23 140.00 31.54 76.92 -0.791958
1020 171.75 157.00 20.50 50.00 -1.104775
1020 398.70 144.00 26.57 64.81 -1.149252
1020 161.37 158.18 22.38 54.58 -1.262621
1020 525.75 37.00 20.50 50.00 -3.624392
1020 523.75 7.00 20.50 50.00 -4.400116
1050 351.40 142.91 22.38 54.58 2.067304
1050 132.94 153.27 24.37 59.45 0.311225
1050 436.65 134.12 28.92 70.53 -0.646937
1050 343.75 151.00 20.50 50.00 -0.669668
1050 449.75 163.00 20.50 50.00 -0.730786
1050 74.82 105.08 26.57 64.81 -0.988392
1050 172.29 160.36 22.38 54.58 -1.025832
1050 85.75 95.00 20.50 50.00 -1.268168
1050 259.75 163.00 20.50 50.00 -1.337237
1050 427.75 157.00 20.50 50.00 -1.408855
1050 124.23 151.64 22.38 54.58 -1.464194
1050 434.40 81.82 22.38 54.58 -1.825008
1050 355.75 77.00 20.50 50.00 -2.448158
1050 -0.25 73.00 20.50 50.00 -2.864053
1050 514.69 36.71 57.98 141.42 -3.252862
1050 543.28 -4.80 98.11 239.31 -4.512575
1080 42.53 108.12 24.37 59.45 0.250903
1080 346.88 136.22 26.57 64.81 -0.016835
1080 95.51 148.24 28.92 70.53 -0.053459
1080 447.94 86.92 26.57 64.81 -0.718621
1080 416.06 96.24 24.37 59.45 -0.813310
1080 439.75 105.00 20.50 50.00 -0.877435
1080 391.75 155.00 20.50 50.00 -1.029286
1080 437.75 165.00 20.50 50.00 -1.214409
1080 116.28 160.40 24.37 59.45 -1.350211
1080 244.37 156.00 22.38 54.58 -1.365782
1080 69.75 83.00 20.50 50.00 -1.742174
1080 34.68 112.36 22.38 54.58 -1.959861
1080 315.50 98.00 41.00 100.00 -2.180493
1080 279.75 97.00 20.50 50.00 -2.196869
1110 449.69 62.18 22.38 54.58 0.055334
1110 336.11 134.18 22.38 54.58 -0.506408
1110 53.75 139.00 20.50 50.00 -0.697246
1110 104.57 149.45 22.38 54.58 -1.635405
1110 313.75 161.00 20.50 50.00 -1.790104
1110 359.84 81.73 26.57 64.81 -1.923502
1110 6.86 78.78 37.52 91.50 -2.045820
1110 418.08 72.31 31.54 76.92 -2.531666
1110 465.75 63.00 20.50 50.00 -2.584525
1110 7.50 18.00 41.00 100.00 -4.090814
1140 529.75 167.00 20.50 50.00 -0.073598
1140 441.75 159.00 20.50 50.00 -1.419597
1140 443.75 43.00 20.50 50.00 -2.745016
1170 47.75 163.00 20.50 50.00 -1.253825
1170 595.92 106.91 44.67 108.95 -1.488939
1170 289.75 147.00 20.50 50.00 -1.552188
1170 495.50 134.00 41.00 100.00 -1.673341
1170 469.38 36.71 57.98 141.42 -3.056939
1200 331.75 151.00 20.50 50.00 0.478727
1200 130.78 110.18 22.38 54.58 -0.683529
1200 606.07 166.15 34.37 83.83 -1.037552
1200 65.75 141.00 20.50 50.00 -1.298260
1200 313.75 143.00 20.50 50.00 -1.312525
1200 347.75 147.00 20.50 50.00 -1.479354
1200 75.75 139.00 20.50 50.00 -1.571083
1200 485.75 87.00 20.50 50.00 -2.006114
1200 -0.30 48.71 24.37 59.45 -3.068196
1230 344.68 146.14 24.37 59.45 0.980273
1230 84.92 149.45 22.38 54.58 -0.134155
1230 128.18 108.12 24.37 59.45 -0.288888
1230 351.82 139.01 24.37 59.45 -0.524679
1230 571.75 59.00 20.50 50.00 -0.957999
1230 404.35 106.91 44.67 108.95 -1.125431
1230 76.18 145.09 22.38 54.58 -1.242821
1230 517.75 81.00 20.50 50.00 -1.253131
1230 361.34 141.39 24.37 59.45 -1.361512
1230 75.77 235.76 28.92 70.53 -2.333682
1230 511.75 75.00 20.50 50.00 -2.350962
1260 565.46 51.27 22.38 54.58 -0.584637
1260 439.62 56.92 31.54 76.92 -1.019809
1260 353.75 143.00 20.50 50.00 -1.427707
1260 557.75 55.00 20.50 50.00 -1.562571
1260 416.59 102.18 48.64 118.64 -1.895283
1260 599.75 59.00 20.50 50.00 -2.303633
1260 539.25 66.55 22.38 54.58 -2.337103
1260 483.75 61.00 20.50 50.00 -2.547532
1260 29.75 285.00 20.50 50.00 -2.755655
1260 30.31 260.73 22.38 54.58 -3.054280
1260 574.20 51.27 22.38 54.58 -3.143839
1260 608.85 7.69 31.54 76.92 -4.958499
1290 390.72 149.45 22.38 54.58 1.132082
1290 363.75 147.00 20.50 50.00 0.840603
1290 559.75 59.00 20.50 50.00 -0.615087
1290 543.75 65.00 20.50 50.00 -0.801964
1290 570.71 43.96 24.37 59.45 -1.235239
1290 561.94 73.95 26.57 64.81 -1.743493
1290 413.68 103.37 24.37 59.45 -1.760755
1290 87.10 46.91 22.38 54.58 -2.658265
1290 593.86 46.91 22.38 54.58 -2.795723
1290 611.45 35.29 28.92 70.53 -3.637915
1290 487.40 38.12 28.92 70.53 -3.671129
1320 363.75 149.00 20.50 50.00 0.297729
1320 345.75 143.00 20.50 50.00 -0.321296
1320 389.75 155.00 20.50 50.00 -0.372269
1320 541.75 65.00 20.50 50.00 -0.454774
1320 499.75 155.00 20.50 50.00 -0.615590
1320 565.75 57.00 20.50 50.00 -1.104993
1320 580.75 169.09 22.38 54.58 -1.121787
1320 -0.32 167.35 26.57 64.81 -1.227604
1320 555.75 65.00 20.50 50.00 -1.679983
1320 366.10 72.47 24.37 59.45 -2.126461
1320 469.75 101.00 20.50 50.00 -2.264596
1320 574.90 40.22 26.57 64.81 -2.516925
1320 70.39 41.54 31.54 76.92 -3.301899
1320 586.08 35.29 28.92 70.53 -3.382718
1350 387.75 153.00 20.50 50.00 0.927362
1350 2.47 173.65 28.92 70.53 0.471771
1350 362.32 147.27 22.38 54.58 0.259390
1350 584.23 149.23 31.54 76.92 -0.806451
1350 502.12 153.82 22.38 54.58 -1.161019
1350 342.66 145.09 22.38 54.58 -1.333568
1350 580.22 46.34 24.37 59.45 -1.413607
1350 395.75 161.00 20.50 50.00 -1.448983
1350 545.75 67.00 20.50 50.00 -1.883719
1350 528.33 73.09 22.38 54.58 -1.903879
1350 434.40 79.64 22.38 54.58 -1.970509
1350 569.75 57.00 20.50 50.00 -2.031976
1350 365.02 71.35 26.57 64.81 -2.110426
1350 553.75 63.00 20.50 50.00 -2.452728
1350 619.75 43.00 20.50 50.00 -2.587352
1350 66.60 41.96 34.37 83.83 -3.018484
1350 619.75 13.00 20.50 50.00 -4.355845
1380 390.93 149.19 26.57 64.81 0.003566
1380 363.75 151.00 20.50 50.00 -0.657820
1380 339.93 155.64 24.37 59.45 -0.697567
1380 -0.30 179.41 24.37 59.45 -0.951751
1380 577.84 51.09 24.37 59.45 -1.277533
1380 432.71 79.60 24.37 59.45 -1.457610
1380 191.75 143.00 20.50 50.00 -1.539011
1380 569.75 61.00 20.50 50.00 -1.837461
1380 417.75 109.00 20.50 50.00 -1.880800
1380 463.72 104.47 57.98 141.42 -2.099658
1380 73.46 51.09 24.37 59.45 -3.061699
1380 587.85 45.41 26.57 64.81 -3.282849
1410 -0.35 179.29 28.92 70.53 -0.163563
1410 541.75 75.00 20.50 50.00 -0.403638
1410 413.68 115.25 24.37 59.45 -0.527777
1410 580.22 53.47 24.37 59.45 -1.032864
1410 599.50 130.00 41.00 100.00 -1.388977
1410 283.75 197.00 20.50 50.00 -1.412271
1410 567.75 67.00 20.50 50.00 -1.423670
1410 431.75 95.00 20.50 50.00 -1.546998
1410 191.75 147.00 20.50 50.00 -1.639467
1410 549.75 75.00 20.50 50.00 -1.855535
1410 375.43 81.82 22.38 54.58 -1.976307
1410 409.75 87.00 20.50 50.00 -2.386601
1410 299.75 55.00 20.50 50.00 -2.766222
1410 492.19 39.21 24.37 59.45 -3.376547
1440 362.32 151.64 22.38 54.58 0.666284
1440 345.75 153.00 20.50 50.00 0.216630
1440 245.83 167.35 26.57 64.81 -0.077624
1440 391.75 165.00 20.50 50.00 -0.635081
1440 502.12 160.36 22.38 54.58 -0.718881
1440 543.75 73.00 20.50 50.00 -0.997145
1440 263.79 148.51 24.37 59.45 -1.017003
1440 449.75 167.00 20.50 50.00 -1.136755
1440 189.75 147.00 20.50 50.00 -1.826094
1440 580.08 48.00 26.57 64.81 -2.107506
1440 611.45 162.35 28.92 70.53 -2.215433
1440 613.77 48.00 26.57 64.81 -2.570138
1440 571.75 63.00 20.50 50.00 -2.839397
1440 471.31 42.14 37.52 91.50 -3.371446
1470 354.66 149.19 26.57 64.81 1.211932
1470 447.75 147.00 20.50 50.00 0.044386
1470 223.75 161.00 20.50 50.00 -0.541086
1470 547.99 70.91 22.38 54.58 -1.230811
1470 599.50 134.00 41.00 100.00 -1.389316
1470 27.75 185.00 20.50 50.00 -1.796328
1470 371.06 79.64 22.38 54.58 -1.837277
1470 386.35 162.55 22.38 54.58 -1.849891
1470 561.75 79.00 20.50 50.00 -1.975926
1470 617.88 49.09 22.38 54.58 -2.217070
1470 539.25 66.55 22.38 54.58 -2.248820
1470 247.75 35.29 28.92 70.53 -2.828885
1500 355.75 165.00 20.50 50.00 0.318211
1500 241.75 159.00 20.50 50.00 -0.003002
1500 336.11 158.18 22.38 54.58 -0.838057
1500 197.75 155.00 20.50 50.00 -0.853904
1500 596.88 58.22 24.37 59.45 -0.880162
1500 173.38 146.14 24.37 59.45 -0.912003
1500 367.43 76.23 57.98 141.42 -1.480127
1500 591.67 46.91 22.38 54.58 -1.618385
1500 573.75 71.00 20.50 50.00 -2.008906
1500 585.75 71.00 20.50 50.00 -2.010096
1500 331.75 77.00 20.50 50.00 -2.112556
1500 604.01 41.58 24.37 59.45 -2.461893
1500 411.28 72.00 28.92 70.53 -2.481504
1500 557.75 71.00 20.50 50.00 -2.646557
1500 500.57 31.14 37.52 91.50 -3.244311
1500 -1.10 13.09 89.69 218.76 -3.676880
1530 354.89 151.06 28.92 70.53 0.610021
1530 177.75 155.00 20.50 50.00 -0.273573
1530 219.75 157.00 20.50 50.00 -0.384934
1530 336.52 151.78 26.57 64.81 -0.793437
1530 421.30 68.73 22.38 54.58 -1.097379
1530 617.88 103.64 22.38 54.58 -1.180112
1530 413.75 99.00 20.50 50.00 -1.861553
1530 532.64 84.36 24.37 59.45 -1.953462
1530 599.37 31.89 34.37 83.83 -2.164623
1530 587.30 86.18 22.38 54.58 -2.259274
1530 285.75 39.00 20.50 50.00 -2.698356
1530 -0.71 53.65 57.98 141.42 -3.084707
1530 585.75 239.00 20.50 50.00 -3.121595
1530 -0.27 7.64 22.38 54.58 -3.579292
1530 216.21 13.07 24.37 59.45 -3.883755
1560 370.20 159.57 26.57 64.81 2.617451
1560 341.75 163.00 20.50 50.00 0.265026
1560 582.65 155.29 57.98 141.42 -0.019085
1560 361.34 150.89 24.37 59.45 -0.549906
1560 -0.30 141.39 24.37 59.45 -0.756179
1560 411.75 165.00 20.50 50.00 -1.099771
1560 351.75 143.00 20.50 50.00 -1.185133
1560 449.69 182.18 22.38 54.58 -1.209226
1560 494.57 60.59 24.37 59.45 -1.560373
1560 455.00 38.46 31.54 76.92 -1.750868
1560 516.54 35.38 31.54 76.92 -1.939131
1560 481.76 66.35 28.92 70.53 -2.062876
1560 563.52 60.71 28.92 70.53 -2.756738
1560 473.30 49.41 28.92 70.53 -3.004102
1560 387.31 20.00 31.54 76.92 -3.005690
1560 287.75 11.00 20.50 50.00 -3.195207
1560 375.61 36.83 24.37 59.45 -3.442993
1560 529.83 16.49 37.52 91.50 -3.662791
1560 242.18 18.55 22.38 54.58 -3.753282
1560 427.75 25.00 20.50 50.00 -3.943538
1590 405.75 167.00 20.50 50.00 1.971143
1590 181.05 133.62 26.57 64.81 -1.188270
1590 292.42 134.18 22.38 54.58 -1.383337
1590 -0.27 164.73 22.38 54.58 -1.543429
1590 11.54 64.61 63.08 153.85 -1.803803
1590 379.75 125.00 20.50 50.00 -1.878077
1590 476.12 46.59 28.92 70.53 -2.815899
1590 569.16 32.47 28.92 70.53 -2.965755
1590 389.89 30.42 69.16 168.67 -3.365080
1590 449.75 37.00 20.50 50.00 -3.563730
1590 463.64 3.56 24.37 59.45 -3.581058
1590 515.20 -1.83 37.52 91.50 -4.648284
1590 407.75 1.00 20.50 50.00 -4.779590
1590 600.41 5.45 22.38 54.58 -4.815003
1620 457.75 179.00 20.50 50.00 0.142314
1620 403.82 153.82 22.38 54.58 -0.519136
1620 -0.27 138.55 22.38 54.58 -0.772705
1620 420.82 165.15 24.37 59.45 -1.121830
1620 8.11 128.47 28.92 70.53 -1.662512
1620 619.75 239.00 20.50 50.00 -1.847006
1650 562.69 173.85 31.54 76.92 -0.160113
1650 617.88 140.73 22.38 54.58 -0.343162
1650 193.46 176.92 31.54 76.92 -1.178383
1650 482.29 126.41 37.52 91.50 -1.196624
1650 607.75 157.00 20.50 50.00 -1.363185
1650 27.85 87.92 48.64 118.64 -1.698258
1650 551.75 117.00 20.50 50.00 -1.827996
1650 521.77 81.82 22.38 54.58 -2.000427
1650 537.06 75.27 22.38 54.58 -2.153402
1650 -0.71 59.29 57.98 141.42 -2.373071
1650 619.75 19.00 20.50 50.00 -3.612906
1680 531.75 145.00 20.50 50.00 -0.425181
1680 303.34 129.82 22.38 54.58 -0.466639
1680 556.54 136.92 31.54 76.92 -0.903505
1680 -0.50 118.00 41.00 100.00 -1.446074
1680 368.87 132.00 22.38 54.58 -1.515408
1680 617.88 177.82 22.38 54.58 -1.537250
1680 482.46 53.45 22.38 54.58 -1.665468
1680 408.46 117.18 28.92 70.53 -1.666860
1680 506.47 72.47 24.37 59.45 -2.128352
1680 471.75 55.00 20.50 50.00 -2.613418
1680 417.75 33.00 20.50 50.00 -2.852622
1680 513.75 47.00 20.50 50.00 -3.125899
1680 13.79 33.23 75.52 184.20 -3.814572
1710 599.50 106.00 41.00 100.00 -0.293128
1710 427.21 133.62 26.57 64.81 -1.098886
1710 560.70 24.00 28.92 70.53 -1.099209
1710 613.52 171.27 22.38 54.58 -1.509669
1710 341.75 135.00 20.50 50.00 -1.610212
1710 587.75 49.00 20.50 50.00 -1.649276
1710 -0.42 65.45 34.37 83.83 -2.058844
1710 12.63 37.18 69.16 168.67 -2.159856
1710 619.75 35.00 20.50 50.00 -2.232408
1710 577.75 45.00 20.50 50.00 -2.715262
1710 496.95 8.32 24.37 59.45 -3.029034
1710 615.91 55.84 24.37 59.45 -3.080255
1710 611.75 41.00 20.50 50.00 -3.104519
1710 487.75 15.00 20.50 50.00 -3.431547
1740 255.29 140.73 22.38 54.58 -0.478591
1740 388.53 127.64 22.38 54.58 -0.761663
1740 489.01 132.00 22.38 54.58 -0.768581
1740 325.75 167.00 20.50 50.00 -1.348627
1740 497.75 143.00 20.50 50.00 -1.679293
1740 -1.00 20.00 82.00 200.00 -2.736005
1770 545.75 149.00 20.50 50.00 1.304277
1770 617.88 142.91 22.38 54.58 0.066190
1770 555.75 153.00 20.50 50.00 -0.195827
1770 17.75 125.00 20.50 50.00 -0.298586
1770 397.03 155.64 24.37 59.45 -0.759193
1770 355.75 167.00 20.50 50.00 -1.041076
1770 551.75 143.00 20.50 50.00 -1.063913
1770 451.75 133.00 20.50 50.00 -1.170040
1770 510.85 162.55 22.38 54.58 -1.344927
1770 87.10 164.73 22.38 54.58 -1.535780
1770 329.56 164.73 22.38 54.58 -1.750144
1770 273.31 134.26 24.37 59.45 -1.813716
1770 99.63 162.77 24.37 59.45 -1.866152
1800 619.75 143.00 20.50 50.00 0.069585
1800 467.75 123.00 20.50 50.00 -0.403121
1800 592.12 124.75 24.37 59.45 -0.804660
1800 339.66 152.06 37.52 91.50 -1.283492
1800 266.51 115.42 37.52 91.50 -1.418589
1800 299.75 109.00 20.50 50.00 -1.480477
1800 546.91 120.00 24.37 59.45 -1.609034
1800 170.69 125.84 26.57 64.81 -1.737630
1800 575.92 159.44 34.37 83.83 -2.126595
1800 440.30 35.64 48.64 118.64 -3.389219
1830 31.75 167.00 20.50 50.00 1.083061
1830 421.75 169.00 20.50 50.00 0.900444
1830 315.75 99.00 20.50 50.00 -0.297527
1830 387.75 153.00 20.50 50.00 -0.542744
1830 299.50 162.00 41.00 100.00 -1.055193
1830 520.74 108.12 24.37 59.45 -1.360400
1830 325.75 99.00 20.50 50.00 -1.391338
1830 405.75 163.00 20.50 50.00 -1.646253
1830 518.86 133.74 37.52 91.50 -1.805238
1830 356.46 89.45 44.67 108.95 -2.010854
1830 520.49 9.08 26.57 64.81 -2.735067
1830 529.69 9.88 28.92 70.53 -2.839470
1830 551.23 21.82 89.69 218.76 -3.419565
1830 509.75 13.00 20.50 50.00 -4.117369
1860 468.66 167.35 26.57 64.81 2.596242
1860 397.75 161.00 20.50 50.00 0.457604
1860 45.75 111.00 20.50 50.00 -0.244254
1860 451.75 163.00 20.50 50.00 -0.640366
1860 411.75 159.00 20.50 50.00 -0.767550
1860 95.75 145.00 20.50 50.00 -0.830454
1860 613.77 221.84 26.57 64.81 -1.001798
1860 405.75 165.00 20.50 50.00 -1.302789
1860 559.16 105.73 34.37 83.83 -1.935087
1860 617.88 5.45 22.38 54.58 -3.840201
1860 580.08 14.27 26.57 64.81 -4.074744
