30 425.75 161.00 20.50 50.00 -0.682900
30 16.56 105.88 28.92 70.53 -1.431048
30 387.75 155.00 20.50 50.00 -1.460831
30 543.75 35.00 20.50 50.00 -3.455916
60 169.75 151.00 20.50 50.00 -0.535731
60 463.75 177.00 20.50 50.00 -1.705133
60 592.00 83.17 48.64 118.64 -1.812824
60 595.92 163.64 44.67 108.95 -2.199755
90 293.75 161.00 20.50 50.00 0.004227
90 543.75 187.00 20.50 50.00 -0.239798
90 406.54 148.51 24.37 59.45 -0.822278
90 608.85 90.77 31.54 76.92 -1.392339
90 512.71 167.35 26.57 64.81 -1.543609
90 588.90 80.47 28.92 70.53 -2.452448
120 413.75 157.00 20.50 50.00 0.725398
120 170.69 136.22 26.57 64.81 -0.600131
120 143.75 153.00 20.50 50.00 -0.772288
120 281.75 157.00 20.50 50.00 -0.791967
120 617.88 77.45 22.38 54.58 -1.752434
120 10.51 108.09 37.52 91.50 -2.005580
120 502.35 48.00 26.57 64.81 -3.245484
150 429.75 163.00 20.50 50.00 1.319903
150 417.75 159.00 20.50 50.00 1.134570
150 232.87 149.19 26.57 64.81 0.145047
150 437.75 161.00 20.50 50.00 0.142315
150 411.75 149.00 20.50 50.00 -0.200403
150 263.75 151.00 20.50 50.00 -0.209043
150 447.75 167.00 20.50 50.00 -0.784453
150 396.11 128.43 26.57 64.81 -0.787920
150 225.10 156.97 26.57 64.81 -1.209636
150 565.52 77.54 75.52 184.20 -1.338901
150 17.83 115.42 37.52 91.50 -1.888606
150 489.75 29.00 20.50 50.00 -3.568161
150 525.75 37.00 20.50 50.00 -3.759913
150 501.15 32.31 31.54 76.92 -3.904843
180 427.75 153.00 20.50 50.00 1.116273
180 415.75 151.00 20.50 50.00 0.934706
180 442.29 151.06 28.92 70.53 -0.285777
180 608.85 198.46 31.54 76.92 -0.689904
180 251.75 147.00 20.50 50.00 -0.940297
180 174.81 121.19 48.64 118.64 -0.965883
180 399.62 115.38 31.54 76.92 -1.167373
180 29.75 163.00 20.50 50.00 -1.198784
180 473.72 112.36 22.38 54.58 -1.252702
180 459.21 153.88 28.92 70.53 -1.302490
180 482.29 148.40 37.52 91.50 -1.302805
180 -0.30 127.13 24.37 59.45 -2.178008
210 433.83 134.12 28.92 70.53 1.067042
210 239.75 153.00 20.50 50.00 0.997419
210 406.01 140.73 22.38 54.58 0.477521
210 497.17 151.78 26.57 64.81 -0.000048
210 194.80 148.51 24.37 59.45 -0.064845
210 526.02 115.76 57.98 141.42 -0.215742
210 139.60 169.95 26.57 64.81 -0.848015
210 592.00 154.46 48.64 118.64 -0.856774
210 418.43 119.16 34.37 83.83 -1.119240
210 83.50 170.00 41.00 100.00 -1.164659
210 167.75 121.00 20.50 50.00 -1.214277
210 611.45 97.41 28.92 70.53 -1.345448
210 -0.30 205.54 24.37 59.45 -2.006045
240 479.75 161.00 20.50 50.00 2.603638
240 599.50 122.00 41.00 100.00 1.797355
240 461.75 153.00 20.50 50.00 1.548266
240 420.82 141.39 24.37 59.45 0.382558
240 435.75 153.00 20.50 50.00 -0.253324
240 224.23 133.85 31.54 76.92 -0.289836
240 489.01 151.64 22.38 54.58 -0.374678
240 467.75 159.00 20.50 50.00 -0.461639
240 401.75 143.00 20.50 50.00 -0.601160
240 517.75 149.00 20.50 50.00 -0.644670
240 545.75 143.00 20.50 50.00 -0.721802
240 4.10 204.00 22.38 54.58 -1.004483
240 447.75 153.00 20.50 50.00 -1.097515
240 603.75 77.00 20.50 50.00 -1.534368
240 611.17 73.95 26.57 64.81 -1.619717
240 61.59 121.41 57.98 141.42 -1.858451
240 146.55 53.65 57.98 141.42 -1.864253
240 471.75 93.00 20.50 50.00 -1.909442
240 -0.46 82.44 37.52 91.50 -2.390600
240 -0.32 240.00 26.57 64.81 -2.813849
270 534.88 162.55 22.38 54.58 4.225506
270 545.75 167.00 20.50 50.00 3.102572
270 508.85 153.27 24.37 59.45 2.500407
270 481.75 159.00 20.50 50.00 0.847827
270 517.89 149.19 26.57 64.81 0.751058
270 561.75 143.00 20.50 50.00 0.723019
270 219.92 149.19 26.57 64.81 0.608798
270 575.75 147.00 20.50 50.00 0.139593
270 230.28 141.41 26.57 64.81 -0.211290
270 599.50 102.00 41.00 100.00 -0.540877
270 539.25 151.64 22.38 54.58 -0.696647
270 467.75 159.00 20.50 50.00 -0.725501
270 272.76 158.18 22.38 54.58 -0.801566
270 -0.25 169.00 20.50 50.00 -1.175331
270 43.41 147.27 22.38 54.58 -1.179136
270 423.75 147.00 20.50 50.00 -1.469621
270 553.75 169.00 20.50 50.00 -1.778263
270 -0.27 129.82 22.38 54.58 -1.813150
270 -0.32 214.05 26.57 64.81 -1.834688
270 99.75 47.00 20.50 50.00 -2.067199
270 133.89 43.94 69.16 168.67 -2.379165
300 501.75 167.00 20.50 50.00 0.978087
300 534.88 156.00 22.38 54.58 0.796725
300 218.08 146.15 31.54 76.92 0.495222
300 444.61 141.39 24.37 59.45 0.266807
300 577.69 83.08 63.08 153.85 0.115043
300 520.49 154.38 26.57 64.81 -0.594247
300 455.75 153.00 20.50 50.00 -0.648170
300 13.75 105.00 20.50 50.00 -1.149881
300 559.75 169.00 20.50 50.00 -1.687231
300 173.28 115.46 26.57 64.81 -1.891346
300 -0.35 111.53 28.92 70.53 -2.104543
300 545.75 25.00 20.50 50.00 -2.730524
300 63.75 45.00 20.50 50.00 -2.799481
300 590.45 40.22 26.57 64.81 -3.023274
300 122.31 40.00 63.08 153.85 -3.073236
300 615.91 27.33 24.37 59.45 -3.203178
300 -0.38 41.54 31.54 76.92 -3.855764
330 485.75 151.00 20.50 50.00 2.889674
330 477.75 149.00 20.50 50.00 1.154008
330 216.74 142.59 28.92 70.53 0.364128
330 608.85 149.23 31.54 76.92 -0.660665
330 582.67 164.76 26.57 64.81 -0.810117
330 -0.46 104.43 37.52 91.50 -0.952357
330 103.75 149.00 20.50 50.00 -1.275421
330 170.69 112.86 26.57 64.81 -1.467660
330 403.82 147.27 22.38 54.58 -1.486026
330 46.32 23.66 69.16 168.67 -4.136386
360 579.75 175.00 20.50 50.00 1.926022
360 518.36 153.27 24.37 59.45 1.482339
360 211.92 140.00 31.54 76.92 0.500653
360 203.75 137.00 20.50 50.00 -0.373498
360 411.30 148.51 24.37 59.45 -0.889154
360 509.75 137.00 20.50 50.00 -1.304305
360 619.75 187.00 20.50 50.00 -1.883933
360 571.79 30.42 69.16 168.67 -3.165167
360 -1.00 12.00 82.00 200.00 -3.922724
390 203.98 139.30 34.37 83.83 0.431475
390 193.75 137.00 20.50 50.00 -0.158762
390 35.75 171.00 20.50 50.00 -0.906670
390 227.69 123.24 26.57 64.81 -1.328937
390 -0.32 125.84 26.57 64.81 -1.465887
390 151.75 133.00 20.50 50.00 -1.702789
390 582.65 53.65 57.98 141.42 -2.526804
390 10.04 16.86 26.57 64.81 -3.318440
390 78.22 3.56 24.37 59.45 -3.850997
390 -0.30 20.20 24.37 59.45 -4.043593
420 222.51 125.84 26.57 64.81 0.901636
420 465.75 125.00 20.50 50.00 -0.036708
420 130.78 136.36 22.38 54.58 -0.213332
420 9.22 162.77 24.37 59.45 -0.573419
420 193.93 142.66 34.37 83.83 -0.821672
420 617.88 241.09 22.38 54.58 -0.918007
420 191.75 127.00 20.50 50.00 -1.055353
420 445.32 166.91 22.38 54.58 -1.096261
420 213.79 138.55 22.38 54.58 -1.226974
420 473.16 115.25 24.37 59.45 -1.548073
420 482.72 137.45 44.67 108.95 -1.552083
420 178.14 136.63 24.37 59.45 -1.625720
420 615.75 221.00 20.50 50.00 -1.941944
420 19.75 85.00 20.50 50.00 -2.723505
420 599.50 38.00 41.00 100.00 -3.701197
450 467.75 171.00 20.50 50.00 -0.468925
450 182.31 137.45 44.67 108.95 -0.472456
450 170.69 131.03 26.57 64.81 -0.898285
450 615.91 117.62 24.37 59.45 -1.206028
450 137.75 147.00 20.50 50.00 -1.542810
450 619.75 73.00 20.50 50.00 -1.587317
450 555.07 199.06 28.92 70.53 -1.672464
450 115.75 137.00 20.50 50.00 -1.738298
450 613.77 240.00 26.57 64.81 -2.097453
480 155.14 128.43 26.57 64.81 0.014986
480 115.75 141.00 20.50 50.00 -0.094416
480 558.91 166.91 22.38 54.58 -1.428621
480 363.75 169.00 20.50 50.00 -1.457045
480 217.38 115.80 34.37 83.83 -1.716650
480 507.75 185.00 20.50 50.00 -1.925332
480 515.99 177.03 24.37 59.45 -2.134065
480 111.13 118.91 22.38 54.58 -2.175768
480 565.52 18.46 75.52 184.20 -4.077642
510 129.75 147.00 20.50 50.00 -0.014076
510 617.88 153.82 22.38 54.58 -0.242083
510 369.75 163.00 20.50 50.00 -0.370208
510 613.52 142.91 22.38 54.58 -0.707846
510 406.54 146.14 24.37 59.45 -0.751744
510 161.75 107.00 20.50 50.00 -0.782410
510 78.59 125.65 28.92 70.53 -0.970513
510 186.23 201.08 26.57 64.81 -0.992020
510 199.50 94.00 41.00 100.00 -1.159318
510 178.08 161.54 31.54 76.92 -1.230777
510 486.83 195.27 22.38 54.58 -1.360353
510 47.58 114.35 28.92 70.53 -1.511414
510 517.41 145.09 22.38 54.58 -1.727944
510 121.46 84.32 26.57 64.81 -1.728906
510 596.54 189.23 31.54 76.92 -2.083892
510 611.45 187.76 28.92 70.53 -2.213659
510 436.59 22.91 22.38 54.58 -3.740442
510 595.92 10.91 44.67 108.95 -4.006311
540 137.70 200.79 24.37 59.45 0.075638
540 619.75 153.00 20.50 50.00 -0.218772
540 170.47 159.44 34.37 83.83 -0.392846
540 87.50 106.00 41.00 100.00 -0.513904
540 459.75 183.00 20.50 50.00 -0.527965
540 368.48 158.02 24.37 59.45 -0.820632
540 615.91 124.75 24.37 59.45 -1.061674
540 -0.38 109.23 31.54 76.92 -1.348647
540 183.50 94.00 41.00 100.00 -2.129304
540 167.12 112.45 34.37 83.83 -2.166888
540 27.84 100.24 28.92 70.53 -2.420072
540 605.75 253.00 20.50 50.00 -2.611342
540 443.75 1.00 20.50 50.00 -3.917021
570 163.50 154.00 41.00 100.00 1.274321
570 63.94 153.27 24.37 59.45 -0.299743
570 387.75 151.00 20.50 50.00 -0.793830
570 469.75 159.00 20.50 50.00 -1.123651
570 -0.30 129.50 24.37 59.45 -1.189339
570 109.26 185.04 37.52 91.50 -1.328016
570 54.42 84.36 24.37 59.45 -1.345294
570 363.75 163.00 20.50 50.00 -1.353444
570 495.75 205.00 20.50 50.00 -1.534056
600 169.25 154.91 44.67 108.95 -0.036013
600 357.75 169.00 20.50 50.00 -0.488297
600 573.75 161.00 20.50 50.00 -0.548563
600 116.86 199.72 34.37 83.83 -0.704904
600 129.75 103.00 20.50 50.00 -1.159846
600 42.31 83.08 63.08 153.85 -1.176317
600 -0.46 82.44 37.52 91.50 -1.341254
600 -0.25 163.00 20.50 50.00 -1.572848
600 606.07 85.59 34.37 83.83 -1.595587
600 582.65 138.35 57.98 141.42 -1.814323
600 556.76 68.76 26.57 64.81 -2.418526
600 619.75 273.00 20.50 50.00 -3.053061
600 606.07 35.24 34.37 83.83 -3.633140
630 555.75 161.00 20.50 50.00 0.492598
630 427.75 179.00 20.50 50.00 0.432359
630 76.77 100.65 52.90 129.03 0.100728
630 381.75 161.00 20.50 50.00 -0.161701
630 138.51 199.69 37.52 91.50 -0.703099
630 199.19 149.19 26.57 64.81 -0.953084
630 197.00 199.06 28.92 70.53 -1.216409
630 436.59 177.82 22.38 54.58 -1.232542
630 68.70 79.60 24.37 59.45 -1.285018
630 -0.38 143.08 31.54 76.92 -1.615646
630 186.23 208.86 26.57 64.81 -2.205471
630 49.97 101.45 22.38 54.58 -2.299607
660 430.03 177.82 22.38 54.58 1.512269
660 608.85 143.08 31.54 76.92 -0.087524
660 159.50 206.00 41.00 100.00 -0.124400
660 593.86 171.27 22.38 54.58 -0.197493
660 1.75 147.00 20.50 50.00 -0.449072
660 439.47 184.94 28.92 70.53 -0.453007
660 380.37 158.02 24.37 59.45 -0.462913
660 451.75 177.03 24.37 59.45 -0.542060
660 393.75 173.00 20.50 50.00 -0.649430
660 98.96 102.18 48.64 118.64 -0.953438
660 595.75 59.00 20.50 50.00 -1.187078
660 170.10 101.45 22.38 54.58 -1.250840
660 617.88 94.91 22.38 54.58 -1.303363
660 109.26 67.79 37.52 91.50 -1.462746
660 19.50 122.00 41.00 100.00 -1.471769
660 305.75 169.00 20.50 50.00 -1.525119
660 97.75 81.00 20.50 50.00 -2.033187
660 47.29 98.61 24.37 59.45 -2.393965
660 553.75 259.00 20.50 50.00 -3.282045
660 619.75 25.00 20.50 50.00 -3.858172
690 444.61 179.41 24.37 59.45 0.988952
690 138.08 146.15 31.54 76.92 0.074947
690 204.31 205.54 24.37 59.45 -0.015295
690 55.50 114.00 41.00 100.00 -0.461091
690 476.12 176.47 28.92 70.53 -0.776382
690 619.75 73.00 20.50 50.00 -0.881463
690 385.75 157.00 20.50 50.00 -0.923190
690 464.85 176.47 28.92 70.53 -1.231211
690 3.81 80.73 44.67 108.95 -1.320258
690 200.68 97.09 22.38 54.58 -1.503495
690 307.71 166.91 22.38 54.58 -1.521597
690 152.55 97.30 26.57 64.81 -1.738504
690 165.73 105.82 22.38 54.58 -1.972040
690 237.82 214.91 22.38 54.58 -2.225773
690 617.88 36.00 22.38 54.58 -2.810832
690 606.39 48.71 24.37 59.45 -2.937153
720 455.00 180.00 31.54 76.92 -0.097826
720 284.80 159.39 37.52 91.50 -0.380369
720 185.16 85.16 52.90 129.03 -0.440539
720 243.24 84.32 26.57 64.81 -0.470073
720 429.75 157.00 20.50 50.00 -0.521886
720 242.69 204.62 31.54 76.92 -0.911678
720 -0.32 156.97 26.57 64.81 -1.152559
720 558.16 129.23 75.52 184.20 -1.852852
720 55.75 83.00 20.50 50.00 -1.946412
720 61.67 125.65 28.92 70.53 -2.124069
720 576.99 76.23 57.98 141.42 -2.306217
750 221.29 85.16 52.90 129.03 0.157523
750 108.30 93.82 44.67 108.95 -0.311822
750 533.70 117.82 89.69 218.76 -0.382200
750 475.04 121.41 57.98 141.42 -0.982665
750 317.75 221.00 20.50 50.00 -1.045480
750 29.75 169.00 20.50 50.00 -1.528680
750 439.75 159.00 20.50 50.00 -1.537349
750 383.16 144.00 26.57 64.81 -1.762515
750 290.24 190.91 22.38 54.58 -1.773315
750 -0.32 94.70 26.57 64.81 -1.851502
750 153.14 86.11 37.52 91.50 -1.886894
750 619.75 11.00 20.50 50.00 -4.597296
780 23.75 173.00 20.50 50.00 -0.127616
780 199.75 171.00 20.50 50.00 -0.141158
780 248.50 81.88 57.98 141.42 -0.811414
780 523.96 223.64 22.38 54.58 -0.925728
780 138.78 85.09 44.67 108.95 -1.019291
780 279.45 91.64 89.69 218.76 -1.317879
780 3.75 175.00 20.50 50.00 -1.334891
780 567.13 206.27 26.57 64.81 -1.473858
780 513.61 222.18 24.37 59.45 -1.719938
780 561.19 129.50 24.37 59.45 -1.884510
780 533.75 203.00 20.50 50.00 -2.074029
780 577.49 255.57 26.57 64.81 -2.553086
780 209.75 271.00 20.50 50.00 -3.603020
810 355.75 173.00 20.50 50.00 1.105510
810 393.75 171.00 20.50 50.00 -0.195349
810 136.89 87.92 48.64 118.64 -0.234328
810 570.06 214.35 37.52 91.50 -0.283718
810 199.73 111.27 44.67 108.95 -0.370718
810 455.75 165.00 20.50 50.00 -0.371633
810 262.58 85.16 52.90 129.03 -0.893145
810 363.75 165.00 20.50 50.00 -1.157558
810 555.43 218.02 37.52 91.50 -1.302126
810 183.75 141.00 20.50 50.00 -1.371377
810 611.45 128.47 28.92 70.53 -1.603236
810 283.85 102.18 48.64 118.64 -1.721993
810 608.85 155.38 31.54 76.92 -1.761374
810 -0.71 81.88 57.98 141.42 -1.940047
810 587.85 252.97 26.57 64.81 -3.598743
840 395.75 165.00 20.50 50.00 0.318422
840 595.92 224.73 44.67 108.95 -0.558411
840 365.75 163.00 20.50 50.00 -0.690980
840 83.75 149.00 20.50 50.00 -0.776988
840 284.40 75.52 34.37 83.83 -0.797021
840 132.97 73.09 22.38 54.58 -0.982396
840 159.18 134.18 22.38 54.58 -1.344401
840 467.17 175.64 22.38 54.58 -1.412269
840 82.73 175.64 22.38 54.58 -1.474439
840 551.67 155.64 24.37 59.45 -1.675783
840 469.75 147.00 20.50 50.00 -1.696324
840 577.37 115.42 37.52 91.50 -2.382187
870 138.71 64.52 52.90 129.03 -0.571865
870 352.06 252.97 26.57 64.81 -0.649935
870 399.45 160.36 22.38 54.58 -0.837415
870 199.75 127.00 20.50 50.00 -1.049614
870 577.69 144.62 63.08 153.85 -1.179184
870 15.75 171.00 20.50 50.00 -1.290658
870 391.75 165.00 20.50 50.00 -1.292922
870 130.78 68.73 22.38 54.58 -1.857201
870 419.75 193.00 20.50 50.00 -1.995192
870 275.37 57.47 69.16 168.67 -2.118746
870 577.69 52.31 63.08 153.85 -3.004231
900 598.22 149.19 26.57 64.81 0.180628
900 397.03 160.40 24.37 59.45 0.172095
900 300.77 76.92 63.08 153.85 0.124653
900 619.75 165.00 20.50 50.00 -0.059318
900 211.45 165.15 24.37 59.45 -0.469418
900 138.71 69.68 52.90 129.03 -0.955683
900 481.62 164.76 26.57 64.81 -1.003876
900 291.92 69.23 31.54 76.92 -1.089211
900 387.75 143.00 20.50 50.00 -1.153296
900 388.53 162.55 22.38 54.58 -1.541927
900 592.12 165.15 24.37 59.45 -2.022899
900 175.00 118.46 31.54 76.92 -2.085292
900 556.76 73.95 26.57 64.81 -2.093109
900 4.96 64.94 57.98 141.42 -2.122789
900 352.07 261.18 28.92 70.53 -2.481082
900 615.91 15.45 24.37 59.45 -4.211999
930 397.03 165.15 24.37 59.45 2.396165
930 611.45 151.06 28.92 70.53 1.418725
930 598.22 156.97 26.57 64.81 -0.105104
930 319.35 90.32 52.90 129.03 -0.200172
930 222.38 153.88 28.92 70.53 -0.258121
930 250.92 173.45 22.38 54.58 -0.424639
930 233.46 146.15 31.54 76.92 -0.978634
930 288.14 76.23 57.98 141.42 -1.005484
930 193.93 109.09 34.37 83.83 -1.125362
930 490.22 165.18 28.92 70.53 -1.130609
930 615.91 196.04 24.37 59.45 -1.135076
930 165.33 78.42 48.64 118.64 -1.147425
930 544.46 174.05 37.52 91.50 -1.229806
930 94.22 87.92 48.64 118.64 -1.355176
930 505.55 146.01 34.37 83.83 -1.591518
930 456.39 120.00 28.92 70.53 -1.614356
930 385.75 147.00 20.50 50.00 -1.764759
930 -0.71 64.94 57.98 141.42 -1.882906
930 423.75 191.00 20.50 50.00 -1.985088
930 560.70 66.35 28.92 70.53 -2.292932
930 551.67 79.60 24.37 59.45 -2.306780
960 209.75 147.00 20.50 50.00 0.493280
960 397.75 173.00 20.50 50.00 0.109369
960 331.26 106.93 48.64 118.64 -0.001048
960 199.55 134.26 24.37 59.45 -0.180931
960 605.99 172.54 26.57 64.81 -0.472736
960 446.73 132.71 57.98 141.42 -0.577451
960 -0.46 126.41 37.52 91.50 -0.702641
960 513.75 195.00 20.50 50.00 -0.731841
960 619.75 203.00 20.50 50.00 -0.796543
960 299.75 133.00 20.50 50.00 -1.020062
960 312.30 102.18 48.64 118.64 -1.100723
960 95.24 102.55 44.67 108.95 -1.817870
960 563.28 84.00 22.38 54.58 -1.970586
960 574.80 66.35 28.92 70.53 -1.972809
960 615.91 260.20 24.37 59.45 -2.865822
990 541.75 209.00 20.50 50.00 1.236561
990 398.70 169.95 26.57 64.81 0.390378
990 201.75 153.00 20.50 50.00 0.114412
990 552.25 190.59 28.92 70.53 -0.154365
990 465.34 146.01 34.37 83.83 -0.566687
990 611.75 87.00 20.50 50.00 -0.984029
990 297.65 107.68 26.57 64.81 -1.056711
990 521.77 140.73 22.38 54.58 -1.136956
990 -0.46 126.41 37.52 91.50 -1.444672
990 587.74 193.55 52.90 129.03 -1.763325
990 600.41 88.36 22.38 54.58 -1.892309
990 81.94 90.32 52.90 129.03 -1.954534
990 613.77 9.08 26.57 64.81 -4.118935
1020 608.85 213.85 31.54 76.92 1.528520
1020 82.97 150.89 24.37 59.45 1.481653
1020 183.75 151.00 20.50 50.00 0.619930
1020 277.13 118.91 22.38 54.58 0.539009
1020 582.94 145.09 22.38 54.58 0.420578
1020 3.75 181.00 20.50 50.00 0.184356
1020 77.75 167.00 20.50 50.00 -0.431263
1020 277.70 139.30 34.37 83.83 -0.601513
1020 359.75 175.00 20.50 50.00 -0.888733
1020 574.20 147.27 22.38 54.58 -1.176579
1020 558.81 241.19 24.37 59.45 -1.343666
1020 404.16 150.89 24.37 59.45 -1.409039
1020 561.75 161.00 20.50 50.00 -1.523024
1020 527.88 148.51 24.37 59.45 -1.677332
1020 460.77 169.23 63.08 153.85 -1.881060
1020 5.29 128.47 28.92 70.53 -2.036450
1020 448.85 93.85 31.54 76.92 -2.214065
1020 619.75 61.00 20.50 50.00 -2.502920
1020 563.52 269.65 28.92 70.53 -4.156679
1050 235.63 121.09 22.38 54.58 0.043436
1050 419.74 176.47 28.92 70.53 -0.171589
1050 408.19 153.82 22.38 54.58 -0.347915
1050 602.97 111.76 37.52 91.50 -0.538148
1050 399.45 153.82 22.38 54.58 -0.884577
1050 473.72 92.73 22.38 54.58 -0.935239
1050 148.26 142.91 22.38 54.58 -1.150369
1050 247.75 125.00 20.50 50.00 -1.295066
1050 237.62 146.14 24.37 59.45 -1.489788
1050 157.00 142.91 22.38 54.58 -1.782698
1050 615.91 167.52 24.37 59.45 -1.836292
1050 571.79 192.68 69.16 168.67 -1.997921
1080 619.75 181.00 20.50 50.00 0.167012
1080 193.93 129.23 34.37 83.83 -0.067590
1080 404.16 150.89 24.37 59.45 -0.240839
1080 447.50 170.00 41.00 100.00 -0.957004
1080 178.74 122.75 37.52 91.50 -1.357349
1080 96.75 115.80 34.37 83.83 -1.437139
1080 116.28 139.01 24.37 59.45 -1.659939
1080 -0.84 50.70 69.16 168.67 -2.690747
1080 577.69 46.15 63.08 153.85 -2.832617
1110 419.75 159.00 20.50 50.00 1.510549
1110 404.16 150.89 24.37 59.45 0.483346
1110 497.69 169.23 63.08 153.85 0.439708
1110 42.53 141.39 24.37 59.45 -0.121397
1110 -0.32 138.81 26.57 64.81 -0.700714
1110 337.75 167.00 20.50 50.00 -0.878525
1110 140.77 120.00 63.08 153.85 -1.015741
1110 559.00 116.00 82.00 200.00 -1.096094
1110 559.00 20.00 82.00 200.00 -3.268139
1110 617.88 324.00 22.38 54.58 -6.250667
1140 416.93 156.00 22.38 54.58 3.014873
1140 425.75 155.00 20.50 50.00 2.604827
1140 451.75 167.00 20.50 50.00 0.786276
1140 405.75 163.00 20.50 50.00 0.380249
1140 91.47 169.09 22.38 54.58 -0.006895
1140 331.75 165.00 20.50 50.00 -0.211150
1140 389.75 167.00 20.50 50.00 -0.385705
1140 120.42 91.27 69.16 168.67 -0.407432
1140 33.01 160.40 24.37 59.45 -0.647649
1140 99.75 127.00 20.50 50.00 -1.044806
1140 192.42 153.27 24.37 59.45 -1.158464
1140 18.08 106.15 31.54 76.92 -1.668455
1140 106.95 125.07 69.16 168.67 -1.698704
1140 7.75 89.00 20.50 50.00 -1.925618
1140 556.76 265.95 26.57 64.81 -1.966928
1140 -0.32 136.22 26.57 64.81 -2.061724
1140 551.58 240.00 26.57 64.81 -2.507952
1140 551.23 21.82 89.69 218.76 -3.165694
1170 473.72 164.73 22.38 54.58 2.576234
1170 423.48 158.18 22.38 54.58 1.397563
1170 74.82 107.68 26.57 64.81 0.712346
1170 414.74 160.36 22.38 54.58 0.297014
1170 155.75 163.00 20.50 50.00 -0.260391
1170 433.46 140.00 31.54 76.92 -0.382014
1170 -0.46 119.08 37.52 91.50 -0.694588
1170 119.86 110.18 22.38 54.58 -0.781840
1170 329.75 163.00 20.50 50.00 -0.782759
1170 103.50 198.00 41.00 100.00 -0.827449
1170 387.75 149.00 20.50 50.00 -0.879516
1170 279.75 167.00 20.50 50.00 -1.000305
1170 600.81 110.27 26.57 64.81 -1.073949
1170 613.77 149.19 26.57 64.81 -1.317282
1170 67.05 99.89 26.57 64.81 -1.782344
1170 178.84 153.82 22.38 54.58 -1.894583
1170 61.67 151.06 28.92 70.53 -1.912176
1170 150.44 180.00 22.38 54.58 -2.079505
1170 613.77 107.68 26.57 64.81 -2.192775
1170 619.75 29.00 20.50 50.00 -3.710089
1170 568.33 8.32 24.37 59.45 -4.857895
1200 520.49 154.38 26.57 64.81 5.463638
1200 451.94 132.59 34.37 83.83 0.770727
1200 112.42 207.53 28.92 70.53 0.411131
1200 -0.27 127.64 22.38 54.58 -0.199100
1200 113.75 109.00 20.50 50.00 -0.435262
1200 61.04 102.18 48.64 118.64 -0.534313
1200 425.75 149.00 20.50 50.00 -0.535874
1200 123.75 111.00 20.50 50.00 -0.717585
1200 155.14 172.54 26.57 64.81 -0.750963
1200 439.62 143.08 31.54 76.92 -0.868086
1200 157.53 196.24 28.92 70.53 -0.874888
1200 466.07 105.08 26.57 64.81 -0.964867
1200 403.75 143.00 20.50 50.00 -1.121119
1200 42.07 102.18 48.64 118.64 -1.447653
1200 458.43 92.73 22.38 54.58 -1.449039
1200 141.75 87.00 20.50 50.00 -1.481857
1200 -0.30 96.24 24.37 59.45 -1.752948
1200 149.75 217.00 20.50 50.00 -2.120897
1200 133.75 91.00 20.50 50.00 -2.277825
1200 417.75 59.00 20.50 50.00 -2.792607
1230 585.97 129.23 34.37 83.83 6.799785
1230 443.75 127.00 20.50 50.00 0.366237
1230 463.75 125.00 20.50 50.00 0.003623
1230 156.73 158.02 24.37 59.45 -0.075090
1230 501.50 134.12 28.92 70.53 -0.190431
1230 485.77 121.54 31.54 76.92 -0.332016
1230 455.75 131.00 20.50 50.00 -0.535919
1230 427.75 129.00 20.50 50.00 -0.758174
1230 414.25 107.68 26.57 64.81 -0.883862
1230 471.26 133.62 26.57 64.81 -1.115762
1230 108.50 177.73 26.57 64.81 -1.490170
1230 118.66 67.72 24.37 59.45 -1.656971
1230 407.75 127.00 20.50 50.00 -1.806067
1230 42.07 73.66 48.64 118.64 -1.809296
1230 67.31 53.85 31.54 76.92 -2.572413
1230 447.75 35.00 20.50 50.00 -2.721425
1230 582.65 19.77 57.98 141.42 -3.006532
1230 498.68 40.94 28.92 70.53 -3.315863
1230 451.75 48.71 24.37 59.45 -3.335806
1230 499.75 23.00 20.50 50.00 -4.182433
1230 419.75 17.00 20.50 50.00 -4.269537
1260 475.75 129.00 20.50 50.00 5.204732
1260 449.75 139.00 20.50 50.00 2.870912
1260 498.68 120.00 28.92 70.53 1.909563
1260 515.75 129.00 20.50 50.00 1.458356
1260 543.75 131.00 20.50 50.00 0.651292
1260 490.22 128.47 28.92 70.53 0.427335
1260 439.75 139.00 20.50 50.00 0.067333
1260 464.98 127.64 22.38 54.58 -0.046772
1260 596.02 142.66 34.37 83.83 -0.054264
1260 99.59 168.00 44.67 108.95 -0.092623
1260 457.75 133.00 20.50 50.00 -0.191747
1260 546.61 148.24 28.92 70.53 -0.962207
1260 160.59 130.69 48.64 118.64 -1.246860
1260 149.75 107.00 20.50 50.00 -1.807516
1260 608.85 60.00 31.54 76.92 -2.421651
1260 23.85 40.00 63.08 153.85 -2.767872
1260 491.98 29.84 26.57 64.81 -3.333568
1290 532.70 138.55 22.38 54.58 6.560891
1290 504.32 134.12 28.92 70.53 5.320842
1290 544.54 136.63 24.37 59.45 4.828451
1290 492.19 150.89 24.37 59.45 3.089734
1290 456.25 147.27 22.38 54.58 1.719053
1290 554.54 140.73 22.38 54.58 1.268268
1290 470.78 141.39 24.37 59.45 0.811828
1290 523.96 160.36 22.38 54.58 0.328797
1290 611.33 149.45 22.38 54.58 0.067199
1290 518.36 134.26 24.37 59.45 -0.719194
1290 562.74 133.74 37.52 91.50 -0.808541
1290 482.68 150.89 24.37 59.45 -1.597479
1290 26.11 50.70 69.16 168.67 -1.714012
1290 -0.27 68.73 22.38 54.58 -1.959704
1290 479.75 85.00 20.50 50.00 -1.995570
1290 582.65 42.35 57.98 141.42 -2.090273
1290 116.54 53.85 31.54 76.92 -2.271583
1290 113.90 203.17 24.37 59.45 -2.316683
1320 577.37 141.07 37.52 91.50 4.781311
1320 508.85 150.89 24.37 59.45 3.096812
1320 559.62 130.77 31.54 76.92 3.025614
1320 611.45 134.12 28.92 70.53 2.526604
1320 592.00 133.74 37.52 91.50 1.641746
1320 489.81 146.14 24.37 59.45 1.150398
1320 35.75 181.00 20.50 50.00 1.058639
1320 106.77 210.30 24.37 59.45 0.032495
1320 515.75 139.00 20.50 50.00 -0.480544
1320 534.97 102.55 44.67 108.95 -0.941913
1320 608.85 81.54 31.54 76.92 -0.983792
1320 619.75 173.00 20.50 50.00 -1.463928
1320 -0.32 99.89 26.57 64.81 -1.613028
1320 12.63 43.94 69.16 168.67 -1.978699
1320 105.91 63.57 26.57 64.81 -2.007509
1320 -0.32 71.35 26.57 64.81 -2.178019
1320 146.08 221.45 22.38 54.58 -2.185693
1320 42.31 58.46 63.08 153.85 -2.363146
1320 608.85 32.31 31.54 76.92 -2.877111
1350 559.75 151.00 20.50 50.00 1.782952
1350 3.75 195.00 20.50 50.00 0.694417
1350 603.00 168.00 28.92 70.53 -0.406827
1350 568.33 136.63 24.37 59.45 -0.980797
1350 479.75 135.00 20.50 50.00 -1.152120
1350 75.84 222.18 24.37 59.45 -1.341953
1350 11.50 58.00 41.00 100.00 -1.925981
1350 113.90 234.06 24.37 59.45 -2.010530
1350 64.23 69.23 31.54 76.92 -2.247000
1350 597.75 57.00 20.50 50.00 -2.336704
1350 80.00 81.73 26.57 64.81 -2.367349
1350 -0.27 51.27 22.38 54.58 -2.959280
1350 437.75 7.00 20.50 50.00 -4.476340
1380 588.90 153.88 28.92 70.53 2.100598
1380 506.48 164.73 22.38 54.58 1.621217
1380 529.75 177.00 20.50 50.00 1.593821
1380 479.75 167.00 20.50 50.00 1.288917
1380 513.04 171.27 22.38 54.58 0.853102
1380 611.45 148.24 28.92 70.53 -0.225443
1380 465.75 169.00 20.50 50.00 -0.509664
1380 63.75 129.00 20.50 50.00 -0.617657
1380 497.75 161.00 20.50 50.00 -0.704811
1380 521.77 166.91 22.38 54.58 -1.283468
1380 475.75 157.00 20.50 50.00 -1.574533
1380 546.61 156.71 28.92 70.53 -1.625086
1380 22.20 216.00 28.92 70.53 -1.848041
1380 29.74 58.74 34.37 83.83 -2.116527
1380 241.19 83.17 48.64 118.64 -2.175403
1380 606.07 273.57 34.37 83.83 -2.246520
1380 84.92 236.73 22.38 54.58 -3.012898
1410 532.64 172.28 24.37 59.45 3.707707
1410 591.75 191.00 20.50 50.00 1.051692
1410 565.95 177.03 24.37 59.45 0.614365
1410 599.50 154.00 41.00 100.00 0.151586
1410 30.77 115.46 26.57 64.81 -0.351782
1410 413.75 169.00 20.50 50.00 -0.411460
1410 223.35 158.02 24.37 59.45 -0.599171
1410 2.08 91.48 24.37 59.45 -0.819100
1410 61.04 159.21 48.64 118.64 -1.505626
1410 527.88 160.40 24.37 59.45 -1.739732
1410 475.90 108.00 22.38 54.58 -2.002173
1440 617.88 197.45 22.38 54.58 1.408602
1440 619.75 171.00 20.50 50.00 1.385265
1440 55.50 170.00 41.00 100.00 -0.299992
1440 152.63 173.45 22.38 54.58 -1.009935
1440 473.72 190.91 22.38 54.58 -1.225393
1440 430.33 172.28 24.37 59.45 -1.359813
1440 601.75 179.00 20.50 50.00 -1.403294
1440 515.30 94.70 26.57 64.81 -1.827758
1440 617.88 51.27 22.38 54.58 -2.283074
1470 42.99 168.00 44.67 108.95 -0.335496
1470 595.92 207.27 44.67 108.95 -0.396756
1470 437.57 141.41 26.57 64.81 -0.733667
1470 617.88 142.91 22.38 54.58 -1.006389
1470 566.40 82.44 37.52 91.50 -1.273253
1470 551.75 127.00 20.50 50.00 -1.500498
1470 499.93 149.45 22.38 54.58 -1.854508
1470 557.75 57.00 20.50 50.00 -2.569367
1470 574.80 29.65 28.92 70.53 -3.461501
1470 518.36 39.21 24.37 59.45 -3.699226
1500 541.75 237.00 20.50 50.00 -0.610258
1500 166.25 143.76 24.37 59.45 -0.842793
1500 467.75 161.00 20.50 50.00 -0.944278
1500 42.07 163.96 48.64 118.64 -0.990955
1500 449.75 159.00 20.50 50.00 -1.300368
1500 -0.54 98.18 44.67 108.95 -1.844495
1500 617.88 33.82 22.38 54.58 -2.930964
1500 608.77 -1.19 24.37 59.45 -5.145739
1530 593.04 156.97 26.57 64.81 1.485448
1530 604.01 155.64 24.37 59.45 0.553244
1530 523.96 175.64 22.38 54.58 0.161092
1530 -0.46 89.77 37.52 91.50 -1.066900
1530 356.58 160.40 24.37 59.45 -1.274769
1530 33.27 160.94 57.98 141.42 -1.711118
1530 173.38 146.14 24.37 59.45 -1.889015
1530 537.40 167.52 24.37 59.45 -1.982886
1530 592.00 68.91 48.64 118.64 -2.846507
1560 -0.77 150.77 63.08 153.85 0.681443
1560 611.45 168.00 28.92 70.53 -0.340483
1560 349.44 162.77 24.37 59.45 -0.402276
1560 521.77 153.82 22.38 54.58 -0.651848
1560 489.75 155.00 20.50 50.00 -1.235719
1560 387.75 145.00 20.50 50.00 -1.568279
1560 453.57 159.53 28.92 70.53 -1.763137
1560 555.75 5.00 20.50 50.00 -4.394164
1590 599.62 143.08 31.54 76.92 6.126783
1590 137.75 159.00 20.50 50.00 -0.156357
1590 596.04 182.18 22.38 54.58 -0.484115
1590 517.89 188.11 26.57 64.81 -0.819336
1590 608.63 131.29 28.92 70.53 -0.848573
1590 383.75 145.00 20.50 50.00 -0.885188
1590 475.75 117.00 20.50 50.00 -1.741205
1590 -0.42 159.44 34.37 83.83 -1.820485
1620 407.75 151.00 20.50 50.00 0.957934
1620 455.75 169.00 20.50 50.00 0.747637
1620 390.93 138.81 26.57 64.81 0.356656
1620 449.75 141.00 20.50 50.00 -0.349475
1620 447.75 159.00 20.50 50.00 -1.749066
1620 539.25 70.91 22.38 54.58 -2.002414
1620 5.29 52.23 28.92 70.53 -3.484069
1650 563.75 167.00 20.50 50.00 2.119808
1650 399.45 156.00 22.38 54.58 1.015033
1650 357.25 167.35 26.57 64.81 0.477830
1650 515.22 169.09 22.38 54.58 0.282660
1650 506.48 169.09 22.38 54.58 0.175573
1650 572.01 158.18 22.38 54.58 -0.017675
1650 408.46 131.29 28.92 70.53 -0.186344
1650 489.75 173.00 20.50 50.00 -0.520052
1650 582.65 144.00 57.98 141.42 -0.704425
1650 118.87 159.57 26.57 64.81 -0.779512
1650 10.93 136.94 28.92 70.53 -0.997376
1650 473.72 166.91 22.38 54.58 -1.381355
1650 31.75 169.00 20.50 50.00 -1.571176
1650 528.33 164.73 22.38 54.58 -1.609549
1650 534.88 171.27 22.38 54.58 -1.773553
1650 -0.38 143.08 31.54 76.92 -2.291549
1680 510.85 171.27 22.38 54.58 3.708770
1680 203.75 163.00 20.50 50.00 0.658783
1680 503.75 169.00 20.50 50.00 0.550161
1680 25.94 160.36 22.38 54.58 0.529945
1680 356.58 174.65 24.37 59.45 0.156267
1680 425.58 150.89 24.37 59.45 0.125349
1680 601.64 186.53 24.37 59.45 -0.235301
1680 572.57 159.44 34.37 83.83 -0.267609
1680 538.15 162.35 28.92 70.53 -1.168250
1680 385.75 149.00 20.50 50.00 -1.245221
1680 69.62 180.00 22.38 54.58 -1.274480
1680 617.88 62.18 22.38 54.58 -1.320726
1680 33.01 148.51 24.37 59.45 -1.350796
1680 523.75 177.00 20.50 50.00 -1.571288
1680 592.00 102.18 48.64 118.64 -2.249736
1680 577.84 22.57 24.37 59.45 -2.431620
1680 435.75 53.00 20.50 50.00 -2.902927
1680 593.04 14.27 26.57 64.81 -4.246687
1710 546.61 162.35 28.92 70.53 5.664160
1710 582.94 171.27 22.38 54.58 1.463888
1710 196.31 162.55 22.38 54.58 0.749431
1710 596.04 193.09 22.38 54.58 -0.064580
1710 557.89 159.53 28.92 70.53 -0.301599
1710 183.64 159.57 26.57 64.81 -0.383174
1710 387.75 153.00 20.50 50.00 -0.505192
1710 442.75 146.59 26.57 64.81 -0.817155
1710 575.75 179.00 20.50 50.00 -0.939546
1710 349.47 169.95 26.57 64.81 -1.166394
1710 540.97 148.24 28.92 70.53 -1.775915
1710 501.15 29.23 31.54 76.92 -3.963030
1740 599.50 130.00 41.00 100.00 1.268187
1740 467.75 167.00 20.50 50.00 0.689538
1740 391.75 147.00 20.50 50.00 -0.167949
1740 -0.30 127.13 24.37 59.45 -0.394718
1740 442.06 115.42 37.52 91.50 -0.565727
1740 199.75 159.00 20.50 50.00 -0.832370
1740 157.00 169.09 22.38 54.58 -1.656970
1740 507.40 4.36 89.69 218.76 -4.076030
1770 525.50 167.52 24.37 59.45 1.403534
1770 399.75 155.00 20.50 50.00 -0.052951
1770 179.75 155.00 20.50 50.00 -0.130075
1770 209.55 133.62 26.57 64.81 -0.220107
1770 103.32 162.16 26.57 64.81 -0.414613
1770 449.75 165.00 20.50 50.00 -0.433949
1770 270.38 167.69 31.54 76.92 -0.665287
1770 455.75 159.00 20.50 50.00 -0.947383
1770 361.34 177.03 24.37 59.45 -0.987588
1770 569.72 156.97 26.57 64.81 -1.042645
1770 471.54 164.73 22.38 54.58 -1.226512
1770 463.75 159.00 20.50 50.00 -1.367625
1770 411.30 141.39 24.37 59.45 -1.405080
1770 482.96 102.18 48.64 118.64 -1.919667
1800 511.75 163.00 20.50 50.00 2.444807
1800 423.75 163.00 20.50 50.00 0.269075
1800 403.75 165.00 20.50 50.00 -0.181026
1800 499.33 158.02 24.37 59.45 -0.951429
1800 542.41 99.02 34.37 83.83 -1.083525
1800 546.91 172.28 24.37 59.45 -2.231925
1800 565.52 55.38 75.52 184.20 -2.399116
1830 449.75 159.00 20.50 50.00 4.327598
1830 427.75 163.00 20.50 50.00 2.971456
1830 189.76 147.27 22.38 54.58 1.122128
1830 467.75 163.00 20.50 50.00 0.159712
1830 30.63 150.89 24.37 59.45 -0.300114
1830 595.92 72.00 44.67 108.95 -0.351388
1830 165.75 139.00 20.50 50.00 -0.778493
1830 573.75 187.00 20.50 50.00 -1.027316
1830 180.52 139.01 24.37 59.45 -1.061879
1830 111.09 144.00 26.57 64.81 -1.385338
1830 528.26 133.62 26.57 64.81 -1.449430
1830 208.00 30.42 69.16 168.67 -3.495750
