30 115.75 175.00 20.50 50.00 0.291799
30 359.84 164.76 26.57 64.81 0.016697
30 380.26 170.82 28.92 70.53 -1.091445
30 107.75 91.00 20.50 50.00 -1.696665
30 533.73 24.00 98.11 239.31 -2.167360
30 -1.00 52.00 82.00 200.00 -2.926362
30 183.64 247.78 26.57 64.81 -2.978326
60 360.53 159.53 28.92 70.53 0.543874
60 115.75 175.00 20.50 50.00 -0.194698
60 391.50 222.00 41.00 100.00 -0.635721
60 372.79 169.95 26.57 64.81 -0.701847
60 48.91 172.54 26.57 64.81 -0.860171
60 71.81 171.27 22.38 54.58 -0.922226
60 -0.32 118.05 26.57 64.81 -1.246918
60 191.37 252.71 28.92 70.53 -2.535137
60 533.70 39.27 89.69 218.76 -2.625028
60 207.75 47.00 20.50 50.00 -2.972116
60 611.45 29.65 28.92 70.53 -3.469929
60 425.75 7.00 20.50 50.00 -4.398519
90 363.35 165.18 28.92 70.53 0.689483
90 71.08 169.90 24.37 59.45 0.445576
90 107.75 95.00 20.50 50.00 -0.273700
90 3.75 201.00 20.50 50.00 -0.275615
90 46.49 166.15 34.37 83.83 -1.386442
90 354.20 167.52 24.37 59.45 -1.518654
90 377.98 169.95 26.57 64.81 -1.571607
90 169.75 181.00 20.50 50.00 -1.696943
90 182.90 255.45 24.37 59.45 -1.824364
90 383.50 218.00 41.00 100.00 -2.043794
90 533.73 24.00 98.11 239.31 -2.494402
90 467.66 31.14 37.52 91.50 -3.452948
90 440.30 11.88 48.64 118.64 -3.907176
120 15.22 180.32 26.57 64.81 4.198418
120 365.02 167.35 26.57 64.81 -0.360273
120 375.00 167.69 31.54 76.92 -0.919567
120 43.14 166.15 34.37 83.83 -1.231858
120 -0.30 181.78 24.37 59.45 -1.259060
120 72.23 169.95 26.57 64.81 -1.673537
120 108.94 88.36 22.38 54.58 -1.763803
120 29.75 193.00 20.50 50.00 -1.874469
120 533.73 24.00 98.11 239.31 -2.317718
120 393.46 229.23 31.54 76.92 -2.546159
120 619.75 55.00 20.50 50.00 -2.552458
120 189.76 258.55 22.38 54.58 -2.969208
120 460.61 20.73 22.38 54.58 -3.791052
150 38.54 177.73 26.57 64.81 3.060401
150 363.35 165.18 28.92 70.53 0.484543
150 115.75 173.00 20.50 50.00 0.327507
150 377.44 173.65 28.92 70.53 -0.820510
150 108.94 88.36 22.38 54.58 -1.275420
150 29.75 191.00 20.50 50.00 -1.368757
150 71.81 173.45 22.38 54.58 -1.880632
150 -0.32 115.46 26.57 64.81 -1.950239
150 533.73 24.00 98.11 239.31 -2.128042
150 619.75 59.00 20.50 50.00 -2.631977
150 139.18 21.82 89.69 218.76 -3.897752
180 51.50 175.14 26.57 64.81 3.241891
180 360.53 165.18 28.92 70.53 0.377156
180 106.76 88.36 22.38 54.58 -0.902764
180 377.44 173.65 28.92 70.53 -1.036263
180 -0.71 110.12 57.98 141.42 -1.636704
180 186.23 250.38 26.57 64.81 -2.852497
180 542.47 30.55 89.69 218.76 -3.051576
180 465.34 31.89 34.37 83.83 -3.131360
180 451.94 38.60 34.37 83.83 -3.389900
210 59.27 177.73 26.57 64.81 3.835355
210 365.02 167.35 26.57 64.81 0.113320
210 377.44 173.65 28.92 70.53 -0.227242
210 109.75 89.00 20.50 50.00 -0.851029
210 117.68 169.09 22.38 54.58 -1.277994
210 -0.54 124.36 44.67 108.95 -1.444416
210 48.91 172.54 26.57 64.81 -1.547379
210 533.70 48.00 89.69 218.76 -2.276879
210 619.75 97.00 20.50 50.00 -2.315189
210 602.97 9.16 37.52 91.50 -4.688315
240 68.70 177.03 24.37 59.45 4.819081
240 365.02 164.76 26.57 64.81 0.698759
240 377.44 173.65 28.92 70.53 -0.080777
240 106.77 89.11 24.37 59.45 -0.873234
240 408.19 149.45 22.38 54.58 -1.008699
240 75.84 184.16 24.37 59.45 -1.992951
240 619.75 97.00 20.50 50.00 -2.025177
240 533.73 24.00 98.11 239.31 -2.382162
240 -1.00 52.00 82.00 200.00 -2.414657
240 617.88 46.91 22.38 54.58 -2.800609
240 458.64 35.24 34.37 83.83 -3.276998
270 74.82 175.14 26.57 64.81 4.211945
270 359.84 167.35 26.57 64.81 0.206556
270 115.75 177.00 20.50 50.00 -0.764418
270 377.44 173.65 28.92 70.53 -0.843099
270 -0.38 176.92 31.54 76.92 -1.123018
270 107.75 95.00 20.50 50.00 -1.256907
270 43.73 175.14 26.57 64.81 -1.419814
270 431.75 163.00 20.50 50.00 -1.433475
270 -0.35 120.00 28.92 70.53 -1.937214
270 533.73 24.00 98.11 239.31 -2.301621
270 197.17 255.45 24.37 59.45 -3.680400
300 80.00 177.73 26.57 64.81 3.345282
300 359.62 158.46 31.54 76.92 -0.321163
300 46.32 172.54 26.57 64.81 -0.570435
300 69.64 169.95 26.57 64.81 -0.691538
300 109.75 95.00 20.50 50.00 -0.702194
300 390.38 226.15 31.54 76.92 -0.964715
300 113.90 165.15 24.37 59.45 -1.122977
300 -0.71 110.12 57.98 141.42 -1.569787
300 617.88 99.27 22.38 54.58 -1.641783
300 106.76 112.36 22.38 54.58 -1.778936
300 395.75 153.00 20.50 50.00 -1.849109
300 533.73 24.00 98.11 239.31 -2.060442
300 190.04 250.69 24.37 59.45 -2.106028
300 439.00 28.00 82.00 200.00 -3.565971
300 389.75 9.00 20.50 50.00 -4.298916
330 82.59 175.14 26.57 64.81 4.717782
330 117.75 173.00 20.50 50.00 -0.962536
330 344.83 121.85 75.52 184.20 -1.125572
330 109.75 93.00 20.50 50.00 -1.130700
330 47.58 170.82 28.92 70.53 -1.197506
330 533.73 24.00 98.11 239.31 -1.789468
330 139.18 21.82 89.69 218.76 -3.481493
330 455.00 38.46 31.54 76.92 -3.646074
330 429.75 7.00 20.50 50.00 -4.189726
360 84.92 182.18 22.38 54.58 5.183042
360 354.76 149.37 34.37 83.83 -0.198806
360 91.47 188.73 22.38 54.58 -0.532152
360 113.75 179.00 20.50 50.00 -0.648953
360 71.08 172.28 24.37 59.45 -0.787220
360 107.75 93.00 20.50 50.00 -1.057486
360 128.60 182.18 22.38 54.58 -1.259608
360 533.73 24.00 98.11 239.31 -1.777101
360 -1.00 60.00 82.00 200.00 -2.213230
360 437.26 21.82 89.69 218.76 -3.827461
390 89.75 187.00 20.50 50.00 2.849760
390 361.34 174.65 24.37 59.45 -0.115850
390 -0.30 186.53 24.37 59.45 -0.352981
390 117.75 179.00 20.50 50.00 -0.518770
390 108.94 97.09 22.38 54.58 -0.806872
390 395.75 157.00 20.50 50.00 -1.762087
390 533.73 24.00 98.11 239.31 -1.825551
390 46.32 175.14 26.57 64.81 -1.894235
390 394.97 15.11 34.37 83.83 -3.860013
390 469.75 5.00 20.50 50.00 -4.114965
390 611.45 15.53 28.92 70.53 -4.456668
420 91.75 197.00 20.50 50.00 1.384534
420 353.75 185.00 20.50 50.00 0.340877
420 366.69 184.36 22.38 54.58 0.174512
420 447.75 167.00 20.50 50.00 -1.046900
420 617.88 112.36 22.38 54.58 -1.085283
420 128.18 188.91 24.37 59.45 -1.092788
420 533.73 43.20 98.11 239.31 -1.316204
420 344.85 175.64 22.38 54.58 -1.462815
420 109.75 101.00 20.50 50.00 -1.482970
420 -1.00 68.00 82.00 200.00 -2.405611
420 389.75 19.00 20.50 50.00 -4.044621
420 450.75 12.71 28.92 70.53 -4.093629
420 602.97 23.82 37.52 91.50 -4.348284
450 359.62 186.15 31.54 76.92 -0.558055
450 67.44 186.55 22.38 54.58 -0.618254
450 105.75 107.00 20.50 50.00 -0.916053
450 533.77 26.09 107.29 261.69 -1.708550
450 -0.92 84.92 75.52 184.20 -1.943596
450 403.75 77.00 20.50 50.00 -2.343907
450 117.68 60.00 22.38 54.58 -2.836056
450 427.31 20.00 31.54 76.92 -3.710343
450 405.03 15.11 34.37 83.83 -3.823631
450 453.12 14.27 26.57 64.81 -4.282259
450 515.75 5.00 20.50 50.00 -4.326877
480 83.75 187.00 20.50 50.00 0.819301
480 447.51 164.73 22.38 54.58 0.406588
480 16.56 179.29 28.92 70.53 -0.184433
480 356.54 180.00 31.54 76.92 -0.320058
480 48.91 177.73 26.57 64.81 -0.851628
480 90.11 91.48 24.37 59.45 -1.079341
480 89.75 197.00 20.50 50.00 -1.392996
480 559.00 28.00 82.00 200.00 -2.181796
480 127.75 33.00 20.50 50.00 -2.688513
480 137.75 31.00 20.50 50.00 -3.022693
480 421.78 15.11 34.37 83.83 -3.349520
480 455.75 23.00 20.50 50.00 -3.524086
480 20.41 11.68 26.57 64.81 -4.641052
510 63.07 184.36 22.38 54.58 2.037064
510 21.11 177.03 24.37 59.45 0.148330
510 361.75 167.00 20.50 50.00 -1.129331
510 473.46 155.38 31.54 76.92 -1.374934
510 54.42 191.29 24.37 59.45 -1.550229
510 63.75 127.00 20.50 50.00 -1.578355
510 439.75 61.00 20.50 50.00 -1.727171
510 45.77 84.61 31.54 76.92 -1.859277
510 73.75 81.00 20.50 50.00 -1.897895
510 477.75 13.00 20.50 50.00 -3.220432
510 559.00 20.00 82.00 200.00 -3.260964
510 111.13 16.36 22.38 54.58 -3.317643
510 432.39 14.27 26.57 64.81 -3.616432
510 455.00 13.85 31.54 76.92 -3.680953
510 127.75 15.00 20.50 50.00 -3.943626
540 33.01 177.03 24.37 59.45 3.351894
540 447.94 151.78 26.57 64.81 1.190962
540 43.14 159.44 34.37 83.83 0.335467
540 484.64 149.45 22.38 54.58 -0.082288
540 427.85 114.55 22.38 54.58 -0.340810
540 23.75 182.18 22.38 54.58 -0.493461
540 602.97 130.08 37.52 91.50 -0.825308
540 -0.38 164.62 31.54 76.92 -1.123379
540 35.39 193.66 24.37 59.45 -1.646423
540 117.75 181.00 20.50 50.00 -1.767603
540 432.39 151.78 26.57 64.81 -1.885286
540 94.87 105.74 24.37 59.45 -1.913562
540 491.98 175.14 26.57 64.81 -1.947925
540 449.75 65.00 20.50 50.00 -2.682569
540 491.98 6.49 26.57 64.81 -3.867359
540 587.74 7.74 52.90 129.03 -4.101349
540 414.74 3.27 22.38 54.58 -4.123943
570 608.85 146.15 31.54 76.92 0.987689
570 387.75 149.00 20.50 50.00 -0.796502
570 41.23 193.09 22.38 54.58 -0.890129
570 537.06 182.18 22.38 54.58 -1.499785
570 503.75 129.00 20.50 50.00 -1.557858
570 431.75 81.00 20.50 50.00 -1.623000
570 443.14 101.45 22.38 54.58 -2.264384
570 471.54 16.36 22.38 54.58 -3.884126
600 619.75 213.00 20.50 50.00 0.806680
600 354.66 154.38 26.57 64.81 -0.275495
600 460.89 89.51 26.57 64.81 -1.303728
600 595.92 133.09 44.67 108.95 -1.448952
600 278.07 160.40 24.37 59.45 -1.531366
600 -0.84 64.22 69.16 168.67 -2.521600
600 619.75 259.00 20.50 50.00 -2.647655
600 507.75 53.00 20.50 50.00 -2.904960
600 -0.35 12.71 28.92 70.53 -4.000560
630 349.25 151.06 28.92 70.53 -0.133790
630 469.75 147.00 20.50 50.00 -0.280579
630 599.75 183.00 20.50 50.00 -0.618200
630 613.77 162.16 26.57 64.81 -0.771488
630 279.75 177.00 20.50 50.00 -0.779500
630 377.98 172.54 26.57 64.81 -1.115295
630 222.53 175.64 22.38 54.58 -1.291715
630 533.44 118.05 26.57 64.81 -1.484895
630 383.16 141.41 26.57 64.81 -1.491459
630 399.75 161.00 20.50 50.00 -1.604588
630 126.64 195.89 26.57 64.81 -1.908680
630 90.36 219.24 26.57 64.81 -2.275622
630 491.92 66.15 31.54 76.92 -2.772208
630 555.75 1.00 20.50 50.00 -4.322040
660 389.89 143.76 24.37 59.45 -0.270968
660 351.82 160.40 24.37 59.45 -0.915692
660 401.78 139.01 24.37 59.45 -0.923213
660 93.65 134.18 22.38 54.58 -1.322477
660 577.62 108.71 28.92 70.53 -1.924041
660 617.88 127.64 22.38 54.58 -2.293901
660 561.75 19.00 20.50 50.00 -2.772685
660 547.75 29.00 20.50 50.00 -3.088124
660 421.30 29.45 22.38 54.58 -3.901060
690 119.86 173.45 22.38 54.58 0.345975
690 450.75 148.24 28.92 70.53 -0.940888
690 411.28 128.47 28.92 70.53 -0.987299
690 476.12 26.82 28.92 70.53 -3.190866
690 466.02 17.82 24.37 59.45 -3.623899
720 424.23 124.62 31.54 76.92 0.050627
720 213.79 166.91 22.38 54.58 -0.186050
720 479.75 177.00 20.50 50.00 -1.339520
720 410.38 151.64 22.38 54.58 -1.477729
720 373.75 161.00 20.50 50.00 -1.698634
720 18.74 153.27 24.37 59.45 -2.069521
720 58.70 182.18 22.38 54.58 -2.336131
720 525.75 31.00 20.50 50.00 -3.513807
720 517.75 25.00 20.50 50.00 -3.591468
750 218.59 165.15 24.37 59.45 -1.003695
750 423.77 115.42 37.52 91.50 -1.268640
750 -0.32 154.38 26.57 64.81 -1.355985
750 285.75 157.00 20.50 50.00 -1.882167
750 593.04 68.76 26.57 64.81 -2.345864
750 505.75 35.00 20.50 50.00 -3.497832
750 563.28 12.00 22.38 54.58 -3.955004
780 449.75 99.00 20.50 50.00 -0.119401
780 401.78 143.76 24.37 59.45 -0.591555
780 249.75 173.00 20.50 50.00 -1.282965
780 451.75 173.00 20.50 50.00 -1.336877
780 91.47 182.18 22.38 54.58 -1.849351
780 525.50 10.69 24.37 59.45 -4.042337
810 161.75 217.00 20.50 50.00 -0.189261
810 124.23 204.00 22.38 54.58 -0.518155
810 463.48 149.19 26.57 64.81 -1.048897
810 449.75 167.00 20.50 50.00 -1.248106
810 165.77 180.00 31.54 76.92 -1.309880
810 430.03 151.64 22.38 54.58 -1.331293
810 -0.32 123.24 26.57 64.81 -2.225623
840 569.80 128.73 44.67 108.95 2.835661
840 79.75 205.00 20.50 50.00 -0.304329
840 592.00 106.93 48.64 118.64 -0.389543
840 384.16 149.45 22.38 54.58 -0.888663
840 25.59 211.46 26.57 64.81 -1.183850
840 558.81 41.58 24.37 59.45 -2.883661
840 487.00 20.00 82.00 200.00 -3.089287
840 619.75 11.00 20.50 50.00 -3.753572
870 599.50 158.00 41.00 100.00 1.679391
870 153.72 156.08 34.37 83.83 -0.505823
870 599.50 122.00 41.00 100.00 -1.402620
870 497.75 5.00 20.50 50.00 -4.037389
900 543.50 134.00 41.00 100.00 -1.461112
930 485.75 149.00 20.50 50.00 0.541176
930 369.75 143.00 20.50 50.00 -1.172225
960 159.75 153.00 20.50 50.00 1.308977
960 529.75 155.00 20.50 50.00 1.141899
960 537.40 146.14 24.37 59.45 -0.820205
960 373.75 143.00 20.50 50.00 -0.854084
960 173.75 147.00 20.50 50.00 -0.916615
960 409.75 131.00 20.50 50.00 -1.399742
960 153.75 147.00 20.50 50.00 -1.424802
960 275.75 143.00 20.50 50.00 -1.462905
960 451.88 140.73 22.38 54.58 -1.881901
990 377.75 143.00 20.50 50.00 -0.678489
990 115.49 149.45 22.38 54.58 -0.955532
990 254.28 134.26 24.37 59.45 -1.998719
1020 80.55 149.45 22.38 54.58 0.220566
1020 71.75 153.00 20.50 50.00 -0.993601
1020 366.17 125.65 28.92 70.53 -1.264234
1020 141.75 137.00 20.50 50.00 -1.360276
1020 413.68 146.14 24.37 59.45 -1.877995
1020 49.97 42.55 22.38 54.58 -3.652291
1050 51.75 149.00 20.50 50.00 0.583277
1050 197.75 155.00 20.50 50.00 0.210063
1050 361.60 115.42 37.52 91.50 -0.176772
1050 617.88 79.64 22.38 54.58 -1.050110
1050 8.46 162.55 22.38 54.58 -1.542590
1050 47.75 3.00 20.50 50.00 -4.490361
1080 33.75 147.00 20.50 50.00 1.019976
1080 205.77 143.08 31.54 76.92 0.288920
1080 362.32 127.64 22.38 54.58 0.000637
1080 371.75 131.00 20.50 50.00 -0.224079
1080 381.57 105.73 34.37 83.83 -1.023088
1080 41.75 151.00 20.50 50.00 -1.270668
1080 67.75 151.00 20.50 50.00 -1.332803
1080 606.07 109.09 34.37 83.83 -1.762731
1080 617.88 9.82 22.38 54.58 -4.283367
1110 387.50 150.00 41.00 100.00 0.689075
1110 77.75 137.00 20.50 50.00 -0.305126
1110 346.88 131.03 26.57 64.81 -0.870483
1110 240.65 136.22 26.57 64.81 -1.002593
1110 211.50 178.00 41.00 100.00 -1.413765
1110 6.28 236.64 34.37 83.83 -1.670699
1110 17.75 13.00 20.50 50.00 -3.882816
1110 -0.27 -1.09 22.38 54.58 -4.786828
1140 452.39 144.00 57.98 141.42 0.006340
1140 31.75 143.00 20.50 50.00 -0.017999
1140 606.07 206.43 34.37 83.83 -0.776596
1140 434.40 153.82 22.38 54.58 -1.266816
1140 207.50 130.00 41.00 100.00 -1.468983
1140 236.77 110.97 52.90 129.03 -1.917833
1140 597.75 215.00 20.50 50.00 -2.275090
1140 506.48 221.45 22.38 54.58 -2.346685
1170 494.57 148.51 24.37 59.45 -0.825466
1170 85.18 175.14 26.57 64.81 -1.445312
1170 250.67 121.19 48.64 118.64 -1.626835
1170 524.29 40.00 117.14 285.71 -1.716350
1170 177.27 184.94 28.92 70.53 -1.718379
1170 341.75 169.00 20.50 50.00 -1.818110
1200 237.75 199.00 20.50 50.00 0.288363
1200 347.75 161.00 20.50 50.00 -0.690922
1200 587.74 172.90 52.90 129.03 -0.959036
1200 289.75 165.00 20.50 50.00 -1.095206
1200 449.75 189.00 20.50 50.00 -1.194127
1200 602.97 243.66 37.52 91.50 -1.418969
1200 277.13 149.45 22.38 54.58 -1.543192
1200 195.75 221.00 20.50 50.00 -1.816343
1200 51.70 189.82 44.67 108.95 -1.896556
1200 173.82 112.45 34.37 83.83 -1.908944
1200 551.23 21.82 89.69 218.76 -3.361346
1200 619.75 309.00 20.50 50.00 -5.618410
1230 106.77 210.30 24.37 59.45 1.905464
1230 15.75 213.00 20.50 50.00 -0.451960
1230 6.84 188.91 24.37 59.45 -0.561442
1230 211.75 165.00 20.50 50.00 -0.959786
1230 272.76 153.82 22.38 54.58 -1.178608
1230 591.67 199.64 22.38 54.58 -1.285646
1230 10.04 81.73 26.57 64.81 -1.372314
1230 401.78 146.14 24.37 59.45 -1.608924
1230 416.93 153.82 22.38 54.58 -1.632790
1230 465.75 167.00 20.50 50.00 -1.655820
1230 18.08 229.23 31.54 76.92 -1.671165
1230 606.07 102.38 34.37 83.83 -2.467945
1230 169.25 93.82 44.67 108.95 -2.470394
1260 351.75 153.00 20.50 50.00 -0.836619
1260 195.75 157.00 20.50 50.00 -0.985090
1260 129.75 161.00 20.50 50.00 -1.606920
1260 315.42 151.06 28.92 70.53 -1.640607
1260 619.75 117.00 20.50 50.00 -1.959735
1260 -0.25 49.00 20.50 50.00 -3.216461
1290 365.02 144.00 26.57 64.81 -0.632564
1290 473.75 165.00 20.50 50.00 -0.777400
1290 195.75 161.00 20.50 50.00 -1.314381
1290 617.88 105.82 22.38 54.58 -1.814807
1290 585.26 144.00 26.57 64.81 -1.932614
1290 39.04 44.73 22.38 54.58 -2.935030
1320 454.13 124.75 24.37 59.45 -0.267503
1320 456.51 177.03 24.37 59.45 -1.055337
1320 23.00 84.00 82.00 200.00 -2.037189
1320 167.75 185.00 20.50 50.00 -2.053804
1320 533.77 26.09 107.29 261.69 -3.151017
1320 28.12 7.64 22.38 54.58 -4.802175
1350 357.75 155.00 20.50 50.00 -0.833870
1350 122.69 167.69 31.54 76.92 -0.906194
1350 613.77 156.97 26.57 64.81 -0.960535
1350 430.33 136.63 24.37 59.45 -1.346492
1350 523.28 78.26 107.29 261.69 -1.499551
1350 207.75 173.00 20.50 50.00 -1.672925
1350 4.46 179.41 24.37 59.45 -2.093431
1350 235.75 57.00 20.50 50.00 -2.789348
1350 383.75 27.00 20.50 50.00 -2.976804
1350 56.52 49.09 22.38 54.58 -3.328706
1350 373.23 15.45 24.37 59.45 -4.410989
1380 51.50 208.86 26.57 64.81 -0.617848
1380 -0.71 149.65 57.98 141.42 -1.232250
1380 521.75 199.00 20.50 50.00 -1.441276
1380 370.86 150.89 24.37 59.45 -1.758485
1380 80.55 40.36 22.38 54.58 -1.785429
1380 473.46 133.85 31.54 76.92 -2.112572
1380 375.38 42.81 26.57 64.81 -3.261648
1380 253.75 21.00 20.50 50.00 -3.597527
1410 237.75 147.00 20.50 50.00 -0.442081
1410 183.75 177.00 20.50 50.00 -1.129152
1410 102.01 70.10 24.37 59.45 -1.891915
1410 138.08 164.62 31.54 76.92 -2.085760
1410 98.02 46.91 22.38 54.58 -3.048815
1410 282.11 11.68 26.57 64.81 -3.256508
1410 378.08 20.00 31.54 76.92 -3.299597
1410 270.58 20.73 22.38 54.58 -3.379600
1410 -0.27 18.55 22.38 54.58 -3.672170
1410 275.75 7.00 20.50 50.00 -3.911114
1440 427.96 124.75 24.37 59.45 -0.585424
1440 569.83 197.45 22.38 54.58 -0.850619
1440 159.11 174.65 24.37 59.45 -1.175090
1440 231.26 62.18 22.38 54.58 -1.272671
1440 272.76 140.73 22.38 54.58 -1.380955
1440 111.13 114.55 22.38 54.58 -1.669104
1440 405.75 139.00 20.50 50.00 -1.686457
1440 81.75 21.00 20.50 50.00 -3.123037
1440 -0.35 18.35 28.92 70.53 -3.254034
1440 433.75 17.00 20.50 50.00 -3.797046
1440 408.38 1.68 34.37 83.83 -3.810563
1440 449.37 8.32 24.37 59.45 -4.319789
1470 72.95 176.47 28.92 70.53 -0.857420
1470 17.75 69.00 20.50 50.00 -2.646188
1470 343.75 59.00 20.50 50.00 -2.791368
1470 491.92 69.23 31.54 76.92 -2.853621
1470 157.75 33.00 20.50 50.00 -3.249399
1500 449.75 103.00 20.50 50.00 -0.599917
1500 12.63 77.75 69.16 168.67 -1.384791
1500 521.90 10.91 44.67 108.95 -4.046444
1500 113.19 11.88 48.64 118.64 -4.173939
1530 405.75 161.00 20.50 50.00 5.936644
1530 409.75 171.00 20.50 50.00 -0.977225
1530 548.03 115.64 44.67 108.95 -1.142513
1530 43.43 185.04 37.52 91.50 -1.392581
1530 583.26 40.94 28.92 70.53 -2.000968
1530 523.12 41.58 24.37 59.45 -2.057444
1530 479.75 89.00 20.50 50.00 -2.316275
1530 173.28 45.41 26.57 64.81 -2.705040
1560 373.23 158.02 24.37 59.45 6.335670
1560 382.75 158.02 24.37 59.45 0.478009
1560 365.75 159.00 20.50 50.00 0.468083
1560 592.00 102.18 48.64 118.64 -0.262549
1560 401.75 145.00 20.50 50.00 -1.294229
1560 -0.46 130.08 37.52 91.50 -1.448842
1560 578.50 146.18 44.67 108.95 -1.826340
1560 593.75 29.00 20.50 50.00 -2.633453
1560 63.75 49.00 20.50 50.00 -3.211003
1560 603.00 7.06 28.92 70.53 -3.287126
1560 580.08 9.08 26.57 64.81 -4.525241
1590 471.75 169.00 20.50 50.00 0.941564
1590 149.96 146.59 26.57 64.81 -1.202466
1590 -0.59 92.67 48.64 118.64 -1.535235
1590 611.45 128.47 28.92 70.53 -1.879423
1590 547.99 70.91 22.38 54.58 -2.006969
1620 237.62 150.89 24.37 59.45 0.281376
1620 150.44 158.18 22.38 54.58 -1.022956
1620 599.50 94.00 41.00 100.00 -1.169624
1620 31.75 121.00 20.50 50.00 -1.504458
1620 2.93 135.94 34.37 83.83 -1.570487
1620 30.63 153.27 24.37 59.45 -1.827285
1620 412.74 48.00 57.98 141.42 -3.041515
1650 156.80 152.06 37.52 91.50 7.048210
1650 541.21 167.35 26.57 64.81 0.083390
1650 -0.27 132.00 22.38 54.58 -1.049003
1650 205.75 123.00 20.50 50.00 -1.625060
1650 57.75 59.00 20.50 50.00 -2.381869
1650 619.75 17.00 20.50 50.00 -4.574839
1680 55.50 170.00 41.00 100.00 6.479664
1680 83.75 183.00 20.50 50.00 1.131807
1680 44.76 193.41 28.92 70.53 0.275406
1680 427.75 153.00 20.50 50.00 -1.141975
1680 611.45 142.59 28.92 70.53 -1.474622
1680 89.75 217.00 20.50 50.00 -2.057856
1680 574.90 193.30 26.57 64.81 -2.061166
1710 585.26 190.70 26.57 64.81 -0.942391
1710 375.00 84.00 82.00 200.00 -0.993482
1710 134.41 162.16 26.57 64.81 -1.052293
1710 3.75 143.00 20.50 50.00 -1.095803
1740 568.30 144.95 48.64 118.64 0.436191
1740 374.87 142.66 34.37 83.83 -0.789398
1740 425.75 135.00 20.50 50.00 -1.258616
1740 2.27 164.76 26.57 64.81 -1.363607
1740 41.75 63.00 20.50 50.00 -1.655359
1770 439.85 158.02 24.37 59.45 -0.390934
1770 134.41 172.54 26.57 64.81 -0.779256
1770 375.00 155.38 31.54 76.92 -0.894365
1770 407.75 197.00 20.50 50.00 -1.200950
1770 4.86 151.78 26.57 64.81 -1.433500
1770 417.75 205.00 20.50 50.00 -2.079869
1770 379.75 257.00 20.50 50.00 -2.354506
