30 427.96 153.27 24.37 59.45 1.267656
30 444.61 148.51 24.37 59.45 -0.961996
30 399.75 163.00 20.50 50.00 -1.356490
30 606.07 172.87 34.37 83.83 -1.662867
30 149.75 169.00 20.50 50.00 -1.836782
30 506.48 55.64 22.38 54.58 -2.520635
30 323.75 31.00 20.50 50.00 -3.269513
60 435.09 153.27 24.37 59.45 1.639684
60 456.69 119.08 37.52 91.50 -1.220355
60 557.75 35.00 20.50 50.00 -3.820960
90 492.15 125.87 34.37 83.83 -0.049915
90 455.71 146.59 26.57 64.81 -0.378965
90 571.79 91.27 69.16 168.67 -0.737279
90 443.75 155.00 20.50 50.00 -1.390875
90 368.87 64.36 22.38 54.58 -2.787795
120 543.75 157.00 20.50 50.00 0.141293
120 569.16 134.12 28.92 70.53 -0.791360
120 113.75 157.00 20.50 50.00 -1.047240
120 559.75 159.00 20.50 50.00 -1.251972
120 602.97 122.75 37.52 91.50 -1.270645
120 549.75 165.00 20.50 50.00 -1.690743
120 381.98 12.00 22.38 54.58 -4.176377
150 574.15 106.91 44.67 108.95 -0.564696
150 522.69 130.77 31.54 76.92 -1.145734
150 465.75 19.00 20.50 50.00 -3.855147
180 193.75 157.00 20.50 50.00 -0.079674
180 608.85 96.92 31.54 76.92 -0.663964
180 116.28 156.97 26.57 64.81 -0.808379
180 617.88 166.91 22.38 54.58 -0.818929
180 30.31 177.82 22.38 54.58 -0.823993
180 530.85 136.22 26.57 64.81 -1.056284
180 543.00 52.00 82.00 200.00 -2.627891
180 465.75 33.00 20.50 50.00 -2.777301
180 510.12 37.62 26.57 64.81 -3.061988
180 473.75 31.00 20.50 50.00 -3.269411
180 482.68 32.08 24.37 59.45 -3.876274
180 427.21 6.49 26.57 64.81 -4.063650
210 171.75 155.00 20.50 50.00 -0.960750
210 615.91 172.28 24.37 59.45 -1.325673
210 181.75 157.00 20.50 50.00 -1.326349
210 53.19 146.01 34.37 83.83 -1.581891
210 619.75 79.00 20.50 50.00 -2.352412
210 435.75 19.00 20.50 50.00 -2.681884
210 541.43 40.36 22.38 54.58 -2.694210
210 517.75 35.00 20.50 50.00 -2.973032
210 235.47 42.81 26.57 64.81 -3.242967
210 463.75 33.00 20.50 50.00 -3.797699
210 573.71 27.48 37.52 91.50 -4.048748
210 580.75 273.82 22.38 54.58 -4.139116
240 385.75 161.00 20.50 50.00 -1.232967
240 135.32 146.14 24.37 59.45 -1.271108
240 -0.27 138.55 22.38 54.58 -1.447033
240 339.75 161.00 20.50 50.00 -1.729450
270 493.75 179.00 20.50 50.00 -0.169089
270 401.75 177.00 20.50 50.00 -0.572484
270 333.75 161.00 20.50 50.00 -0.712307
270 389.75 175.00 20.50 50.00 -0.960035
270 91.92 136.92 31.54 76.92 -1.379122
270 617.88 123.27 22.38 54.58 -1.654111
300 577.62 173.65 28.92 70.53 2.503142
300 393.75 173.00 20.50 50.00 0.973360
300 447.94 188.11 26.57 64.81 0.074166
300 427.96 186.53 24.37 59.45 -0.536017
300 333.75 161.00 20.50 50.00 -1.194028
300 590.45 180.32 26.57 64.81 -1.646833
300 619.75 81.00 20.50 50.00 -2.393718
300 523.75 43.00 20.50 50.00 -2.757847
330 562.51 240.00 34.37 83.83 -0.536374
330 485.75 173.00 20.50 50.00 -0.878462
360 327.75 157.00 20.50 50.00 -0.549905
360 43.75 185.00 20.50 50.00 -0.930697
360 220.97 131.88 24.37 59.45 -0.998885
360 493.38 180.00 22.38 54.58 -1.142375
360 542.16 177.03 24.37 59.45 -1.321772
360 309.78 131.29 28.92 70.53 -1.516064
360 507.31 149.23 31.54 76.92 -1.968666
390 327.75 151.00 20.50 50.00 -0.666479
390 595.92 124.36 44.67 108.95 -0.843126
390 573.75 139.00 20.50 50.00 -0.859163
420 327.75 143.00 20.50 50.00 2.493125
420 411.30 177.03 24.37 59.45 -0.351928
420 306.62 129.50 24.37 59.45 -1.489683
420 599.50 74.00 41.00 100.00 -2.438556
420 481.75 255.00 20.50 50.00 -2.805697
420 619.75 255.00 20.50 50.00 -3.314655
450 329.56 132.00 22.38 54.58 1.221361
450 321.75 139.00 20.50 50.00 0.151347
450 471.50 162.00 41.00 100.00 -0.476304
450 538.62 141.41 26.57 64.81 -2.143683
450 180.52 95.66 34.37 83.83 -2.411242
450 595.92 63.27 44.67 108.95 -2.441559
480 323.88 122.82 28.92 70.53 1.421334
480 315.75 139.00 20.50 50.00 -0.879018
480 482.68 162.77 24.37 59.45 -1.157505
480 178.46 110.27 26.57 64.81 -1.798223
480 143.50 86.00 41.00 100.00 -2.127930
510 320.89 120.00 24.37 59.45 0.795703
510 310.61 123.24 26.57 64.81 -0.270320
510 619.75 163.00 20.50 50.00 -0.399733
510 579.27 135.94 34.37 83.83 -1.021003
510 279.11 73.66 48.64 118.64 -1.103273
510 475.75 93.00 20.50 50.00 -1.741145
540 310.40 104.43 37.52 91.50 0.550799
540 388.34 149.19 26.57 64.81 0.015835
540 427.21 169.95 26.57 64.81 0.014996
540 92.69 108.71 28.92 70.53 -0.010925
540 105.91 112.86 26.57 64.81 -0.170365
540 123.42 112.87 24.37 59.45 -1.013967
540 495.50 150.00 41.00 100.00 -1.391612
540 140.62 103.06 28.92 70.53 -1.596019
540 324.61 115.80 34.37 83.83 -1.989581
540 272.90 69.68 52.90 129.03 -2.056727
540 151.11 68.91 48.64 118.64 -2.432210
570 8.46 125.45 22.38 54.58 1.212516
570 571.79 152.11 69.16 168.67 0.781042
570 365.75 141.00 20.50 50.00 0.238103
570 343.31 93.44 37.52 91.50 -0.479713
570 18.74 120.00 24.37 59.45 -0.742828
570 116.54 100.00 31.54 76.92 -0.935419
570 317.71 97.10 37.52 91.50 -1.345422
570 288.59 83.17 48.64 118.64 -1.646567
570 151.11 73.66 48.64 118.64 -2.202455
570 103.96 108.71 28.92 70.53 -2.274593
570 460.61 55.64 22.38 54.58 -2.748260
570 163.77 21.82 34.37 83.83 -3.315852
600 427.21 128.43 26.57 64.81 1.898065
600 30.77 118.05 26.57 64.81 1.041083
600 418.44 129.50 24.37 59.45 -0.740909
600 568.30 106.93 48.64 118.64 -1.009851
600 381.29 69.68 52.90 129.03 -1.022659
600 525.77 121.54 31.54 76.92 -1.226373
600 159.18 101.45 22.38 54.58 -1.491067
600 41.13 118.05 26.57 64.81 -1.889888
600 322.76 33.23 75.52 184.20 -3.420328
630 545.76 119.16 34.37 83.83 0.971628
630 72.95 105.88 28.92 70.53 -0.000143
630 498.68 153.88 28.92 70.53 -0.806089
630 267.75 133.00 20.50 50.00 -1.052029
630 507.14 168.00 28.92 70.53 -1.476037
630 533.49 97.10 37.52 91.50 -1.892487
630 202.87 116.73 22.38 54.58 -1.922261
630 515.99 148.51 24.37 59.45 -2.052957
630 533.44 45.41 26.57 64.81 -2.779737
630 559.00 20.00 82.00 200.00 -3.175712
630 532.64 20.20 24.37 59.45 -3.342407
630 248.85 -1.54 31.54 76.92 -4.942592
660 -0.30 134.26 24.37 59.45 -1.174161
660 316.46 42.35 57.98 141.42 -1.622215
660 245.93 64.16 48.64 118.64 -1.991073
660 582.65 36.71 57.98 141.42 -2.471905
690 212.15 123.24 26.57 64.81 0.058372
720 445.34 84.32 26.57 64.81 -0.437927
720 259.20 104.43 37.52 91.50 -0.441868
720 141.75 153.00 20.50 50.00 -1.114911
720 615.91 51.09 24.37 59.45 -2.598774
720 587.50 42.00 41.00 100.00 -3.350744
750 474.01 93.82 44.67 108.95 -0.673478
750 281.05 112.45 34.37 83.83 -0.862768
750 267.64 122.52 34.37 83.83 -1.417981
750 452.24 98.18 44.67 108.95 -1.725734
750 595.92 102.55 44.67 108.95 -2.473910
780 617.88 173.45 22.38 54.58 -0.522031
780 263.75 183.00 20.50 50.00 -0.975282
780 15.02 149.45 22.38 54.58 -1.051957
780 336.00 111.76 37.52 91.50 -1.509102
780 487.70 87.92 48.64 118.64 -1.509322
780 565.52 18.46 75.52 184.20 -1.919300
780 39.04 147.27 22.38 54.58 -1.937484
780 543.45 40.62 75.52 184.20 -2.540041
780 72.69 31.14 37.52 91.50 -2.760061
780 59.75 51.00 20.50 50.00 -3.070151
810 17.75 185.00 20.50 50.00 1.145303
810 28.12 177.82 22.38 54.58 -0.678457
810 208.46 76.92 63.08 153.85 -0.783963
810 83.75 169.00 20.50 50.00 -0.924630
810 480.30 77.23 24.37 59.45 -0.944691
810 181.75 119.00 20.50 50.00 -0.978392
810 47.75 183.00 20.50 50.00 -1.672611
810 571.79 57.47 69.16 168.67 -2.739675
810 541.75 71.00 20.50 50.00 -2.866864
810 -0.50 18.00 41.00 100.00 -3.045327
840 606.07 132.59 34.37 83.83 -0.028025
840 529.75 159.00 20.50 50.00 -0.217052
840 545.75 165.00 20.50 50.00 -0.880437
840 537.75 171.00 20.50 50.00 -1.073048
840 431.75 69.00 20.50 50.00 -1.730427
840 423.75 57.00 20.50 50.00 -1.852324
840 -0.65 141.94 52.90 129.03 -1.856577
840 595.50 78.00 41.00 100.00 -2.399015
840 103.00 52.00 82.00 200.00 -2.793617
870 39.75 177.00 20.50 50.00 1.163095
870 505.75 159.00 20.50 50.00 0.066436
870 265.75 77.00 20.50 50.00 -0.932142
870 118.23 70.59 57.98 141.42 -1.422437
870 619.75 119.00 20.50 50.00 -1.556490
870 2.08 224.55 24.37 59.45 -1.658947
870 363.75 51.00 20.50 50.00 -1.706601
870 399.75 83.00 20.50 50.00 -1.735152
870 395.09 51.27 22.38 54.58 -2.058369
870 430.00 52.31 63.08 153.85 -2.256340
870 573.04 102.18 48.64 118.64 -2.438097
870 419.11 73.09 22.38 54.58 -2.514636
870 371.75 49.00 20.50 50.00 -3.108015
900 565.75 129.00 20.50 50.00 0.394873
900 489.39 149.19 26.57 64.81 -0.299496
900 336.52 32.43 26.57 64.81 -1.529110
900 366.10 58.22 24.37 59.45 -1.540278
900 323.75 71.00 20.50 50.00 -1.626723
900 305.75 19.00 20.50 50.00 -2.472005
900 309.75 37.00 20.50 50.00 -2.532687
900 337.75 69.00 20.50 50.00 -2.586667
900 577.69 40.00 63.08 153.85 -2.596073
900 53.05 57.47 69.16 168.67 -2.632263
900 391.54 43.77 28.92 70.53 -2.866325
900 -0.92 40.62 75.52 184.20 -3.043074
930 578.57 149.45 22.38 54.58 1.260231
930 462.80 169.09 22.38 54.58 0.342150
930 551.67 120.00 24.37 59.45 0.324732
930 499.33 160.40 24.37 59.45 0.013863
930 460.61 145.09 22.38 54.58 -1.340708
930 313.75 47.00 20.50 50.00 -1.599191
930 335.17 122.38 24.37 59.45 -1.664457
930 448.85 96.92 31.54 76.92 -1.678425
930 349.22 129.82 22.38 54.58 -1.748114
930 139.75 41.00 20.50 50.00 -2.130698
930 499.75 71.00 20.50 50.00 -2.137222
930 595.92 93.82 44.67 108.95 -2.217311
930 267.75 69.00 20.50 50.00 -2.406150
930 504.30 84.00 22.38 54.58 -2.559313
930 102.01 43.96 24.37 59.45 -2.656486
930 279.32 36.00 22.38 54.58 -2.679952
930 354.20 27.33 24.37 59.45 -3.610757
930 239.30 7.06 28.92 70.53 -3.948380
960 566.40 174.05 37.52 91.50 0.344541
960 549.11 119.16 34.37 83.83 0.013750
960 463.64 153.27 24.37 59.45 -0.573404
960 29.75 157.00 20.50 50.00 -0.877945
960 441.75 157.00 20.50 50.00 -1.310601
960 455.75 161.00 20.50 50.00 -1.676459
960 287.75 139.00 20.50 50.00 -1.694140
960 582.65 81.88 57.98 141.42 -2.144785
960 251.90 55.84 24.37 59.45 -2.156373
960 198.50 46.91 22.38 54.58 -2.458382
960 74.82 29.84 26.57 64.81 -2.907681
960 29.74 31.89 34.37 83.83 -3.454055
960 190.04 32.08 24.37 59.45 -3.579638
960 216.21 20.20 24.37 59.45 -3.832610
960 231.75 25.00 20.50 50.00 -3.967217
960 589.49 22.91 22.38 54.58 -4.129312
960 619.75 9.00 20.50 50.00 -4.218660
960 608.77 13.07 24.37 59.45 -4.417434
990 457.75 163.00 20.50 50.00 2.447143
990 515.59 128.47 28.92 70.53 0.540806
990 501.75 171.00 20.50 50.00 0.461404
990 439.75 157.00 20.50 50.00 0.319155
990 582.65 70.59 57.98 141.42 -0.226458
990 179.75 147.00 20.50 50.00 -0.873057
990 92.95 149.19 26.57 64.81 -1.269275
990 504.32 128.47 28.92 70.53 -1.369708
990 271.75 147.00 20.50 50.00 -1.779394
990 394.65 136.63 24.37 59.45 -1.836950
990 161.49 10.69 24.37 59.45 -4.329134
1020 512.71 162.16 26.57 64.81 1.271799
1020 131.75 149.00 20.50 50.00 1.157984
1020 463.75 167.00 20.50 50.00 0.885931
1020 380.26 134.12 28.92 70.53 -0.107689
1020 167.75 155.00 20.50 50.00 -0.623972
1020 439.75 149.00 20.50 50.00 -0.847352
1020 431.75 149.00 20.50 50.00 -0.986097
1020 562.74 122.75 37.52 91.50 -1.103028
1020 347.76 93.82 44.67 108.95 -2.047507
1020 177.27 24.00 28.92 70.53 -3.016086
1020 174.47 5.45 22.38 54.58 -3.391621
1050 465.75 163.00 20.50 50.00 1.834134
1050 91.75 153.00 20.50 50.00 0.362522
1050 459.75 157.00 20.50 50.00 0.052764
1050 501.75 159.00 20.50 50.00 -0.283806
1050 445.34 149.19 26.57 64.81 -0.723502
1050 475.75 161.00 20.50 50.00 -1.456103
1050 593.46 183.08 31.54 76.92 -2.077399
1050 124.23 18.55 22.38 54.58 -3.580096
1050 157.00 12.00 22.38 54.58 -3.908522
1080 499.33 165.15 24.37 59.45 0.941558
1080 451.94 135.94 34.37 83.83 -0.159011
1080 515.99 172.28 24.37 59.45 -0.249441
1080 111.09 138.81 26.57 64.81 -0.811040
1080 543.81 156.97 26.57 64.81 -1.063338
1080 478.74 139.30 34.37 83.83 -2.056227
1080 147.48 98.18 44.67 108.95 -2.307054
1080 37.77 22.57 24.37 59.45 -4.193189
1080 109.75 3.00 20.50 50.00 -4.654135
1080 47.09 -1.83 37.52 91.50 -4.884781
1110 599.50 158.00 41.00 100.00 3.601589
1110 538.15 173.65 28.92 70.53 0.918312
1110 123.70 139.76 28.92 70.53 0.199870
1110 507.31 170.77 31.54 76.92 -0.231780
1110 445.75 177.00 20.50 50.00 -0.583074
1110 391.54 134.12 28.92 70.53 -1.365072
1110 419.75 155.00 20.50 50.00 -1.478323
1110 458.64 119.16 34.37 83.83 -1.608480
1110 336.00 111.76 37.52 91.50 -1.673735
1110 48.85 130.77 31.54 76.92 -2.143622
1110 582.58 95.48 52.90 129.03 -2.166313
1110 -0.65 95.48 52.90 129.03 -2.362613
1110 169.75 31.00 20.50 50.00 -3.487660
1140 447.51 173.45 22.38 54.58 2.427659
1140 515.75 199.00 20.50 50.00 -0.914325
1140 414.25 138.81 26.57 64.81 -1.074408
1140 317.71 111.76 37.52 91.50 -1.711846
1140 38.54 240.00 26.57 64.81 -3.282033
1170 57.75 157.00 20.50 50.00 -0.975138
1170 377.61 134.18 22.38 54.58 -1.053230
1170 97.75 221.00 20.50 50.00 -1.117849
1170 599.50 82.00 41.00 100.00 -2.135498
1170 312.30 68.91 48.64 118.64 -2.260404
1170 53.75 67.00 20.50 50.00 -2.643121
1200 264.67 134.12 28.92 70.53 -0.101064
1200 493.38 140.73 22.38 54.58 -0.699948
1200 386.35 125.45 22.38 54.58 -0.791883
1200 305.53 118.91 22.38 54.58 -1.194572
1200 501.71 143.76 24.37 59.45 -1.901899
1230 39.62 96.92 31.54 76.92 -1.397044
1230 499.33 162.77 24.37 59.45 -1.595230
1230 523.75 47.00 20.50 50.00 -3.079922
1260 89.75 131.00 20.50 50.00 -0.319624
1260 595.92 54.55 44.67 108.95 -2.870674
1290 28.80 130.08 37.52 91.50 -0.096400
1290 95.75 159.00 20.50 50.00 -0.895837
1290 381.98 46.91 22.38 54.58 -2.976438
1320 -0.46 122.75 37.52 91.50 -0.282542
1320 19.37 64.22 69.16 168.67 -2.563161
1320 401.83 5.50 37.52 91.50 -4.827245
1350 287.75 171.00 20.50 50.00 0.338193
1350 347.06 98.61 24.37 59.45 0.040359
1350 519.62 140.00 31.54 76.92 -0.109787
1350 582.60 122.38 24.37 59.45 -0.858337
1350 425.58 139.01 24.37 59.45 -1.383084
1350 595.92 115.64 44.67 108.95 -1.886405
1350 473.16 155.64 24.37 59.45 -1.953485
1350 -0.35 136.94 28.92 70.53 -2.132770
1350 449.69 64.36 22.38 54.58 -2.604809
1380 335.17 96.24 24.37 59.45 -0.362815
1380 193.75 165.00 20.50 50.00 -1.341485
1410 475.75 155.00 20.50 50.00 -0.425209
1410 483.75 157.00 20.50 50.00 -0.768370
1410 473.72 173.45 22.38 54.58 -1.031920
1410 315.42 80.47 28.92 70.53 -1.423858
1410 132.97 46.91 22.38 54.58 -2.358027
1440 617.88 175.64 22.38 54.58 0.302685
1440 507.75 137.00 20.50 50.00 -0.800092
1440 165.73 160.36 22.38 54.58 -1.223800
1440 50.40 176.47 28.92 70.53 -1.242599
1440 433.75 127.00 20.50 50.00 -1.324668
1440 4.10 208.36 22.38 54.58 -1.596818
1440 414.25 128.43 26.57 64.81 -1.896348
1440 83.75 13.00 20.50 50.00 -3.055002
1440 499.75 23.00 20.50 50.00 -3.761942
1470 478.09 151.64 22.38 54.58 -0.329040
1470 619.75 169.00 20.50 50.00 -0.721690
1470 595.92 76.36 44.67 108.95 -1.807880
1470 489.39 32.43 26.57 64.81 -3.031622
1500 335.17 129.50 24.37 59.45 -0.217637
1500 344.29 123.24 26.57 64.81 -0.883904
1500 491.92 167.69 31.54 76.92 -1.018390
1500 21.11 162.77 24.37 59.45 -1.052355
1500 329.75 123.00 20.50 50.00 -1.558926
1500 -0.35 156.71 28.92 70.53 -1.759053
1500 493.75 15.00 20.50 50.00 -3.791041
1500 484.64 12.00 22.38 54.58 -4.560185
1530 506.47 134.26 24.37 59.45 -0.272010
1530 455.75 151.00 20.50 50.00 -0.548022
1530 619.75 211.00 20.50 50.00 -1.016038
1530 313.75 117.62 24.37 59.45 -1.040184
1530 532.70 177.82 22.38 54.58 -1.197151
1530 467.75 145.00 20.50 50.00 -1.208452
1530 619.75 171.00 20.50 50.00 -2.028125
1560 566.40 108.09 37.52 91.50 -0.037481
1560 403.82 140.73 22.38 54.58 -0.792144
1560 289.75 123.00 20.50 50.00 -0.977671
1560 482.72 111.27 44.67 108.95 -1.226205
1560 151.75 145.00 20.50 50.00 -1.440130
1560 472.04 142.66 34.37 83.83 -1.492478
1560 305.53 112.36 22.38 54.58 -1.934441
1560 7.50 170.00 41.00 100.00 -2.128481
1560 111.09 53.19 26.57 64.81 -3.181954
1560 369.75 13.00 20.50 50.00 -3.489941
1590 130.26 115.80 34.37 83.83 0.677701
1590 571.79 70.99 69.16 168.67 -1.245965
1590 329.75 99.00 20.50 50.00 -1.311202
1590 304.14 117.18 28.92 70.53 -1.390869
1590 118.87 138.81 26.57 64.81 -1.452084
1590 516.54 127.69 31.54 76.92 -1.466066
1590 415.08 129.23 34.37 83.83 -1.545692
1590 473.85 151.78 26.57 64.81 -1.620180
1590 57.75 61.00 20.50 50.00 -2.939406
1620 504.09 169.90 24.37 59.45 0.044704
1620 101.94 115.42 37.52 91.50 -0.246864
1620 595.92 106.91 44.67 108.95 -0.977510
1620 116.57 115.42 37.52 91.50 -1.000046
1620 273.75 121.00 20.50 50.00 -1.290673
1620 45.75 159.00 20.50 50.00 -1.527096
1620 76.34 119.08 37.52 91.50 -1.896529
1620 -0.71 76.23 57.98 141.42 -2.206496
1620 3.75 7.00 20.50 50.00 -3.967696
1620 -0.42 25.18 34.37 83.83 -4.007963
1650 75.50 102.00 41.00 100.00 0.093919
1650 44.91 143.76 24.37 59.45 -0.527979
1650 456.51 146.14 24.37 59.45 -0.684181
1650 61.71 115.42 37.52 91.50 -0.799913
1650 389.75 161.00 20.50 50.00 -0.815091
1650 32.49 151.64 22.38 54.58 -1.603188
1650 251.97 98.18 44.67 108.95 -1.797017
1650 595.92 76.36 44.67 108.95 -1.802676
1680 18.37 87.92 48.64 118.64 -0.654054
1680 365.77 124.62 31.54 76.92 -0.840325
1680 309.75 101.00 20.50 50.00 -0.871305
1680 3.81 102.55 44.67 108.95 -0.899141
1680 599.50 90.00 41.00 100.00 -1.640698
1680 237.26 119.08 37.52 91.50 -1.814751
1680 37.33 92.67 48.64 118.64 -2.260198
1710 407.75 171.00 20.50 50.00 0.946249
1710 219.56 131.29 28.92 70.53 0.198331
1710 349.75 159.00 20.50 50.00 -0.569332
1710 496.91 133.74 37.52 91.50 -0.746469
1710 362.32 156.00 22.38 54.58 -1.031023
1710 9.68 85.16 52.90 129.03 -1.471416
1710 582.58 105.81 52.90 129.03 -1.478234
1740 523.75 167.00 20.50 50.00 0.829114
1740 416.06 153.27 24.37 59.45 -0.009771
1740 228.10 146.14 24.37 59.45 -0.051395
1740 432.22 153.82 22.38 54.58 -0.874041
1740 400.00 136.94 28.92 70.53 -1.061806
1740 -0.77 70.77 63.08 153.85 -1.086065
1740 367.75 147.00 20.50 50.00 -1.569469
1740 320.82 57.82 22.38 54.58 -1.941981
1740 42.07 102.18 48.64 118.64 -2.129075
1740 587.74 12.90 52.90 129.03 -3.918854
1770 592.00 102.18 48.64 118.64 0.269816
1770 285.75 79.00 20.50 50.00 -0.979051
1770 5.38 70.77 63.08 153.85 -1.133403
1770 30.00 76.92 63.08 153.85 -1.587477
1770 403.75 191.00 20.50 50.00 -1.746655
1770 65.78 97.43 48.64 118.64 -1.938841
1770 357.71 46.59 28.92 70.53 -2.306203
1800 339.75 83.00 20.50 50.00 -0.280891
1800 90.88 133.09 44.67 108.95 -1.009039
1800 336.11 164.73 22.38 54.58 -1.117417
1800 403.82 162.55 22.38 54.58 -1.266065
1800 28.51 55.38 75.52 184.20 -1.392040
1800 -0.84 77.75 69.16 168.67 -1.490649
1800 475.75 27.00 20.50 50.00 -1.521703
1800 435.75 65.00 20.50 50.00 -1.706614
1800 443.75 63.00 20.50 50.00 -1.850701
1800 480.30 41.58 24.37 59.45 -1.879887
1800 414.74 38.18 22.38 54.58 -1.970997
1800 583.26 190.59 28.92 70.53 -2.024671
1800 447.93 21.18 28.92 70.53 -2.720007
1800 501.15 20.00 31.54 76.92 -3.371301
1830 155.75 185.00 20.50 50.00 -0.514659
1830 -0.84 84.51 69.16 168.67 -0.723644
1830 359.75 71.00 20.50 50.00 -1.037558
1830 510.85 16.36 22.38 54.58 -1.249691
1830 73.26 77.75 69.16 168.67 -2.119149
1830 536.03 22.05 26.57 64.81 -2.135176
1830 25.20 30.55 89.69 218.76 -2.341069
1830 434.74 34.81 37.52 91.50 -2.517405
1830 543.75 7.00 20.50 50.00 -2.573612
1830 513.75 63.00 20.50 50.00 -2.671964
1830 412.56 42.55 22.38 54.58 -2.737202
1830 479.62 7.69 31.54 76.92 -3.085677
1830 615.91 46.34 24.37 59.45 -3.399368
1830 537.75 -1.00 20.50 50.00 -4.530920
1860 523.08 203.68 26.57 64.81 -0.121618
1860 512.78 190.59 28.92 70.53 -1.239131
1860 363.75 195.00 20.50 50.00 -1.319979
1860 33.97 39.27 89.69 218.76 -1.321007
1860 389.75 99.00 20.50 50.00 -1.491121
1860 390.93 58.38 26.57 64.81 -1.510556
1860 415.75 149.00 20.50 50.00 -1.699702
1860 71.00 60.00 82.00 200.00 -1.874064
1860 -1.10 30.55 89.69 218.76 -2.602281
1860 553.46 13.85 31.54 76.92 -2.752511
1860 599.75 5.00 20.50 50.00 -2.761957
1860 615.91 29.70 24.37 59.45 -3.332058
1860 588.90 18.35 28.92 70.53 -3.861333
1890 362.43 182.92 26.57 64.81 0.393333
1890 602.97 203.36 37.52 91.50 -0.953113
1890 467.50 138.00 41.00 100.00 -1.551000
1890 16.44 30.55 89.69 218.76 -2.183038
1890 387.75 67.00 20.50 50.00 -2.580461
1890 390.93 16.86 26.57 64.81 -3.602294
1890 -0.65 18.07 52.90 129.03 -3.625160
1890 479.75 19.00 20.50 50.00 -3.813178
1920 358.12 169.51 34.37 83.83 -0.165432
1920 369.75 107.00 20.50 50.00 -0.734825
1920 442.06 155.73 37.52 91.50 -1.025390
1920 14.17 166.72 37.52 91.50 -2.103195
1920 -0.54 85.09 44.67 108.95 -2.272291
1920 572.01 60.00 22.38 54.58 -2.557007
1920 -0.46 45.80 37.52 91.50 -2.831069
1920 387.75 39.00 20.50 50.00 -3.205772
1950 132.97 197.45 22.38 54.58 1.299642
1950 391.75 195.00 20.50 50.00 0.073630
1950 4.46 219.80 24.37 59.45 0.029445
1950 484.21 104.79 69.16 168.67 0.011493
1950 124.23 199.64 22.38 54.58 -0.749383
1950 373.24 81.82 22.38 54.58 -2.231909
1950 543.28 33.60 98.11 239.31 -2.910138
1980 377.61 197.45 22.38 54.58 1.079421
1980 369.75 203.00 20.50 50.00 0.410016
1980 87.75 219.00 20.50 50.00 -0.444731
1980 2.93 179.58 34.37 83.83 -0.807162
1980 475.54 184.16 24.37 59.45 -0.858075
1980 133.75 173.00 20.50 50.00 -1.006087
1980 492.04 98.82 57.98 141.42 -1.320572
1980 327.75 201.00 20.50 50.00 -2.223589
1980 602.97 9.16 37.52 91.50 -3.741434
