30 117.75 111.00 20.50 50.00 -0.056760
30 -0.38 146.15 31.54 76.92 -0.658715
30 244.37 166.91 22.38 54.58 -1.211143
30 12.63 105.08 26.57 64.81 -1.229435
30 129.23 162.16 26.57 64.81 -1.646689
30 2.08 115.25 24.37 59.45 -1.839382
30 227.75 87.00 20.50 50.00 -1.863985
30 613.77 48.00 26.57 64.81 -1.972846
30 61.56 91.48 24.37 59.45 -2.060634
30 123.42 20.20 24.37 59.45 -3.264308
30 132.94 5.94 24.37 59.45 -4.667350
60 273.75 159.00 20.50 50.00 -0.174977
60 120.21 146.01 34.37 83.83 -0.925640
60 464.85 148.24 28.92 70.53 -1.301860
60 202.64 114.35 28.92 70.53 -1.339533
60 32.46 100.76 37.52 91.50 -1.355027
60 175.09 93.44 37.52 91.50 -1.416257
60 194.19 105.88 28.92 70.53 -1.528178
60 582.65 70.59 57.98 141.42 -1.673734
60 91.92 81.54 31.54 76.92 -1.954232
60 209.55 169.95 26.57 64.81 -1.960001
60 606.07 38.60 34.37 83.83 -3.769781
90 242.38 162.77 24.37 59.45 0.429291
90 15.00 115.38 31.54 76.92 -0.449041
90 4.10 134.18 22.38 54.58 -0.715924
90 205.75 185.00 20.50 50.00 -0.873141
90 109.26 181.37 37.52 91.50 -0.902002
90 255.75 157.00 20.50 50.00 -1.180285
90 453.75 141.00 20.50 50.00 -1.198762
90 502.35 92.11 26.57 64.81 -1.409124
90 561.19 165.15 24.37 59.45 -1.882758
90 613.77 73.95 26.57 64.81 -2.179500
120 619.75 159.00 20.50 50.00 -0.011191
120 215.50 150.00 41.00 100.00 -0.383266
120 256.65 155.64 24.37 59.45 -0.683967
120 558.81 111.68 48.64 118.64 -1.252946
120 473.16 139.01 24.37 59.45 -1.372544
120 595.75 169.00 20.50 50.00 -1.402075
120 486.37 87.53 57.98 141.42 -1.564939
120 606.39 146.14 24.37 59.45 -1.840935
120 541.21 105.08 26.57 64.81 -1.864999
150 447.75 151.00 20.50 50.00 0.201799
150 213.75 191.00 20.50 50.00 -0.159452
150 520.74 169.90 24.37 59.45 -0.374135
150 512.78 139.76 28.92 70.53 -0.446116
150 220.73 156.08 34.37 83.83 -0.784241
150 558.81 102.18 48.64 118.64 -0.897421
150 475.75 155.00 20.50 50.00 -1.246285
150 608.85 90.77 31.54 76.92 -1.297451
150 590.45 97.30 26.57 64.81 -1.364804
150 183.64 193.30 26.57 64.81 -1.485673
150 529.69 80.47 28.92 70.53 -2.166569
150 33.75 265.00 20.50 50.00 -3.565277
180 204.37 146.59 26.57 64.81 -0.440552
180 -0.50 222.00 41.00 100.00 -0.506521
180 277.75 139.00 20.50 50.00 -0.552001
180 258.08 112.31 31.54 76.92 -0.657334
180 99.50 214.00 41.00 100.00 -1.316310
180 72.69 75.11 37.52 91.50 -1.581751
180 617.88 132.00 22.38 54.58 -2.000030
180 215.97 184.36 22.38 54.58 -2.097158
180 -0.92 48.00 75.52 184.20 -2.285025
180 619.75 33.00 20.50 50.00 -2.797617
180 40.65 33.55 52.90 129.03 -3.858660
180 82.73 14.18 22.38 54.58 -4.003199
180 93.40 8.39 34.37 83.83 -4.176625
180 -0.32 281.51 26.57 64.81 -4.498521
210 243.50 90.00 41.00 100.00 0.010573
210 77.82 141.82 44.67 108.95 -0.883549
210 602.72 125.87 34.37 83.83 -0.914245
210 119.75 147.00 20.50 50.00 -0.987487
210 368.17 105.73 34.37 83.83 -2.182455
240 222.22 83.17 48.64 118.64 -0.263477
240 606.07 129.23 34.37 83.83 -0.500236
240 519.75 115.00 20.50 50.00 -0.965748
240 261.41 122.38 24.37 59.45 -1.147340
240 -0.32 76.54 26.57 64.81 -2.299557
240 -0.59 -2.38 48.64 118.64 -5.007291
270 433.75 161.00 20.50 50.00 -0.400225
270 208.85 143.08 31.54 76.92 -0.939608
270 375.75 147.00 20.50 50.00 -0.986836
270 233.75 139.00 20.50 50.00 -1.357214
270 227.75 149.00 20.50 50.00 -1.369945
270 531.50 118.00 41.00 100.00 -1.497281
270 550.38 183.08 31.54 76.92 -2.120529
270 565.52 40.62 75.52 184.20 -3.139068
300 178.84 147.27 22.38 54.58 -0.760640
300 209.75 89.00 20.50 50.00 -1.145727
300 371.75 145.00 20.50 50.00 -1.574278
300 599.50 86.00 41.00 100.00 -1.799466
330 30.66 139.76 28.92 70.53 -0.189640
330 217.14 106.91 44.67 108.95 -0.435900
330 534.88 145.09 22.38 54.58 -0.996450
330 582.65 76.23 57.98 141.42 -1.087370
330 421.75 179.00 20.50 50.00 -1.144785
330 211.75 83.00 20.50 50.00 -2.087552
330 130.41 -4.36 89.69 218.76 -3.845334
330 6.84 1.19 24.37 59.45 -5.152089
360 138.51 159.39 37.52 91.50 -0.771158
360 87.73 100.99 24.37 59.45 -1.065962
360 141.75 85.00 20.50 50.00 -1.994108
360 51.50 99.89 26.57 64.81 -2.371494
360 619.75 25.00 20.50 50.00 -2.830912
360 571.54 52.31 63.08 153.85 -2.918039
360 164.11 45.80 37.52 91.50 -3.396814
390 587.21 115.64 44.67 108.95 -0.690371
390 390.72 127.64 22.38 54.58 -0.727336
390 181.15 161.54 31.54 76.92 -0.962749
390 465.75 129.00 20.50 50.00 -1.102964
390 167.75 159.00 20.50 50.00 -1.119160
390 -0.77 76.92 63.08 153.85 -2.088328
390 69.04 74.18 89.69 218.76 -2.291753
390 611.45 69.18 28.92 70.53 -2.617154
420 543.62 169.09 22.38 54.58 -0.011636
420 33.36 149.19 26.57 64.81 -0.202480
420 377.75 135.00 20.50 50.00 -0.539292
420 573.09 169.90 24.37 59.45 -1.461665
420 167.12 166.15 34.37 83.83 -1.786083
420 596.88 172.28 24.37 59.45 -1.996913
420 619.75 189.00 20.50 50.00 -2.437397
450 -0.65 183.23 52.90 129.03 -1.220750
450 573.09 169.90 24.37 59.45 -1.345342
450 40.15 146.14 24.37 59.45 -1.763516
450 185.28 105.74 24.37 59.45 -1.844780
450 55.75 223.00 20.50 50.00 -2.096376
480 162.91 149.19 26.57 64.81 -0.064216
480 35.75 153.00 20.50 50.00 -0.217869
480 270.93 148.51 24.37 59.45 -0.910743
480 579.75 207.00 20.50 50.00 -1.100704
480 401.78 155.64 24.37 59.45 -1.299391
480 319.75 143.00 20.50 50.00 -1.617824
480 595.92 102.55 44.67 108.95 -1.690404
480 -0.35 120.00 28.92 70.53 -1.696696
480 5.29 190.59 28.92 70.53 -2.477582
510 383.16 149.19 26.57 64.81 0.695720
510 434.40 171.27 22.38 54.58 -0.316122
510 478.94 210.35 28.92 70.53 -0.828622
510 613.77 92.11 26.57 64.81 -0.871596
510 585.75 115.00 20.50 50.00 -0.886221
510 372.79 154.38 26.57 64.81 -0.992762
510 451.94 189.65 34.37 83.83 -1.192743
510 508.67 260.73 22.38 54.58 -2.119246
510 515.99 267.33 24.37 59.45 -3.803334
510 -0.50 -2.00 41.00 100.00 -4.730942
540 484.52 188.39 52.90 129.03 1.556500
540 454.62 169.23 63.08 153.85 -0.691703
540 225.20 114.35 28.92 70.53 -1.396553
540 3.75 45.00 20.50 50.00 -2.840675
570 270.17 188.70 37.52 91.50 1.184078
570 565.77 195.38 31.54 76.92 -0.279580
570 224.23 216.92 31.54 76.92 -0.638885
570 617.88 260.73 22.38 54.58 -1.275369
600 66.32 146.14 24.37 59.45 0.583409
600 175.09 188.70 37.52 91.50 -0.032051
600 467.17 214.91 22.38 54.58 -0.277557
600 503.00 148.00 82.00 200.00 -0.381804
600 135.32 139.01 24.37 59.45 -0.633918
600 495.75 237.00 20.50 50.00 -2.016291
630 133.61 193.01 34.37 83.83 0.246092
630 73.75 145.00 20.50 50.00 0.070866
630 442.31 163.08 63.08 153.85 -0.205276
630 548.11 126.41 37.52 91.50 -0.987141
630 432.71 212.67 24.37 59.45 -1.260681
630 551.77 243.66 37.52 91.50 -1.566784
630 539.25 228.00 22.38 54.58 -1.634812
630 116.57 181.37 37.52 91.50 -2.030907
630 611.45 86.12 28.92 70.53 -2.394018
630 599.50 258.00 41.00 100.00 -3.681456
660 109.26 199.69 37.52 91.50 1.314696
660 581.03 250.99 37.52 91.50 0.198607
660 76.77 178.06 52.90 129.03 0.000136
660 76.18 153.82 22.38 54.58 -0.840784
660 444.61 229.31 24.37 59.45 -1.153769
660 479.50 126.00 41.00 100.00 -1.285928
660 460.95 185.45 44.67 108.95 -1.784463
690 61.04 182.97 48.64 118.64 0.477965
690 454.52 197.23 48.64 118.64 -1.100627
690 33.27 177.88 57.98 141.42 -1.340406
690 533.44 84.32 26.57 64.81 -1.703804
690 89.28 372.00 22.38 54.58 -8.535488
720 37.33 197.23 48.64 118.64 0.530221
720 478.22 192.48 48.64 118.64 -0.586051
720 538.15 97.41 28.92 70.53 -2.110759
720 -0.50 274.00 41.00 100.00 -4.274872
750 27.61 194.82 57.98 141.42 0.495379
750 484.52 193.55 52.90 129.03 -1.380387
750 547.99 88.36 22.38 54.58 -2.337140
750 4.46 319.60 24.37 59.45 -6.162998
780 17.69 193.85 63.08 153.85 0.423782
780 486.37 194.82 57.98 141.42 -0.255145
780 549.11 75.52 34.37 83.83 -1.604821
780 -0.71 183.53 57.98 141.42 -1.932675
810 16.28 200.47 57.98 141.42 1.200167
810 484.52 214.19 52.90 129.03 -1.164236
810 510.00 187.69 63.08 153.85 -1.431263
810 -0.54 207.27 44.67 108.95 -2.726336
810 8.11 1.41 28.92 70.53 -4.904844
840 10.62 200.47 57.98 141.42 0.738857
840 485.38 193.85 63.08 153.85 -0.835839
870 16.28 206.12 57.98 141.42 0.716745
870 487.70 216.24 48.64 118.64 -1.477726
900 20.00 214.19 52.90 129.03 0.536090
900 492.04 200.47 57.98 141.42 -0.883390
900 -0.59 201.98 48.64 118.64 -2.141275
900 9.75 9.00 20.50 50.00 -4.436938
930 10.62 200.47 57.98 141.42 0.847749
930 477.24 158.77 75.52 184.20 -1.604452
930 9.75 7.00 20.50 50.00 -3.968409
960 20.00 214.19 52.90 129.03 0.927075
960 486.37 194.82 57.98 141.42 -0.626734
960 -0.59 201.98 48.64 118.64 -2.361014
990 20.00 214.19 52.90 129.03 0.699804
990 559.00 252.00 82.00 200.00 -1.177490
990 487.50 238.00 41.00 100.00 -1.831242
1020 20.00 214.19 52.90 129.03 1.168153
1020 479.23 187.69 63.08 153.85 -0.766068
1050 17.69 193.85 63.08 153.85 0.486097
1050 492.04 194.82 57.98 141.42 -1.564827
1050 -0.77 175.38 63.08 153.85 -1.680798
1080 16.28 211.76 57.98 141.42 0.629656
1080 491.50 238.00 41.00 100.00 -0.614798
1110 9.68 209.03 52.90 129.03 0.317124
1110 491.50 238.00 41.00 100.00 -0.632897
1110 513.75 201.00 20.50 50.00 -1.893913
1140 25.16 209.03 52.90 129.03 2.028737
1140 482.96 216.24 48.64 118.64 0.701778
1140 553.75 167.00 20.50 50.00 -0.203780
1140 559.75 173.00 20.50 50.00 -1.201180
1170 61.04 211.49 48.64 118.64 1.963788
1170 460.95 211.64 44.67 108.95 0.719184
1170 23.85 187.69 63.08 153.85 -0.666143
1170 592.00 173.47 48.64 118.64 -1.438108
1170 515.20 78.78 37.52 91.50 -1.859431
1170 56.30 178.22 48.64 118.64 -1.941680
1170 541.75 119.00 20.50 50.00 -2.007950
1170 23.11 73.66 48.64 118.64 -2.736611
1200 112.91 218.02 37.52 91.50 2.701618
1200 431.09 214.35 37.52 91.50 0.857743
1200 79.75 171.00 20.50 50.00 0.394877
1200 538.15 190.59 28.92 70.53 -0.547675
1200 529.75 171.00 20.50 50.00 -0.908475
1200 497.19 87.92 48.64 118.64 -2.232374
1200 104.23 241.54 31.54 76.92 -2.501435
1200 282.69 1.54 31.54 76.92 -4.455894
1230 147.02 209.79 34.37 83.83 2.675636
1230 428.19 221.65 28.92 70.53 1.278712
1230 73.46 165.15 24.37 59.45 1.162110
1230 537.75 169.00 20.50 50.00 -0.256969
1230 56.68 159.57 26.57 64.81 -0.936533
1230 556.76 193.30 26.57 64.81 -0.938981
1230 522.69 109.23 31.54 76.92 -1.019188
1230 472.04 129.23 34.37 83.83 -1.760244
1230 441.75 63.00 20.50 50.00 -2.233330
1230 278.06 7.74 52.90 129.03 -4.055458
1260 445.24 206.43 34.37 83.83 2.532368
1260 168.85 207.69 31.54 76.92 1.581504
1260 485.06 215.05 24.37 59.45 0.208757
1260 135.75 167.00 20.50 50.00 -0.474221
1260 45.75 163.00 20.50 50.00 -0.690987
1260 557.75 163.00 20.50 50.00 -0.857918
1260 537.14 86.11 37.52 91.50 -1.928486
1260 441.88 229.93 34.37 83.83 -1.947824
1260 569.83 132.00 22.38 54.58 -2.033841
1260 298.71 7.74 52.90 129.03 -4.108197
1290 197.03 196.03 37.52 91.50 1.653738
1290 482.69 207.69 31.54 76.92 0.556301
1290 145.75 165.00 20.50 50.00 -0.059753
1290 57.75 177.00 20.50 50.00 -0.862519
1290 592.00 125.94 48.64 118.64 -1.473717
1290 611.45 88.94 28.92 70.53 -1.784805
1290 178.14 229.31 24.37 59.45 -2.129950
1290 33.01 186.53 24.37 59.45 -2.189394
1290 67.75 235.00 20.50 50.00 -2.546321
1290 6.28 249.82 22.38 54.58 -2.709667
1290 484.64 258.55 22.38 54.58 -3.430393
1320 260.94 203.08 34.37 83.83 1.618762
1320 531.92 213.85 31.54 76.92 -0.238220
1320 598.23 158.18 22.38 54.58 -0.504677
1320 17.81 245.19 26.57 64.81 -0.670778
1320 244.76 231.68 24.37 59.45 -2.165519
1320 -0.27 212.73 22.38 54.58 -2.690379
1320 7.45 250.38 26.57 64.81 -2.840368
1350 352.07 201.88 28.92 70.53 2.098454
1350 590.45 211.46 26.57 64.81 -0.618509
1350 602.97 181.37 37.52 91.50 -0.939597
1350 321.75 165.00 20.50 50.00 -1.020746
1350 3.75 187.00 20.50 50.00 -2.054590
1350 611.45 63.53 28.92 70.53 -2.443082
1350 613.77 307.46 26.57 64.81 -5.468504
1380 510.85 190.91 22.38 54.58 2.551763
1380 359.70 92.67 48.64 118.64 -0.336331
1380 303.34 158.18 22.38 54.58 -0.727777
1380 491.92 170.77 31.54 76.92 -1.047217
1380 313.46 143.08 31.54 76.92 -1.257828
1380 508.67 208.36 22.38 54.58 -1.978915
1410 269.75 159.00 20.50 50.00 0.134979
1410 501.71 141.39 24.37 59.45 -0.091425
1410 322.12 70.59 57.98 141.42 -1.094034
1410 602.59 151.64 22.38 54.58 -1.237157
1410 515.99 155.64 24.37 59.45 -1.310044
1410 617.88 175.64 22.38 54.58 -1.588777
1410 55.50 118.00 41.00 100.00 -1.782789
1410 571.79 16.90 69.16 168.67 -3.203711
1440 611.45 136.94 28.92 70.53 0.030455
1440 242.11 156.71 28.92 70.53 -0.631502
1440 293.55 80.00 52.90 129.03 -0.738332
1440 607.75 109.00 20.50 50.00 -1.021302
1440 3.20 130.08 37.52 91.50 -1.161527
1440 497.17 151.78 26.57 64.81 -1.238236
1440 589.49 151.64 22.38 54.58 -1.367047
1440 617.75 191.00 20.50 50.00 -1.750458
1470 445.24 146.01 34.37 83.83 1.523854
1470 582.67 151.78 26.57 64.81 0.262742
1470 261.38 146.59 26.57 64.81 0.262613
1470 599.50 106.00 41.00 100.00 -0.443303
1470 495.00 152.31 31.54 76.92 -1.046427
1470 202.64 162.35 28.92 70.53 -1.119350
1470 456.60 102.55 44.67 108.95 -1.315077
1470 591.75 111.00 20.50 50.00 -1.581653
1470 572.31 154.38 26.57 64.81 -1.627729
1470 599.50 70.00 41.00 100.00 -2.030581
1470 322.12 81.88 57.98 141.42 -2.176625
1470 4.15 106.93 48.64 118.64 -2.372346
1500 349.47 164.76 26.57 64.81 2.080425
1500 153.75 175.00 20.50 50.00 0.374303
1500 360.53 156.71 28.92 70.53 0.289558
1500 402.69 155.38 31.54 76.92 -0.256276
1500 178.14 143.76 24.37 59.45 -0.499305
1500 251.90 177.03 24.37 59.45 -0.767982
1500 152.63 149.45 22.38 54.58 -0.796908
1500 159.18 184.36 22.38 54.58 -0.800512
1500 473.30 156.71 28.92 70.53 -1.123431
1500 344.29 151.78 26.57 64.81 -1.361959
1500 -0.50 98.00 41.00 100.00 -2.129783
1500 543.28 24.00 98.11 239.31 -2.445100
1500 485.97 24.00 98.11 239.31 -2.960573
1530 276.92 224.43 26.57 64.81 0.694485
1530 19.38 184.94 28.92 70.53 0.575165
1530 165.77 176.92 31.54 76.92 -0.608344
1530 197.75 205.00 20.50 50.00 -0.692472
1530 209.42 210.55 22.38 54.58 -1.409507
1530 194.01 128.43 26.57 64.81 -1.566833
1530 54.33 208.36 22.38 54.58 -2.033175
1530 511.75 217.00 20.50 50.00 -2.224136
1530 287.75 19.00 20.50 50.00 -2.322006
1530 247.75 215.00 20.50 50.00 -2.422525
1530 289.75 5.00 20.50 50.00 -4.303531
1560 619.75 173.00 20.50 50.00 -0.860320
1560 617.88 142.91 22.38 54.58 -1.426073
1560 407.75 197.00 20.50 50.00 -1.866898
1560 536.09 70.15 75.52 184.20 -2.198467
1560 69.75 231.00 20.50 50.00 -2.682109
1560 157.75 227.00 20.50 50.00 -2.855296
1590 425.13 109.09 34.37 83.83 -0.716299
1590 392.89 121.19 48.64 118.64 -1.897682
1590 116.57 78.78 37.52 91.50 -2.034721
1620 279.75 181.00 20.50 50.00 -0.308875
1620 553.75 169.00 20.50 50.00 -0.593682
1620 582.58 95.48 52.90 129.03 -0.835391
1620 266.21 177.82 22.38 54.58 -1.207040
1620 127.50 98.00 41.00 100.00 -1.559479
1650 421.75 141.00 20.50 50.00 -0.706671
1650 17.20 199.64 22.38 54.58 -0.773271
1650 459.21 159.53 28.92 70.53 -0.967842
1650 489.01 162.55 22.38 54.58 -0.971969
1650 543.50 118.00 41.00 100.00 -1.155411
1650 545.75 83.00 20.50 50.00 -1.239871
1650 399.75 149.00 20.50 50.00 -1.265731
1650 -0.25 121.00 20.50 50.00 -1.805010
1650 100.10 146.01 34.37 83.83 -1.928193
1650 535.33 46.59 28.92 70.53 -2.778704
1650 559.00 20.00 82.00 200.00 -2.950198
1680 51.92 149.23 31.54 76.92 0.584047
1680 413.68 122.38 24.37 59.45 -0.717219
1680 401.75 153.00 20.50 50.00 -0.926695
1680 199.75 173.00 20.50 50.00 -0.939829
1680 545.76 139.30 34.37 83.83 -1.286825
1680 580.22 98.61 24.37 59.45 -1.977374
1680 613.77 128.43 26.57 64.81 -2.010404
1680 73.99 169.09 22.38 54.58 -2.018138
1710 -0.54 133.09 44.67 108.95 -0.060336
1710 458.43 129.82 22.38 54.58 -0.569677
1710 380.37 127.13 24.37 59.45 -0.604501
1710 230.28 141.41 26.57 64.81 -1.268497
1710 501.75 137.00 20.50 50.00 -1.596058
1710 602.97 71.45 37.52 91.50 -1.905110
1710 575.75 33.00 20.50 50.00 -3.118503
1740 465.31 120.00 44.67 108.95 -0.601526
1740 423.75 135.00 20.50 50.00 -0.693022
1740 445.11 153.88 28.92 70.53 -0.843994
1740 602.97 130.08 37.52 91.50 -0.960292
1740 94.87 215.05 24.37 59.45 -2.359698
1740 19.50 214.00 41.00 100.00 -2.670027
1770 617.88 127.64 22.38 54.58 0.694104
1770 485.45 159.44 34.37 83.83 -0.138664
1770 432.39 151.78 26.57 64.81 -0.369972
1770 615.91 165.15 24.37 59.45 -0.390675
1770 475.39 149.37 34.37 83.83 -1.454229
1770 430.03 134.18 22.38 54.58 -1.619892
1770 617.88 90.55 22.38 54.58 -1.848351
1800 409.75 143.00 20.50 50.00 -0.722023
1800 555.81 162.80 34.37 83.83 -1.131700
1800 497.75 113.00 20.50 50.00 -1.196819
1800 -0.59 106.93 48.64 118.64 -1.313434
1800 185.75 139.00 20.50 50.00 -1.694505
1800 377.98 123.24 26.57 64.81 -1.709899
1800 344.68 136.63 24.37 59.45 -1.754955
1800 606.07 189.65 34.37 83.83 -2.082852
1800 549.43 142.59 28.92 70.53 -2.133424
1800 619.75 67.00 20.50 50.00 -2.641199
1800 619.75 25.00 20.50 50.00 -3.546745
1830 520.49 146.59 26.57 64.81 0.385321
1830 552.38 98.18 44.67 108.95 0.137655
1830 123.75 189.00 20.50 50.00 0.045227
1830 428.19 114.35 28.92 70.53 -0.142065
1830 413.75 137.00 20.50 50.00 -0.881054
1830 380.37 131.88 24.37 59.45 -1.317148
1830 464.23 100.00 31.54 76.92 -1.700652
1830 399.41 131.88 24.37 59.45 -1.776666
1830 619.75 21.00 20.50 50.00 -4.450323
