30 577.69 132.31 63.08 153.85 0.311569
30 432.22 140.73 22.38 54.58 -0.340618
30 511.54 133.74 37.52 91.50 -1.105450
30 447.94 146.59 26.57 64.81 -1.385900
30 464.00 122.75 37.52 91.50 -1.814712
30 214.74 107.68 26.57 64.81 -2.001701
30 363.72 60.59 24.37 59.45 -2.317712
60 419.75 139.00 20.50 50.00 -0.009311
60 606.07 95.66 34.37 83.83 -0.489291
60 509.96 125.65 28.92 70.53 -1.281447
60 342.30 60.59 24.37 59.45 -1.540482
90 113.75 133.00 20.50 50.00 1.310637
90 119.86 123.27 22.38 54.58 -0.591657
90 617.88 129.82 22.38 54.58 -0.816000
90 165.75 127.00 20.50 50.00 -0.988941
90 463.75 135.00 20.50 50.00 -1.172722
90 615.91 198.42 24.37 59.45 -1.483783
90 550.17 238.91 22.38 54.58 -1.763803
90 617.88 223.64 22.38 54.58 -2.383302
90 311.20 65.45 34.37 83.83 -2.771446
90 406.48 27.24 26.57 64.81 -3.227878
90 429.75 25.00 20.50 50.00 -3.947155
90 617.88 262.91 22.38 54.58 -4.141205
120 30.63 129.50 24.37 59.45 2.668978
120 21.11 129.50 24.37 59.45 -1.227023
120 611.45 122.82 28.92 70.53 -1.372438
120 574.90 133.62 26.57 64.81 -1.810852
120 292.34 91.48 24.37 59.45 -1.887569
120 -0.50 54.00 41.00 100.00 -2.571098
120 411.75 1.00 20.50 50.00 -4.458035
150 137.75 129.00 20.50 50.00 -0.591731
150 363.75 135.00 20.50 50.00 -1.302157
150 556.54 216.92 31.54 76.92 -1.734511
150 53.75 107.00 20.50 50.00 -2.243052
150 447.51 9.82 22.38 54.58 -3.523586
180 617.88 105.82 22.38 54.58 -0.840315
180 19.75 161.00 20.50 50.00 -1.276904
180 -0.25 171.00 20.50 50.00 -1.647325
210 368.48 134.26 24.37 59.45 -0.042408
210 413.75 155.00 20.50 50.00 -0.179082
210 467.75 195.00 20.50 50.00 -0.368404
210 289.88 97.30 26.57 64.81 -1.833415
210 611.45 74.82 28.92 70.53 -1.885529
210 495.56 201.82 22.38 54.58 -2.131063
210 -0.46 100.76 37.52 91.50 -2.172169
210 484.64 27.27 22.38 54.58 -3.824755
240 381.98 136.36 22.38 54.58 -1.794975
240 619.75 65.00 20.50 50.00 -2.160224
240 506.48 40.36 22.38 54.58 -2.667656
240 619.75 45.00 20.50 50.00 -2.708802
240 592.12 34.45 24.37 59.45 -2.744760
240 515.75 31.00 20.50 50.00 -2.749637
240 486.80 29.84 26.57 64.81 -3.419742
240 276.15 46.15 63.08 153.85 -3.515997
270 461.75 203.00 20.50 50.00 -0.945378
270 385.13 139.01 24.37 59.45 -1.086597
270 592.00 140.20 48.64 118.64 -1.614940
270 281.59 49.41 28.92 70.53 -2.279116
270 254.28 74.85 24.37 59.45 -2.393646
270 619.75 5.00 20.50 50.00 -4.571888
300 75.75 139.00 20.50 50.00 -0.899556
300 498.68 83.29 28.92 70.53 -1.370636
300 553.46 263.08 31.54 76.92 -1.394889
300 379.50 134.00 41.00 100.00 -1.421973
300 551.61 183.23 52.90 129.03 -1.537141
300 595.92 85.09 44.67 108.95 -1.779770
300 195.75 135.00 20.50 50.00 -1.834700
300 513.04 75.27 22.38 54.58 -2.132459
300 495.50 253.43 34.37 83.83 -2.332476
300 287.75 55.38 34.37 83.83 -2.432755
300 495.75 229.00 20.50 50.00 -2.547109
300 615.91 43.96 24.37 59.45 -3.148540
300 609.75 21.00 20.50 50.00 -4.212502
330 577.69 230.77 63.08 153.85 -0.252073
330 85.18 138.81 26.57 64.81 -0.371750
330 525.65 72.17 34.37 83.83 -1.022524
330 408.19 201.82 22.38 54.58 -1.167826
330 163.55 27.27 22.38 54.58 -3.254373
330 565.52 18.46 75.52 184.20 -3.591103
330 602.97 335.27 37.52 91.50 -4.510415
360 430.03 184.36 22.38 54.58 -1.407388
360 411.28 201.88 28.92 70.53 -1.714720
360 253.39 86.12 28.92 70.53 -2.100327
360 551.50 58.00 41.00 100.00 -2.267144
390 562.74 64.12 37.52 91.50 -1.858167
390 275.69 229.31 24.37 59.45 -2.107149
420 287.75 237.00 20.50 50.00 -1.672954
420 555.43 67.79 37.52 91.50 -2.289518
420 601.75 73.00 20.50 50.00 -2.430686
420 569.80 67.64 44.67 108.95 -2.470658
450 466.02 198.42 24.37 59.45 -0.469367
450 617.88 86.18 22.38 54.58 -1.055440
450 597.75 167.00 20.50 50.00 -1.261854
450 563.50 70.00 41.00 100.00 -2.099825
450 615.75 71.00 20.50 50.00 -2.626000
480 562.69 93.85 31.54 76.92 -1.226512
480 613.77 81.73 26.57 64.81 -1.424256
480 505.55 172.87 34.37 83.83 -1.547619
480 259.82 81.88 57.98 141.42 -1.603485
480 619.75 57.00 20.50 50.00 -1.912731
480 601.75 73.00 20.50 50.00 -2.150748
480 149.75 49.00 20.50 50.00 -2.654093
510 619.75 191.00 20.50 50.00 0.374708
510 462.80 173.45 22.38 54.58 -0.534574
510 547.31 93.85 31.54 76.92 -1.273790
510 6.28 156.08 34.37 83.83 -2.038728
540 233.45 175.64 22.38 54.58 1.314653
540 240.00 182.18 22.38 54.58 0.982556
540 249.75 177.00 20.50 50.00 0.709799
540 123.75 159.00 20.50 50.00 -1.286636
540 209.75 99.00 20.50 50.00 -1.316364
540 549.11 82.24 34.37 83.83 -1.656456
540 67.75 13.00 20.50 50.00 -4.379768
570 547.75 107.00 20.50 50.00 -1.428719
570 550.38 250.77 31.54 76.92 -2.621358
600 519.62 72.31 31.54 76.92 -2.517537
630 49.75 161.00 20.50 50.00 -1.140822
630 512.25 65.45 34.37 83.83 -1.973545
630 180.00 80.00 52.90 129.03 -2.217278
660 31.75 165.00 20.50 50.00 -0.406660
660 -0.42 149.37 34.37 83.83 -1.229568
660 -0.38 121.54 31.54 76.92 -2.212055
660 496.91 67.79 37.52 91.50 -2.276682
660 523.75 55.00 20.50 50.00 -3.072438
660 279.50 362.00 41.00 100.00 -8.403524
690 619.75 71.00 20.50 50.00 -0.853299
690 601.75 165.00 20.50 50.00 -0.967060
690 23.49 165.15 24.37 59.45 -1.295205
690 41.75 175.00 20.50 50.00 -1.309102
690 511.50 58.00 41.00 100.00 -1.886249
720 619.75 73.00 20.50 50.00 -0.550781
720 377.44 156.71 28.92 70.53 -1.033523
720 482.96 54.65 48.64 118.64 -2.355716
720 467.75 63.00 20.50 50.00 -2.566527
720 7.75 47.00 20.50 50.00 -3.103922
720 4.10 25.09 22.38 54.58 -4.119010
750 605.75 123.00 20.50 50.00 -0.733593
750 385.75 81.73 26.57 64.81 -1.808080
750 563.28 57.82 22.38 54.58 -3.138295
780 602.97 243.66 37.52 91.50 0.185483
780 413.75 79.00 20.50 50.00 -1.163995
780 160.35 170.82 28.92 70.53 -1.267121
780 443.75 135.00 20.50 50.00 -1.501219
780 611.45 136.94 28.92 70.53 -1.797696
780 617.88 68.73 22.38 54.58 -2.430003
810 314.55 152.73 34.37 83.83 -0.467928
810 125.75 133.00 20.50 50.00 -0.809201
810 303.34 186.55 22.38 54.58 -1.418611
810 205.75 119.00 20.50 50.00 -1.436566
840 283.75 175.00 20.50 50.00 -0.491925
840 453.75 161.00 20.50 50.00 -0.908507
840 565.75 163.00 20.50 50.00 -1.330710
840 595.92 98.18 44.67 108.95 -1.582787
840 606.07 156.08 34.37 83.83 -2.077663
870 349.75 167.00 20.50 50.00 0.490013
870 510.85 149.45 22.38 54.58 0.126274
870 555.75 169.00 20.50 50.00 -0.629538
870 608.85 133.85 31.54 76.92 -1.104934
870 535.00 140.00 31.54 76.92 -1.238699
870 517.41 142.91 22.38 54.58 -1.814841
870 309.90 162.55 22.38 54.58 -1.867065
870 619.75 41.00 20.50 50.00 -3.377547
900 467.75 163.00 20.50 50.00 1.395476
900 245.75 157.00 20.50 50.00 0.140843
900 473.75 169.00 20.50 50.00 -0.886766
900 416.93 140.73 22.38 54.58 -1.131234
930 207.75 159.00 20.50 50.00 1.624232
930 456.51 153.27 24.37 59.45 1.254924
930 197.75 157.00 20.50 50.00 -0.227101
930 599.50 122.00 41.00 100.00 -0.251334
930 390.86 115.42 37.52 91.50 -0.941766
930 434.74 119.08 37.52 91.50 -1.256468
930 467.17 162.55 22.38 54.58 -1.288515
930 414.74 112.36 22.38 54.58 -1.816581
930 333.75 77.00 20.50 50.00 -2.364369
930 379.75 9.00 20.50 50.00 -4.461823
960 157.73 133.62 26.57 64.81 0.080245
960 445.77 133.85 31.54 76.92 0.006600
960 383.41 92.67 48.64 118.64 -0.190045
960 458.08 136.92 31.54 76.92 -0.599594
960 493.38 123.27 22.38 54.58 -1.167658
960 141.15 124.62 31.54 76.92 -1.357834
960 87.10 156.00 22.38 54.58 -1.713405
960 323.75 61.00 20.50 50.00 -2.565686
960 613.77 35.03 26.57 64.81 -2.999025
990 487.75 163.00 20.50 50.00 0.117752
990 466.02 146.14 24.37 59.45 -0.022759
990 103.46 105.73 34.37 83.83 -0.592841
990 536.03 154.38 26.57 64.81 -1.636299
990 126.64 125.84 26.57 64.81 -1.642789
990 619.75 23.00 20.50 50.00 -3.424891
990 279.00 4.00 82.00 200.00 -4.760554
1020 493.75 157.00 20.50 50.00 1.424606
1020 475.54 146.14 24.37 59.45 0.996493
1020 619.75 175.00 20.50 50.00 -0.930603
1020 58.08 124.62 31.54 76.92 -1.201545
1020 78.59 125.65 28.92 70.53 -1.283731
1020 75.75 109.00 20.50 50.00 -1.759982
1020 31.75 151.00 20.50 50.00 -1.827607
1020 505.75 67.00 20.50 50.00 -2.034596
1020 289.75 15.00 20.50 50.00 -2.788282
1020 294.61 25.09 22.38 54.58 -3.543494
1020 592.00 26.14 48.64 118.64 -3.941410
1050 602.97 137.40 37.52 91.50 -0.377713
1050 615.91 84.36 24.37 59.45 -1.367849
1050 498.68 114.35 28.92 70.53 -1.369936
1050 309.75 139.00 20.50 50.00 -1.393425
1050 216.74 94.59 28.92 70.53 -1.858149
1050 583.75 33.00 20.50 50.00 -3.078406
1050 283.75 -1.00 20.50 50.00 -3.194748
1050 617.88 31.64 22.38 54.58 -3.668282
1080 287.75 157.00 20.50 50.00 -0.766527
1080 606.07 125.87 34.37 83.83 -1.355154
1080 61.71 152.06 37.52 91.50 -1.364558
1080 537.06 138.55 22.38 54.58 -1.778013
1080 565.77 56.92 31.54 76.92 -2.670023
1080 149.75 17.00 20.50 50.00 -3.333598
1110 602.97 97.10 37.52 91.50 0.284423
1110 35.75 139.00 20.50 50.00 -0.251031
1110 137.80 105.88 28.92 70.53 -1.404718
1110 251.01 94.70 26.57 64.81 -1.764215
1110 163.75 189.00 20.50 50.00 -2.059766
1110 587.21 63.27 44.67 108.95 -2.214335
1110 613.77 19.46 26.57 64.81 -3.068724
1140 220.73 162.80 34.37 83.83 0.662395
1140 311.50 90.00 41.00 100.00 -0.567944
1140 412.80 89.77 37.52 91.50 -1.166964
1140 168.85 180.00 31.54 76.92 -1.583166
1140 274.35 62.10 34.37 83.83 -2.288547
1140 19.39 219.27 22.38 54.58 -2.412322
1140 587.74 33.55 52.90 129.03 -2.540804
1170 617.88 108.00 22.38 54.58 -0.626715
1170 504.30 134.18 22.38 54.58 -0.698726
1170 37.75 123.00 20.50 50.00 -1.035039
1170 -0.35 105.88 28.92 70.53 -1.679947
1170 469.35 97.09 22.38 54.58 -2.017234
1170 259.50 38.00 41.00 100.00 -3.153105
1200 495.00 130.77 31.54 76.92 0.257432
1200 413.06 89.45 44.67 108.95 -0.082897
1200 80.55 77.45 22.38 54.58 -2.765995
1200 190.00 33.85 63.08 153.85 -2.968963
1230 467.66 133.74 37.52 91.50 0.293820
1230 354.76 99.02 34.37 83.83 -0.572407
1230 366.10 158.02 24.37 59.45 -1.127428
1230 139.52 256.36 22.38 54.58 -1.361469
1230 519.75 127.00 20.50 50.00 -1.541685
1230 606.07 78.88 34.37 83.83 -2.130078
1230 24.23 293.85 31.54 76.92 -3.252033
1230 572.26 49.03 52.90 129.03 -3.544333
1230 135.50 34.00 41.00 100.00 -3.558527
1260 450.53 164.76 26.57 64.81 -0.905091
1260 595.92 67.64 44.67 108.95 -1.155237
1260 387.75 105.00 20.50 50.00 -1.324902
1260 298.07 68.91 48.64 118.64 -1.943253
1260 51.70 41.45 44.67 108.95 -2.645129
1260 86.70 38.60 34.37 83.83 -2.884245
1260 268.40 57.82 22.38 54.58 -2.952801
1260 78.22 32.08 24.37 59.45 -3.000580
1260 351.75 39.00 20.50 50.00 -3.078171
1290 611.45 117.18 28.92 70.53 0.153015
1290 173.75 133.00 20.50 50.00 -1.012841
1290 43.75 47.00 20.50 50.00 -1.214884
1290 245.93 78.42 48.64 118.64 -1.290371
1290 33.75 151.00 20.50 50.00 -1.325858
1290 516.15 64.16 48.64 118.64 -1.458750
1290 369.75 113.00 20.50 50.00 -1.531461
1290 144.23 115.38 31.54 76.92 -1.887907
1290 18.74 79.60 24.37 59.45 -1.909423
1290 577.42 54.19 52.90 129.03 -1.953252
1290 553.75 71.00 20.50 50.00 -2.551230
1290 117.01 80.73 44.67 108.95 -2.581591
1290 35.75 51.00 20.50 50.00 -2.831895
1290 433.10 25.85 75.52 184.20 -4.072094
1290 379.50 -2.00 41.00 100.00 -4.559829
1320 611.45 122.82 28.92 70.53 0.371712
1320 212.79 102.55 44.67 108.95 0.119909
1320 422.56 170.82 28.92 70.53 -0.764932
1320 149.75 155.00 20.50 50.00 -1.193928
1320 25.87 155.64 24.37 59.45 -1.271485
1320 368.87 147.27 22.38 54.58 -1.358322
1320 196.54 149.23 31.54 76.92 -1.558099
1320 9.75 93.00 20.50 50.00 -1.855076
1320 35.75 45.00 20.50 50.00 -2.782504
1320 379.89 1.83 37.52 91.50 -4.574521
1350 431.09 144.73 37.52 91.50 -0.237236
1350 199.55 162.77 24.37 59.45 -0.607517
1350 11.60 81.98 24.37 59.45 -1.029290
1350 321.75 165.00 20.50 50.00 -1.129294
1350 125.77 164.62 31.54 76.92 -1.606487
1350 561.94 118.05 26.57 64.81 -1.617851
1350 269.75 169.00 20.50 50.00 -1.644750
1350 547.31 66.15 31.54 76.92 -1.778140
1350 577.69 27.69 63.08 153.85 -3.392122
1380 311.75 169.00 20.50 50.00 -0.269952
1380 611.45 120.00 28.92 70.53 -0.709580
1380 123.42 177.03 24.37 59.45 -1.181947
1380 515.48 59.35 52.90 129.03 -1.381589
1380 323.75 171.00 20.50 50.00 -1.430192
1380 205.75 171.00 20.50 50.00 -1.765079
1380 27.75 147.00 20.50 50.00 -1.875728
1380 559.35 118.05 26.57 64.81 -2.021488
1380 15.22 79.14 26.57 64.81 -2.217332
1380 37.75 43.00 20.50 50.00 -2.223762
1380 69.95 55.38 34.37 83.83 -3.066187
1410 190.04 160.40 24.37 59.45 -0.419230
1410 307.75 169.00 20.50 50.00 -0.991578
1410 434.40 142.91 22.38 54.58 -1.532218
1410 323.75 169.00 20.50 50.00 -1.532422
1410 13.75 91.00 20.50 50.00 -1.687978
1410 241.19 83.17 48.64 118.64 -1.863383
1410 72.95 63.53 28.92 70.53 -2.726709
1410 545.76 62.10 34.37 83.83 -2.955187
1410 379.50 2.00 41.00 100.00 -4.226403
1440 611.45 125.65 28.92 70.53 0.736803
1440 306.62 165.15 24.37 59.45 0.625251
1440 354.76 156.08 34.37 83.83 -0.648448
1440 557.89 114.35 28.92 70.53 -1.100400
1440 102.01 91.48 24.37 59.45 -1.811397
1440 520.89 68.91 48.64 118.64 -1.846061
1440 15.00 69.23 31.54 76.92 -1.857737
1440 545.76 62.10 34.37 83.83 -2.936955
1440 529.75 41.00 20.50 50.00 -3.155405
1470 611.45 122.82 28.92 70.53 0.069080
1470 313.20 175.14 26.57 64.81 -0.482514
1470 183.87 149.37 34.37 83.83 -0.601193
1470 544.23 109.23 31.54 76.92 -1.396396
1470 561.19 124.75 24.37 59.45 -1.547068
1470 9.22 84.36 24.37 59.45 -2.041333
1470 619.75 21.00 20.50 50.00 -4.330098
1500 615.91 129.50 24.37 59.45 0.099335
1500 319.75 177.00 20.50 50.00 -0.505928
1500 459.75 137.00 20.50 50.00 -0.519958
1500 552.25 111.53 28.92 70.53 -1.030038
1500 284.70 107.68 26.57 64.81 -1.149472
1500 11.60 86.73 24.37 59.45 -1.666471
1500 603.40 128.43 26.57 64.81 -1.983955
1500 550.38 72.31 31.54 76.92 -2.487793
1500 49.84 45.31 34.37 83.83 -2.760921
1500 379.50 6.00 41.00 100.00 -4.234362
1530 611.45 125.65 28.92 70.53 0.525963
1530 319.75 177.00 20.50 50.00 -0.428431
1530 411.28 120.00 28.92 70.53 -0.481070
1530 125.75 187.00 20.50 50.00 -0.794346
1530 178.74 144.73 37.52 91.50 -0.892495
1530 525.63 73.66 48.64 118.64 -1.276873
1530 267.75 113.00 20.50 50.00 -1.785659
1530 561.19 124.75 24.37 59.45 -2.054310
1530 -0.77 83.08 63.08 153.85 -2.366879
1530 51.92 53.85 31.54 76.92 -2.568174
1530 531.75 45.00 20.50 50.00 -2.837542
1530 390.93 1.30 26.57 64.81 -4.032175
1530 617.88 16.36 22.38 54.58 -4.318862
1560 615.91 131.88 24.37 59.45 -0.140445
1560 191.42 162.16 26.57 64.81 -0.822534
1560 124.23 186.55 22.38 54.58 -1.498213
1560 27.75 159.00 20.50 50.00 -1.568507
1560 587.21 80.73 44.67 108.95 -1.745765
1560 267.75 93.00 20.50 50.00 -1.748727
1560 515.48 59.35 52.90 129.03 -1.977586
1560 6.86 78.78 37.52 91.50 -2.420069
1560 518.41 -1.41 28.92 70.53 -4.965580
1590 461.75 143.00 20.50 50.00 -0.099634
1590 611.45 122.82 28.92 70.53 -0.529475
1590 319.75 177.00 20.50 50.00 -0.779146
1590 245.75 177.00 20.50 50.00 -1.372723
1590 307.71 169.09 22.38 54.58 -1.639890
1590 13.75 95.00 20.50 50.00 -1.864152
1590 587.50 90.00 41.00 100.00 -2.101729
1590 514.69 53.65 57.98 141.42 -2.153385
1590 51.92 50.77 31.54 76.92 -2.705559
1620 611.45 122.82 28.92 70.53 0.565734
1620 321.75 177.00 20.50 50.00 -0.165947
1620 516.15 73.66 48.64 118.64 -0.697091
1620 247.75 177.00 20.50 50.00 -0.831103
1620 182.91 159.53 28.92 70.53 -0.831899
1620 438.53 159.44 34.37 83.83 -0.848646
1620 311.75 173.00 20.50 50.00 -1.335112
1620 25.02 156.71 28.92 70.53 -1.360336
1620 595.75 165.00 20.50 50.00 -1.783254
1620 559.35 123.24 26.57 64.81 -1.891476
1620 -0.59 83.17 48.64 118.64 -2.390614
1620 35.75 49.00 20.50 50.00 -2.628681
1620 547.31 72.31 31.54 76.92 -2.808639
1620 43.43 45.80 37.52 91.50 -3.204504
1650 615.91 134.26 24.37 59.45 -0.186540
1650 520.89 73.66 48.64 118.64 -0.576095
1650 553.46 112.31 31.54 76.92 -1.535936
1650 319.75 179.00 20.50 50.00 -1.630616
1650 13.79 48.00 75.52 184.20 -2.919556
1680 611.45 122.82 28.92 70.53 0.652947
1680 312.60 173.65 28.92 70.53 -0.194641
1680 408.46 117.18 28.92 70.53 -0.738301
1680 447.51 138.55 22.38 54.58 -0.937261
1680 559.35 123.24 26.57 64.81 -1.465957
1680 520.65 64.52 52.90 129.03 -1.941295
1680 12.83 92.73 22.38 54.58 -2.158101
1680 531.75 43.00 20.50 50.00 -2.428469
1680 37.75 47.00 20.50 50.00 -3.332334
1680 611.45 7.06 28.92 70.53 -4.747731
1710 613.77 128.43 26.57 64.81 0.035576
1710 183.50 146.00 41.00 100.00 -0.309610
1710 312.60 173.65 28.92 70.53 -0.530746
1710 124.23 180.00 22.38 54.58 -0.853828
1710 520.89 73.66 48.64 118.64 -1.001273
1710 80.00 60.97 26.57 64.81 -1.679693
1710 442.75 131.03 26.57 64.81 -1.944842
1710 549.11 109.09 34.37 83.83 -2.193901
1710 163.55 66.55 22.38 54.58 -2.414899
1710 545.76 65.45 34.37 83.83 -2.845371
1710 533.75 45.00 20.50 50.00 -3.172535
1710 13.79 33.23 75.52 184.20 -3.884242
1710 617.88 20.73 22.38 54.58 -4.364697
1710 378.23 6.55 44.67 108.95 -4.592351
1740 611.45 125.65 28.92 70.53 -0.099905
1740 520.89 73.66 48.64 118.64 -1.056145
1740 245.75 177.00 20.50 50.00 -1.139748
1740 559.35 123.24 26.57 64.81 -1.562421
1740 181.75 189.00 20.50 50.00 -1.728951
1740 318.51 179.41 24.37 59.45 -1.775483
1740 83.75 67.00 20.50 50.00 -2.453117
1740 49.84 52.03 34.37 83.83 -2.763900
1740 35.75 49.00 20.50 50.00 -2.912934
1740 615.91 22.57 24.37 59.45 -3.993067
1740 389.89 8.32 24.37 59.45 -4.054624
1770 611.45 122.82 28.92 70.53 0.148525
1770 520.89 73.66 48.64 118.64 -1.205920
1770 556.76 118.05 26.57 64.81 -1.281551
1770 583.75 79.00 20.50 50.00 -2.368827
1770 78.59 57.88 28.92 70.53 -2.717812
1770 619.75 49.00 20.50 50.00 -2.890608
1770 452.39 48.00 57.98 141.42 -3.092555
1800 611.45 125.65 28.92 70.53 0.420027
1800 307.71 169.09 22.38 54.58 -0.645172
1800 11.75 93.00 20.50 50.00 -1.323912
1800 180.52 149.37 34.37 83.83 -1.334011
1800 462.80 138.55 22.38 54.58 -1.343630
1800 520.89 73.66 48.64 118.64 -1.531063
1800 317.75 175.00 20.50 50.00 -1.642372
1800 587.21 80.73 44.67 108.95 -1.722950
1800 442.23 172.28 24.37 59.45 -1.874467
1800 47.58 18.35 28.92 70.53 -4.310968
1830 613.77 125.84 26.57 64.81 0.337703
1830 315.79 175.14 26.57 64.81 0.296822
1830 308.02 167.35 26.57 64.81 -1.047565
1830 177.17 152.73 34.37 83.83 -1.200789
1830 245.75 177.00 20.50 50.00 -1.294096
1830 165.73 177.82 22.38 54.58 -1.418692
1830 520.89 73.66 48.64 118.64 -2.181749
1830 592.00 45.15 48.64 118.64 -3.171998
1830 46.81 26.14 48.64 118.64 -4.143527
1860 130.26 156.08 34.37 83.83 -0.428425
1860 299.48 167.52 24.37 59.45 -0.602833
1860 435.56 144.95 48.64 118.64 -0.805731
1860 568.33 127.13 24.37 59.45 -1.021478
1860 315.75 175.00 20.50 50.00 -1.118846
1860 577.42 74.84 52.90 129.03 -1.130700
1860 392.89 78.42 48.64 118.64 -1.781205
1860 289.88 107.68 26.57 64.81 -1.789882
1860 6.28 149.37 34.37 83.83 -1.946693
1860 73.47 89.45 44.67 108.95 -2.163824
1860 121.46 37.62 26.57 64.81 -2.912537
1860 42.69 50.77 31.54 76.92 -3.347804
1860 40.15 29.70 24.37 59.45 -3.358563
1860 537.40 27.33 24.37 59.45 -3.865623
