30 261.75 157.00 20.50 50.00 0.203691
30 167.92 162.55 22.38 54.58 -0.067637
30 281.75 159.00 20.50 50.00 -0.428204
30 421.30 158.18 22.38 54.58 -0.529007
30 377.75 159.00 20.50 50.00 -0.920298
30 482.46 156.00 22.38 54.58 -1.434315
30 348.06 129.23 34.37 83.83 -2.007997
60 591.75 177.00 20.50 50.00 2.441725
60 250.92 145.09 22.38 54.58 0.567267
60 275.75 155.00 20.50 50.00 -0.565047
60 147.75 159.00 20.50 50.00 -0.786209
60 197.75 157.00 20.50 50.00 -0.985036
60 540.97 134.12 28.92 70.53 -1.076215
60 259.75 151.00 20.50 50.00 -1.090438
60 381.98 153.82 22.38 54.58 -1.336444
60 485.45 142.66 34.37 83.83 -1.398308
60 472.04 135.94 34.37 83.83 -1.490849
60 241.75 153.00 20.50 50.00 -1.535480
60 468.40 110.50 24.37 59.45 -1.587152
60 406.48 149.19 26.57 64.81 -1.663932
60 434.40 110.18 22.38 54.58 -1.861342
90 255.29 147.27 22.38 54.58 1.022453
90 488.80 142.66 34.37 83.83 0.264743
90 129.75 165.00 20.50 50.00 0.207990
90 279.75 161.00 20.50 50.00 0.077170
90 246.55 151.64 22.38 54.58 -0.250764
90 219.75 161.00 20.50 50.00 -0.263220
90 617.75 169.00 20.50 50.00 -0.488312
90 493.38 199.64 22.38 54.58 -0.937877
90 54.42 160.40 24.37 59.45 -0.987513
90 263.75 155.00 20.50 50.00 -1.021028
90 478.74 132.59 34.37 83.83 -1.116694
90 419.43 149.19 26.57 64.81 -1.194988
90 82.73 169.09 22.38 54.58 -1.421690
90 269.75 161.00 20.50 50.00 -1.431001
90 394.51 155.73 37.52 91.50 -1.432080
90 205.46 49.41 28.92 70.53 -3.016718
120 266.17 150.89 24.37 59.45 -0.042281
120 163.17 139.76 28.92 70.53 -0.188108
120 215.75 163.00 20.50 50.00 -0.229123
120 408.19 153.82 22.38 54.58 -0.755555
120 285.87 156.00 22.38 54.58 -0.878093
120 277.75 159.00 20.50 50.00 -0.903093
120 256.19 138.81 26.57 64.81 -0.959863
120 247.14 146.14 24.37 59.45 -1.252882
120 443.75 151.00 20.50 50.00 -1.307123
120 509.96 162.35 28.92 70.53 -1.373613
120 564.53 169.95 26.57 64.81 -1.408462
150 153.75 169.00 20.50 50.00 1.672904
150 266.21 153.82 22.38 54.58 0.415923
150 556.73 115.64 44.67 108.95 -0.127818
150 521.23 156.71 28.92 70.53 -0.303016
150 147.75 163.00 20.50 50.00 -0.374586
150 253.11 142.91 22.38 54.58 -0.516840
150 397.03 155.64 24.37 59.45 -0.784210
150 242.18 138.55 22.38 54.58 -0.841768
150 283.75 155.00 20.50 50.00 -0.975292
150 423.75 149.00 20.50 50.00 -1.159306
150 438.53 135.94 34.37 83.83 -1.412510
150 591.67 153.82 22.38 54.58 -1.440649
150 615.91 165.15 24.37 59.45 -1.493656
150 -0.77 70.77 63.08 153.85 -1.657854
180 122.05 156.00 22.38 54.58 1.481712
180 405.75 145.00 20.50 50.00 0.268553
180 567.75 169.00 20.50 50.00 0.126502
180 263.75 151.00 20.50 50.00 0.123139
180 551.58 141.41 26.57 64.81 -0.395773
180 599.50 126.00 41.00 100.00 -0.407800
180 554.17 159.57 26.57 64.81 -0.416009
180 279.75 149.00 20.50 50.00 -0.616031
180 245.83 128.43 26.57 64.81 -0.972483
180 362.43 136.22 26.57 64.81 -1.035456
180 532.70 108.00 22.38 54.58 -1.424050
180 415.75 165.00 20.50 50.00 -1.461131
180 39.04 162.55 22.38 54.58 -1.805451
180 560.70 125.65 28.92 70.53 -1.845997
180 423.85 101.54 63.08 153.85 -1.936449
180 97.75 55.00 20.50 50.00 -2.712050
180 57.75 57.00 20.50 50.00 -3.132319
210 617.75 163.00 20.50 50.00 2.058140
210 266.21 140.73 22.38 54.58 0.861615
210 71.81 147.27 22.38 54.58 0.580278
210 274.95 138.55 22.38 54.58 0.244290
210 232.86 124.75 24.37 59.45 0.139909
210 253.75 143.00 20.50 50.00 0.075713
210 385.75 149.00 20.50 50.00 -0.301445
210 445.32 149.45 22.38 54.58 -0.378404
210 606.39 160.40 24.37 59.45 -0.516533
210 367.75 167.00 20.50 50.00 -0.552828
210 371.75 147.00 20.50 50.00 -0.652333
210 617.88 116.73 22.38 54.58 -0.791271
210 492.15 129.23 34.37 83.83 -1.390164
210 223.35 124.75 24.37 59.45 -1.404522
210 375.75 165.00 20.50 50.00 -1.422282
210 39.75 169.00 20.50 50.00 -1.435300
210 595.63 154.38 26.57 64.81 -1.542112
210 63.07 149.45 22.38 54.58 -1.582309
210 420.82 155.64 24.37 59.45 -1.718954
210 593.86 73.09 22.38 54.58 -1.986678
210 471.31 115.42 37.52 91.50 -1.998586
210 619.75 53.00 20.50 50.00 -2.200690
210 567.65 64.36 22.38 54.58 -2.303409
210 515.99 89.11 24.37 59.45 -2.308859
240 495.56 173.45 22.38 54.58 0.638288
240 234.14 119.16 34.37 83.83 -0.236272
240 267.75 151.00 20.50 50.00 -0.744721
240 15.00 143.08 31.54 76.92 -0.896617
240 409.75 149.00 20.50 50.00 -0.964223
240 544.84 70.99 69.16 168.67 -1.024386
240 458.43 147.27 22.38 54.58 -1.365013
240 497.75 158.18 22.38 54.58 -1.445144
240 248.85 124.62 31.54 76.92 -1.595589
240 391.75 175.00 20.50 50.00 -1.662937
240 151.97 146.14 24.37 59.45 -1.677247
240 405.75 161.00 20.50 50.00 -1.698457
240 202.64 128.47 28.92 70.53 -1.825733
270 546.91 155.64 24.37 59.45 1.082724
270 499.76 177.73 26.57 64.81 -0.570618
270 373.75 143.00 20.50 50.00 -0.604456
270 132.94 150.89 24.37 59.45 -0.846072
270 493.04 145.41 28.92 70.53 -1.010529
270 383.75 163.00 20.50 50.00 -1.384466
270 558.81 193.66 24.37 59.45 -1.393076
270 456.51 100.99 24.37 59.45 -1.548962
270 220.18 64.94 57.98 141.42 -1.644254
270 592.00 92.67 48.64 118.64 -1.837365
270 565.46 156.00 22.38 54.58 -1.977965
270 375.75 159.00 20.50 50.00 -2.018674
270 -0.77 64.61 63.08 153.85 -2.560767
270 220.34 42.55 22.38 54.58 -3.339623
300 617.88 158.18 22.38 54.58 0.517603
300 559.75 169.00 20.50 50.00 -0.352186
300 226.29 119.08 37.52 91.50 -0.539649
300 257.47 158.18 22.38 54.58 -0.735496
300 19.75 171.00 20.50 50.00 -0.799079
300 617.88 88.36 22.38 54.58 -0.888783
300 574.20 142.91 22.38 54.58 -1.225993
300 424.62 151.78 26.57 64.81 -1.252116
300 545.75 219.00 20.50 50.00 -1.291450
300 12.83 158.18 22.38 54.58 -1.513053
300 395.75 103.00 20.50 50.00 -1.865943
300 551.58 188.11 26.57 64.81 -2.000421
300 449.75 189.00 20.50 50.00 -2.056033
300 619.75 51.00 20.50 50.00 -2.466353
300 617.88 308.73 22.38 54.58 -3.776404
300 615.70 25.09 22.38 54.58 -3.791271
300 175.63 18.46 75.52 184.20 -4.005488
330 12.63 159.57 26.57 64.81 0.071531
330 373.75 149.00 20.50 50.00 -0.837929
330 225.72 129.50 24.37 59.45 -0.839305
330 29.75 89.00 20.50 50.00 -0.859782
330 119.75 165.00 20.50 50.00 -0.899214
330 443.54 163.64 44.67 108.95 -1.079613
330 203.98 132.59 34.37 83.83 -1.116212
330 423.75 169.00 20.50 50.00 -1.150205
330 384.23 149.23 31.54 76.92 -1.227762
330 233.46 133.85 31.54 76.92 -1.469348
330 44.91 172.28 24.37 59.45 -1.602393
330 355.77 145.09 22.38 54.58 -1.712953
330 535.33 165.18 28.92 70.53 -1.949585
330 449.75 61.00 20.50 50.00 -2.090333
330 608.58 9.08 26.57 64.81 -4.085179
330 200.63 15.11 34.37 83.83 -4.385857
360 369.75 151.00 20.50 50.00 -0.217340
360 222.63 126.41 37.52 91.50 -0.313606
360 470.38 152.31 31.54 76.92 -0.624805
360 416.06 181.78 24.37 59.45 -0.757684
360 101.75 171.00 20.50 50.00 -1.221328
360 179.75 173.00 20.50 50.00 -1.287282
360 380.26 148.24 28.92 70.53 -1.588510
360 435.18 142.66 34.37 83.83 -1.620482
360 200.63 135.94 34.37 83.83 -1.685457
360 8.11 159.53 28.92 70.53 -1.814198
360 3.81 89.45 44.67 108.95 -1.921768
360 555.50 246.00 41.00 100.00 -2.056778
360 497.17 260.76 26.57 64.81 -2.587012
360 189.71 9.16 37.52 91.50 -3.874426
390 371.75 149.00 20.50 50.00 -0.198617
390 502.12 171.27 22.38 54.58 -0.653705
390 381.15 146.15 31.54 76.92 -1.330881
390 427.21 182.92 26.57 64.81 -1.444356
390 95.75 171.00 20.50 50.00 -1.486246
390 507.89 196.03 37.52 91.50 -1.539314
390 218.97 130.08 37.52 91.50 -1.600005
390 454.06 149.45 22.38 54.58 -1.788256
390 602.97 119.08 37.52 91.50 -1.906228
390 393.75 81.00 20.50 50.00 -1.958980
390 572.31 281.51 26.57 64.81 -2.621643
390 580.44 292.24 28.92 70.53 -3.747735
390 187.23 15.11 34.37 83.83 -4.553806
390 606.07 300.42 34.37 83.83 -4.646120
420 523.12 169.90 24.37 59.45 0.188883
420 380.37 141.39 24.37 59.45 -0.750496
420 533.77 151.30 107.29 261.69 -1.064668
420 113.75 185.00 20.50 50.00 -1.201612
420 259.20 144.73 37.52 91.50 -1.210661
420 467.75 171.00 20.50 50.00 -1.480805
420 207.50 114.00 41.00 100.00 -1.768767
420 207.24 46.91 22.38 54.58 -2.387231
420 -0.77 76.92 63.08 153.85 -2.563665
450 253.11 156.00 22.38 54.58 -0.685239
450 518.86 137.40 37.52 91.50 -1.135852
450 451.92 183.08 31.54 76.92 -1.281983
450 420.82 162.77 24.37 59.45 -1.340644
450 383.16 138.81 26.57 64.81 -1.495039
450 619.75 247.00 20.50 50.00 -1.730844
450 206.96 40.22 26.57 64.81 -2.289176
450 482.09 48.67 34.37 83.83 -3.098713
480 469.75 173.00 20.50 50.00 0.072428
480 383.75 151.00 20.50 50.00 -0.110935
480 59.75 209.00 20.50 50.00 -0.574146
480 582.60 143.76 24.37 59.45 -0.944588
480 215.00 127.69 31.54 76.92 -0.963267
480 608.77 174.65 24.37 59.45 -0.972892
480 15.22 167.35 26.57 64.81 -1.048524
480 206.69 120.00 24.37 59.45 -1.510631
480 611.45 261.18 28.92 70.53 -2.336308
480 481.10 21.82 89.69 218.76 -3.420234
480 554.05 8.32 24.37 59.45 -4.745945
510 601.75 187.00 20.50 50.00 2.813586
510 202.69 127.69 31.54 76.92 -0.187741
510 23.75 177.00 20.50 50.00 -0.287014
510 529.83 130.08 37.52 91.50 -0.353580
510 548.03 133.09 44.67 108.95 -0.568312
510 489.39 156.97 26.57 64.81 -0.690588
510 71.75 187.00 20.50 50.00 -0.930444
510 571.79 50.70 69.16 168.67 -1.043684
510 499.33 177.03 24.37 59.45 -1.212310
510 429.80 193.30 26.57 64.81 -1.429677
510 190.04 122.38 24.37 59.45 -1.529391
510 507.53 154.38 26.57 64.81 -1.644002
510 181.05 182.92 26.57 64.81 -1.779652
510 260.94 156.08 34.37 83.83 -1.926119
510 122.05 204.00 22.38 54.58 -2.054509
510 615.91 295.84 24.37 59.45 -3.234348
510 185.73 26.82 28.92 70.53 -3.491177
510 619.75 263.00 20.50 50.00 -3.665481
540 371.81 145.41 28.92 70.53 0.568646
540 582.65 211.76 57.98 141.42 0.490806
540 558.81 111.68 48.64 118.64 -0.061803
540 401.83 163.05 37.52 91.50 -0.096474
540 171.75 129.00 20.50 50.00 -0.195691
540 10.65 182.18 22.38 54.58 -0.219589
540 431.75 181.00 20.50 50.00 -0.964523
540 225.75 149.00 20.50 50.00 -1.010249
540 89.28 164.73 22.38 54.58 -1.173323
540 466.07 175.14 26.57 64.81 -1.488067
540 482.09 135.94 34.37 83.83 -1.533108
540 139.52 171.27 22.38 54.58 -1.669563
540 246.55 153.82 22.38 54.58 -1.687679
540 611.45 125.65 28.92 70.53 -2.239766
540 111.75 205.00 20.50 50.00 -2.261533
540 613.53 32.08 24.37 59.45 -2.723829
540 503.00 20.00 82.00 200.00 -3.438486
540 594.54 35.29 28.92 70.53 -3.743889
540 178.08 13.85 31.54 76.92 -3.786421
570 214.74 149.19 26.57 64.81 0.937894
570 239.75 157.00 20.50 50.00 0.241629
570 595.63 146.59 26.57 64.81 0.099520
570 517.41 199.64 22.38 54.58 0.040893
570 611.45 196.24 28.92 70.53 -0.254296
570 546.91 196.04 24.37 59.45 -0.264029
570 391.75 193.00 20.50 50.00 -0.462840
570 441.75 179.00 20.50 50.00 -0.835822
570 156.54 124.62 31.54 76.92 -0.899010
570 177.27 210.35 28.92 70.53 -1.024696
570 73.30 122.52 34.37 83.83 -1.132676
570 370.20 151.78 26.57 64.81 -1.195211
570 -0.35 179.29 28.92 70.53 -1.256942
570 207.24 162.55 22.38 54.58 -1.275351
570 413.68 165.15 24.37 59.45 -1.424999
570 226.89 162.55 22.38 54.58 -1.655084
570 435.75 171.00 20.50 50.00 -1.711847
570 181.02 147.27 22.38 54.58 -1.751412
570 189.71 207.02 37.52 91.50 -2.024689
570 515.99 115.25 24.37 59.45 -2.035264
570 599.50 270.00 41.00 100.00 -2.302096
570 169.75 33.00 20.50 50.00 -3.377815
570 15.00 389.23 31.54 76.92 -10.195328
570 5.75 427.00 20.50 50.00 -13.461482
600 579.50 130.00 41.00 100.00 0.294327
600 215.00 140.00 31.54 76.92 -0.039211
600 175.09 122.75 37.52 91.50 -0.454091
600 425.58 162.77 24.37 59.45 -0.575004
600 484.64 188.73 22.38 54.58 -0.631098
600 547.50 138.00 41.00 100.00 -0.890927
600 248.74 158.18 22.38 54.58 -0.976277
600 61.56 167.52 24.37 59.45 -1.077554
600 -0.54 102.55 44.67 108.95 -1.079849
600 479.75 179.00 20.50 50.00 -1.089547
600 501.75 193.00 20.50 50.00 -1.172780
600 416.93 166.91 22.38 54.58 -1.374385
600 23.11 220.99 48.64 118.64 -1.442188
600 385.75 147.00 20.50 50.00 -1.447599
600 152.63 116.73 22.38 54.58 -1.700976
600 617.88 166.91 22.38 54.58 -1.778219
600 47.75 131.00 20.50 50.00 -2.167296
600 611.45 306.35 28.92 70.53 -3.160044
600 -0.71 319.06 57.98 141.42 -5.115447
630 30.31 182.18 22.38 54.58 0.116613
630 224.23 133.85 31.54 76.92 -0.166614
630 61.86 167.35 26.57 64.81 -0.569205
630 617.75 191.00 20.50 50.00 -1.100796
630 491.75 193.00 20.50 50.00 -1.198323
630 453.75 165.00 20.50 50.00 -1.238014
630 182.31 111.27 44.67 108.95 -1.352407
630 7.75 183.00 20.50 50.00 -1.562267
630 571.79 43.94 69.16 168.67 -2.749820
660 227.31 140.00 31.54 76.92 0.087750
660 478.09 182.18 22.38 54.58 0.086254
660 573.75 177.00 20.50 50.00 -0.148942
660 211.75 141.00 20.50 50.00 -0.501034
660 266.17 155.64 24.37 59.45 -1.131933
660 38.54 133.62 26.57 64.81 -1.358497
660 487.75 177.00 20.50 50.00 -1.456644
690 599.50 122.00 41.00 100.00 1.031827
690 493.75 171.00 20.50 50.00 0.765065
690 194.13 134.18 22.38 54.58 -0.430201
690 209.75 171.00 20.50 50.00 -0.812963
690 25.00 126.67 136.67 333.33 -0.978920
690 589.75 191.00 20.50 50.00 -1.330182
690 230.48 155.64 24.37 59.45 -1.881449
690 249.75 169.00 20.50 50.00 -1.913272
690 499.93 180.00 22.38 54.58 -1.982815
720 511.75 171.00 20.50 50.00 0.521671
720 467.67 153.88 28.92 70.53 -0.322729
720 525.75 173.00 20.50 50.00 -0.409100
720 617.88 173.45 22.38 54.58 -0.600053
720 495.75 171.00 20.50 50.00 -0.831817
720 416.84 123.24 26.57 64.81 -0.885811
720 572.31 164.76 26.57 64.81 -1.000313
720 409.75 177.00 20.50 50.00 -1.077272
720 521.75 183.00 20.50 50.00 -1.361266
720 94.87 96.24 24.37 59.45 -1.739340
720 559.75 169.00 20.50 50.00 -2.046104
750 495.56 118.91 22.38 54.58 1.293383
750 547.75 173.00 20.50 50.00 1.224491
750 488.80 139.30 34.37 83.83 0.456446
750 567.75 177.00 20.50 50.00 0.052151
750 208.28 145.41 28.92 70.53 -0.040946
750 543.75 185.00 20.50 50.00 -0.967792
750 249.75 153.00 20.50 50.00 -1.057563
750 487.75 119.00 20.50 50.00 -1.110339
750 152.55 118.05 26.57 64.81 -1.353303
750 82.73 64.36 22.38 54.58 -1.867353
750 582.65 87.53 57.98 141.42 -1.908647
750 426.07 102.18 48.64 118.64 -2.245348
750 65.26 68.73 22.38 54.58 -2.249540
750 50.40 57.88 28.92 70.53 -2.493689
750 617.88 31.64 22.38 54.58 -3.403043
780 585.75 183.00 20.50 50.00 3.901205
780 507.75 109.00 20.50 50.00 2.215451
780 619.75 183.00 20.50 50.00 2.174884
780 515.75 109.00 20.50 50.00 0.730124
780 589.75 173.00 20.50 50.00 0.723506
780 167.92 186.55 22.38 54.58 0.576116
780 499.75 111.00 20.50 50.00 0.460989
780 555.75 187.00 20.50 50.00 0.089966
780 190.58 139.30 34.37 83.83 -0.173779
780 511.75 119.00 20.50 50.00 -0.428520
780 483.75 171.00 20.50 50.00 -0.469805
780 233.46 143.08 31.54 76.92 -0.620324
780 608.63 148.24 28.92 70.53 -0.736635
780 577.84 155.64 24.37 59.45 -0.979431
780 453.75 107.00 20.50 50.00 -1.002832
780 605.77 198.46 31.54 76.92 -1.274586
780 530.51 101.45 22.38 54.58 -1.606084
780 503.75 123.00 20.50 50.00 -1.720400
780 171.50 126.00 41.00 100.00 -2.095779
780 39.75 51.00 20.50 50.00 -3.135126
810 549.29 89.11 24.37 59.45 0.957481
810 559.75 101.00 20.50 50.00 0.597147
810 174.45 145.41 28.92 70.53 0.164987
810 533.75 93.00 20.50 50.00 0.044904
810 504.09 162.77 24.37 59.45 -0.207974
810 615.91 110.50 24.37 59.45 -0.598842
810 541.43 99.27 22.38 54.58 -1.069010
810 137.75 157.00 20.50 50.00 -1.181217
810 185.73 142.59 28.92 70.53 -1.347984
810 99.75 97.00 20.50 50.00 -1.516537
810 619.75 173.00 20.50 50.00 -1.834954
810 137.00 185.51 26.57 64.81 -1.840166
810 577.84 200.79 24.37 59.45 -1.882650
810 561.75 87.00 20.50 50.00 -1.908058
810 615.91 143.76 24.37 59.45 -2.101604
810 454.62 76.92 63.08 153.85 -2.249570
810 603.40 22.05 26.57 64.81 -4.246106
840 619.75 93.00 20.50 50.00 0.719097
840 613.77 58.38 26.57 64.81 0.114317
840 170.10 188.73 22.38 54.58 -0.176526
840 532.64 186.53 24.37 59.45 -0.185723
840 587.85 66.16 26.57 64.81 -0.222078
840 155.75 133.00 20.50 50.00 -0.960906
840 49.66 70.10 24.37 59.45 -1.168990
840 603.00 63.53 28.92 70.53 -1.223590
840 513.46 56.92 31.54 76.92 -1.778069
840 84.92 166.91 22.38 54.58 -1.802045
840 608.85 133.85 31.54 76.92 -1.826784
840 301.75 201.00 20.50 50.00 -1.850805
840 493.26 49.47 37.52 91.50 -2.386546
870 181.75 127.00 20.50 50.00 -0.452532
870 519.59 182.18 22.38 54.58 -0.579491
870 73.75 155.00 20.50 50.00 -0.861508
870 385.75 165.00 20.50 50.00 -0.978539
870 589.74 160.40 24.37 59.45 -1.577016
870 368.99 162.35 28.92 70.53 -1.641937
870 175.75 101.00 20.50 50.00 -1.809291
870 131.50 106.00 41.00 100.00 -2.049754
870 -0.84 57.47 69.16 168.67 -2.341542
900 32.49 166.91 22.38 54.58 0.526702
900 363.35 159.53 28.92 70.53 -0.728325
900 583.75 171.00 20.50 50.00 -0.797726
900 193.75 161.00 20.50 50.00 -0.812629
900 167.75 119.00 20.50 50.00 -1.210409
900 17.20 160.36 22.38 54.58 -1.212081
900 204.34 111.76 37.52 91.50 -1.256071
900 9.75 191.00 20.50 50.00 -1.475334
900 597.75 173.00 20.50 50.00 -1.897776
900 101.75 187.00 20.50 50.00 -1.968270
900 619.75 19.00 20.50 50.00 -3.533036
930 366.10 174.65 24.37 59.45 1.508884
930 134.98 105.88 28.92 70.53 -0.249976
930 201.75 167.00 20.50 50.00 -0.814792
930 73.46 160.40 24.37 59.45 -1.089150
930 127.75 91.00 20.50 50.00 -1.132460
930 366.10 153.27 24.37 59.45 -1.155865
930 595.92 111.27 44.67 108.95 -1.198962
930 19.75 171.00 20.50 50.00 -1.211242
930 87.75 175.00 20.50 50.00 -1.252388
930 150.44 153.82 22.38 54.58 -1.369857
930 359.75 189.00 20.50 50.00 -1.752966
930 194.13 129.82 22.38 54.58 -1.791141
930 -0.25 111.00 20.50 50.00 -1.905827
930 108.30 111.27 44.67 108.95 -2.199751
960 417.75 159.00 20.50 50.00 0.030260
960 171.75 189.00 20.50 50.00 -0.493170
960 366.10 169.90 24.37 59.45 -1.090115
960 171.92 136.92 31.54 76.92 -1.352632
960 15.02 132.00 22.38 54.58 -1.430182
960 430.03 156.00 22.38 54.58 -1.475968
960 162.69 118.46 31.54 76.92 -1.479767
960 99.75 87.00 20.50 50.00 -1.511615
960 107.75 87.00 20.50 50.00 -2.163874
960 559.00 44.00 82.00 200.00 -2.703482
990 611.45 148.24 28.92 70.53 -0.029506
990 150.37 105.73 34.37 83.83 -0.128073
990 102.39 158.18 22.38 54.58 -0.529310
990 371.75 165.00 20.50 50.00 -0.671989
990 65.37 130.08 37.52 91.50 -0.997484
990 134.86 100.76 37.52 91.50 -1.359775
990 353.75 179.00 20.50 50.00 -1.415526
990 427.85 153.82 22.38 54.58 -1.449054
990 395.09 160.36 22.38 54.58 -1.518302
990 97.75 111.00 20.50 50.00 -1.796522
990 44.91 58.22 24.37 59.45 -2.732553
1020 519.75 173.00 20.50 50.00 1.117517
1020 377.75 165.00 20.50 50.00 0.651413
1020 465.75 183.00 20.50 50.00 0.184512
1020 551.58 159.57 26.57 64.81 -0.026769
1020 349.25 168.00 28.92 70.53 -0.384263
1020 403.75 165.00 20.50 50.00 -0.833019
1020 511.75 177.00 20.50 50.00 -0.892513
1020 11.54 107.69 63.08 153.85 -0.960078
1020 113.75 99.00 20.50 50.00 -1.006789
1020 445.77 133.85 31.54 76.92 -1.018924
1020 64.23 152.31 31.54 76.92 -1.151015
1020 434.40 156.00 22.38 54.58 -1.294766
1020 427.75 153.00 20.50 50.00 -1.489248
1020 125.75 107.00 20.50 50.00 -1.800823
1020 361.34 184.16 24.37 59.45 -1.913954
1020 375.75 147.00 20.50 50.00 -1.938665
1020 391.75 57.00 20.50 50.00 -2.473313
1050 19.50 142.00 41.00 100.00 1.417443
1050 595.66 144.73 37.52 91.50 1.077885
1050 39.79 156.08 34.37 83.83 0.329730
1050 587.30 171.27 22.38 54.58 0.052881
1050 557.75 159.00 20.50 50.00 -0.303894
1050 617.88 184.36 22.38 54.58 -0.344880
1050 555.75 179.00 20.50 50.00 -0.383718
1050 -0.54 133.09 44.67 108.95 -0.768628
1050 77.41 81.73 26.57 64.81 -1.106648
1050 539.75 159.00 20.50 50.00 -1.360926
1050 108.94 182.18 22.38 54.58 -1.437992
1050 23.49 55.84 24.37 59.45 -1.601310
1050 87.10 85.16 52.90 129.03 -1.853391
1050 157.75 113.00 20.50 50.00 -1.894417
1050 72.95 111.53 28.92 70.53 -2.271135
1050 -0.32 81.73 26.57 64.81 -2.451364
1080 611.45 148.24 28.92 70.53 1.149468
1080 601.75 179.00 20.50 50.00 0.006738
1080 25.02 63.53 28.92 70.53 -0.540768
1080 207.75 161.00 20.50 50.00 -0.630678
1080 395.75 157.00 20.50 50.00 -0.967717
1080 296.79 171.27 22.38 54.58 -1.407743
1080 217.75 167.00 20.50 50.00 -1.426982
1080 8.85 60.00 31.54 76.92 -1.654624
1080 -0.25 67.00 20.50 50.00 -2.894068
1080 2.47 32.47 28.92 70.53 -3.549793
1110 257.75 151.00 20.50 50.00 0.304267
1110 421.75 155.00 20.50 50.00 0.090819
1110 380.26 153.88 28.92 70.53 -0.439456
1110 148.26 162.55 22.38 54.58 -0.625013
1110 469.75 169.00 20.50 50.00 -0.920592
1110 425.75 165.00 20.50 50.00 -1.019730
1110 399.75 157.00 20.50 50.00 -1.315261
1110 249.75 157.00 20.50 50.00 -1.374618
1110 67.75 63.00 20.50 50.00 -2.400548
1110 565.52 33.23 75.52 184.20 -3.069980
1140 178.46 162.16 26.57 64.81 -0.137936
1140 242.38 153.27 24.37 59.45 -0.356663
1140 399.41 150.89 24.37 59.45 -0.433803
1140 85.75 187.00 20.50 50.00 -0.460963
1140 425.37 156.71 28.92 70.53 -0.705783
1140 389.89 153.27 24.37 59.45 -1.109941
1140 135.75 151.00 20.50 50.00 -1.757818
1140 593.75 169.00 20.50 50.00 -1.779144
1140 505.75 145.00 20.50 50.00 -1.813507
1140 497.75 177.82 22.38 54.58 -1.847053
1140 80.55 199.64 22.38 54.58 -1.871930
1140 606.07 85.59 34.37 83.83 -2.221677
1140 -0.54 58.91 44.67 108.95 -3.008477
1170 561.19 160.40 24.37 59.45 1.105918
1170 145.75 181.00 20.50 50.00 0.068317
1170 196.54 152.31 31.54 76.92 -0.113532
1170 125.80 150.89 24.37 59.45 -0.373922
1170 403.75 171.00 20.50 50.00 -0.418529
1170 121.75 111.00 20.50 50.00 -0.482963
1170 593.75 159.00 20.50 50.00 -0.711551
1170 609.75 157.00 20.50 50.00 -0.954439
1170 240.00 146.14 24.37 59.45 -1.122274
1170 75.75 153.00 20.50 50.00 -1.208368
1170 414.25 141.41 26.57 64.81 -1.213849
1170 619.75 91.00 20.50 50.00 -1.333471
1170 25.87 160.40 24.37 59.45 -1.339072
1170 152.63 173.45 22.38 54.58 -1.517820
1170 98.33 108.71 28.92 70.53 -1.578608
1170 587.75 153.00 20.50 50.00 -1.736517
1170 570.71 143.76 24.37 59.45 -1.859793
1170 10.04 188.11 26.57 64.81 -2.132148
1170 541.15 -1.54 31.54 76.92 -4.165489
1170 523.12 10.69 24.37 59.45 -4.248157
1200 411.92 158.46 31.54 76.92 0.128380
1200 422.56 139.76 28.92 70.53 0.035020
1200 613.77 167.35 26.57 64.81 -0.848095
1200 495.75 175.00 20.50 50.00 -0.916476
1200 108.50 144.00 26.57 64.81 -1.135491
1200 82.97 98.61 24.37 59.45 -1.169231
1200 534.88 169.09 22.38 54.58 -1.481220
1200 401.64 75.27 22.38 54.58 -1.999865
1200 77.75 91.00 20.50 50.00 -2.245649
1230 421.77 141.82 44.67 108.95 0.282386
1230 76.54 140.00 31.54 76.92 -0.420133
1230 64.49 142.59 28.92 70.53 -0.907815
1230 608.85 161.54 31.54 76.92 -0.976406
1230 157.75 157.00 20.50 50.00 -1.062071
1230 185.75 157.00 20.50 50.00 -1.238364
1230 105.91 156.97 26.57 64.81 -1.468119
1230 369.75 159.00 20.50 50.00 -1.589377
1230 288.05 190.91 22.38 54.58 -1.700140
1230 532.64 165.15 24.37 59.45 -1.852575
1230 608.85 121.54 31.54 76.92 -1.903883
1230 23.49 84.36 24.37 59.45 -2.043305
1230 499.93 46.91 22.38 54.58 -3.257729
1260 555.75 181.00 20.50 50.00 0.134676
1260 492.15 139.30 34.37 83.83 0.115045
1260 77.41 154.38 26.57 64.81 -0.345323
1260 17.83 130.08 37.52 91.50 -0.351327
1260 426.07 130.69 48.64 118.64 -0.381354
1260 92.49 141.39 24.37 59.45 -0.400250
1260 509.96 165.18 28.92 70.53 -0.638070
1260 596.04 158.18 22.38 54.58 -0.646734
1260 615.91 155.64 24.37 59.45 -0.997278
1260 73.99 193.09 22.38 54.58 -1.178959
1260 137.75 131.00 20.50 50.00 -1.198688
1260 5.75 183.00 20.50 50.00 -1.307073
1260 466.02 167.52 24.37 59.45 -1.324661
1260 149.75 145.00 20.50 50.00 -1.371181
1260 526.14 164.73 22.38 54.58 -1.491357
1260 67.44 162.55 22.38 54.58 -1.696143
1260 36.44 139.30 34.37 83.83 -1.956995
1260 149.75 195.00 20.50 50.00 -2.233762
1260 530.26 22.57 24.37 59.45 -4.067538
1260 544.54 27.33 24.37 59.45 -4.071786
1260 -0.54 -2.18 44.67 108.95 -4.569577
1290 38.54 159.57 26.57 64.81 0.271257
1290 595.92 111.27 44.67 108.95 0.227117
1290 613.53 188.91 24.37 59.45 0.217610
1290 590.45 169.95 26.57 64.81 -0.402177
1290 428.48 162.80 34.37 83.83 -0.537509
1290 131.82 144.00 26.57 64.81 -0.840355
1290 103.75 165.00 20.50 50.00 -1.097578
1290 350.63 152.06 37.52 91.50 -1.132529
1290 503.36 121.41 57.98 141.42 -1.185995
1290 461.15 158.46 31.54 76.92 -1.209424
1290 575.00 161.54 31.54 76.92 -1.293732
1290 273.75 165.00 20.50 50.00 -1.332050
1290 -0.25 121.00 20.50 50.00 -1.726896
1290 30.77 151.78 26.57 64.81 -1.882852
1290 132.94 174.65 24.37 59.45 -2.015194
1320 525.65 129.23 34.37 83.83 0.260347
1320 61.75 147.00 20.50 50.00 -0.344180
1320 450.53 136.22 26.57 64.81 -0.520786
1320 555.75 185.00 20.50 50.00 -0.560466
1320 357.75 169.00 20.50 50.00 -0.671445
1320 593.75 175.00 20.50 50.00 -1.321065
1320 -0.65 80.00 52.90 129.03 -1.533843
1320 541.15 127.69 31.54 76.92 -1.724125
1320 45.77 87.69 31.54 76.92 -1.724592
1350 559.50 118.00 41.00 100.00 1.014695
1350 619.75 191.00 20.50 50.00 0.858402
1350 591.75 163.00 20.50 50.00 0.597930
1350 504.30 147.27 22.38 54.58 0.213718
1350 24.23 149.23 31.54 76.92 0.170400
1350 357.75 175.00 20.50 50.00 -0.104363
1350 427.21 159.57 26.57 64.81 -0.167794
1350 75.75 151.00 20.50 50.00 -0.663790
1350 539.50 110.00 41.00 100.00 -0.896058
1350 599.75 161.00 20.50 50.00 -1.032693
1350 518.86 133.74 37.52 91.50 -1.034840
1350 349.75 183.00 20.50 50.00 -1.930930
1350 -0.30 205.54 24.37 59.45 -1.964912
1350 415.75 73.00 20.50 50.00 -1.979611
1350 456.39 165.18 28.92 70.53 -1.985001
1350 110.38 87.69 31.54 76.92 -2.024448
1350 -0.30 43.96 24.37 59.45 -2.170427
1350 502.35 45.41 26.57 64.81 -2.371038
1350 16.34 75.52 34.37 83.83 -2.665597
1350 9.22 41.58 24.37 59.45 -3.564291
1380 157.75 169.00 20.50 50.00 0.941672
1380 352.07 168.00 28.92 70.53 0.801861
1380 592.00 159.21 48.64 118.64 0.340322
1380 35.75 147.00 20.50 50.00 0.246557
1380 583.50 114.00 41.00 100.00 0.117616
1380 556.43 165.15 24.37 59.45 -0.179778
1380 599.50 106.00 41.00 100.00 -0.414287
1380 563.50 114.00 41.00 100.00 -0.879202
1380 56.52 182.18 22.38 54.58 -0.943113
1380 417.75 149.00 20.50 50.00 -1.059042
1380 383.75 181.00 20.50 50.00 -1.202568
1380 491.92 158.46 31.54 76.92 -1.332787
1380 518.36 167.52 24.37 59.45 -1.384741
1380 -0.35 139.76 28.92 70.53 -1.431531
1380 451.88 149.45 22.38 54.58 -1.449824
1380 537.14 122.75 37.52 91.50 -1.475083
1380 425.75 155.00 20.50 50.00 -1.503082
1380 29.75 141.00 20.50 50.00 -1.563249
1380 96.75 146.01 34.37 83.83 -1.744835
1380 336.52 151.78 26.57 64.81 -1.764032
1380 388.53 162.55 22.38 54.58 -1.788381
1380 456.39 168.00 28.92 70.53 -2.153347
1380 -0.27 210.55 22.38 54.58 -2.377133
1380 533.44 27.24 26.57 64.81 -3.404089
1410 464.23 164.62 31.54 76.92 0.107773
1410 547.99 171.27 22.38 54.58 -0.116365
1410 25.58 133.09 44.67 108.95 -0.248263
1410 539.75 171.00 20.50 50.00 -0.341882
1410 437.47 146.14 24.37 59.45 -0.499939
1410 354.89 168.00 28.92 70.53 -1.037272
1410 -0.50 130.00 41.00 100.00 -1.145851
1410 249.75 181.00 20.50 50.00 -1.372476
1410 428.48 176.22 34.37 83.83 -1.397328
1410 118.06 95.48 52.90 129.03 -1.409159
1410 469.35 145.09 22.38 54.58 -1.422796
1410 594.50 205.54 24.37 59.45 -1.471326
1410 266.21 105.82 22.38 54.58 -1.548307
1410 93.75 167.00 20.50 50.00 -1.628710
1410 497.19 111.68 48.64 118.64 -2.224157
1410 559.00 44.00 82.00 200.00 -2.344751
1410 -0.50 54.00 41.00 100.00 -3.383710
1440 443.75 163.00 20.50 50.00 -0.577728
1440 587.74 95.48 52.90 129.03 -0.604564
1440 579.75 159.00 20.50 50.00 -0.845022
1440 125.77 176.92 31.54 76.92 -0.911815
1440 13.75 213.00 20.50 50.00 -0.999419
1440 393.52 172.54 26.57 64.81 -1.046571
1440 371.06 184.36 22.38 54.58 -1.074891
1440 141.71 166.91 22.38 54.58 -1.160984
1440 463.64 141.39 24.37 59.45 -1.484386
1440 553.75 199.00 20.50 50.00 -1.773480
1440 613.77 201.08 26.57 64.81 -1.979400
1440 550.17 51.27 22.38 54.58 -2.406432
1440 -0.50 62.00 41.00 100.00 -2.578519
1470 451.88 162.55 22.38 54.58 1.026650
1470 537.40 143.76 24.37 59.45 -0.332323
1470 341.70 146.59 26.57 64.81 -0.369487
1470 473.75 187.00 20.50 50.00 -0.401444
1470 201.93 184.16 24.37 59.45 -0.604698
1470 253.75 167.00 20.50 50.00 -0.743113
1470 471.75 167.00 20.50 50.00 -0.746248
1470 602.97 163.05 37.52 91.50 -0.896262
1470 461.26 184.16 24.37 59.45 -0.987794
1470 88.85 152.31 31.54 76.92 -1.107349
1470 377.75 167.00 20.50 50.00 -1.118651
1470 617.88 105.82 22.38 54.58 -1.322924
1470 -0.59 102.18 48.64 118.64 -1.807058
1470 357.71 173.65 28.92 70.53 -1.825751
1470 122.05 84.00 22.38 54.58 -1.924178
1470 521.75 211.00 20.50 50.00 -2.484983
1470 -0.65 18.07 52.90 129.03 -3.425592
1500 459.21 151.06 28.92 70.53 2.210710
1500 611.45 179.29 28.92 70.53 0.140293
1500 480.27 162.55 22.38 54.58 -0.045822
1500 394.51 152.06 37.52 91.50 -0.174397
1500 344.23 143.08 31.54 76.92 -0.964421
1500 475.90 175.64 22.38 54.58 -1.117091
1500 369.75 193.00 20.50 50.00 -1.121536
1500 617.88 156.00 22.38 54.58 -1.291822
1500 587.21 106.91 44.67 108.95 -1.315061
1500 617.88 49.09 22.38 54.58 -3.139398
1530 488.85 167.69 31.54 76.92 -0.376758
1530 482.46 136.36 22.38 54.58 -0.872515
1530 403.89 175.14 26.57 64.81 -0.884113
1530 211.92 192.31 31.54 76.92 -0.981976
1530 344.29 136.22 26.57 64.81 -1.276254
1530 495.75 145.00 20.50 50.00 -1.326120
1530 199.62 192.31 31.54 76.92 -1.520445
1530 469.75 147.00 20.50 50.00 -1.570994
1530 540.97 182.12 28.92 70.53 -1.627770
1530 482.68 158.02 24.37 59.45 -1.839730
1530 460.61 140.73 22.38 54.58 -1.849022
1530 102.39 171.27 22.38 54.58 -1.882265
1530 523.08 177.73 26.57 64.81 -2.253326
1530 531.75 235.00 20.50 50.00 -2.919552
1530 591.56 246.55 44.67 108.95 -3.185785
1560 519.75 175.00 20.50 50.00 -0.078224
1560 403.89 141.41 26.57 64.81 -0.257836
1560 489.81 129.50 24.37 59.45 -0.608297
1560 -0.25 191.00 20.50 50.00 -0.719230
1560 544.59 83.17 48.64 118.64 -1.013060
1560 499.93 134.18 22.38 54.58 -1.110387
1560 25.94 153.82 22.38 54.58 -1.190655
1560 529.75 171.00 20.50 50.00 -1.369477
1560 204.31 200.79 24.37 59.45 -1.676099
1560 381.98 232.36 22.38 54.58 -1.750541
1560 577.69 70.77 63.08 153.85 -1.775722
1560 182.40 177.71 37.52 91.50 -1.804931
1560 525.50 198.42 24.37 59.45 -1.941624
1560 390.72 129.82 22.38 54.58 -1.943819
1560 559.00 260.00 82.00 200.00 -3.002397
1590 506.47 131.88 24.37 59.45 -0.234429
1590 613.77 258.16 26.57 64.81 -0.939275
1590 -1.67 140.00 136.67 333.33 -1.170842
1590 232.86 200.79 24.37 59.45 -1.233487
1590 496.95 120.00 24.37 59.45 -1.440113
1590 489.75 133.00 20.50 50.00 -1.653562
1590 411.85 192.48 48.64 118.64 -1.664325
1590 251.50 90.00 41.00 100.00 -1.671812
1590 531.75 135.00 20.50 50.00 -1.804301
1590 187.58 204.00 22.38 54.58 -1.819530
1590 401.64 262.91 22.38 54.58 -2.229441
1590 542.47 21.82 89.69 218.76 -3.204949
1590 619.75 301.00 20.50 50.00 -4.001797
1590 619.75 319.00 20.50 50.00 -5.404560
1620 213.79 212.73 22.38 54.58 -1.186999
1620 361.75 207.00 20.50 50.00 -1.523895
1620 256.21 74.82 28.92 70.53 -1.863796
1620 517.75 119.00 20.50 50.00 -2.071191
1620 183.64 232.22 26.57 64.81 -2.178260
1620 565.52 48.00 75.52 184.20 -2.264601
1620 137.34 36.00 22.38 54.58 -2.814655
1620 9.22 329.11 24.37 59.45 -5.713320
1650 499.33 169.90 24.37 59.45 -0.470047
1650 613.77 92.11 26.57 64.81 -1.541269
1650 575.00 93.85 31.54 76.92 -1.742018
1650 617.75 207.00 20.50 50.00 -1.843134
1650 164.11 221.68 37.52 91.50 -1.855292
1650 445.04 230.50 48.64 118.64 -2.096380
1650 142.45 36.83 24.37 59.45 -3.431265
1650 427.31 287.69 31.54 76.92 -4.958960
1650 407.75 313.00 20.50 50.00 -5.188011
1680 613.77 94.70 26.57 64.81 -0.739934
1680 440.46 269.54 75.52 184.20 -0.891324
1680 617.88 182.18 22.38 54.58 -1.052777
1680 501.15 167.69 31.54 76.92 -1.061363
1680 425.75 195.69 75.52 184.20 -1.177820
1680 511.50 130.00 41.00 100.00 -1.556177
1680 571.33 70.59 57.98 141.42 -2.428516
1680 166.25 257.82 24.37 59.45 -3.273785
1680 68.70 279.21 24.37 59.45 -3.444247
1710 504.94 175.14 26.57 64.81 -0.335827
1710 619.75 189.00 20.50 50.00 -0.596404
1710 611.45 94.59 28.92 70.53 -0.910329
1710 530.51 127.64 22.38 54.58 -1.433668
1710 -0.32 175.14 26.57 64.81 -1.555565
1710 144.83 43.96 24.37 59.45 -2.184534
1710 449.78 249.50 48.64 118.64 -2.270538
1710 143.87 250.32 52.90 129.03 -3.103610
1710 446.73 307.76 57.98 141.42 -4.847798
1740 46.00 88.00 164.00 400.00 -0.384826
1740 592.00 125.94 48.64 118.64 -0.835838
1740 484.52 172.90 52.90 129.03 -1.280567
1740 613.77 102.49 26.57 64.81 -1.285024
1740 578.08 103.08 31.54 76.92 -2.147773
1740 611.45 221.65 28.92 70.53 -2.251516
1740 454.52 249.50 48.64 118.64 -2.555043
1740 61.86 55.78 26.57 64.81 -2.683356
1740 599.50 38.00 41.00 100.00 -3.032535
1740 9.75 363.00 20.50 50.00 -9.091853
1770 565.77 161.54 31.54 76.92 0.299224
1770 497.75 139.00 20.50 50.00 -0.095339
1770 613.77 102.49 26.57 64.81 -0.269924
1770 553.75 165.00 20.50 50.00 -0.901268
1770 22.20 170.82 28.92 70.53 -1.388878
1770 67.44 68.73 22.38 54.58 -1.521433
1770 476.12 179.29 28.92 70.53 -1.791844
1770 85.45 65.45 149.09 363.64 -1.933088
1770 571.98 204.71 28.92 70.53 -1.970821
1770 440.46 284.31 75.52 184.20 -2.377427
