30 368.91 174.05 37.52 91.50 4.437231
30 460.77 150.77 63.08 153.85 -0.920124
30 592.00 64.16 48.64 118.64 -1.514445
60 483.50 150.00 41.00 100.00 -0.257163
60 439.75 155.00 20.50 50.00 -0.408601
60 304.24 167.52 24.37 59.45 -0.557150
60 227.31 140.00 31.54 76.92 -0.965519
60 611.45 136.94 28.92 70.53 -1.494909
90 503.75 175.00 20.50 50.00 0.708288
90 329.75 185.00 20.50 50.00 0.503509
90 15.02 121.09 22.38 54.58 -0.181043
90 486.80 182.92 26.57 64.81 -0.278857
90 599.50 170.00 41.00 100.00 -0.408906
90 388.27 149.37 34.37 83.83 -0.858015
90 118.06 105.81 52.90 129.03 -1.180337
90 515.75 107.00 20.50 50.00 -1.850575
90 160.42 149.37 34.37 83.83 -1.936276
90 95.84 193.09 22.38 54.58 -1.968622
90 602.97 60.46 37.52 91.50 -2.831356
120 528.85 176.92 31.54 76.92 0.664756
120 552.46 179.58 34.37 83.83 -0.026051
120 39.62 183.08 31.54 76.92 -0.942623
120 338.29 188.73 22.38 54.58 -0.969776
120 460.61 171.27 22.38 54.58 -0.969959
120 441.75 173.00 20.50 50.00 -1.185487
120 606.07 109.09 34.37 83.83 -1.365182
120 501.75 171.00 20.50 50.00 -1.615972
120 95.00 84.00 82.00 200.00 -1.804995
150 507.14 159.53 28.92 70.53 -0.303969
150 617.88 173.45 22.38 54.58 -0.328477
150 375.75 203.00 20.50 50.00 -0.729914
150 389.75 203.00 20.50 50.00 -1.100699
150 547.99 171.27 22.38 54.58 -1.747223
150 399.62 176.92 31.54 76.92 -1.757406
150 134.62 89.23 63.08 153.85 -1.917498
180 435.18 182.94 34.37 83.83 0.413589
180 484.64 223.64 22.38 54.58 -0.742839
180 481.75 147.00 20.50 50.00 -0.929963
180 464.23 155.38 31.54 76.92 -1.536538
180 602.97 78.78 37.52 91.50 -1.888324
180 579.75 85.00 20.50 50.00 -2.349249
180 606.07 206.43 34.37 83.83 -2.731422
180 615.91 29.70 24.37 59.45 -3.114314
180 619.75 7.00 20.50 50.00 -4.513515
210 519.50 178.00 41.00 100.00 -0.569478
210 457.75 201.00 20.50 50.00 -0.975503
210 535.11 182.97 48.64 118.64 -1.171388
210 421.30 175.64 22.38 54.58 -1.187153
210 19.39 142.91 22.38 54.58 -1.583918
210 -0.42 159.44 34.37 83.83 -1.790124
210 539.78 148.51 24.37 59.45 -2.045593
210 615.91 70.10 24.37 59.45 -2.303944
210 562.74 196.03 37.52 91.50 -2.373079
210 116.78 48.00 75.52 184.20 -2.429825
210 565.95 257.82 24.37 59.45 -3.504608
210 525.75 253.00 20.50 50.00 -3.544909
240 619.75 147.00 20.50 50.00 0.001899
240 455.75 209.00 20.50 50.00 -0.301324
240 473.30 201.88 28.92 70.53 -0.344962
240 543.67 159.27 44.67 108.95 -0.682153
240 504.09 177.03 24.37 59.45 -0.749385
240 522.69 186.15 31.54 76.92 -0.876127
240 615.91 276.83 24.37 59.45 -1.298085
240 138.71 90.32 52.90 129.03 -1.431728
240 375.00 130.77 31.54 76.92 -1.496939
240 231.50 114.00 41.00 100.00 -1.512814
240 546.40 237.41 26.57 64.81 -3.053474
270 123.75 99.00 20.50 50.00 0.243242
270 591.50 234.00 41.00 100.00 -0.582153
270 -0.50 158.00 41.00 100.00 -0.690696
270 615.91 167.52 24.37 59.45 -1.023505
270 374.87 125.87 34.37 83.83 -1.102566
270 183.75 173.00 20.50 50.00 -1.499482
270 411.30 153.27 24.37 59.45 -1.587456
270 23.75 107.00 20.50 50.00 -1.730999
270 89.28 140.73 22.38 54.58 -1.790703
270 551.58 229.62 26.57 64.81 -1.898755
270 202.31 58.46 63.08 153.85 -3.172728
270 619.75 305.00 20.50 50.00 -3.576581
270 543.75 5.00 20.50 50.00 -3.923762
300 619.75 145.00 20.50 50.00 0.355262
300 85.77 75.39 31.54 76.92 -0.845144
300 269.75 159.00 20.50 50.00 -1.071224
300 250.57 136.94 28.92 70.53 -1.722684
300 527.75 179.00 20.50 50.00 -2.275843
300 -0.50 18.00 41.00 100.00 -3.875454
330 373.75 131.00 20.50 50.00 -0.228081
330 391.61 90.32 52.90 129.03 -0.940570
330 508.85 181.78 24.37 59.45 -1.302855
330 263.79 148.51 24.37 59.45 -1.339912
330 365.75 135.00 20.50 50.00 -1.567035
330 615.91 115.25 24.37 59.45 -1.690281
330 71.81 101.45 22.38 54.58 -1.739910
330 147.37 77.75 69.16 168.67 -2.048872
360 379.89 137.40 37.52 91.50 -0.430253
360 509.75 193.00 20.50 50.00 -0.664480
360 261.84 156.00 22.38 54.58 -0.970785
360 541.43 177.82 22.38 54.58 -0.989610
360 371.06 127.64 22.38 54.58 -1.440308
360 602.97 137.40 37.52 91.50 -1.659732
360 113.75 179.00 20.50 50.00 -1.951451
360 -0.38 112.31 31.54 76.92 -1.962860
360 197.70 33.23 75.52 184.20 -3.645034
360 378.76 25.41 57.98 141.42 -3.811241
360 -0.32 22.05 26.57 64.81 -4.054385
390 431.75 185.00 20.50 50.00 2.324038
390 375.75 127.00 20.50 50.00 0.458143
390 591.72 187.76 28.92 70.53 -0.499072
390 606.07 172.87 34.37 83.83 -0.943467
390 17.81 66.16 26.57 64.81 -1.433094
390 384.16 127.64 22.38 54.58 -1.439025
390 507.75 115.00 20.50 50.00 -1.576355
390 507.14 151.06 28.92 70.53 -1.589092
390 608.77 67.72 24.37 59.45 -1.826048
390 73.75 183.00 20.50 50.00 -2.246573
390 183.00 20.00 82.00 200.00 -4.066364
420 465.75 183.00 20.50 50.00 4.657206
420 535.00 180.00 31.54 76.92 0.860417
420 17.20 177.82 22.38 54.58 0.263612
420 525.77 189.23 31.54 76.92 0.055812
420 25.59 180.32 26.57 64.81 -0.258223
420 561.75 173.00 20.50 50.00 -0.657488
420 343.61 145.41 28.92 70.53 -0.688276
420 552.35 173.45 22.38 54.58 -0.767150
420 581.75 171.00 20.50 50.00 -0.818353
420 473.75 183.00 20.50 50.00 -0.957522
420 375.61 117.62 24.37 59.45 -1.041408
420 193.75 173.00 20.50 50.00 -1.163932
420 244.76 150.89 24.37 59.45 -1.222421
420 608.85 136.92 31.54 76.92 -1.631148
420 499.93 182.18 22.38 54.58 -1.693817
420 411.73 85.59 34.37 83.83 -2.109881
420 36.44 38.60 34.37 83.83 -2.563796
420 175.00 4.00 82.00 200.00 -3.907862
450 517.89 177.73 26.57 64.81 4.742815
450 589.75 199.00 20.50 50.00 0.032593
450 595.92 133.09 44.67 108.95 -0.399534
450 377.99 112.87 24.37 59.45 -0.840378
450 348.06 139.30 34.37 83.83 -0.994736
450 427.75 115.00 20.50 50.00 -1.331311
450 -0.25 69.00 20.50 50.00 -1.411050
450 230.79 132.59 34.37 83.83 -1.509079
450 525.67 185.51 26.57 64.81 -1.619806
450 539.75 191.00 20.50 50.00 -1.666961
450 3.75 59.00 20.50 50.00 -1.903497
450 -0.42 146.01 34.37 83.83 -1.924795
450 590.45 73.95 26.57 64.81 -2.134624
450 619.75 37.00 20.50 50.00 -3.594384
450 -0.27 29.45 22.38 54.58 -3.733433
450 167.00 -4.00 82.00 200.00 -4.975587
480 177.75 169.00 20.50 50.00 0.272769
480 343.50 126.00 41.00 100.00 -1.221890
480 394.65 93.86 24.37 59.45 -1.431629
480 -0.50 138.00 41.00 100.00 -1.880810
510 365.75 121.00 20.50 50.00 0.601531
510 -0.54 120.00 44.67 108.95 -1.187021
510 493.04 66.35 28.92 70.53 -1.304988
510 357.75 117.00 20.50 50.00 -1.388540
510 360.14 132.00 22.38 54.58 -1.627943
510 400.00 77.65 28.92 70.53 -1.675553
510 167.58 50.70 69.16 168.67 -2.490073
540 364.51 118.91 22.38 54.58 0.905200
540 143.89 164.73 22.38 54.58 -0.401575
540 230.79 129.23 34.37 83.83 -0.955433
540 165.38 64.61 63.08 153.85 -1.982283
540 412.56 70.91 22.38 54.58 -2.274522
570 370.86 117.62 24.37 59.45 0.095966
570 361.34 117.62 24.37 59.45 -0.465307
570 78.36 166.91 22.38 54.58 -1.115144
570 366.10 103.37 24.37 59.45 -1.211485
570 466.07 55.78 26.57 64.81 -1.431051
570 143.00 28.00 82.00 200.00 -1.874296
570 439.85 51.09 24.37 59.45 -1.896862
570 434.40 31.64 22.38 54.58 -2.365682
570 473.75 37.00 20.50 50.00 -3.024458
570 439.75 17.00 20.50 50.00 -3.144577
600 365.02 99.89 26.57 64.81 -0.486790
600 121.75 167.00 20.50 50.00 -0.723226
600 211.60 160.36 22.38 54.58 -1.238656
600 57.75 183.00 20.50 50.00 -2.111947
600 140.77 58.46 63.08 153.85 -2.427106
600 419.10 24.00 98.11 239.31 -3.964511
630 214.03 119.16 34.37 83.83 0.096314
630 370.20 97.30 26.57 64.81 -1.080705
630 204.31 155.64 24.37 59.45 -1.417896
630 -0.46 137.40 37.52 91.50 -2.043077
630 135.00 28.00 82.00 200.00 -3.724620
660 205.75 159.00 20.50 50.00 0.517955
660 57.75 183.00 20.50 50.00 -0.362978
660 78.22 162.77 24.37 59.45 -0.891887
660 231.75 153.00 20.50 50.00 -1.110174
660 31.75 179.00 20.50 50.00 -1.180590
660 189.75 159.00 20.50 50.00 -1.370169
660 119.00 20.00 82.00 200.00 -2.749636
660 87.00 20.00 82.00 200.00 -3.747617
690 33.75 163.00 20.50 50.00 -1.005703
690 80.55 88.36 22.38 54.58 -1.100059
690 199.75 103.00 20.50 50.00 -1.104435
690 115.75 177.00 20.50 50.00 -1.396100
690 43.41 171.27 22.38 54.58 -1.509066
690 381.57 78.88 34.37 83.83 -1.738876
690 12.63 141.41 26.57 64.81 -1.888551
690 122.31 46.15 63.08 153.85 -2.241273
690 368.17 68.81 34.37 83.83 -2.353078
690 489.81 43.96 24.37 59.45 -2.391106
720 362.43 159.57 26.57 64.81 -0.873971
720 374.62 70.77 63.08 153.85 -1.064975
720 156.54 133.85 31.54 76.92 -1.327612
720 365.26 49.47 37.52 91.50 -1.695160
720 388.34 48.00 26.57 64.81 -2.714621
720 35.86 18.46 75.52 184.20 -3.376928
720 102.07 18.46 75.52 184.20 -3.567415
720 72.64 18.46 75.52 184.20 -3.646847
750 366.69 156.00 22.38 54.58 0.529100
750 75.75 177.00 20.50 50.00 -0.996628
750 45.60 177.82 22.38 54.58 -1.552920
750 138.08 115.38 31.54 76.92 -1.790653
750 379.50 30.00 41.00 100.00 -2.164293
750 159.18 75.27 22.38 54.58 -2.471736
750 367.61 45.41 26.57 64.81 -2.774598
750 91.54 33.85 63.08 153.85 -3.570491
750 399.00 20.00 82.00 200.00 -3.575883
780 13.75 155.00 20.50 50.00 -1.438421
780 385.90 122.82 28.92 70.53 -1.532214
780 408.38 38.60 34.37 83.83 -2.392016
780 188.55 77.65 28.92 70.53 -2.682225
780 123.89 48.00 57.98 141.42 -2.945495
780 383.41 -2.38 48.64 118.64 -3.786247
780 350.00 15.38 63.08 153.85 -3.931652
780 73.08 15.38 63.08 153.85 -4.428236
810 87.75 157.00 20.50 50.00 -0.899285
810 171.00 127.13 24.37 59.45 -1.884534
810 399.62 7.69 31.54 76.92 -3.597143
840 73.75 161.00 20.50 50.00 -0.859542
840 427.75 157.00 20.50 50.00 -1.079780
840 95.84 156.00 22.38 54.58 -1.382438
840 395.75 19.77 57.98 141.42 -4.040170
870 449.75 155.00 20.50 50.00 0.443885
870 56.55 135.94 34.37 83.83 -0.313904
870 5.75 181.00 20.50 50.00 -0.363665
870 270.99 162.80 34.37 83.83 -1.266984
870 227.50 122.00 41.00 100.00 -1.349552
870 13.75 109.00 20.50 50.00 -2.414635
870 -0.42 28.53 34.37 83.83 -3.119948
870 425.13 -1.68 34.37 83.83 -4.158613
870 39.04 7.64 22.38 54.58 -4.885783
900 545.80 147.27 22.38 54.58 0.549465
900 615.91 179.41 24.37 59.45 0.165821
900 484.64 173.45 22.38 54.58 -0.218309
900 619.75 155.00 20.50 50.00 -0.673542
900 617.88 116.73 22.38 54.58 -0.956011
900 221.29 90.32 52.90 129.03 -1.456015
900 555.75 153.00 20.50 50.00 -1.541878
900 416.93 123.27 22.38 54.58 -1.552976
900 392.27 46.34 24.37 59.45 -1.849640
900 596.88 172.28 24.37 59.45 -2.081988
900 413.75 107.00 20.50 50.00 -2.214499
900 15.00 28.00 82.00 200.00 -2.508232
930 569.83 151.64 22.38 54.58 1.407471
930 502.35 156.97 26.57 64.81 0.745743
930 491.98 162.16 26.57 64.81 -0.700985
930 561.75 151.00 20.50 50.00 -0.703049
930 137.75 161.00 20.50 50.00 -0.844878
930 419.75 117.00 20.50 50.00 -1.143581
930 512.78 153.88 28.92 70.53 -1.266547
930 539.25 158.18 22.38 54.58 -1.291686
930 390.93 37.62 26.57 64.81 -1.925392
930 613.77 175.14 26.57 64.81 -2.170308
930 7.00 20.00 82.00 200.00 -2.780080
930 399.41 10.69 24.37 59.45 -4.382006
960 523.12 160.40 24.37 59.45 3.014440
960 584.98 150.89 24.37 59.45 1.565691
960 619.75 161.00 20.50 50.00 -0.947159
960 425.75 133.00 20.50 50.00 -1.373171
960 617.75 125.00 20.50 50.00 -1.432563
960 399.75 163.00 20.50 50.00 -1.890060
960 506.47 84.36 24.37 59.45 -2.081401
960 82.97 77.23 24.37 59.45 -2.472007
960 -1.00 28.00 82.00 200.00 -2.923660
990 530.26 165.15 24.37 59.45 4.317750
990 604.78 158.18 22.38 54.58 1.570694
990 523.75 181.00 20.50 50.00 -0.161060
990 541.75 169.00 20.50 50.00 -0.847671
990 510.85 182.18 22.38 54.58 -1.130224
990 135.32 160.40 24.37 59.45 -1.466450
990 582.60 143.76 24.37 59.45 -1.523233
990 613.52 156.00 22.38 54.58 -1.563390
990 508.67 90.55 22.38 54.58 -1.720950
990 229.94 119.08 37.52 91.50 -1.852704
990 396.11 42.81 26.57 64.81 -2.079442
990 -1.10 30.55 89.69 218.76 -2.208470
1020 528.26 167.35 26.57 64.81 3.086048
1020 613.52 162.55 22.38 54.58 -0.289394
1020 541.43 166.91 22.38 54.58 -0.312815
1020 519.75 187.00 20.50 50.00 -0.704839
1020 508.67 184.36 22.38 54.58 -1.611983
1020 400.00 46.59 28.92 70.53 -2.034966
1020 566.34 190.59 28.92 70.53 -2.289288
1020 -1.10 30.55 89.69 218.76 -2.662011
1050 526.87 170.82 28.92 70.53 3.183314
1050 63.07 204.00 22.38 54.58 0.119424
1050 141.75 181.00 20.50 50.00 0.046922
1050 7.75 267.00 20.50 50.00 -1.003281
1050 533.44 154.38 26.57 64.81 -1.101880
1050 619.75 143.00 20.50 50.00 -1.487690
1050 429.75 145.00 20.50 50.00 -1.522144
1050 397.18 49.41 28.92 70.53 -1.541306
1050 473.75 125.00 20.50 50.00 -1.620516
1050 425.75 133.00 20.50 50.00 -1.729349
1050 4.46 160.40 24.37 59.45 -1.826673
1050 -0.38 290.77 31.54 76.92 -3.099419
1050 11.54 46.15 63.08 153.85 -3.562464
1050 617.88 3.27 22.38 54.58 -4.980360
1080 521.23 170.82 28.92 70.53 2.309874
1080 138.85 99.69 75.52 184.20 -0.712373
1080 471.54 123.27 22.38 54.58 -0.848004
1080 425.75 139.00 20.50 50.00 -0.927186
1080 567.75 191.00 20.50 50.00 -1.132623
1080 505.75 103.00 20.50 50.00 -1.337901
1080 56.05 141.82 44.67 108.95 -1.407227
1080 20.00 183.23 52.90 129.03 -1.678279
1080 554.54 184.36 22.38 54.58 -1.717275
1080 400.00 46.59 28.92 70.53 -2.319253
1080 -0.92 48.00 75.52 184.20 -2.532253
1110 504.23 170.77 31.54 76.92 0.203012
1110 437.75 149.00 20.50 50.00 -0.656125
1110 429.75 147.00 20.50 50.00 -1.186524
1110 213.83 210.30 24.37 59.45 -1.250508
1110 206.69 174.65 24.37 59.45 -1.330092
1110 142.45 177.03 24.37 59.45 -1.423370
1110 470.78 191.29 24.37 59.45 -1.609250
1110 197.00 196.24 28.92 70.53 -2.087016
1110 -1.10 30.55 89.69 218.76 -2.623161
1140 497.75 184.36 22.38 54.58 -0.033022
1140 226.92 113.85 63.08 153.85 -0.498312
1140 427.75 149.00 20.50 50.00 -0.840840
1140 19.38 201.88 28.92 70.53 -1.052925
1140 226.45 188.39 52.90 129.03 -1.272040
1140 399.75 71.00 20.50 50.00 -1.454712
1140 417.75 215.00 20.50 50.00 -1.476538
1140 425.75 133.00 20.50 50.00 -1.496269
1140 608.85 180.00 31.54 76.92 -1.679417
1140 506.48 195.27 22.38 54.58 -1.708889
1140 81.75 99.00 20.50 50.00 -1.965110
1140 35.39 203.17 24.37 59.45 -2.302054
1140 -1.00 36.00 82.00 200.00 -2.378127
1170 123.75 189.00 20.50 50.00 -0.026994
1170 241.75 203.00 20.50 50.00 -0.466368
1170 425.75 147.00 20.50 50.00 -0.494894
1170 226.89 169.09 22.38 54.58 -0.579162
1170 473.75 127.00 20.50 50.00 -0.855425
1170 393.52 58.38 26.57 64.81 -1.124760
1170 132.97 186.55 22.38 54.58 -1.301494
1170 608.85 186.15 31.54 76.92 -1.381916
1170 515.22 193.09 22.38 54.58 -1.429623
1170 574.90 185.51 26.57 64.81 -1.685125
1170 247.75 197.00 20.50 50.00 -1.694853
1170 530.26 191.29 24.37 59.45 -1.927124
1170 67.44 195.27 22.38 54.58 -1.932951
1170 -0.92 55.38 75.52 184.20 -2.036124
1170 421.75 217.00 20.50 50.00 -2.062054
1170 115.75 193.00 20.50 50.00 -2.062380
1200 611.45 182.12 28.92 70.53 -0.504902
1200 235.24 165.15 24.37 59.45 -1.216791
1200 145.75 185.00 20.50 50.00 -1.315969
1200 528.26 182.92 26.57 64.81 -1.316682
1200 393.52 58.38 26.57 64.81 -1.330456
1200 245.75 199.00 20.50 50.00 -1.431661
1200 515.30 190.70 26.57 64.81 -1.841807
1230 611.45 182.12 28.92 70.53 0.075689
1230 431.75 147.00 20.50 50.00 -0.177915
1230 572.01 184.36 22.38 54.58 -0.595080
1230 509.75 195.00 20.50 50.00 -1.564336
1230 420.82 134.26 24.37 59.45 -1.745209
1230 390.38 47.69 31.54 76.92 -2.272857
1230 -0.92 48.00 75.52 184.20 -2.401373
1260 427.85 142.91 22.38 54.58 -0.260593
1260 478.94 182.12 28.92 70.53 -0.302814
1260 572.57 179.58 34.37 83.83 -0.374895
1260 141.71 162.55 22.38 54.58 -0.961823
1260 527.75 197.00 20.50 50.00 -1.139857
1260 615.91 167.52 24.37 59.45 -1.140954
1260 536.03 182.92 26.57 64.81 -1.222192
1260 597.75 177.00 20.50 50.00 -1.489923
1260 396.54 47.69 31.54 76.92 -1.517664
1260 379.75 177.00 20.50 50.00 -1.704267
1260 -0.50 218.00 41.00 100.00 -2.013605
1260 80.55 180.00 22.38 54.58 -2.122043
1260 -0.30 184.16 24.37 59.45 -2.195330
1260 -0.65 80.00 52.90 129.03 -2.361418
1260 485.75 49.00 20.50 50.00 -2.705603
1260 75.77 258.35 28.92 70.53 -3.981154
1290 582.62 182.94 34.37 83.83 -0.701030
1290 137.75 163.00 20.50 50.00 -0.881560
1290 121.04 226.93 24.37 59.45 -0.977592
1290 428.19 145.41 28.92 70.53 -0.982824
1290 444.61 148.51 24.37 59.45 -0.991971
1290 142.45 243.56 24.37 59.45 -1.013267
1290 539.78 193.66 24.37 59.45 -1.262159
1290 228.21 111.55 69.16 168.67 -1.306118
1290 515.75 195.00 20.50 50.00 -1.568069
1290 397.18 49.41 28.92 70.53 -1.650055
1290 390.93 154.38 26.57 64.81 -1.658670
1290 603.75 179.00 20.50 50.00 -1.659872
1290 -1.00 284.00 82.00 200.00 -4.219677
1320 619.75 185.00 20.50 50.00 -0.698000
1320 31.50 210.00 41.00 100.00 -0.849411
1320 5.29 196.24 28.92 70.53 -0.895141
1320 606.07 203.08 34.37 83.83 -0.951796
1320 391.62 48.67 34.37 83.83 -1.368041
1320 109.75 89.00 20.50 50.00 -1.443207
1320 429.75 183.00 20.50 50.00 -1.583140
1320 187.23 199.72 34.37 83.83 -2.006005
1320 521.77 199.64 22.38 54.58 -2.026392
1320 533.70 39.27 89.69 218.76 -2.722596
1320 409.75 13.00 20.50 50.00 -3.596222
1320 360.53 7.06 28.92 70.53 -4.354016
1350 613.77 182.92 26.57 64.81 0.857014
1350 553.75 205.00 20.50 50.00 0.026492
1350 506.48 114.55 22.38 54.58 -0.686116
1350 11.60 205.54 24.37 59.45 -0.719654
1350 67.03 60.00 176.63 430.80 -0.908155
1350 395.09 75.27 22.38 54.58 -1.392869
1350 405.03 35.24 34.37 83.83 -1.479683
1350 406.54 110.50 24.37 59.45 -1.524619
1350 432.71 169.90 24.37 59.45 -1.793886
1350 567.65 204.00 22.38 54.58 -1.905752
1350 585.97 176.22 34.37 83.83 -2.180824
1350 -1.00 44.00 82.00 200.00 -2.830373
1380 585.75 87.00 20.50 50.00 -0.166985
1380 409.07 182.92 26.57 64.81 -0.258665
1380 46.00 72.00 164.00 400.00 -0.297782
1380 574.90 185.51 26.57 64.81 -0.675505
1380 465.75 181.00 20.50 50.00 -0.896132
1380 -0.65 147.10 52.90 129.03 -1.053144
1380 -1.10 257.45 89.69 218.76 -1.125980
1380 408.38 25.18 34.37 83.83 -1.657153
1380 595.75 87.00 20.50 50.00 -1.715762
1380 393.52 105.08 26.57 64.81 -1.923187
1380 219.75 231.00 20.50 50.00 -2.619799
1380 399.62 41.54 31.54 76.92 -3.099500
1380 -0.32 40.22 26.57 64.81 -3.223005
1380 -0.32 16.86 26.57 64.81 -4.019965
1410 600.41 201.82 22.38 54.58 -0.286644
1410 455.29 179.58 34.37 83.83 -0.379425
1410 14.00 72.00 164.00 400.00 -0.496075
1410 611.33 68.73 22.38 54.58 -0.542615
1410 445.71 130.08 37.52 91.50 -1.095556
1410 435.75 181.00 20.50 50.00 -1.105847
1410 467.66 181.37 37.52 91.50 -1.835810
1410 -0.46 144.73 37.52 91.50 -1.889083
1410 530.85 92.11 26.57 64.81 -2.140071
1410 585.75 73.00 20.50 50.00 -2.865724
1410 6.86 42.14 37.52 91.50 -3.207559
1410 405.49 12.82 37.52 91.50 -3.293205
1410 530.51 22.91 22.38 54.58 -4.004519
1440 463.64 186.53 24.37 59.45 3.522194
1440 439.75 177.00 20.50 50.00 0.866183
1440 192.42 186.53 24.37 59.45 0.024376
1440 397.75 173.00 20.50 50.00 -0.610049
1440 535.75 139.00 20.50 50.00 -0.712876
1440 477.92 160.40 24.37 59.45 -0.921681
1440 84.23 199.06 28.92 70.53 -1.090999
1440 123.75 181.00 20.50 50.00 -1.333840
1440 407.75 175.00 20.50 50.00 -1.364390
1440 182.90 186.53 24.37 59.45 -1.391956
1440 449.37 126.41 37.52 91.50 -1.442598
1440 317.75 133.00 20.50 50.00 -1.734134
1440 -0.35 46.59 28.92 70.53 -1.855610
1440 456.25 193.09 22.38 54.58 -2.032855
1440 481.76 213.18 28.92 70.53 -2.380587
1440 61.75 63.00 20.50 50.00 -2.530636
1440 409.14 9.16 37.52 91.50 -3.732453
1440 559.00 12.00 82.00 200.00 -4.364788
1470 481.62 175.14 26.57 64.81 1.336930
1470 493.75 151.00 20.50 50.00 0.235664
1470 491.98 172.54 26.57 64.81 -0.212944
1470 443.54 120.00 44.67 108.95 -0.453985
1470 606.07 102.38 34.37 83.83 -0.559949
1470 313.75 131.00 20.50 50.00 -1.112642
1470 585.12 105.82 22.38 54.58 -1.356054
1470 141.71 190.91 22.38 54.58 -1.361442
1470 391.75 129.00 20.50 50.00 -1.422362
1470 519.75 81.00 20.50 50.00 -1.786911
1470 613.75 67.00 20.50 50.00 -2.281310
1470 -1.82 21.82 149.09 363.64 -2.896588
1470 408.85 20.00 31.54 76.92 -2.989112
1500 498.08 161.54 31.54 76.92 0.857939
1500 447.89 115.64 44.67 108.95 -0.004987
1500 216.13 141.94 52.90 129.03 -0.572948
1500 395.50 178.00 41.00 100.00 -0.733729
1500 -1.82 80.00 149.09 363.64 -0.974186
1500 606.07 102.38 34.37 83.83 -1.166764
1500 491.92 140.00 31.54 76.92 -1.220022
1500 569.72 128.43 26.57 64.81 -1.265952
1500 480.27 180.00 22.38 54.58 -1.572639
1500 43.41 46.91 22.38 54.58 -1.735535
1500 476.54 133.85 31.54 76.92 -1.798857
1500 533.44 92.11 26.57 64.81 -1.919032
1500 615.91 48.71 24.37 59.45 -2.700437
1500 401.30 27.24 26.57 64.81 -3.301286
1530 505.75 163.00 20.50 50.00 0.227155
1530 -2.00 72.00 164.00 400.00 -0.019516
1530 391.75 127.00 20.50 50.00 -0.096947
1530 574.80 125.65 28.92 70.53 -0.202887
1530 445.04 111.68 48.64 118.64 -0.343134
1530 487.75 181.00 20.50 50.00 -0.801475
1530 523.08 133.62 26.57 64.81 -1.278107
1530 617.88 92.73 22.38 54.58 -1.478515
1530 534.88 112.36 22.38 54.58 -2.109254
1530 619.75 41.00 20.50 50.00 -2.826017
1530 408.85 13.85 31.54 76.92 -3.138429
1560 511.75 171.00 20.50 50.00 0.943189
1560 481.75 183.00 20.50 50.00 0.910964
1560 -1.54 153.85 126.15 307.69 -0.289542
1560 445.04 111.68 48.64 118.64 -0.590183
1560 390.72 108.00 22.38 54.58 -0.590938
1560 577.62 125.65 28.92 70.53 -0.736896
1560 486.80 159.57 26.57 64.81 -0.893560
1560 392.89 173.47 48.64 118.64 -1.094476
1560 542.16 248.32 24.37 59.45 -1.184781
1560 525.75 91.00 20.50 50.00 -1.413521
1560 617.88 132.00 22.38 54.58 -1.523156
1560 91.50 82.00 41.00 100.00 -2.394376
1560 39.75 49.00 20.50 50.00 -2.955015
1560 613.77 35.03 26.57 64.81 -3.167868
1560 408.85 13.85 31.54 76.92 -3.204329
1560 451.88 5.45 22.38 54.58 -4.461861
1590 513.75 175.00 20.50 50.00 1.999998
1590 179.75 197.00 20.50 50.00 0.677361
1590 583.26 125.65 28.92 70.53 -0.094727
1590 447.89 115.64 44.67 108.95 -0.316669
1590 387.75 109.00 20.50 50.00 -0.431332
1590 479.50 134.00 41.00 100.00 -0.692260
1590 401.75 107.00 20.50 50.00 -0.792399
1590 619.75 139.00 20.50 50.00 -0.887400
1590 212.79 115.64 44.67 108.95 -1.510663
1590 517.75 249.00 20.50 50.00 -1.551666
1590 523.08 136.22 26.57 64.81 -1.602286
1590 615.91 91.48 24.37 59.45 -2.603978
1590 617.88 36.00 22.38 54.58 -2.831811
1590 33.75 45.00 20.50 50.00 -3.154178
1590 405.49 9.16 37.52 91.50 -3.913324
1620 513.61 169.90 24.37 59.45 1.982833
1620 482.46 182.18 22.38 54.58 0.230139
1620 399.75 113.00 20.50 50.00 -0.148649
1620 507.75 161.00 20.50 50.00 -0.713788
1620 455.00 124.62 31.54 76.92 -0.716472
1620 443.75 177.00 20.50 50.00 -0.866686
1620 587.31 106.15 31.54 76.92 -0.994783
1620 617.88 136.36 22.38 54.58 -1.240855
1620 197.70 99.69 75.52 184.20 -1.254883
1620 540.97 173.65 28.92 70.53 -1.348461
1620 619.75 95.00 20.50 50.00 -1.390882
1620 473.72 182.18 22.38 54.58 -1.663340
1620 103.50 174.00 41.00 100.00 -1.722970
1620 87.10 90.32 52.90 129.03 -1.974458
1620 539.75 117.00 20.50 50.00 -2.099256
1620 179.75 77.00 20.50 50.00 -2.255931
1620 33.75 47.00 20.50 50.00 -2.713937
1620 405.64 18.35 28.92 70.53 -3.389643
1650 517.41 171.27 22.38 54.58 1.454747
1650 447.75 177.00 20.50 50.00 0.451627
1650 87.75 159.00 20.50 50.00 -0.037934
1650 482.46 180.00 22.38 54.58 -0.052595
1650 125.75 187.00 20.50 50.00 -0.961842
1650 532.36 112.45 34.37 83.83 -0.997452
1650 513.04 206.18 22.38 54.58 -1.584293
1650 396.11 115.46 26.57 64.81 -1.619935
1650 530.51 84.00 22.38 54.58 -1.802225
1650 413.75 255.00 20.50 50.00 -1.803438
1650 453.03 119.08 37.52 91.50 -1.978464
1650 549.11 223.22 34.37 83.83 -2.029017
1650 520.74 248.32 24.37 59.45 -2.186869
1650 559.00 20.00 82.00 200.00 -4.011416
1680 523.75 179.00 20.50 50.00 1.680809
1680 531.75 161.00 20.50 50.00 1.516396
1680 478.22 125.94 48.64 118.64 1.324705
1680 419.75 187.00 20.50 50.00 0.874873
1680 532.64 177.03 24.37 59.45 0.769533
1680 615.91 139.01 24.37 59.45 0.491639
1680 449.78 116.44 48.64 118.64 0.401926
1680 423.75 169.00 20.50 50.00 -0.486783
1680 107.75 155.00 20.50 50.00 -0.587633
1680 111.00 172.00 82.00 200.00 -0.897905
1680 -1.54 178.46 126.15 307.69 -1.004144
1680 179.75 87.00 20.50 50.00 -1.600192
1680 403.82 180.00 22.38 54.58 -2.027393
1680 619.75 99.00 20.50 50.00 -2.126164
1680 427.75 193.00 20.50 50.00 -2.153185
1680 537.75 95.00 20.50 50.00 -2.301334
1680 19.75 49.00 20.50 50.00 -2.385442
1680 581.03 56.79 37.52 91.50 -2.430576
1680 411.73 8.39 34.37 83.83 -3.040128
1680 577.84 269.70 24.37 59.45 -4.278729
1710 528.85 183.08 31.54 76.92 3.468941
1710 421.75 193.00 20.50 50.00 2.585895
1710 557.75 181.00 20.50 50.00 2.206294
1710 451.75 187.00 20.50 50.00 -0.131807
1710 484.64 186.55 22.38 54.58 -0.273793
1710 522.69 167.69 31.54 76.92 -0.556848
1710 423.75 173.00 20.50 50.00 -0.566392
1710 91.75 185.00 20.50 50.00 -0.592628
1710 504.30 190.91 22.38 54.58 -0.877383
1710 110.16 199.72 34.37 83.83 -0.912605
1710 492.19 191.29 24.37 59.45 -1.029558
1710 551.58 81.73 26.57 64.81 -1.044292
1710 413.75 185.00 20.50 50.00 -1.049012
1710 563.57 160.40 24.37 59.45 -1.263640
1710 -0.25 61.00 20.50 50.00 -1.326041
1710 473.72 186.55 22.38 54.58 -1.634016
1710 87.77 92.11 26.57 64.81 -1.788495
1710 5.75 51.00 20.50 50.00 -1.994440
1710 -0.35 190.59 28.92 70.53 -2.078634
1710 397.75 181.00 20.50 50.00 -2.093412
1710 175.76 81.98 24.37 59.45 -2.130390
1710 555.75 237.00 20.50 50.00 -2.623381
1710 11.75 59.00 20.50 50.00 -3.203560
1710 587.74 23.23 52.90 129.03 -3.489843
1710 561.75 277.00 20.50 50.00 -3.689234
1710 617.88 297.82 22.38 54.58 -3.930992
1710 405.49 9.16 37.52 91.50 -3.982303
1710 266.21 308.73 22.38 54.58 -5.030605
1740 552.46 182.94 34.37 83.83 6.452232
1740 462.80 184.36 22.38 54.58 1.125610
1740 593.46 173.85 31.54 76.92 1.004677
1740 181.02 208.36 22.38 54.58 0.782096
1740 500.00 126.45 52.90 129.03 0.440559
1740 545.76 166.15 34.37 83.83 -0.077226
1740 479.62 133.85 31.54 76.92 -0.536480
1740 -2.00 56.00 164.00 400.00 -0.766043
1740 427.85 195.27 22.38 54.58 -1.102382
1740 590.38 195.38 31.54 76.92 -1.118973
1740 399.45 180.00 22.38 54.58 -1.175729
1740 479.03 185.51 26.57 64.81 -1.252104
1740 406.48 92.11 26.57 64.81 -1.732016
1740 608.58 180.32 26.57 64.81 -1.735078
1740 165.99 196.24 28.92 70.53 -1.832476
1740 420.11 64.12 37.52 91.50 -2.651850
1740 619.75 255.00 20.50 50.00 -3.347335
1740 409.07 16.86 26.57 64.81 -3.809063
1770 595.92 168.00 44.67 108.95 6.886886
1770 519.75 183.00 20.50 50.00 1.469354
1770 427.75 187.00 20.50 50.00 0.655350
1770 473.85 180.32 26.57 64.81 0.076565
1770 543.79 190.59 28.92 70.53 -0.052222
1770 423.48 169.09 22.38 54.58 -0.558027
1770 399.75 147.00 20.50 50.00 -0.845639
1770 55.00 84.00 82.00 200.00 -0.865196
1770 501.15 180.00 31.54 76.92 -0.897859
1770 -0.54 141.82 44.67 108.95 -0.961999
1770 440.96 97.09 22.38 54.58 -1.076407
1770 613.77 144.00 26.57 64.81 -1.121018
1770 405.75 109.00 20.50 50.00 -1.426467
1770 495.50 110.00 41.00 100.00 -1.524909
1770 215.75 201.00 20.50 50.00 -1.652355
1770 535.02 191.29 24.37 59.45 -1.661805
1770 129.34 264.00 28.92 70.53 -1.791959
1770 -0.25 51.00 20.50 50.00 -1.913964
1770 487.75 197.00 20.50 50.00 -1.936299
1770 449.75 189.00 20.50 50.00 -2.067968
1770 615.91 100.99 24.37 59.45 -2.121664
1770 173.28 76.54 26.57 64.81 -2.426788
1770 103.75 253.00 20.50 50.00 -2.478069
1770 577.75 7.00 20.50 50.00 -4.488086
