30 98.33 221.65 28.92 70.53 0.752997
30 543.67 163.64 44.67 108.95 0.403835
30 463.48 188.11 26.57 64.81 0.083689
30 113.46 213.85 31.54 76.92 -0.055965
30 619.75 131.00 20.50 50.00 -0.135388
30 529.75 223.00 20.50 50.00 -0.960235
30 490.22 179.29 28.92 70.53 -1.116851
30 -0.32 172.54 26.57 64.81 -1.343775
30 80.00 196.03 37.52 91.50 -2.040223
30 535.02 200.79 24.37 59.45 -2.087511
30 -0.84 43.94 69.16 168.67 -2.919680
30 343.00 12.00 82.00 200.00 -3.074399
30 595.92 10.91 44.67 108.95 -3.910938
30 430.38 380.00 31.54 76.92 -9.928436
60 577.69 126.15 63.08 153.85 1.015596
60 87.10 210.55 22.38 54.58 0.536457
60 484.58 173.65 28.92 70.53 0.218188
60 519.59 195.27 22.38 54.58 -0.001568
60 129.75 231.00 20.50 50.00 -1.328948
60 478.94 134.12 28.92 70.53 -1.916231
60 39.50 194.00 41.00 100.00 -2.214588
60 55.50 206.00 41.00 100.00 -2.549572
60 451.75 37.00 20.50 50.00 -3.031347
60 351.00 4.00 82.00 200.00 -3.296292
60 617.88 31.64 22.38 54.58 -3.673401
60 2.27 35.03 26.57 64.81 -3.825075
90 536.03 190.70 26.57 64.81 0.564862
90 611.17 185.51 26.57 64.81 -0.280699
90 39.50 210.00 41.00 100.00 -0.314958
90 -0.65 183.23 52.90 129.03 -0.678689
90 113.90 217.43 24.37 59.45 -0.777945
90 559.50 162.00 41.00 100.00 -1.452880
90 58.06 159.39 37.52 91.50 -1.667743
90 54.40 196.03 37.52 91.50 -1.984190
90 343.85 15.38 63.08 153.85 -2.874437
90 378.76 -2.82 57.98 141.42 -5.033177
120 16.87 216.00 44.67 108.95 0.351695
120 546.40 195.89 26.57 64.81 -0.002401
120 608.85 93.85 31.54 76.92 -0.930568
120 86.70 240.00 34.37 83.83 -0.987013
120 611.45 184.94 28.92 70.53 -1.384780
120 -0.54 220.36 44.67 108.95 -1.673625
120 99.75 213.00 20.50 50.00 -1.954220
120 615.91 58.22 24.37 59.45 -2.121181
120 608.85 241.54 31.54 76.92 -2.174406
120 350.22 30.89 48.64 118.64 -2.233080
120 3.75 27.00 20.50 50.00 -3.027975
120 369.68 -3.38 69.16 168.67 -3.994789
150 12.52 224.73 44.67 108.95 0.869951
150 577.69 126.15 63.08 153.85 -0.232937
150 548.99 206.27 26.57 64.81 -0.787735
150 344.78 36.71 57.98 141.42 -1.601862
150 499.50 166.00 41.00 100.00 -1.774492
150 37.77 210.30 24.37 59.45 -2.350210
150 608.85 50.77 31.54 76.92 -2.823257
150 613.77 263.35 26.57 64.81 -3.250551
150 367.12 -4.36 89.69 218.76 -4.635496
180 549.43 216.00 28.92 70.53 0.566782
180 4.52 234.84 52.90 129.03 0.442022
180 577.69 150.77 63.08 153.85 -0.284957
180 345.16 59.35 52.90 129.03 -0.320072
180 437.47 196.04 24.37 59.45 -2.000651
180 611.45 105.88 28.92 70.53 -2.205370
180 361.77 36.71 57.98 141.42 -2.529252
180 95.55 224.43 26.57 64.81 -2.601825
180 87.75 267.00 20.50 50.00 -2.713704
180 606.07 55.38 34.37 83.83 -2.939679
180 617.88 269.45 22.38 54.58 -3.476151
210 549.11 216.50 34.37 83.83 0.224791
210 565.52 121.85 75.52 184.20 -0.020423
210 -0.59 244.75 48.64 118.64 -0.358045
210 339.12 48.00 57.98 141.42 -0.721896
210 617.88 92.73 22.38 54.58 -1.023851
210 217.75 85.00 20.50 50.00 -1.384709
210 362.31 46.15 63.08 153.85 -1.716271
210 -0.25 53.00 20.50 50.00 -2.268185
210 619.75 275.00 20.50 50.00 -2.531363
210 75.77 275.29 28.92 70.53 -2.613488
210 448.85 32.31 31.54 76.92 -3.523278
240 587.74 172.90 52.90 129.03 0.543913
240 559.16 209.79 34.37 83.83 0.291253
240 496.91 152.06 37.52 91.50 -0.622493
240 432.71 184.16 24.37 59.45 -0.971063
240 427.85 199.64 22.38 54.58 -1.017524
240 -0.59 163.96 48.64 118.64 -1.380119
240 49.73 42.86 176.63 430.80 -1.400667
240 352.18 18.46 75.52 184.20 -1.640292
240 508.84 172.36 44.67 108.95 -1.771258
240 420.82 222.18 24.37 59.45 -2.632659
240 -0.35 241.41 28.92 70.53 -2.886965
240 322.76 18.46 75.52 184.20 -3.093164
240 506.48 27.27 22.38 54.58 -3.544699
270 571.92 213.85 31.54 76.92 0.151254
270 -0.30 160.40 24.37 59.45 -1.229628
270 506.47 165.15 24.37 59.45 -1.542418
270 438.77 199.64 22.38 54.58 -1.901673
270 613.77 118.05 26.57 64.81 -1.971346
270 613.77 68.76 26.57 64.81 -2.516658
270 351.00 4.00 82.00 200.00 -2.926552
300 567.50 190.00 41.00 100.00 -0.600051
300 504.30 162.55 22.38 54.58 -1.518766
300 582.65 127.06 57.98 141.42 -1.637943
300 352.18 11.08 75.52 184.20 -2.411246
300 611.45 247.06 28.92 70.53 -3.615987
330 567.50 194.00 41.00 100.00 -0.050695
330 432.39 195.89 26.57 64.81 -0.050891
330 27.27 94.55 149.09 363.64 -0.847833
330 508.85 174.65 24.37 59.45 -0.919841
330 613.77 118.05 26.57 64.81 -1.483043
330 496.95 179.41 24.37 59.45 -1.525998
330 351.00 4.00 82.00 200.00 -2.749568
360 499.33 188.91 24.37 59.45 -0.679401
360 508.85 177.03 24.37 59.45 -0.837035
360 567.50 202.00 41.00 100.00 -1.331596
360 438.06 110.97 52.90 129.03 -1.606097
360 493.38 182.18 22.38 54.58 -2.053245
360 352.18 11.08 75.52 184.20 -2.670869
360 23.00 36.00 82.00 200.00 -2.930151
390 507.50 146.00 41.00 100.00 -0.998799
390 606.96 64.36 22.38 54.58 -1.629440
390 439.62 87.69 31.54 76.92 -1.638521
390 570.06 199.69 37.52 91.50 -1.853066
390 352.18 11.08 75.52 184.20 -2.364388
390 57.75 277.00 20.50 50.00 -3.513749
390 319.00 12.00 82.00 200.00 -4.278459
420 508.85 172.28 24.37 59.45 -0.917351
420 27.27 65.45 149.09 363.64 -1.474440
420 577.69 113.85 63.08 153.85 -1.564269
420 343.00 4.00 82.00 200.00 -2.568442
450 30.00 72.00 164.00 400.00 -0.326271
450 567.50 206.00 41.00 100.00 -0.477734
450 530.26 212.67 24.37 59.45 -0.948299
450 582.65 138.35 57.98 141.42 -1.179520
450 344.83 25.85 75.52 184.20 -1.448163
480 49.73 60.00 176.63 430.80 -0.038076
480 594.50 224.55 24.37 59.45 -0.511847
480 570.06 214.35 37.52 91.50 -0.854040
480 395.68 42.86 176.63 430.80 -0.854256
480 352.18 40.62 75.52 184.20 -1.189992
480 613.77 84.32 26.57 64.81 -2.515463
510 25.94 206.18 22.38 54.58 0.720845
510 340.00 74.84 52.90 129.03 -0.483017
510 414.00 56.00 164.00 400.00 -1.163747
510 565.44 198.55 44.67 108.95 -1.419731
510 577.69 120.00 63.08 153.85 -1.656939
510 595.92 216.00 44.67 108.95 -1.784416
510 615.91 91.48 24.37 59.45 -2.258905
510 5.29 255.53 28.92 70.53 -3.662198
510 59.27 276.32 26.57 64.81 -3.793652
510 481.75 9.00 20.50 50.00 -4.100956
540 613.77 219.24 26.57 64.81 0.268040
540 -0.30 179.41 24.37 59.45 -0.421268
540 231.26 99.27 22.38 54.58 -1.305799
540 583.50 218.00 41.00 100.00 -1.352015
540 344.83 33.23 75.52 184.20 -1.950923
540 552.38 176.73 44.67 108.95 -2.027956
540 -1.00 268.00 82.00 200.00 -3.051220
540 491.75 21.00 20.50 50.00 -3.650517
540 611.45 7.06 28.92 70.53 -4.205253
570 571.79 118.31 69.16 168.67 -0.854931
570 3.75 201.00 20.50 50.00 -1.192195
570 22.20 201.88 28.92 70.53 -1.659745
570 343.00 28.00 82.00 200.00 -2.181797
570 404.85 9.60 197.95 482.80 -2.387067
570 -0.50 290.00 41.00 100.00 -3.063727
570 181.75 313.00 20.50 50.00 -3.294605
570 619.75 267.00 20.50 50.00 -4.427506
600 350.32 49.03 52.90 129.03 -1.200510
600 533.77 46.96 107.29 261.69 -2.483654
600 334.84 33.55 52.90 129.03 -2.877338
600 368.91 5.50 37.52 91.50 -4.489757
600 -0.30 314.85 24.37 59.45 -5.368526
630 358.36 -4.36 89.69 218.76 -3.723637
660 356.21 10.14 69.16 168.67 -3.871226
660 578.57 1.09 22.38 54.58 -5.128612
660 139.52 345.82 22.38 54.58 -7.328139
690 352.18 -3.69 75.52 184.20 -4.870650
720 84.92 206.18 22.38 54.58 -1.201513
720 358.36 4.36 89.69 218.76 -4.153246
750 87.50 238.00 41.00 100.00 -2.732520
750 412.26 38.71 52.90 129.03 -2.884097
750 601.64 3.56 24.37 59.45 -4.940468
780 24.23 204.62 31.54 76.92 -0.780585
780 4.86 221.84 26.57 64.81 -2.601543
780 376.42 23.66 69.16 168.67 -2.840328
780 405.38 21.54 63.08 153.85 -3.158220
810 25.02 207.53 28.92 70.53 -0.657947
810 451.50 214.00 41.00 100.00 -1.625635
810 5.77 198.46 31.54 76.92 -2.081891
810 412.74 36.71 57.98 141.42 -2.962665
810 376.42 23.66 69.16 168.67 -3.217085
840 25.02 210.35 28.92 70.53 -0.779474
840 -0.38 201.54 31.54 76.92 -1.231822
840 91.75 227.00 20.50 50.00 -1.941599
840 369.68 23.66 69.16 168.67 -2.755778
840 412.74 36.71 57.98 141.42 -3.324694
870 401.42 25.41 57.98 141.42 -3.163065
870 359.54 18.46 75.52 184.20 -4.026107
870 595.63 -1.30 26.57 64.81 -4.853957
900 27.84 210.35 28.92 70.53 -0.116806
900 -0.38 201.54 31.54 76.92 -1.591765
900 361.79 -4.80 98.11 239.31 -4.457235
930 25.02 207.53 28.92 70.53 -0.566858
930 376.42 30.42 69.16 168.67 -3.033364
930 412.26 49.03 52.90 129.03 -3.049894
930 597.36 -1.41 28.92 70.53 -4.196686
960 24.23 204.62 31.54 76.92 -1.031524
960 416.59 49.90 48.64 118.64 -2.808954
960 358.36 13.09 89.69 218.76 -3.790078
960 597.36 -1.41 28.92 70.53 -4.483078
990 563.50 150.00 41.00 100.00 -0.744213
990 412.26 43.87 52.90 129.03 -2.817799
990 369.68 23.66 69.16 168.67 -2.998021
990 597.36 -1.41 28.92 70.53 -4.511779
1020 27.84 210.35 28.92 70.53 -0.573502
1020 -0.42 199.72 34.37 83.83 -1.413108
1020 407.08 25.41 57.98 141.42 -3.092873
1020 359.54 18.46 75.52 184.20 -3.881053
1050 565.77 167.69 31.54 76.92 -1.909679
1050 -0.30 203.17 24.37 59.45 -1.960459
1050 9.18 15.65 107.29 261.69 -4.099748
1050 393.42 -4.36 89.69 218.76 -4.401585
1080 24.23 210.77 31.54 76.92 -0.318648
1080 -0.42 199.72 34.37 83.83 -0.944144
1080 412.26 43.87 52.90 129.03 -2.713736
1080 366.90 18.46 75.52 184.20 -3.899989
1080 596.54 -1.54 31.54 76.92 -4.675193
1110 -0.35 210.35 28.92 70.53 -2.284481
1110 401.42 25.41 57.98 141.42 -3.072154
1110 359.54 18.46 75.52 184.20 -3.710527
1140 27.84 210.35 28.92 70.53 -0.567154
1140 2.47 204.71 28.92 70.53 -1.568586
1140 393.42 -4.36 89.69 218.76 -4.288841
1140 597.36 -1.41 28.92 70.53 -4.621175
1170 574.20 180.00 22.38 54.58 -1.306450
1170 425.75 84.92 75.52 184.20 -2.161933
1170 412.74 36.71 57.98 141.42 -3.179915
1170 602.59 12.00 22.38 54.58 -4.585620
1200 571.75 195.00 20.50 50.00 -1.121311
1200 358.36 13.09 89.69 218.76 -3.553392
1200 -1.43 17.14 117.14 285.71 -3.649290
1200 597.36 -1.41 28.92 70.53 -4.318226
1200 611.15 1.19 24.37 59.45 -5.028496
1230 25.02 210.35 28.92 70.53 -0.779387
1230 407.08 19.77 57.98 141.42 -2.851944
1230 597.36 -1.41 28.92 70.53 -4.391354
1260 478.00 88.00 164.00 400.00 -1.158833
1260 24.23 204.62 31.54 76.92 -1.459245
1260 8.46 221.45 22.38 54.58 -1.553788
1260 407.08 19.77 57.98 141.42 -2.631196
1260 369.68 23.66 69.16 168.67 -3.410974
1290 27.84 210.35 28.92 70.53 -0.966421
1290 8.46 219.27 22.38 54.58 -1.383563
1290 380.26 128.47 28.92 70.53 -1.752922
1290 472.04 182.94 34.37 83.83 -1.812637
1290 407.08 19.77 57.98 141.42 -3.092451
1290 597.36 -1.41 28.92 70.53 -4.252760
1320 479.75 149.00 20.50 50.00 -0.902069
1320 376.42 23.66 69.16 168.67 -2.919911
1320 412.26 43.87 52.90 129.03 -2.959363
1350 25.02 210.35 28.92 70.53 -0.803863
1350 -0.46 188.70 37.52 91.50 -0.893357
1350 407.10 38.71 52.90 129.03 -3.072614
1350 597.36 -1.41 28.92 70.53 -4.638395
1380 570.71 181.78 24.37 59.45 -0.886417
1380 2.69 204.62 31.54 76.92 -1.065372
1380 401.42 25.41 57.98 141.42 -3.154517
1380 597.36 -1.41 28.92 70.53 -4.276313
1410 28.18 208.86 26.57 64.81 -0.799780
1410 -0.46 192.37 37.52 91.50 -1.170847
1410 358.36 21.82 89.69 218.76 -3.242817
1410 411.54 33.85 63.08 153.85 -3.686268
1440 25.02 210.35 28.92 70.53 -0.779778
1440 -0.42 199.72 34.37 83.83 -1.555892
1440 375.00 20.00 82.00 200.00 -3.406176
1470 352.06 128.43 26.57 64.81 -0.679797
1470 411.85 49.90 48.64 118.64 -2.828389
1470 17.91 33.60 98.11 239.31 -3.296654
1470 366.90 18.46 75.52 184.20 -3.542853
1470 597.36 -1.41 28.92 70.53 -4.572312
1500 374.25 18.46 75.52 184.20 -3.132291
1500 17.91 33.60 98.11 239.31 -3.570885
1500 410.11 37.18 69.16 168.67 -3.638129
1500 601.64 5.94 24.37 59.45 -4.923441
1530 462.80 190.91 22.38 54.58 -1.917094
1530 412.26 43.87 52.90 129.03 -2.950086
1530 366.90 18.46 75.52 184.20 -3.269572
1530 597.36 -1.41 28.92 70.53 -4.515029
1560 574.20 190.91 22.38 54.58 0.072519
1560 458.88 207.92 24.37 59.45 -1.243844
1560 407.08 36.71 57.98 141.42 -3.081380
1560 366.90 18.46 75.52 184.20 -3.466515
1560 597.36 -1.41 28.92 70.53 -3.975690
1590 575.75 193.00 20.50 50.00 -0.081536
1590 -0.27 175.64 22.38 54.58 -1.828092
1590 358.36 13.09 89.69 218.76 -3.634577
1590 597.36 -1.41 28.92 70.53 -4.207621
1620 568.33 191.29 24.37 59.45 -1.204959
1620 376.42 30.42 69.16 168.67 -1.603716
1650 471.50 222.00 41.00 100.00 -1.512706
1650 571.98 199.06 28.92 70.53 -1.514611
1650 139.52 223.64 22.38 54.58 -1.824486
1650 207.33 236.64 34.37 83.83 -1.912727
1650 374.25 48.00 75.52 184.20 -1.926622
1650 517.75 79.00 20.50 50.00 -2.074633
1650 447.93 218.82 28.92 70.53 -2.282355
1650 611.17 11.68 26.57 64.81 -4.142159
1650 458.88 336.24 24.37 59.45 -5.858716
1680 608.85 210.77 31.54 76.92 0.979879
1680 613.77 185.51 26.57 64.81 0.793715
1680 548.03 237.82 44.67 108.95 -0.013545
1680 367.12 56.73 89.69 218.76 -1.951890
1680 481.10 56.73 89.69 218.76 -2.589804
1680 49.66 262.57 24.37 59.45 -2.934275
1680 613.77 273.73 26.57 64.81 -3.439672
1710 587.74 167.74 52.90 129.03 0.540445
1710 -1.43 120.00 117.14 285.71 0.286052
1710 111.09 255.57 26.57 64.81 -2.155791
1710 28.51 55.38 75.52 184.20 -2.929882
1710 567.75 227.00 20.50 50.00 -2.997336
1710 355.41 36.52 107.29 261.69 -3.077701
1740 582.58 131.61 52.90 129.03 -1.352672
1740 415.75 251.00 20.50 50.00 -1.362029
1740 436.54 223.08 31.54 76.92 -2.082533
1740 592.00 59.41 48.64 118.64 -2.228718
1770 453.12 216.65 26.57 64.81 0.139018
1770 332.33 176.47 28.92 70.53 -0.033739
1770 340.48 151.64 22.38 54.58 -1.069970
1770 204.08 124.36 44.67 108.95 -1.621687
1770 165.75 9.00 20.50 50.00 -3.987495
1770 347.75 15.00 20.50 50.00 -4.166690
1770 442.29 18.35 28.92 70.53 -4.442272
1770 28.12 5.45 22.38 54.58 -4.999469
1800 59.75 275.00 20.50 50.00 -3.210425
1830 543.62 171.27 22.38 54.58 0.506423
1830 583.75 157.00 20.50 50.00 -0.040625
1830 349.44 172.28 24.37 59.45 -0.991391
1830 551.75 167.00 20.50 50.00 -1.068136
1830 617.88 66.55 22.38 54.58 -1.249228
1830 140.62 193.41 28.92 70.53 -1.512381
1830 411.66 208.86 26.57 64.81 -1.814875
1830 168.62 141.39 24.37 59.45 -1.832214
1830 255.41 111.68 48.64 118.64 -1.937061
1830 592.00 87.92 48.64 118.64 -2.120081
1830 -0.42 41.96 34.37 83.83 -2.738685
1830 203.75 13.00 20.50 50.00 -3.142511
1830 189.76 16.36 22.38 54.58 -3.248837
1830 135.22 36.71 57.98 141.42 -3.590376
1830 608.58 27.24 26.57 64.81 -3.962414
