30 183.21 169.09 22.38 54.58 1.424148
30 157.75 173.00 20.50 50.00 -0.027528
30 587.74 178.06 52.90 129.03 -0.892477
30 482.46 180.00 22.38 54.58 -1.224005
30 607.75 69.00 20.50 50.00 -1.365660
30 60.89 184.36 22.38 54.58 -1.426602
30 194.13 173.45 22.38 54.58 -1.527779
30 607.75 51.00 20.50 50.00 -3.011561
60 411.73 156.08 34.37 83.83 -0.259808
60 149.59 167.52 24.37 59.45 -0.384209
60 257.75 165.00 20.50 50.00 -0.635446
60 113.68 167.35 26.57 64.81 -1.020308
60 538.62 159.57 26.57 64.81 -1.214915
60 591.50 154.00 41.00 100.00 -1.290282
90 246.55 162.55 22.38 54.58 0.214344
90 113.68 159.57 26.57 64.81 -0.465040
90 51.75 181.00 20.50 50.00 -0.688259
90 608.85 158.46 31.54 76.92 -1.444366
90 13.75 177.00 20.50 50.00 -1.578889
90 177.75 165.00 20.50 50.00 -1.698934
90 253.75 95.00 20.50 50.00 -1.977153
90 484.21 206.27 26.57 64.81 -2.308906
90 617.88 70.91 22.38 54.58 -2.384096
120 361.75 161.00 20.50 50.00 0.446609
120 613.77 112.86 26.57 64.81 -0.254852
120 613.77 156.97 26.57 64.81 -0.434353
120 -0.25 131.00 20.50 50.00 -1.058837
120 466.02 186.53 24.37 59.45 -1.080014
120 574.20 101.45 22.38 54.58 -1.342629
120 526.14 112.36 22.38 54.58 -1.462369
120 292.42 156.00 22.38 54.58 -1.511443
120 619.75 95.00 20.50 50.00 -1.555333
120 155.75 169.00 20.50 50.00 -1.640879
120 573.71 181.37 37.52 91.50 -1.764643
120 550.38 93.85 31.54 76.92 -1.973670
120 537.40 93.86 24.37 59.45 -2.121913
120 488.80 172.87 34.37 83.83 -2.220418
150 551.67 184.16 24.37 59.45 -0.048556
150 2.08 160.40 24.37 59.45 -0.388849
150 143.44 148.24 28.92 70.53 -1.203124
150 261.75 159.00 20.50 50.00 -1.205725
150 368.99 153.88 28.92 70.53 -1.429813
150 303.75 169.00 20.50 50.00 -1.466257
150 30.31 164.73 22.38 54.58 -1.531349
150 15.02 164.73 22.38 54.58 -1.960787
150 526.87 74.82 28.92 70.53 -2.582628
150 559.00 36.00 82.00 200.00 -3.196261
150 617.88 9.82 22.38 54.58 -4.694604
180 208.28 142.59 28.92 70.53 -0.882126
180 299.75 173.00 20.50 50.00 -0.926666
180 305.75 167.00 20.50 50.00 -1.224590
180 379.75 147.00 20.50 50.00 -1.361673
180 337.75 155.00 20.50 50.00 -1.802261
180 619.75 67.00 20.50 50.00 -2.479794
210 23.04 132.59 34.37 83.83 -0.264037
210 419.74 131.29 28.92 70.53 -0.365055
210 317.75 159.00 20.50 50.00 -0.549966
210 346.88 133.62 26.57 64.81 -0.769304
210 602.97 152.06 37.52 91.50 -0.833096
210 251.89 122.75 37.52 91.50 -1.449289
210 181.05 151.78 26.57 64.81 -1.590497
210 297.65 144.00 26.57 64.81 -1.695141
210 48.85 149.23 31.54 76.92 -1.701054
210 599.75 93.00 20.50 50.00 -1.814849
210 146.26 151.06 28.92 70.53 -1.921262
240 617.75 165.00 20.50 50.00 1.792779
240 351.40 145.09 22.38 54.58 -0.232281
240 609.15 158.18 22.38 54.58 -0.263491
240 137.70 150.89 24.37 59.45 -0.669368
240 -0.32 162.16 26.57 64.81 -0.719533
240 209.55 151.78 26.57 64.81 -0.722314
240 235.75 169.00 20.50 50.00 -0.826300
240 201.78 141.41 26.57 64.81 -1.262689
240 69.75 175.00 20.50 50.00 -1.271794
240 370.86 117.62 24.37 59.45 -1.354756
240 219.56 151.06 28.92 70.53 -1.479417
240 285.75 141.00 20.50 50.00 -1.518461
240 251.89 130.08 37.52 91.50 -1.982184
240 56.52 195.27 22.38 54.58 -2.229039
270 205.75 149.00 20.50 50.00 -0.351625
270 269.75 103.00 20.50 50.00 -0.463488
270 156.73 134.26 24.37 59.45 -0.882311
270 234.56 98.18 44.67 108.95 -1.056283
270 318.51 148.51 24.37 59.45 -1.255336
270 67.50 126.00 41.00 100.00 -1.278163
270 -0.71 87.53 57.98 141.42 -1.463101
270 121.36 115.64 44.67 108.95 -1.907744
270 604.78 142.91 22.38 54.58 -2.046894
270 617.75 29.00 20.50 50.00 -2.643398
270 569.75 35.00 20.50 50.00 -3.735477
300 78.36 160.36 22.38 54.58 -0.006328
300 237.82 145.09 22.38 54.58 -0.654544
300 37.77 139.01 24.37 59.45 -0.738072
300 87.05 134.12 28.92 70.53 -1.412900
300 128.18 91.48 24.37 59.45 -1.939752
300 122.05 81.82 22.38 54.58 -2.292544
300 84.92 57.82 22.38 54.58 -2.943920
330 367.75 151.00 20.50 50.00 0.696519
330 -0.46 133.74 37.52 91.50 -1.013209
330 171.63 151.06 28.92 70.53 -1.907436
330 528.85 26.15 31.54 76.92 -3.468185
390 71.75 157.00 20.50 50.00 -0.790506
390 9.22 146.14 24.37 59.45 -1.314023
390 44.76 145.41 28.92 70.53 -1.419162
390 619.75 167.00 20.50 50.00 -1.993287
390 -0.30 117.62 24.37 59.45 -2.217312
420 290.24 182.18 22.38 54.58 0.011950
420 604.78 160.36 22.38 54.58 -0.275347
420 211.60 158.18 22.38 54.58 -1.424213
420 29.75 163.00 20.50 50.00 -1.711916
420 515.75 157.00 20.50 50.00 -1.875022
450 211.75 183.00 20.50 50.00 0.378606
450 493.04 162.35 28.92 70.53 -0.304626
450 617.88 156.00 22.38 54.58 -0.553581
480 489.75 193.00 20.50 50.00 -1.699038
480 123.75 201.00 20.50 50.00 -1.710334
480 196.31 195.27 22.38 54.58 -1.715036
480 501.75 189.00 20.50 50.00 -1.847543
480 227.75 203.00 20.50 50.00 -2.137523
480 592.00 140.20 48.64 118.64 -2.172685
510 617.88 145.09 22.38 54.58 -0.012033
510 387.75 203.00 20.50 50.00 -0.175947
510 521.75 205.00 20.50 50.00 -1.012101
510 298.08 186.15 31.54 76.92 -1.022490
510 167.75 215.00 20.50 50.00 -1.029652
510 149.59 200.79 24.37 59.45 -1.734643
510 101.15 189.23 31.54 76.92 -1.775645
510 531.75 207.00 20.50 50.00 -1.960643
510 179.75 211.00 20.50 50.00 -2.061371
540 54.09 214.05 26.57 64.81 0.094216
540 396.11 188.11 26.57 64.81 -0.222518
540 63.50 166.00 41.00 100.00 -0.824342
540 435.75 211.00 20.50 50.00 -0.957201
540 513.61 186.53 24.37 59.45 -1.611814
540 339.66 174.05 37.52 91.50 -1.797382
540 537.75 207.00 20.50 50.00 -2.046302
570 436.59 195.27 22.38 54.58 0.026892
570 391.54 168.00 28.92 70.53 -0.203787
570 77.75 209.00 20.50 50.00 -0.500833
570 95.51 187.76 28.92 70.53 -1.206561
570 457.75 205.00 20.50 50.00 -1.400988
570 446.99 191.29 24.37 59.45 -1.529121
570 8.89 140.20 48.64 118.64 -1.609108
570 65.26 206.18 22.38 54.58 -1.726851
570 429.75 203.00 20.50 50.00 -1.794162
570 -0.27 199.64 22.38 54.58 -2.270562
570 277.13 214.91 22.38 54.58 -2.360073
600 416.84 177.73 26.57 64.81 1.322011
600 460.89 172.54 26.57 64.81 -0.170561
600 451.75 181.78 24.37 59.45 -0.288770
600 428.48 156.08 34.37 83.83 -0.694186
600 368.48 165.15 24.37 59.45 -1.042137
600 179.50 158.00 41.00 100.00 -1.449285
600 520.49 177.73 26.57 64.81 -1.530614
600 606.07 102.38 34.37 83.83 -1.624506
600 31.50 206.00 41.00 100.00 -1.904266
600 -0.27 193.09 22.38 54.58 -2.304643
630 436.54 155.38 31.54 76.92 0.425600
630 489.81 158.02 24.37 59.45 0.423146
630 339.93 167.52 24.37 59.45 -0.716296
630 613.77 177.73 26.57 64.81 -0.752752
630 299.75 161.00 20.50 50.00 -0.782835
630 456.69 137.40 37.52 91.50 -1.018363
630 99.59 159.27 44.67 108.95 -1.093775
630 19.75 269.00 20.50 50.00 -1.352420
630 378.08 140.00 31.54 76.92 -1.532759
630 163.75 199.00 20.50 50.00 -1.617307
630 478.94 173.65 28.92 70.53 -1.705993
630 615.91 108.12 24.37 59.45 -1.742832
660 449.37 133.74 37.52 91.50 0.688321
660 474.97 133.74 37.52 91.50 0.157953
660 404.16 131.88 24.37 59.45 -0.428703
660 522.30 142.66 34.37 83.83 -0.486118
660 224.71 151.64 22.38 54.58 -0.753877
660 366.17 131.29 28.92 70.53 -1.017564
660 82.59 185.51 26.57 64.81 -1.263970
660 445.11 86.12 28.92 70.53 -1.551644
660 419.74 145.41 28.92 70.53 -1.818873
660 606.07 176.22 34.37 83.83 -1.980977
660 582.65 87.53 57.98 141.42 -2.158569
660 -0.35 213.18 28.92 70.53 -2.758611
690 546.40 169.95 26.57 64.81 0.574481
690 602.97 133.74 37.52 91.50 0.317058
690 369.75 171.00 20.50 50.00 0.063514
690 421.75 159.00 20.50 50.00 -0.400605
690 565.75 175.00 20.50 50.00 -1.135980
690 139.18 178.91 89.69 218.76 -1.261367
690 535.02 160.40 24.37 59.45 -1.280254
690 507.89 108.09 37.52 91.50 -1.462142
690 574.15 128.73 44.67 108.95 -1.549742
690 377.75 169.00 20.50 50.00 -1.599813
690 548.03 98.18 44.67 108.95 -1.706268
690 209.75 157.00 20.50 50.00 -1.885408
690 117.01 146.18 44.67 108.95 -2.008594
690 406.01 99.27 22.38 54.58 -2.104577
690 563.57 55.84 24.37 59.45 -2.353505
690 577.69 21.54 63.08 153.85 -3.939895
690 451.75 11.00 20.50 50.00 -4.480898
690 236.54 330.77 31.54 76.92 -4.775826
720 463.64 167.52 24.37 59.45 0.512509
720 443.14 112.36 22.38 54.58 -0.140508
720 46.81 154.46 48.64 118.64 -0.451737
720 429.75 179.00 20.50 50.00 -0.767918
720 -0.35 156.71 28.92 70.53 -0.977568
720 130.26 139.30 34.37 83.83 -0.990785
720 263.75 151.00 20.50 50.00 -1.007326
720 442.69 155.38 31.54 76.92 -1.882848
720 495.78 98.18 44.67 108.95 -2.161978
720 551.23 13.09 89.69 218.76 -2.518337
720 315.75 61.00 20.50 50.00 -2.729509
720 531.75 29.00 20.50 50.00 -3.812684
750 327.75 153.00 20.50 50.00 1.564776
750 582.62 149.37 34.37 83.83 0.682955
750 240.65 159.57 26.57 64.81 -0.229723
750 603.40 169.95 26.57 64.81 -0.315857
750 91.75 167.00 20.50 50.00 -0.712490
750 537.75 97.00 20.50 50.00 -0.967632
750 597.36 145.41 28.92 70.53 -1.326632
750 475.90 166.91 22.38 54.58 -1.385109
750 318.63 145.09 22.38 54.58 -1.443007
750 -0.32 175.14 26.57 64.81 -1.540092
750 537.75 71.00 20.50 50.00 -1.622835
750 611.45 131.29 28.92 70.53 -1.775693
750 505.75 173.00 20.50 50.00 -1.776246
750 606.07 52.03 34.37 83.83 -2.336372
780 377.61 147.27 22.38 54.58 1.579610
780 549.75 163.00 20.50 50.00 0.039050
780 -0.27 151.64 22.38 54.58 -0.311507
780 175.76 153.27 24.37 59.45 -0.712839
780 386.35 151.64 22.38 54.58 -0.902976
780 373.24 136.36 22.38 54.58 -1.132972
780 563.75 163.00 20.50 50.00 -1.277220
780 4.46 134.26 24.37 59.45 -1.540643
780 243.75 143.00 20.50 50.00 -1.660711
810 83.75 137.00 20.50 50.00 -0.247311
810 411.30 122.38 24.37 59.45 -0.673656
810 145.75 131.00 20.50 50.00 -0.996642
810 364.51 127.64 22.38 54.58 -1.107398
810 562.69 152.31 31.54 76.92 -1.694453
810 63.94 129.50 24.37 59.45 -1.760940
810 508.67 142.91 22.38 54.58 -1.905812
810 617.88 147.27 22.38 54.58 -2.092981
840 439.62 127.69 31.54 76.92 0.703204
840 417.75 147.00 20.50 50.00 -0.369001
840 329.75 149.00 20.50 50.00 -0.563863
840 515.75 181.00 20.50 50.00 -0.652368
840 105.91 141.41 26.57 64.81 -0.744980
840 425.75 147.00 20.50 50.00 -1.366277
840 200.63 125.87 34.37 83.83 -1.438316
840 388.53 140.73 22.38 54.58 -1.472400
840 -0.71 59.29 57.98 141.42 -2.125668
840 21.15 62.77 75.52 184.20 -2.498295
840 617.88 42.55 22.38 54.58 -2.776627
870 28.18 146.59 26.57 64.81 1.325793
870 495.75 179.00 20.50 50.00 0.331286
870 501.75 173.00 20.50 50.00 -0.430274
870 435.09 150.89 24.37 59.45 -0.482581
870 602.97 133.74 37.52 91.50 -0.518329
870 3.75 65.00 20.50 50.00 -0.540574
870 35.95 154.38 26.57 64.81 -0.998910
870 342.66 158.18 22.38 54.58 -1.062550
870 445.32 156.00 22.38 54.58 -1.085757
870 415.75 159.00 20.50 50.00 -1.300193
870 397.03 153.27 24.37 59.45 -1.830679
900 591.75 181.00 20.50 50.00 0.337011
900 619.75 189.00 20.50 50.00 -0.105418
900 501.50 148.24 28.92 70.53 -0.355354
900 574.80 145.41 28.92 70.53 -0.428339
900 335.00 146.15 31.54 76.92 -0.618991
900 257.75 175.00 20.50 50.00 -0.967065
900 45.77 136.92 31.54 76.92 -1.041204
900 608.85 140.00 31.54 76.92 -1.472022
900 421.75 173.00 20.50 50.00 -1.693675
900 515.60 132.59 34.37 83.83 -1.695271
900 528.46 76.92 63.08 153.85 -1.968097
930 565.44 111.27 44.67 108.95 -0.501320
930 243.75 179.00 20.50 50.00 -0.511479
930 430.33 169.90 24.37 59.45 -0.560591
930 56.52 184.36 22.38 54.58 -0.838493
930 535.75 171.00 20.50 50.00 -1.060992
930 166.25 174.65 24.37 59.45 -1.214951
930 338.01 149.37 34.37 83.83 -1.758881
930 445.11 153.88 28.92 70.53 -1.984845
930 582.52 106.93 48.64 118.64 -2.135658
960 146.08 201.82 22.38 54.58 -0.384948
960 245.75 173.00 20.50 50.00 -0.655929
960 617.88 103.64 22.38 54.58 -1.038860
960 417.75 195.00 20.50 50.00 -1.343086
960 473.75 191.00 20.50 50.00 -1.608006
990 391.75 203.00 20.50 50.00 -0.458690
990 261.38 164.76 26.57 64.81 -0.461632
990 273.13 159.53 28.92 70.53 -0.671956
990 487.40 190.59 28.92 70.53 -0.756320
990 551.77 174.05 37.52 91.50 -0.910445
990 403.75 207.00 20.50 50.00 -1.229036
990 506.48 197.45 22.38 54.58 -1.234092
990 543.75 217.00 20.50 50.00 -1.422013
990 10.62 138.35 57.98 141.42 -1.425951
990 575.50 158.00 41.00 100.00 -1.735579
990 611.75 207.00 20.50 50.00 -2.308837
1020 435.09 200.79 24.37 59.45 0.613789
1020 606.07 179.58 34.37 83.83 0.608953
1020 267.49 153.88 28.92 70.53 0.100458
1020 278.77 151.06 28.92 70.53 -1.235810
1020 473.46 183.08 31.54 76.92 -2.065381
1020 595.75 209.00 20.50 50.00 -2.091646
1020 411.75 191.00 20.50 50.00 -2.188204
1020 459.75 211.00 20.50 50.00 -2.253263
1020 565.46 228.00 22.38 54.58 -2.567884
1050 458.30 188.11 26.57 64.81 0.712125
1050 595.92 146.18 44.67 108.95 0.253707
1050 443.14 175.64 22.38 54.58 -0.228028
1050 473.30 184.94 28.92 70.53 -0.423910
1050 539.32 150.55 44.67 108.95 -0.577685
1050 270.93 136.63 24.37 59.45 -0.734722
1050 28.80 155.73 37.52 91.50 -0.747890
1050 515.22 206.18 22.38 54.58 -1.006652
1050 524.05 176.47 28.92 70.53 -1.192191
1050 580.08 144.00 26.57 64.81 -1.274374
1050 449.69 169.09 22.38 54.58 -1.297939
1050 -0.42 162.80 34.37 83.83 -1.329786
1050 430.33 172.28 24.37 59.45 -1.726571
1050 589.75 119.00 20.50 50.00 -1.796823
1080 546.40 190.70 26.57 64.81 0.998290
1080 485.06 169.90 24.37 59.45 0.932990
1080 512.78 159.53 28.92 70.53 -0.107513
1080 480.30 150.89 24.37 59.45 -0.267293
1080 65.75 185.00 20.50 50.00 -0.401098
1080 463.75 173.00 20.50 50.00 -0.682343
1080 554.17 198.49 26.57 64.81 -1.153887
1080 602.97 97.10 37.52 91.50 -1.378029
1080 463.75 151.00 20.50 50.00 -1.433200
1080 523.50 118.00 41.00 100.00 -1.882274
1110 543.81 156.97 26.57 64.81 -0.072489
1110 619.75 111.00 20.50 50.00 -0.589107
1110 61.75 177.00 20.50 50.00 -1.045332
1110 605.81 162.35 28.92 70.53 -1.069117
1110 467.17 138.55 22.38 54.58 -1.522943
1110 504.49 106.91 44.67 108.95 -1.584365
1110 549.11 119.16 34.37 83.83 -1.761055
1110 556.54 146.15 31.54 76.92 -1.934180
1110 488.85 158.46 31.54 76.92 -1.977866
1110 -0.54 128.73 44.67 108.95 -2.045612
1140 619.75 179.00 20.50 50.00 -0.158352
1140 522.30 115.80 34.37 83.83 -1.422210
1140 513.61 143.76 24.37 59.45 -1.846495
1140 191.75 55.00 20.50 50.00 -2.704924
1170 608.85 115.38 31.54 76.92 -0.667594
1170 267.75 119.00 20.50 50.00 -1.868491
1200 285.87 123.27 22.38 54.58 -1.095402
1200 484.21 105.08 26.57 64.81 -1.104720
1200 499.75 111.00 20.50 50.00 -1.796550
1200 602.97 93.44 37.52 91.50 -2.374275
1200 603.75 23.00 20.50 50.00 -4.068179
1230 432.22 151.64 22.38 54.58 0.476523
1230 489.39 136.22 26.57 64.81 0.209089
1230 127.75 147.00 20.50 50.00 -0.731619
1230 135.75 147.00 20.50 50.00 -1.023891
1230 67.75 111.00 20.50 50.00 -1.259222
1230 556.77 95.48 52.90 129.03 -1.793303
1230 210.68 112.45 34.37 83.83 -1.799829
1260 266.56 151.78 26.57 64.81 0.481759
1260 173.75 175.00 20.50 50.00 0.114366
1260 611.45 114.35 28.92 70.53 -2.086724
1290 447.94 159.57 26.57 64.81 0.010320
1290 218.16 149.45 22.38 54.58 -0.298273
1290 315.75 187.00 20.50 50.00 -0.346768
1290 417.75 179.00 20.50 50.00 -0.358297
1290 401.75 173.00 20.50 50.00 -0.421849
1290 543.81 188.11 26.57 64.81 -1.863173
1320 296.79 149.45 22.38 54.58 -1.062195
1320 483.75 209.00 20.50 50.00 -2.230899
1350 385.90 131.29 28.92 70.53 -1.322521
1350 129.34 105.88 28.92 70.53 -1.375260
1350 513.46 161.54 31.54 76.92 -1.513242
1380 613.53 115.25 24.37 59.45 -0.650621
1380 482.09 132.59 34.37 83.83 -1.136268
1380 515.59 97.41 28.92 70.53 -1.505332
1380 171.75 93.00 20.50 50.00 -1.536652
1380 499.76 105.08 26.57 64.81 -1.552020
1380 615.91 98.61 24.37 59.45 -1.667070
1380 87.77 102.49 26.57 64.81 -1.777090
1380 611.15 72.47 24.37 59.45 -2.529524
1410 54.09 89.51 26.57 64.81 -0.121631
1410 241.75 97.00 20.50 50.00 -0.153073
1410 599.50 70.00 41.00 100.00 -0.720867
1410 70.13 86.12 28.92 70.53 -2.109550
1410 279.32 92.73 22.38 54.58 -2.200135
1410 13.75 85.00 20.50 50.00 -2.436950
1410 615.91 46.34 24.37 59.45 -3.165213
1440 87.05 91.77 28.92 70.53 -1.366341
1440 17.75 89.00 20.50 50.00 -1.991069
1440 619.75 51.00 20.50 50.00 -2.433996
1440 174.47 42.55 22.38 54.58 -2.529507
1470 42.69 115.38 31.54 76.92 -1.158364
1470 29.75 143.00 20.50 50.00 -1.413202
1470 113.75 119.00 20.50 50.00 -1.712966
1470 440.16 102.49 26.57 64.81 -2.012111
1500 161.75 113.00 20.50 50.00 -1.032764
1500 92.49 127.13 24.37 59.45 -1.388847
1500 332.79 146.14 24.37 59.45 -1.553632
1500 -0.38 130.77 31.54 76.92 -1.832753
1500 253.75 161.00 20.50 50.00 -1.857830
1500 450.75 128.47 28.92 70.53 -1.945464
1530 329.56 156.00 22.38 54.58 0.526022
1530 163.55 79.64 22.38 54.58 0.083998
1530 237.82 166.91 22.38 54.58 -0.386169
1530 248.42 159.57 26.57 64.81 -0.935062
1530 555.43 148.40 37.52 91.50 -1.010908
1530 147.75 117.00 20.50 50.00 -1.451840
1530 619.75 67.00 20.50 50.00 -1.938718
1530 582.65 98.82 57.98 141.42 -2.135895
1530 91.54 46.15 63.08 153.85 -3.056135
1560 47.75 151.00 20.50 50.00 1.718008
1560 375.75 157.00 20.50 50.00 0.474607
1560 619.75 159.00 20.50 50.00 -0.581585
1560 65.75 147.00 20.50 50.00 -0.637451
1560 39.04 153.82 22.38 54.58 -1.084729
1560 447.94 159.57 26.57 64.81 -1.385648
1560 129.75 97.00 20.50 50.00 -1.469293
1560 483.75 139.00 20.50 50.00 -1.648093
1560 224.71 175.64 22.38 54.58 -1.653735
1560 -0.54 93.82 44.67 108.95 -1.668751
1560 152.55 79.14 26.57 64.81 -2.139835
1590 42.53 155.64 24.37 59.45 0.037748
1590 159.62 75.39 31.54 76.92 -0.360241
1590 599.50 158.00 41.00 100.00 -0.399717
1590 73.75 163.00 20.50 50.00 -0.532780
1590 425.37 151.06 28.92 70.53 -0.735099
1590 -0.25 175.00 20.50 50.00 -1.441348
1590 104.57 158.18 22.38 54.58 -1.477408
1590 523.12 143.76 24.37 59.45 -1.965110
1590 21.15 136.92 31.54 76.92 -1.969066
1590 415.75 97.00 20.50 50.00 -2.005547
1620 436.59 171.27 22.38 54.58 1.114479
1620 39.04 166.91 22.38 54.58 0.797334
1620 6.84 155.64 24.37 59.45 0.621772
1620 455.71 154.38 26.57 64.81 0.416407
1620 97.25 160.40 24.37 59.45 -0.412806
1620 54.42 155.64 24.37 59.45 -0.412903
1620 146.08 75.27 22.38 54.58 -0.556579
1620 421.75 147.00 20.50 50.00 -0.577834
1620 32.49 160.36 22.38 54.58 -0.606640
1620 619.75 165.00 20.50 50.00 -0.646128
1620 126.42 140.73 22.38 54.58 -1.028871
1620 111.75 99.00 20.50 50.00 -1.300838
1620 358.12 132.59 34.37 83.83 -1.419442
1620 211.67 60.00 136.67 333.33 -1.465747
1620 498.08 164.62 31.54 76.92 -1.573052
1620 80.00 154.38 26.57 64.81 -1.970913
1620 611.45 103.06 28.92 70.53 -2.050870
1650 467.17 162.55 22.38 54.58 3.682121
1650 493.38 164.73 22.38 54.58 0.850768
1650 549.29 158.02 24.37 59.45 0.774668
1650 427.21 131.03 26.57 64.81 -0.117381
1650 112.90 59.35 52.90 129.03 -0.508131
1650 471.75 149.00 20.50 50.00 -0.912778
1650 423.75 165.00 20.50 50.00 -0.979537
1650 447.75 109.00 20.50 50.00 -1.001682
1650 19.75 163.00 20.50 50.00 -1.044000
1650 435.09 103.37 24.37 59.45 -1.092214
1650 477.75 133.00 20.50 50.00 -1.199257
1650 406.54 155.64 24.37 59.45 -1.220711
1650 619.75 125.00 20.50 50.00 -1.349342
1650 419.74 77.65 28.92 70.53 -1.367764
1650 309.90 132.00 22.38 54.58 -1.592963
1650 225.10 159.57 26.57 64.81 -1.637805
1650 287.58 165.15 24.37 59.45 -1.847475
1650 460.61 86.18 22.38 54.58 -2.216420
1650 425.75 21.00 20.50 50.00 -3.850391
1680 527.88 162.77 24.37 59.45 4.512810
1680 559.35 156.97 26.57 64.81 2.496592
1680 544.23 146.15 31.54 76.92 -0.401564
1680 332.79 141.39 24.37 59.45 -0.656896
1680 608.85 106.15 31.54 76.92 -0.680617
1680 -0.59 92.67 48.64 118.64 -1.166529
1680 391.54 128.47 28.92 70.53 -1.232605
1680 491.75 109.00 20.50 50.00 -1.288655
1680 347.06 136.63 24.37 59.45 -1.330113
1680 489.39 172.54 26.57 64.81 -1.347874
1680 507.75 111.00 20.50 50.00 -1.453160
1680 318.24 156.71 28.92 70.53 -1.655576
1680 619.75 161.00 20.50 50.00 -1.707970
1680 451.92 69.23 31.54 76.92 -1.894811
1680 56.68 149.19 26.57 64.81 -1.898705
1680 464.00 108.09 37.52 91.50 -1.939452
1680 32.49 162.55 22.38 54.58 -2.135123
1680 161.37 55.64 22.38 54.58 -2.531289
1680 321.06 275.29 28.92 70.53 -4.022327
1710 568.85 152.31 31.54 76.92 -0.884511
1710 169.75 159.00 20.50 50.00 -1.416812
1710 367.75 191.00 20.50 50.00 -1.469932
1710 599.31 111.76 37.52 91.50 -1.563571
1710 608.85 75.39 31.54 76.92 -1.632326
1710 561.19 181.78 24.37 59.45 -1.707376
1710 303.34 68.73 22.38 54.58 -1.796549
1710 3.81 32.73 44.67 108.95 -2.506775
1740 170.69 167.35 26.57 64.81 1.764647
1740 135.50 134.00 41.00 100.00 -0.736181
1740 414.10 182.12 28.92 70.53 -0.956320
1740 351.40 77.45 22.38 54.58 -1.256699
1740 311.38 117.62 24.37 59.45 -1.370947
1740 -0.54 146.18 44.67 108.95 -1.490080
1740 603.75 185.00 20.50 50.00 -1.523216
1740 303.75 189.00 20.50 50.00 -1.670321
1740 345.75 67.00 20.50 50.00 -2.283809
1740 -0.77 33.85 63.08 153.85 -3.312456
1770 242.69 183.08 31.54 76.92 0.776161
1770 521.77 140.73 22.38 54.58 -0.618429
1770 21.11 181.78 24.37 59.45 -0.786392
1770 55.75 177.00 20.50 50.00 -1.158636
1770 349.75 183.00 20.50 50.00 -1.219815
1770 160.35 117.18 28.92 70.53 -1.277140
1770 175.09 56.79 37.52 91.50 -1.312049
1770 232.87 195.89 26.57 64.81 -1.515855
1770 606.07 182.94 34.37 83.83 -1.660059
1770 -0.54 85.09 44.67 108.95 -2.439629
1800 439.85 160.40 24.37 59.45 -0.122210
1800 613.77 133.62 26.57 64.81 -0.474513
1800 434.98 120.65 26.57 64.81 -0.483042
1800 604.78 153.82 22.38 54.58 -0.544939
1800 27.75 149.00 20.50 50.00 -0.735991
1800 120.88 187.76 28.92 70.53 -1.214695
1800 419.43 128.43 26.57 64.81 -1.470458
1800 419.11 94.91 22.38 54.58 -1.484591
1800 328.03 65.35 24.37 59.45 -1.566669
1800 463.48 159.57 26.57 64.81 -1.614873
1800 377.75 191.00 20.50 50.00 -2.280337
1800 61.15 41.54 31.54 76.92 -3.033163
1830 427.75 171.00 20.50 50.00 0.803010
1830 587.74 157.42 52.90 129.03 -0.494543
1830 543.50 142.00 41.00 100.00 -0.610911
1830 466.07 99.89 26.57 64.81 -1.667139
1830 484.21 92.11 26.57 64.81 -1.788115
1830 79.75 77.00 20.50 50.00 -2.135266
1830 571.79 70.99 69.16 168.67 -2.217732
1830 608.85 29.23 31.54 76.92 -3.744481
