30 611.45 148.24 28.92 70.53 1.459688
30 199.75 177.00 20.50 50.00 -0.154381
30 207.75 177.00 20.50 50.00 -0.177400
30 554.17 149.19 26.57 64.81 -0.597890
30 137.70 165.15 24.37 59.45 -0.618186
30 523.08 172.54 26.57 64.81 -1.018882
30 599.62 152.31 31.54 76.92 -1.068265
30 181.75 175.00 20.50 50.00 -1.119346
30 146.08 175.64 22.38 54.58 -1.250268
30 157.07 149.37 34.37 83.83 -1.289894
30 339.11 162.16 26.57 64.81 -1.395756
30 587.85 169.95 26.57 64.81 -1.557469
30 117.75 181.00 20.50 50.00 -1.665356
30 596.54 186.15 31.54 76.92 -1.746187
30 450.75 117.18 28.92 70.53 -1.885392
30 401.30 208.86 26.57 64.81 -2.428648
30 -1.19 33.60 98.11 239.31 -2.839181
30 489.81 234.06 24.37 59.45 -3.027337
30 602.97 23.82 37.52 91.50 -3.748683
30 552.25 9.88 28.92 70.53 -4.038269
60 213.75 175.00 20.50 50.00 0.859593
60 414.10 184.94 28.92 70.53 0.426791
60 12.63 172.54 26.57 64.81 0.347926
60 143.66 142.66 34.37 83.83 0.100283
60 125.80 160.40 24.37 59.45 -0.157862
60 171.50 142.00 41.00 100.00 -0.205324
60 435.75 121.00 20.50 50.00 -0.449265
60 445.11 196.24 28.92 70.53 -0.507526
60 439.75 183.00 20.50 50.00 -0.816483
60 482.68 86.73 24.37 59.45 -0.818239
60 513.61 81.98 24.37 59.45 -0.937519
60 281.75 163.00 20.50 50.00 -1.010527
60 159.62 152.31 31.54 76.92 -1.393441
60 12.63 94.70 26.57 64.81 -1.533013
60 454.13 48.71 24.37 59.45 -1.584807
60 -0.25 193.00 20.50 50.00 -1.603629
60 101.75 177.00 20.50 50.00 -1.645150
60 61.75 197.00 20.50 50.00 -1.742568
60 221.75 175.00 20.50 50.00 -1.942098
60 8.46 197.45 22.38 54.58 -1.958684
60 608.85 26.15 31.54 76.92 -2.936873
60 599.50 54.00 41.00 100.00 -3.226198
60 608.58 1.30 26.57 64.81 -3.962346
60 454.06 5.45 22.38 54.58 -4.186573
60 599.26 1.19 24.37 59.45 -4.501485
90 422.02 188.11 26.57 64.81 1.554741
90 606.96 134.18 22.38 54.58 0.648880
90 185.39 173.45 22.38 54.58 0.524417
90 458.88 103.37 24.37 59.45 -0.044196
90 445.24 186.29 34.37 83.83 -0.097447
90 196.31 169.09 22.38 54.58 -0.136060
90 207.75 173.00 20.50 50.00 -0.236008
90 432.39 188.11 26.57 64.81 -0.305401
90 5.75 189.00 20.50 50.00 -0.578095
90 362.69 146.15 31.54 76.92 -0.863995
90 531.75 137.00 20.50 50.00 -0.864879
90 215.31 137.40 37.52 91.50 -0.951530
90 410.38 199.64 22.38 54.58 -1.128975
90 59.90 146.01 34.37 83.83 -1.347195
90 115.75 177.00 20.50 50.00 -1.357755
90 606.07 270.21 34.37 83.83 -1.536774
90 543.01 70.59 57.98 141.42 -1.836636
90 100.20 86.18 22.38 54.58 -1.859603
90 21.15 63.08 31.54 76.92 -3.032398
90 506.48 5.45 22.38 54.58 -3.332091
90 508.67 20.73 22.38 54.58 -3.544804
90 515.30 29.84 26.57 64.81 -3.786538
90 619.75 15.00 20.50 50.00 -4.137379
90 497.75 9.00 20.50 50.00 -4.368153
90 522.30 1.68 34.37 83.83 -4.535636
120 170.10 173.45 22.38 54.58 1.063539
120 617.88 147.27 22.38 54.58 0.215426
120 202.87 169.09 22.38 54.58 0.176786
120 187.58 173.45 22.38 54.58 -0.165373
120 157.75 173.00 20.50 50.00 -0.420589
120 461.99 176.22 34.37 83.83 -0.603675
120 5.75 189.00 20.50 50.00 -0.938453
120 379.75 173.00 20.50 50.00 -1.197192
120 369.75 177.00 20.50 50.00 -1.283214
120 150.44 162.55 22.38 54.58 -1.310692
120 470.78 100.99 24.37 59.45 -1.596797
120 531.50 182.00 41.00 100.00 -1.609090
120 179.75 175.00 20.50 50.00 -1.847358
120 68.70 67.72 24.37 59.45 -2.003295
120 79.75 189.00 20.50 50.00 -2.014417
120 532.51 80.47 28.92 70.53 -2.443712
120 563.57 65.35 24.37 59.45 -2.604908
120 -0.54 41.45 44.67 108.95 -3.233953
120 599.75 25.00 20.50 50.00 -3.465358
120 468.66 24.65 26.57 64.81 -3.910299
150 166.25 165.15 24.37 59.45 1.773788
150 565.52 166.15 75.52 184.20 1.424414
150 194.13 166.91 22.38 54.58 0.697203
150 373.75 177.00 20.50 50.00 0.420172
150 185.75 171.00 20.50 50.00 0.344315
150 517.55 189.82 44.67 108.95 0.253829
150 129.75 183.00 20.50 50.00 0.155215
150 437.75 179.00 20.50 50.00 -0.198001
150 591.50 102.00 41.00 100.00 -0.459821
150 205.75 173.00 20.50 50.00 -0.753868
150 69.75 179.00 20.50 50.00 -0.793793
150 103.75 173.00 20.50 50.00 -1.223987
150 52.05 179.41 24.37 59.45 -1.375825
150 155.75 185.00 20.50 50.00 -1.440564
150 119.86 180.00 22.38 54.58 -1.640396
150 -0.71 87.53 57.98 141.42 -1.763033
150 477.47 84.51 69.16 168.67 -2.016706
150 12.98 45.31 34.37 83.83 -2.171659
150 561.94 22.05 26.57 64.81 -3.693724
150 605.77 29.23 31.54 76.92 -3.757184
180 157.53 156.71 28.92 70.53 1.544377
180 485.75 187.00 20.50 50.00 1.478404
180 383.75 171.00 20.50 50.00 0.747468
180 180.52 165.15 24.37 59.45 0.597016
180 115.75 173.00 20.50 50.00 0.423403
180 201.75 173.00 20.50 50.00 -0.044587
180 602.97 130.08 37.52 91.50 -0.776655
180 399.41 155.64 24.37 59.45 -0.978820
180 547.31 167.69 31.54 76.92 -1.152132
180 172.29 166.91 22.38 54.58 -1.223942
180 100.73 172.54 26.57 64.81 -1.278588
180 131.50 122.00 41.00 100.00 -1.439006
180 -0.35 170.82 28.92 70.53 -1.488250
180 597.36 190.59 28.92 70.53 -1.505779
180 41.13 177.73 26.57 64.81 -1.675141
180 517.89 182.92 26.57 64.81 -1.740919
180 123.75 175.00 20.50 50.00 -1.799415
180 619.75 39.00 20.50 50.00 -2.940148
180 9.68 343.23 52.90 129.03 -7.036692
210 505.75 197.00 20.50 50.00 1.489218
210 528.33 186.55 22.38 54.58 1.217052
210 103.46 149.37 34.37 83.83 0.123708
210 239.62 146.15 31.54 76.92 -0.057355
210 171.63 156.71 28.92 70.53 -0.097774
210 44.91 169.90 24.37 59.45 -0.145397
210 132.94 167.52 24.37 59.45 -0.184735
210 7.45 167.35 26.57 64.81 -0.323830
210 192.42 169.90 24.37 59.45 -0.577644
210 460.89 172.54 26.57 64.81 -1.103044
210 140.07 160.40 24.37 59.45 -1.211957
210 415.00 146.15 31.54 76.92 -1.363123
210 85.35 169.90 24.37 59.45 -1.413396
210 367.75 171.00 20.50 50.00 -1.432355
210 152.55 159.57 26.57 64.81 -1.842079
210 551.23 21.82 89.69 218.76 -2.507834
240 527.88 188.91 24.37 59.45 2.402847
240 69.03 144.73 37.52 91.50 0.833959
240 503.75 177.00 20.50 50.00 0.781965
240 60.89 175.64 22.38 54.58 0.304054
240 519.59 197.45 22.38 54.58 0.103115
240 599.50 170.00 41.00 100.00 0.097556
240 113.51 146.01 34.37 83.83 0.058126
240 234.14 139.30 34.37 83.83 -0.367552
240 178.14 167.52 24.37 59.45 -0.438622
240 602.97 111.76 37.52 91.50 -0.542330
240 4.46 169.90 24.37 59.45 -0.681732
240 453.55 116.13 52.90 129.03 -0.909182
240 133.75 185.00 20.50 50.00 -1.001083
240 279.32 156.00 22.38 54.58 -1.062104
240 430.81 116.44 48.64 118.64 -1.475597
240 405.75 175.00 20.50 50.00 -1.574895
270 589.49 186.55 22.38 54.58 6.209128
270 531.50 150.00 41.00 100.00 0.215286
270 593.86 197.45 22.38 54.58 0.176475
270 418.44 165.15 24.37 59.45 -0.184970
270 43.75 197.00 20.50 50.00 -0.235558
270 449.75 169.00 20.50 50.00 -0.729168
270 470.78 160.40 24.37 59.45 -0.824158
270 15.22 167.35 26.57 64.81 -0.956536
270 91.75 145.00 20.50 50.00 -1.258843
270 33.36 159.57 26.57 64.81 -1.405744
270 111.75 179.00 20.50 50.00 -1.424594
270 483.75 157.00 20.50 50.00 -1.558759
270 585.12 175.64 22.38 54.58 -1.563076
270 6.84 150.89 24.37 59.45 -1.601774
270 427.21 156.97 26.57 64.81 -1.628823
270 190.38 121.54 31.54 76.92 -1.736746
270 392.27 158.02 24.37 59.45 -1.745607
270 402.69 143.08 31.54 76.92 -1.812265
270 535.71 48.67 34.37 83.83 -2.237878
300 613.77 188.11 26.57 64.81 3.273572
300 139.75 181.00 20.50 50.00 0.167173
300 419.75 171.00 20.50 50.00 -0.143145
300 147.75 179.00 20.50 50.00 -0.152261
300 15.22 99.89 26.57 64.81 -0.452050
300 471.54 158.18 22.38 54.58 -0.472880
300 431.50 130.00 41.00 100.00 -0.553135
300 92.49 186.53 24.37 59.45 -0.652314
300 32.59 125.94 48.64 118.64 -1.136176
300 2.47 94.59 28.92 70.53 -1.139466
300 393.46 133.85 31.54 76.92 -1.142273
300 380.37 153.27 24.37 59.45 -1.336121
300 67.31 134.12 28.92 70.53 -1.371761
300 99.63 177.03 24.37 59.45 -1.417474
300 152.63 151.64 22.38 54.58 -1.543504
300 519.59 145.09 22.38 54.58 -1.575254
300 531.68 93.18 57.98 141.42 -1.596658
300 507.75 177.00 20.50 50.00 -1.627585
300 173.75 149.00 20.50 50.00 -1.913195
300 602.97 137.40 37.52 91.50 -2.073585
330 30.63 184.16 24.37 59.45 0.376068
330 161.49 174.65 24.37 59.45 0.128724
330 608.85 149.23 31.54 76.92 -0.000364
330 383.08 139.76 28.92 70.53 -0.624397
330 475.75 183.00 20.50 50.00 -0.907529
330 31.75 123.00 20.50 50.00 -0.969351
330 208.00 111.76 37.52 91.50 -1.131427
330 433.75 185.00 20.50 50.00 -1.268463
330 10.93 122.82 28.92 70.53 -1.379119
330 592.00 152.06 37.52 91.50 -1.441797
330 408.38 132.59 34.37 83.83 -1.516124
330 439.75 167.00 20.50 50.00 -1.533872
330 71.75 175.00 20.50 50.00 -1.585322
330 273.74 128.73 44.67 108.95 -1.610618
330 578.50 85.09 44.67 108.95 -1.668354
330 167.75 145.00 20.50 50.00 -1.685574
330 59.75 167.00 20.50 50.00 -1.687665
330 487.00 28.00 82.00 200.00 -2.771308
330 -0.35 55.06 28.92 70.53 -3.279368
360 499.93 182.18 22.38 54.58 0.005592
360 491.19 182.18 22.38 54.58 -0.133945
360 277.13 140.73 22.38 54.58 -0.257312
360 123.89 119.08 37.52 91.50 -0.577928
360 449.75 153.00 20.50 50.00 -0.652736
360 181.75 161.00 20.50 50.00 -0.924269
360 541.21 185.51 26.57 64.81 -0.970931
360 410.38 164.73 22.38 54.58 -1.140712
360 595.92 120.00 44.67 108.95 -1.181763
360 482.46 180.00 22.38 54.58 -1.236035
360 580.75 156.00 22.38 54.58 -1.351723
360 501.75 141.00 20.50 50.00 -1.381354
360 203.50 106.00 41.00 100.00 -1.539335
360 513.20 133.09 44.67 108.95 -1.711256
360 407.75 137.00 20.50 50.00 -1.763718
360 459.75 175.00 20.50 50.00 -1.771332
360 354.20 174.65 24.37 59.45 -1.775798
360 397.75 65.00 20.50 50.00 -1.834624
360 -0.77 64.61 63.08 153.85 -1.853080
360 545.80 66.55 22.38 54.58 -2.820845
390 437.75 169.00 20.50 50.00 1.472927
390 290.04 142.59 28.92 70.53 0.592702
390 606.07 125.87 34.37 83.83 0.431880
390 583.26 184.94 28.92 70.53 -0.641947
390 425.58 165.15 24.37 59.45 -0.749102
390 566.34 182.12 28.92 70.53 -0.765584
390 463.75 169.00 20.50 50.00 -0.828348
390 427.96 124.75 24.37 59.45 -0.846622
390 602.97 166.72 37.52 91.50 -0.878110
390 231.50 106.00 41.00 100.00 -1.147906
390 213.83 146.14 24.37 59.45 -1.148994
390 457.75 183.00 20.50 50.00 -1.156608
390 163.87 150.89 24.37 59.45 -1.171680
390 123.23 80.00 52.90 129.03 -1.492820
390 499.31 62.77 75.52 184.20 -1.515188
390 278.07 136.63 24.37 59.45 -1.692164
390 481.62 154.38 26.57 64.81 -1.748164
390 591.50 78.00 41.00 100.00 -2.515965
390 420.82 36.83 24.37 59.45 -2.522744
390 -0.32 73.95 26.57 64.81 -2.845855
390 439.85 36.83 24.37 59.45 -3.237356
420 496.91 137.40 37.52 91.50 1.293422
420 399.41 177.03 24.37 59.45 0.844830
420 288.85 140.00 31.54 76.92 -0.001931
420 462.80 182.18 22.38 54.58 -0.255526
420 203.75 151.00 20.50 50.00 -0.623868
420 216.74 131.29 28.92 70.53 -0.718598
420 427.75 157.00 20.50 50.00 -0.789471
420 9.75 103.00 20.50 50.00 -0.870261
420 412.56 180.00 22.38 54.58 -1.020702
420 242.18 151.64 22.38 54.58 -1.035427
420 -0.35 122.82 28.92 70.53 -1.053070
420 460.61 116.73 22.38 54.58 -1.160874
420 64.23 106.15 31.54 76.92 -1.396984
420 544.59 111.68 48.64 118.64 -1.398795
420 413.68 120.00 24.37 59.45 -1.548395
420 511.41 121.19 48.64 118.64 -1.601597
420 17.75 117.00 20.50 50.00 -1.725772
420 42.53 122.38 24.37 59.45 -1.866145
420 559.00 20.00 82.00 200.00 -2.561998
420 523.08 16.86 26.57 64.81 -4.251122
420 411.30 5.94 24.37 59.45 -4.768798
450 232.86 148.51 24.37 59.45 0.302234
450 507.75 139.00 20.50 50.00 0.241405
450 602.97 71.45 37.52 91.50 -0.010633
450 285.77 140.00 31.54 76.92 -0.530333
450 197.00 151.06 28.92 70.53 -0.592259
450 97.25 129.50 24.37 59.45 -0.645871
450 113.75 139.00 20.50 50.00 -0.890535
450 213.75 159.00 20.50 50.00 -1.034874
450 406.01 99.27 22.38 54.58 -1.050668
450 496.95 127.13 24.37 59.45 -1.062971
450 537.75 121.00 20.50 50.00 -1.166881
450 183.87 119.16 34.37 83.83 -1.256699
450 574.20 94.91 22.38 54.58 -1.313832
450 473.75 85.00 20.50 50.00 -1.359871
450 582.65 110.12 57.98 141.42 -1.456019
450 595.92 220.36 44.67 108.95 -1.474082
450 545.80 121.09 22.38 54.58 -1.670398
450 85.35 150.89 24.37 59.45 -1.774492
450 551.75 155.00 20.50 50.00 -1.996029
450 -0.84 64.22 69.16 168.67 -2.158713
450 525.77 226.15 31.54 76.92 -2.278702
450 206.96 198.49 26.57 64.81 -2.308322
450 571.75 33.00 20.50 50.00 -2.660296
450 510.12 6.49 26.57 64.81 -4.286447
480 41.23 186.55 22.38 54.58 0.015605
480 205.46 131.29 28.92 70.53 -0.144193
480 278.77 151.06 28.92 70.53 -0.259986
480 51.75 185.00 20.50 50.00 -0.381442
480 582.65 76.23 57.98 141.42 -0.554712
480 431.01 159.53 28.92 70.53 -0.728829
480 -0.59 106.93 48.64 118.64 -0.844464
480 95.75 185.00 20.50 50.00 -0.852538
480 398.32 169.51 34.37 83.83 -0.866311
480 73.46 133.85 31.54 76.92 -1.008876
480 222.38 134.12 28.92 70.53 -1.042707
480 87.75 187.00 20.50 50.00 -1.101290
480 471.00 124.00 82.00 200.00 -1.108695
480 51.50 123.24 26.57 64.81 -1.348974
480 205.75 199.00 20.50 50.00 -1.436522
480 583.50 154.00 41.00 100.00 -1.978892
480 503.75 101.00 20.50 50.00 -2.060749
510 95.55 154.38 26.57 64.81 0.380224
510 -0.35 108.71 28.92 70.53 -0.140538
510 170.10 125.45 22.38 54.58 -0.182260
510 8.16 120.00 44.67 108.95 -0.427732
510 557.75 131.00 20.50 50.00 -0.458087
510 54.42 167.52 24.37 59.45 -0.508614
510 421.78 176.22 34.37 83.83 -0.582620
510 608.85 170.77 31.54 76.92 -0.804587
510 282.69 146.15 31.54 76.92 -0.981240
510 606.07 99.02 34.37 83.83 -1.168546
510 461.26 41.58 24.37 59.45 -1.427856
510 497.75 188.73 22.38 54.58 -1.455774
510 411.75 199.00 20.50 50.00 -1.576416
510 215.50 138.00 41.00 100.00 -1.671745
510 479.50 58.00 41.00 100.00 -1.786513
510 84.92 162.55 22.38 54.58 -1.790366
510 473.85 45.41 26.57 64.81 -1.805786
510 615.91 51.09 24.37 59.45 -1.901456
510 234.14 68.81 34.37 83.83 -2.592431
510 551.75 5.00 20.50 50.00 -4.567602
540 458.43 210.55 22.38 54.58 0.120564
540 270.31 148.24 28.92 70.53 0.083159
540 167.75 143.00 20.50 50.00 -0.127569
540 552.46 132.59 34.37 83.83 -0.786307
540 60.89 173.45 22.38 54.58 -0.838640
540 130.07 115.64 44.67 108.95 -0.856933
540 71.08 162.77 24.37 59.45 -1.120145
540 510.00 150.77 63.08 153.85 -1.146011
540 495.86 216.00 28.92 70.53 -1.291278
540 -0.65 95.48 52.90 129.03 -1.728437
540 506.48 5.45 22.38 54.58 -4.114104
570 129.56 104.47 57.98 141.42 0.905126
570 543.28 110.40 98.11 239.31 -0.365583
570 43.14 139.30 34.37 83.83 -0.793324
570 112.90 95.48 52.90 129.03 -0.960293
570 276.54 146.15 31.54 76.92 -1.201559
570 239.75 177.00 20.50 50.00 -1.395122
570 30.39 149.23 31.54 76.92 -1.448412
570 478.94 176.47 28.92 70.53 -1.559319
570 361.75 163.00 20.50 50.00 -1.784282
570 587.74 64.52 52.90 129.03 -1.946223
600 111.13 164.73 22.38 54.58 1.590297
600 393.75 185.00 20.50 50.00 0.490637
600 72.23 151.78 26.57 64.81 0.136440
600 167.75 139.00 20.50 50.00 0.008260
600 371.06 153.82 22.38 54.58 -0.228767
600 274.35 139.30 34.37 83.83 -0.571889
600 362.32 158.18 22.38 54.58 -0.637341
600 233.45 190.91 22.38 54.58 -0.716616
600 84.23 80.47 28.92 70.53 -0.880750
600 142.19 182.92 26.57 64.81 -0.923767
600 -0.35 148.24 28.92 70.53 -0.965797
600 437.75 167.00 20.50 50.00 -1.083478
600 469.35 177.82 22.38 54.58 -1.156029
600 104.39 89.11 24.37 59.45 -1.168363
600 422.56 179.29 28.92 70.53 -1.425492
600 121.36 98.18 44.67 108.95 -1.566931
600 381.75 157.00 20.50 50.00 -1.601552
600 615.91 124.75 24.37 59.45 -1.912875
600 225.75 189.00 20.50 50.00 -2.101479
600 449.69 33.82 22.38 54.58 -3.110332
630 92.49 160.40 24.37 59.45 0.530399
630 582.65 144.00 57.98 141.42 0.336860
630 359.84 159.57 26.57 64.81 -0.031297
630 375.75 165.00 20.50 50.00 -0.181046
630 103.75 169.00 20.50 50.00 -0.260245
630 53.75 163.00 20.50 50.00 -0.999522
630 218.16 103.64 22.38 54.58 -1.003839
630 170.69 115.46 26.57 64.81 -1.027001
630 80.00 86.92 26.57 64.81 -1.158720
630 225.75 191.00 20.50 50.00 -1.250572
630 117.75 169.00 20.50 50.00 -1.308895
630 460.95 163.64 44.67 108.95 -1.360986
630 78.22 158.02 24.37 59.45 -1.536056
630 357.75 191.00 20.50 50.00 -1.568901
630 45.60 166.91 22.38 54.58 -1.618906
630 139.60 154.38 26.57 64.81 -1.651761
630 344.29 159.57 26.57 64.81 -1.716043
630 395.75 157.00 20.50 50.00 -1.814200
630 -0.42 28.53 34.37 83.83 -3.147946
630 511.23 3.56 24.37 59.45 -3.808371
630 487.75 5.00 20.50 50.00 -4.221303
660 137.70 162.77 24.37 59.45 0.347586
660 409.07 149.19 26.57 64.81 0.278669
660 82.69 136.92 31.54 76.92 0.168281
660 69.64 159.57 26.57 64.81 -0.263455
660 357.25 159.57 26.57 64.81 -0.629725
660 165.75 97.00 20.50 50.00 -0.694463
660 159.11 124.75 24.37 59.45 -0.949848
660 235.24 188.91 24.37 59.45 -1.030947
660 101.75 171.00 20.50 50.00 -1.185983
660 471.31 141.07 37.52 91.50 -1.240112
660 606.07 266.85 34.37 83.83 -1.242616
660 61.67 74.82 28.92 70.53 -1.332113
660 150.44 162.55 22.38 54.58 -1.339641
660 555.75 215.00 20.50 50.00 -1.437109
660 27.75 91.00 20.50 50.00 -1.472838
660 220.97 120.00 24.37 59.45 -1.576185
660 28.12 162.55 22.38 54.58 -1.578644
660 249.75 169.00 20.50 50.00 -1.689572
660 79.75 99.00 20.50 50.00 -1.764593
660 561.75 145.00 20.50 50.00 -1.799164
660 137.75 117.00 20.50 50.00 -1.952347
660 82.73 81.82 22.38 54.58 -2.329003
690 83.75 171.00 20.50 50.00 0.649888
690 44.76 159.53 28.92 70.53 0.406628
690 269.75 169.00 20.50 50.00 0.177990
690 433.75 169.00 20.50 50.00 0.094413
690 144.83 124.75 24.37 59.45 -0.014812
690 451.75 163.00 20.50 50.00 -0.017015
690 425.75 169.00 20.50 50.00 -0.083199
690 130.78 114.55 22.38 54.58 -0.352427
690 226.96 130.69 48.64 118.64 -0.539673
690 130.78 164.73 22.38 54.58 -0.581334
690 122.05 164.73 22.38 54.58 -0.666010
690 216.21 120.00 24.37 59.45 -0.701151
690 496.91 133.74 37.52 91.50 -0.758930
690 276.92 144.00 26.57 64.81 -0.810859
690 157.75 93.00 20.50 50.00 -0.894098
690 381.75 169.00 20.50 50.00 -0.938227
690 75.75 171.00 20.50 50.00 -0.972979
690 546.45 126.45 52.90 129.03 -0.981754
690 154.71 125.65 28.92 70.53 -1.023186
690 50.40 145.41 28.92 70.53 -1.052849
690 28.80 126.41 37.52 91.50 -1.117600
690 93.75 165.00 20.50 50.00 -1.143504
690 360.53 156.71 28.92 70.53 -1.360855
690 439.85 148.51 24.37 59.45 -1.370730
690 63.07 169.09 22.38 54.58 -1.466065
690 41.94 69.18 28.92 70.53 -1.561040
690 313.46 143.08 31.54 76.92 -1.678974
720 613.77 138.81 26.57 64.81 0.132768
720 33.75 173.00 20.50 50.00 0.006534
720 61.56 77.23 24.37 59.45 -0.002213
720 241.75 171.00 20.50 50.00 -0.295063
720 418.44 167.52 24.37 59.45 -0.318060
720 445.75 167.00 20.50 50.00 -0.428431
720 377.44 156.71 28.92 70.53 -0.632085
720 209.55 190.70 26.57 64.81 -0.853161
720 267.75 167.00 20.50 50.00 -1.039858
720 222.51 190.70 26.57 64.81 -1.124312
720 125.75 127.00 20.50 50.00 -1.142503
720 369.75 173.00 20.50 50.00 -1.143936
720 132.94 122.38 24.37 59.45 -1.151428
720 495.78 128.73 44.67 108.95 -1.190773
720 530.37 116.44 48.64 118.64 -1.306560
720 407.75 173.00 20.50 50.00 -1.574719
720 115.75 105.00 20.50 50.00 -1.584167
720 185.75 109.00 20.50 50.00 -1.734638
720 429.75 169.00 20.50 50.00 -1.794559
720 455.75 165.00 20.50 50.00 -1.863118
720 249.75 169.00 20.50 50.00 -1.896470
720 52.15 75.27 22.38 54.58 -1.906433
720 527.75 87.00 20.50 50.00 -2.021808
720 47.78 169.09 22.38 54.58 -2.027668
720 -0.54 120.00 44.67 108.95 -2.048690
720 22.20 66.35 28.92 70.53 -2.378704
720 75.84 74.85 24.37 59.45 -2.546272
750 432.71 162.77 24.37 59.45 1.449813
750 241.75 165.00 20.50 50.00 1.316992
750 530.97 100.65 52.90 129.03 0.218077
750 233.75 165.00 20.50 50.00 -0.221197
750 171.75 117.00 20.50 50.00 -0.258591
750 442.06 126.41 37.52 91.50 -0.360587
750 55.75 187.00 20.50 50.00 -0.472382
750 508.85 131.88 24.37 59.45 -0.870069
750 134.41 79.14 26.57 64.81 -0.890594
750 270.17 144.73 37.52 91.50 -0.907213
750 420.82 165.15 24.37 59.45 -0.938614
750 220.34 169.09 22.38 54.58 -0.941390
750 9.22 167.52 24.37 59.45 -0.949775
750 427.75 137.00 20.50 50.00 -1.109502
750 100.20 123.27 22.38 54.58 -1.299166
750 611.75 203.00 20.50 50.00 -1.468919
750 147.75 97.00 20.50 50.00 -1.488566
750 562.69 158.46 31.54 76.92 -1.710276
750 373.23 165.15 24.37 59.45 -1.719041
750 175.00 183.08 31.54 76.92 -1.743892
750 382.75 188.91 24.37 59.45 -1.962982
750 7.75 83.00 20.50 50.00 -2.002627
750 101.15 88.94 28.92 70.53 -2.298190
750 19.37 50.70 69.16 168.67 -2.777351
750 69.12 72.00 44.67 108.95 -2.841236
780 233.45 160.36 22.38 54.58 1.592813
780 432.22 162.55 22.38 54.58 1.283702
780 497.75 165.00 20.50 50.00 1.226955
780 197.75 169.00 20.50 50.00 0.979597
780 449.69 166.91 22.38 54.58 0.244661
780 439.85 153.27 24.37 59.45 0.209057
780 379.75 147.00 20.50 50.00 -0.177190
780 571.79 64.22 69.16 168.67 -0.664888
780 242.18 158.18 22.38 54.58 -0.677069
780 111.50 194.00 41.00 100.00 -0.734733
780 224.71 158.18 22.38 54.58 -0.877702
780 205.75 167.00 20.50 50.00 -0.927742
780 551.61 85.16 52.90 129.03 -0.970949
780 120.42 98.03 69.16 168.67 -0.984020
780 125.80 72.47 24.37 59.45 -1.105914
780 250.92 160.36 22.38 54.58 -1.288683
780 433.75 131.00 20.50 50.00 -1.311886
780 85.18 76.54 26.57 64.81 -1.381446
780 259.50 126.00 41.00 100.00 -1.708445
780 535.50 114.00 41.00 100.00 -1.739818
780 387.75 149.00 20.50 50.00 -1.808075
780 95.55 81.73 26.57 64.81 -2.081227
780 73.46 89.11 24.37 59.45 -2.105115
780 4.15 64.16 48.64 118.64 -2.392105
780 33.48 57.88 28.92 70.53 -2.557279
780 -0.25 243.00 20.50 50.00 -2.712609
780 585.26 32.43 26.57 64.81 -3.782160
810 509.75 159.00 20.50 50.00 2.158936
810 165.75 169.00 20.50 50.00 1.351185
810 231.26 153.82 22.38 54.58 1.121255
810 127.75 161.00 20.50 50.00 0.502402
810 36.15 181.54 63.08 153.85 0.077891
810 606.07 132.59 34.37 83.83 -0.171421
810 438.77 156.00 22.38 54.58 -0.256086
810 443.14 166.91 22.38 54.58 -0.520019
810 197.75 163.00 20.50 50.00 -0.568218
810 87.50 74.00 41.00 100.00 -0.701147
810 382.59 133.09 44.67 108.95 -0.775642
810 458.08 143.08 31.54 76.92 -0.803609
810 135.32 150.89 24.37 59.45 -0.942313
810 571.33 70.59 57.98 141.42 -1.085788
810 61.56 115.25 24.37 59.45 -1.405900
810 56.55 65.45 34.37 83.83 -1.738575
810 125.80 67.72 24.37 59.45 -1.833250
810 338.29 177.82 22.38 54.58 -1.834139
810 75.84 70.10 24.37 59.45 -2.417161
810 414.74 212.73 22.38 54.58 -2.417922
810 28.25 55.84 24.37 59.45 -2.825663
840 195.75 167.00 20.50 50.00 2.835238
840 515.75 157.00 20.50 50.00 1.747272
840 201.75 159.00 20.50 50.00 0.692428
840 185.39 158.18 22.38 54.58 0.356747
840 111.75 147.00 20.50 50.00 -0.140574
840 390.93 131.03 26.57 64.81 -0.540371
840 470.48 139.76 28.92 70.53 -0.669193
840 577.69 58.46 63.08 153.85 -0.904157
840 77.82 72.00 44.67 108.95 -1.141880
840 119.75 73.00 20.50 50.00 -1.162988
840 119.75 147.00 20.50 50.00 -1.269220
840 56.68 144.00 26.57 64.81 -1.546681
840 213.79 151.64 22.38 54.58 -1.602972
840 340.79 176.47 28.92 70.53 -1.766928
840 37.33 49.90 48.64 118.64 -2.041555
840 -0.59 102.18 48.64 118.64 -2.339056
840 545.80 25.09 22.38 54.58 -2.473196
840 -0.65 33.55 52.90 129.03 -3.916638
870 519.75 159.00 20.50 50.00 0.844052
870 582.65 64.94 57.98 141.42 0.554354
870 441.75 159.00 20.50 50.00 0.437655
870 12.98 135.94 34.37 83.83 -0.693897
870 97.69 70.77 63.08 153.85 -0.832708
870 473.85 146.59 26.57 64.81 -1.020576
870 47.09 174.05 37.52 91.50 -1.173930
870 23.85 58.46 63.08 153.85 -1.214903
870 396.54 124.62 31.54 76.92 -1.229256
870 179.56 97.43 48.64 118.64 -1.245733
870 334.66 176.22 34.37 83.83 -1.260372
870 454.06 94.91 22.38 54.58 -1.521933
870 212.74 125.94 48.64 118.64 -1.861155
870 54.62 58.46 63.08 153.85 -1.882148
870 191.75 35.00 20.50 50.00 -2.875260
870 549.75 25.00 20.50 50.00 -3.149787
900 443.75 169.00 20.50 50.00 1.693710
900 519.75 167.00 20.50 50.00 1.133648
900 -0.46 133.74 37.52 91.50 0.635260
900 577.69 70.77 63.08 153.85 0.107594
900 459.26 106.93 48.64 118.64 -0.926104
900 185.75 169.00 20.50 50.00 -0.931229
900 499.33 155.64 24.37 59.45 -1.061747
900 111.75 157.00 20.50 50.00 -1.109201
900 101.75 157.00 20.50 50.00 -1.308870
900 113.31 75.27 22.38 54.58 -1.398973
900 76.54 149.23 31.54 76.92 -1.409686
900 60.89 103.64 22.38 54.58 -1.425372
900 70.39 75.39 31.54 76.92 -1.524844
900 435.75 165.00 20.50 50.00 -1.833265
900 23.85 169.23 63.08 153.85 -2.004682
900 549.75 35.00 20.50 50.00 -2.335562
900 11.54 52.31 63.08 153.85 -2.960475
900 613.77 42.81 26.57 64.81 -3.061147
900 -0.54 294.55 44.67 108.95 -3.609964
900 608.85 7.69 31.54 76.92 -4.896860
930 443.75 175.00 20.50 50.00 1.610925
930 519.75 173.00 20.50 50.00 1.036658
930 582.65 76.23 57.98 141.42 0.660341
930 451.75 175.00 20.50 50.00 0.015693
930 476.12 153.88 28.92 70.53 -0.311107
930 -1.43 62.86 117.14 285.71 -0.556327
930 191.95 171.27 22.38 54.58 -0.763564
930 200.68 175.64 22.38 54.58 -1.135635
930 327.96 193.01 34.37 83.83 -1.178576
930 460.61 112.36 22.38 54.58 -1.324242
930 464.98 177.82 22.38 54.58 -1.475927
930 383.16 111.55 69.16 168.67 -1.552715
930 78.58 87.53 57.98 141.42 -1.601408
930 103.85 83.08 63.08 153.85 -1.735499
930 549.75 41.00 20.50 50.00 -1.883063
930 552.35 105.82 22.38 54.58 -2.172101
930 547.75 21.00 20.50 50.00 -3.873974
960 519.59 173.45 22.38 54.58 2.035728
960 441.75 177.00 20.50 50.00 1.853374
960 191.75 177.00 20.50 50.00 0.802387
960 582.65 76.23 57.98 141.42 0.481065
960 476.12 156.71 28.92 70.53 -0.268833
960 113.75 177.00 20.50 50.00 -0.510972
960 327.96 196.36 34.37 83.83 -0.786500
960 451.75 179.00 20.50 50.00 -0.892415
960 202.87 169.09 22.38 54.58 -0.931886
960 549.75 45.00 20.50 50.00 -1.007300
960 463.75 181.00 20.50 50.00 -1.169902
960 171.75 179.00 20.50 50.00 -1.188747
960 457.75 125.00 20.50 50.00 -1.376852
960 -1.43 51.43 117.14 285.71 -1.382917
960 608.85 16.92 31.54 76.92 -4.307265
990 519.59 175.64 22.38 54.58 1.908196
990 443.14 175.64 22.38 54.58 1.499311
990 -0.42 156.08 34.37 83.83 1.015090
990 582.65 81.88 57.98 141.42 0.671890
990 328.69 196.03 37.52 91.50 -0.124525
990 476.12 159.53 28.92 70.53 -0.365408
990 381.61 114.46 75.52 184.20 -0.778622
990 138.78 124.36 44.67 108.95 -1.213600
990 -0.71 64.94 57.98 141.42 -1.412937
990 453.75 179.00 20.50 50.00 -1.440842
990 191.95 177.82 22.38 54.58 -1.519488
990 549.75 47.00 20.50 50.00 -1.535108
990 499.76 164.76 26.57 64.81 -1.540729
990 458.88 115.25 24.37 59.45 -1.551298
990 32.84 77.75 69.16 168.67 -1.672908
990 464.98 177.82 22.38 54.58 -1.765515
990 91.54 76.92 63.08 153.85 -1.953635
990 41.13 237.41 26.57 64.81 -2.095299
990 66.92 76.92 63.08 153.85 -2.123838
990 52.05 243.56 24.37 59.45 -3.450691
990 -0.59 306.53 48.64 118.64 -5.409258
1020 519.75 181.00 20.50 50.00 1.356033
1020 441.75 185.00 20.50 50.00 1.035755
1020 577.69 83.08 63.08 153.85 0.961169
1020 103.85 95.39 63.08 153.85 0.424311
1020 454.13 184.16 24.37 59.45 0.270544
1020 321.26 199.72 34.37 83.83 -0.226949
1020 -0.46 148.40 37.52 91.50 -0.244565
1020 79.61 100.00 31.54 76.92 -0.494137
1020 341.36 199.72 34.37 83.83 -0.511776
1020 487.75 185.00 20.50 50.00 -1.061246
1020 550.17 44.73 22.38 54.58 -1.096587
1020 530.97 110.97 52.90 129.03 -1.443908
1020 383.16 118.31 69.16 168.67 -1.463713
1020 458.88 117.62 24.37 59.45 -1.561890
1020 467.75 199.00 20.50 50.00 -1.938955
1020 195.75 179.00 20.50 50.00 -1.962966
1020 26.11 70.99 69.16 168.67 -2.185840
1020 615.91 60.59 24.37 59.45 -2.695156
1020 53.75 247.00 20.50 50.00 -2.886973
1050 482.46 193.09 22.38 54.58 3.798544
1050 443.75 181.00 20.50 50.00 1.746540
1050 577.69 83.08 63.08 153.85 1.251901
1050 521.75 179.00 20.50 50.00 0.409420
1050 451.75 183.00 20.50 50.00 0.360936
1050 -0.46 148.40 37.52 91.50 0.155455
1050 89.91 104.47 57.98 141.42 -0.025541
1050 458.88 117.62 24.37 59.45 -0.540545
1050 327.96 199.72 34.37 83.83 -0.641510
1050 341.36 199.72 34.37 83.83 -0.864083
1050 549.75 49.00 20.50 50.00 -0.969399
1050 112.42 77.65 28.92 70.53 -1.249319
1050 535.11 116.44 48.64 118.64 -1.544566
1050 486.83 180.00 22.38 54.58 -1.562154
1050 470.48 168.00 28.92 70.53 -1.598979
1050 375.00 108.00 82.00 200.00 -1.811068
1050 73.30 88.95 34.37 83.83 -1.834817
1050 213.83 177.03 24.37 59.45 -2.055396
1050 615.91 60.59 24.37 59.45 -2.811903
1050 52.05 245.94 24.37 59.45 -3.635698
1050 615.91 36.83 24.37 59.45 -3.832863
1080 519.59 193.09 22.38 54.58 2.999360
1080 443.75 181.00 20.50 50.00 1.861823
1080 577.69 83.08 63.08 153.85 1.213348
1080 453.75 185.00 20.50 50.00 0.057358
1080 3.75 197.00 20.50 50.00 -0.565929
1080 327.96 199.72 34.37 83.83 -0.746909
1080 463.75 187.00 20.50 50.00 -0.789998
1080 476.12 162.35 28.92 70.53 -0.945954
1080 101.24 87.53 57.98 141.42 -1.247645
1080 9.75 187.00 20.50 50.00 -1.464042
1080 341.36 199.72 34.37 83.83 -1.517846
1080 434.40 177.82 22.38 54.58 -1.526849
1080 550.17 46.91 22.38 54.58 -1.536007
1080 69.03 86.11 37.52 91.50 -1.569791
1080 393.46 146.15 31.54 76.92 -1.640791
1080 77.82 128.73 44.67 108.95 -1.887369
1080 58.70 265.09 22.38 54.58 -4.061456
1110 555.75 195.00 20.50 50.00 4.041586
1110 443.75 183.00 20.50 50.00 1.979896
1110 519.59 177.82 22.38 54.58 1.316269
1110 577.69 83.08 63.08 153.85 0.862889
1110 563.75 193.00 20.50 50.00 0.384464
1110 -0.46 148.40 37.52 91.50 0.374275
1110 549.75 187.00 20.50 50.00 0.202481
1110 197.75 179.00 20.50 50.00 -0.796386
1110 100.21 84.51 69.16 168.67 -0.860151
1110 479.03 167.35 26.57 64.81 -1.118746
1110 334.66 206.43 34.37 83.83 -1.170128
1110 559.75 117.00 20.50 50.00 -1.219715
1110 453.75 181.00 20.50 50.00 -1.298197
1110 76.34 100.76 37.52 91.50 -1.368819
1110 549.75 49.00 20.50 50.00 -1.714607
1110 391.62 149.37 34.37 83.83 -1.976688
1110 17.83 122.75 37.52 91.50 -2.139952
1140 579.75 191.00 20.50 50.00 4.406899
1140 440.96 180.00 22.38 54.58 1.836723
1140 521.75 179.00 20.50 50.00 1.384597
1140 587.74 100.65 52.90 129.03 1.211745
1140 128.18 184.16 24.37 59.45 0.336483
1140 476.12 165.18 28.92 70.53 -0.018750
1140 -0.42 159.44 34.37 83.83 -0.162515
1140 103.75 173.00 20.50 50.00 -0.464619
1140 449.37 141.07 37.52 91.50 -0.776033
1140 327.96 199.72 34.37 83.83 -0.971089
1140 78.59 108.71 28.92 70.53 -1.113077
1140 341.36 199.72 34.37 83.83 -1.267030
1140 111.52 79.60 24.37 59.45 -1.463491
1140 191.02 120.00 44.67 108.95 -1.664357
1140 548.03 128.73 44.67 108.95 -1.712755
1140 617.88 73.09 22.38 54.58 -2.264586
1140 552.35 42.55 22.38 54.58 -2.706624
1140 51.75 255.00 20.50 50.00 -3.406417
1170 596.04 190.91 22.38 54.58 3.519264
1170 604.78 190.91 22.38 54.58 1.035644
1170 521.75 183.00 20.50 50.00 0.911093
1170 445.75 183.00 20.50 50.00 0.715878
1170 118.87 180.32 26.57 64.81 0.499243
1170 101.75 173.00 20.50 50.00 -0.120797
1170 332.34 199.69 37.52 91.50 -0.157894
1170 117.75 95.00 20.50 50.00 -0.341730
1170 577.69 70.77 63.08 153.85 -0.362451
1170 391.62 142.66 34.37 83.83 -0.655180
1170 555.75 117.00 20.50 50.00 -0.688571
1170 463.75 185.00 20.50 50.00 -0.766121
1170 186.67 120.00 44.67 108.95 -0.860325
1170 436.59 184.36 22.38 54.58 -1.292962
1170 -0.71 81.88 57.98 141.42 -1.298914
1170 -0.38 173.85 31.54 76.92 -1.429801
1170 69.95 88.95 34.37 83.83 -1.438352
1170 130.56 181.78 24.37 59.45 -1.520497
1170 135.32 103.37 24.37 59.45 -1.755848
1170 259.03 148.24 28.92 70.53 -1.756532
1170 561.09 133.09 44.67 108.95 -1.802466
1170 549.75 49.00 20.50 50.00 -1.813062
1170 454.06 182.18 22.38 54.58 -1.822337
1170 599.50 34.00 41.00 100.00 -3.764607
1200 604.78 188.73 22.38 54.58 5.983967
1200 443.75 183.00 20.50 50.00 1.683411
1200 519.59 180.00 22.38 54.58 1.401322
1200 597.75 197.00 20.50 50.00 0.338447
1200 -0.46 152.06 37.52 91.50 0.260036
1200 95.58 104.47 57.98 141.42 -0.192980
1200 195.75 181.00 20.50 50.00 -0.252399
1200 582.65 76.23 57.98 141.42 -0.370110
1200 473.85 167.35 26.57 64.81 -0.615674
1200 549.75 49.00 20.50 50.00 -0.797841
1200 327.96 199.72 34.37 83.83 -1.004225
1200 113.31 84.00 22.38 54.58 -1.194480
1200 555.75 117.00 20.50 50.00 -1.255603
1200 396.54 149.23 31.54 76.92 -1.432939
1200 76.54 90.77 31.54 76.92 -1.486446
1200 34.29 76.36 44.67 108.95 -2.245012
1200 551.75 31.00 20.50 50.00 -3.159432
1200 613.77 27.24 26.57 64.81 -4.158497
1230 606.96 190.91 22.38 54.58 5.390463
1230 443.75 183.00 20.50 50.00 2.628931
1230 519.75 183.00 20.50 50.00 1.181831
1230 582.65 81.88 57.98 141.42 0.837841
1230 118.66 179.41 24.37 59.45 0.671754
1230 -0.46 152.06 37.52 91.50 0.564062
1230 451.75 183.00 20.50 50.00 0.412089
1230 599.75 191.00 20.50 50.00 0.410062
1230 103.32 175.14 26.57 64.81 0.264584
1230 473.30 165.18 28.92 70.53 0.253400
1230 338.01 199.72 34.37 83.83 -0.877344
1230 78.59 111.53 28.92 70.53 -0.996795
1230 465.75 187.00 20.50 50.00 -1.036731
1230 47.58 145.41 28.92 70.53 -1.089327
1230 549.75 47.00 20.50 50.00 -1.352591
1230 197.75 181.00 20.50 50.00 -1.394831
1230 555.75 117.00 20.50 50.00 -1.529419
1230 115.75 93.00 20.50 50.00 -1.556330
1230 393.46 146.15 31.54 76.92 -1.633264
1230 191.42 97.30 26.57 64.81 -1.653782
1230 70.13 91.77 28.92 70.53 -1.903629
1230 602.72 18.46 34.37 83.83 -4.486383
1260 604.78 190.91 22.38 54.58 4.965118
1260 440.96 180.00 22.38 54.58 1.830627
1260 521.75 179.00 20.50 50.00 0.883161
1260 582.65 81.88 57.98 141.42 0.667166
1260 102.58 110.97 52.90 129.03 0.134051
1260 -0.46 148.40 37.52 91.50 -0.041238
1260 476.12 162.35 28.92 70.53 -0.148556
1260 451.88 182.18 22.38 54.58 -0.567537
1260 186.67 120.00 44.67 108.95 -0.759534
1260 390.86 141.07 37.52 91.50 -0.786961
1260 341.36 199.72 34.37 83.83 -0.805032
1260 79.61 103.08 31.54 76.92 -1.082997
1260 19.69 132.59 34.37 83.83 -1.162231
1260 549.75 49.00 20.50 50.00 -1.613536
1260 464.98 186.55 22.38 54.58 -1.634324
1260 327.96 199.72 34.37 83.83 -1.676681
1260 504.09 172.28 24.37 59.45 -1.742192
1260 555.75 117.00 20.50 50.00 -1.870194
1260 613.52 188.73 22.38 54.58 -2.297164
1260 55.75 269.00 20.50 50.00 -3.991586
1290 604.78 186.55 22.38 54.58 4.450509
1290 103.32 177.73 26.57 64.81 1.162793
1290 443.75 183.00 20.50 50.00 0.808155
1290 519.59 180.00 22.38 54.58 0.634715
1290 598.23 193.09 22.38 54.58 0.259688
1290 113.68 177.73 26.57 64.81 0.070105
1290 189.75 183.00 20.50 50.00 -0.584555
1290 -0.42 156.08 34.37 83.83 -0.604493
1290 476.44 167.35 26.57 64.81 -0.678003
1290 113.31 90.55 22.38 54.58 -0.871664
1290 582.65 76.23 57.98 141.42 -0.897009
1290 343.31 199.69 37.52 91.50 -1.088616
1290 453.75 181.00 20.50 50.00 -1.238152
1290 394.51 141.07 37.52 91.50 -1.367464
1290 324.61 199.72 34.37 83.83 -1.377305
1290 143.75 111.00 20.50 50.00 -1.394829
1290 78.59 108.71 28.92 70.53 -1.443008
1290 461.75 187.00 20.50 50.00 -1.547318
1290 18.08 133.85 31.54 76.92 -1.671255
1290 193.75 115.00 20.50 50.00 -1.952791
1290 73.99 97.09 22.38 54.58 -2.060645
1290 549.75 49.00 20.50 50.00 -2.134236
1290 95.75 173.00 20.50 50.00 -2.188532
1290 430.32 206.20 69.16 168.67 -2.321919
1290 595.92 28.36 44.67 108.95 -3.951534
1320 607.75 189.00 20.50 50.00 5.555647
1320 443.14 182.18 22.38 54.58 1.887226
1320 101.15 173.65 28.92 70.53 1.167728
1320 519.75 183.00 20.50 50.00 0.703771
1320 -0.46 152.06 37.52 91.50 0.332077
1320 78.59 108.71 28.92 70.53 -0.097447
1320 587.74 85.16 52.90 129.03 -0.271532
1320 601.75 197.00 20.50 50.00 -0.299322
1320 189.75 183.00 20.50 50.00 -0.388495
1320 113.90 86.73 24.37 59.45 -0.661670
1320 463.75 189.00 20.50 50.00 -0.841498
1320 476.44 169.95 26.57 64.81 -0.932168
1320 113.68 177.73 26.57 64.81 -1.080849
1320 231.75 175.00 20.50 50.00 -1.183685
1320 394.97 146.01 34.37 83.83 -1.216686
1320 617.88 180.00 22.38 54.58 -1.419019
1320 145.75 109.00 20.50 50.00 -1.690313
1320 550.17 44.73 22.38 54.58 -1.849896
1320 559.75 117.00 20.50 50.00 -1.879363
1320 104.39 81.98 24.37 59.45 -2.171245
1320 23.85 76.92 63.08 153.85 -2.416456
1320 52.05 250.69 24.37 59.45 -2.952489
1350 438.77 184.36 22.38 54.58 2.180486
1350 577.69 89.23 63.08 153.85 1.219952
1350 519.59 182.18 22.38 54.58 0.518293
1350 178.84 184.36 22.38 54.58 0.080097
1350 473.30 168.00 28.92 70.53 0.009148
1350 91.54 95.39 63.08 153.85 -0.293312
1350 449.75 185.00 20.50 50.00 -0.605990
1350 -0.77 76.92 63.08 153.85 -0.692007
1350 553.75 121.00 20.50 50.00 -1.184799
1350 396.54 149.23 31.54 76.92 -1.195275
1350 66.92 83.08 63.08 153.85 -1.246320
1350 187.50 130.00 41.00 100.00 -1.536278
1350 146.08 180.00 22.38 54.58 -1.548121
1350 549.75 49.00 20.50 50.00 -1.605351
1350 341.15 204.62 31.54 76.92 -1.624016
1350 543.81 131.03 26.57 64.81 -1.659490
1350 26.11 77.75 69.16 168.67 -1.672605
1350 51.70 207.27 44.67 108.95 -2.095000
1350 617.88 68.73 22.38 54.58 -2.442531
1380 439.85 184.16 24.37 59.45 2.444919
1380 191.75 189.00 20.50 50.00 0.865987
1380 582.65 93.18 57.98 141.42 0.650731
1380 519.59 186.55 22.38 54.58 0.086325
1380 47.78 103.64 22.38 54.58 -0.217832
1380 551.75 55.00 20.50 50.00 -1.121856
1380 478.94 170.82 28.92 70.53 -1.155420
1380 457.75 199.00 20.50 50.00 -1.156168
1380 196.31 197.45 22.38 54.58 -1.215913
1380 -0.65 80.00 52.90 129.03 -1.429442
1380 462.80 127.64 22.38 54.58 -1.467776
1380 91.54 83.08 63.08 153.85 -1.481930
1380 65.37 97.10 37.52 91.50 -1.487073
1380 451.75 187.00 20.50 50.00 -2.030358
1380 599.50 34.00 41.00 100.00 -2.740970
1410 523.96 188.73 22.38 54.58 0.886143
1410 443.75 191.00 20.50 50.00 0.393645
1410 403.82 184.36 22.38 54.58 -0.139816
1410 115.75 117.00 20.50 50.00 -0.205062
1410 582.65 87.53 57.98 141.42 -0.511665
1410 459.26 130.69 48.64 118.64 -0.824715
1410 66.32 98.61 24.37 59.45 -0.945908
1410 71.61 219.35 52.90 129.03 -0.958227
1410 49.66 100.99 24.37 59.45 -1.067000
1410 380.26 162.35 28.92 70.53 -1.086247
1410 395.09 175.64 22.38 54.58 -1.184602
1410 76.65 102.38 34.37 83.83 -1.299331
1410 557.75 51.00 20.50 50.00 -2.089360
1410 187.66 72.47 24.37 59.45 -2.508081
1440 454.13 188.91 24.37 59.45 1.978180
1440 545.75 195.00 20.50 50.00 0.331161
1440 161.37 136.36 22.38 54.58 0.190753
1440 537.75 197.00 20.50 50.00 -0.188658
1440 606.07 146.01 34.37 83.83 -0.316817
1440 384.42 144.00 57.98 141.42 -0.382697
1440 111.75 105.00 20.50 50.00 -0.390765
1440 61.71 93.44 37.52 91.50 -1.026216
1440 463.64 188.91 24.37 59.45 -1.040061
1440 229.75 187.00 20.50 50.00 -1.223250
1440 -1.00 52.00 82.00 200.00 -1.597129
1440 617.88 108.00 22.38 54.58 -1.639144
1440 495.00 173.85 31.54 76.92 -1.725018
1440 209.42 193.09 22.38 54.58 -1.892807
1440 -0.38 204.62 31.54 76.92 -2.142677
1440 547.75 175.00 20.50 50.00 -2.219838
1440 578.57 44.73 22.38 54.58 -2.268836
1470 28.18 92.11 26.57 64.81 0.138955
1470 473.75 203.00 20.50 50.00 -0.559028
1470 102.01 79.60 24.37 59.45 -0.713775
1470 230.28 214.05 26.57 64.81 -0.797928
1470 402.69 176.92 31.54 76.92 -0.884563
1470 91.75 179.00 20.50 50.00 -1.153878
1470 261.15 152.31 31.54 76.92 -1.437218
1470 129.75 109.00 20.50 50.00 -1.550978
1470 211.60 217.09 22.38 54.58 -1.580741
1470 219.92 219.24 26.57 64.81 -1.609184
1470 50.74 89.77 37.52 91.50 -1.786249
1470 451.75 197.00 20.50 50.00 -1.927956
1470 551.23 30.55 89.69 218.76 -2.085986
1470 598.23 7.64 22.38 54.58 -4.747854
1500 606.07 152.73 34.37 83.83 1.464448
1500 484.21 193.30 26.57 64.81 0.731441
1500 -0.42 65.45 34.37 83.83 0.251745
1500 589.74 193.66 24.37 59.45 0.098031
1500 170.10 156.00 22.38 54.58 -0.212407
1500 499.76 110.27 26.57 64.81 -0.248407
1500 264.67 156.71 28.92 70.53 -0.344470
1500 65.29 77.54 75.52 184.20 -0.385041
1500 253.75 173.00 20.50 50.00 -0.551408
1500 493.04 184.94 28.92 70.53 -0.827770
1500 -0.38 198.46 31.54 76.92 -1.144275
1500 375.50 170.00 41.00 100.00 -1.313237
1500 404.16 139.01 24.37 59.45 -1.436373
1500 407.75 201.00 20.50 50.00 -1.446277
1500 417.75 205.00 20.50 50.00 -1.647750
1500 526.17 181.37 37.52 91.50 -1.709743
1500 15.00 68.00 82.00 200.00 -1.797242
1530 249.52 167.52 24.37 59.45 0.257287
1530 383.75 113.00 20.50 50.00 -0.011370
1530 439.62 170.77 31.54 76.92 -0.016868
1530 160.84 98.03 69.16 168.67 -0.408650
1530 515.50 178.00 41.00 100.00 -0.439568
1530 403.82 140.73 22.38 54.58 -0.920981
1530 551.23 48.00 89.69 218.76 -1.219313
1530 39.75 73.00 20.50 50.00 -1.627979
1530 520.65 121.29 52.90 129.03 -1.731260
1530 525.77 93.85 31.54 76.92 -2.416356
1530 495.75 73.00 20.50 50.00 -2.425980
1530 47.00 60.00 82.00 200.00 -2.997479
1560 384.16 193.09 22.38 54.58 1.215199
1560 389.75 209.00 20.50 50.00 0.008860
1560 154.11 84.51 69.16 168.67 -0.280044
1560 255.00 146.15 31.54 76.92 -0.422322
1560 559.00 68.00 82.00 200.00 -0.460463
1560 389.75 111.00 20.50 50.00 -0.598491
1560 119.75 113.00 20.50 50.00 -0.652603
1560 453.12 193.30 26.57 64.81 -0.696711
1560 526.14 225.82 22.38 54.58 -1.218362
1560 134.98 182.12 28.92 70.53 -1.410857
1560 377.75 235.00 20.50 50.00 -1.491406
1560 545.80 22.91 22.38 54.58 -1.506279
1560 267.50 142.00 41.00 100.00 -1.622085
1560 -0.32 149.19 26.57 64.81 -1.927048
1560 523.75 19.00 20.50 50.00 -2.708347
1560 531.75 27.00 20.50 50.00 -3.394303
1590 389.89 203.17 24.37 59.45 2.435882
1590 469.35 212.73 22.38 54.58 1.253809
1590 99.75 201.00 20.50 50.00 1.174499
1590 569.72 198.49 26.57 64.81 1.074690
1590 508.90 162.80 34.37 83.83 0.115648
1590 402.69 180.00 31.54 76.92 -0.098808
1590 65.75 105.00 20.50 50.00 -0.293431
1590 619.75 225.00 20.50 50.00 -0.482375
1590 595.75 201.00 20.50 50.00 -0.517545
1590 482.72 154.91 44.67 108.95 -0.536182
1590 385.13 191.29 24.37 59.45 -0.590081
1590 140.63 77.75 69.16 168.67 -0.632132
1590 442.23 70.10 24.37 59.45 -0.842477
1590 -0.30 148.51 24.37 59.45 -1.224307
1590 427.75 73.00 20.50 50.00 -1.260835
1590 267.50 138.00 41.00 100.00 -1.324915
1590 35.39 198.42 24.37 59.45 -1.342593
1590 8.85 130.77 31.54 76.92 -1.460394
1590 100.20 103.64 22.38 54.58 -1.487917
1590 219.75 193.00 20.50 50.00 -1.741507
1590 473.75 185.00 20.50 50.00 -1.859166
1590 391.62 55.38 34.37 83.83 -1.860644
1590 458.88 207.92 24.37 59.45 -1.929705
1590 43.75 163.00 20.50 50.00 -2.049437
1590 -0.32 201.08 26.57 64.81 -2.486078
1590 2.69 38.46 31.54 76.92 -2.540561
1590 87.73 200.79 24.37 59.45 -2.569683
1590 356.58 58.22 24.37 59.45 -2.815238
1590 368.48 58.22 24.37 59.45 -2.903725
1620 423.75 211.00 20.50 50.00 0.580199
1620 393.46 173.85 31.54 76.92 0.573744
1620 431.75 215.00 20.50 50.00 0.196055
1620 16.36 150.89 24.37 59.45 -0.210869
1620 -0.38 192.31 31.54 76.92 -0.245063
1620 396.54 143.08 31.54 76.92 -0.346129
1620 532.64 219.80 24.37 59.45 -0.363130
1620 442.06 181.37 37.52 91.50 -0.375158
1620 377.61 195.27 22.38 54.58 -0.823306
1620 606.07 156.08 34.37 83.83 -0.827668
1620 41.75 199.00 20.50 50.00 -1.154001
1620 23.75 203.00 20.50 50.00 -1.560704
1620 411.92 41.54 31.54 76.92 -1.580234
1620 539.85 144.95 48.64 118.64 -1.604079
1620 429.75 85.00 20.50 50.00 -1.666535
1620 201.93 169.90 24.37 59.45 -1.894225
1620 523.08 206.27 26.57 64.81 -1.952669
1620 135.00 44.00 82.00 200.00 -2.060898
1620 366.17 210.35 28.92 70.53 -2.452743
1620 510.85 31.64 22.38 54.58 -2.812530
1620 466.02 36.83 24.37 59.45 -2.992189
1620 528.33 25.09 22.38 54.58 -3.246069
1620 486.80 27.24 26.57 64.81 -3.591419
1650 476.12 216.00 28.92 70.53 1.898191
1650 401.83 174.05 37.52 91.50 0.533207
1650 344.23 170.77 31.54 76.92 0.221017
1650 433.75 215.00 20.50 50.00 -0.113955
1650 85.75 207.00 20.50 50.00 -0.473576
1650 619.75 123.00 20.50 50.00 -0.588855
1650 615.91 198.42 24.37 59.45 -0.658417
1650 189.75 175.00 20.50 50.00 -0.769753
1650 456.69 210.69 37.52 91.50 -0.852956
1650 408.92 148.51 24.37 59.45 -1.032837
1650 -0.32 195.89 26.57 64.81 -1.118453
1650 229.75 171.00 20.50 50.00 -1.131620
1650 331.75 147.00 20.50 50.00 -1.333349
1650 -0.50 126.00 41.00 100.00 -1.446682
1650 355.75 215.00 20.50 50.00 -1.454195
1650 615.91 160.40 24.37 59.45 -1.491909
1650 373.75 201.00 20.50 50.00 -1.502644
1650 515.30 237.41 26.57 64.81 -1.572709
1650 448.85 198.46 31.54 76.92 -1.643710
1650 495.75 135.00 20.50 50.00 -1.663806
1650 124.14 48.00 75.52 184.20 -1.913138
1650 422.02 29.84 26.57 64.81 -2.331249
1650 545.75 203.00 20.50 50.00 -2.479822
1650 401.75 63.00 20.50 50.00 -2.505088
1650 436.59 46.91 22.38 54.58 -2.556758
1650 -0.35 74.82 28.92 70.53 -2.616687
1650 281.59 24.00 28.92 70.53 -3.793180
1650 -0.32 9.08 26.57 64.81 -4.602870
1680 431.75 153.00 20.50 50.00 1.654206
1680 178.46 159.57 26.57 64.81 1.184718
1680 493.04 218.82 28.92 70.53 1.136109
1680 127.75 169.00 20.50 50.00 1.123138
1680 163.87 162.77 24.37 59.45 0.181804
1680 253.75 161.00 20.50 50.00 -0.128370
1680 137.70 165.15 24.37 59.45 -0.247123
1680 194.19 151.06 28.92 70.53 -0.380796
1680 463.64 215.05 24.37 59.45 -0.428671
1680 419.43 112.86 26.57 64.81 -0.498606
1680 478.94 216.00 28.92 70.53 -0.615852
1680 -0.46 86.11 37.52 91.50 -0.704056
1680 235.75 169.00 20.50 50.00 -0.843336
1680 543.62 123.27 22.38 54.58 -1.043845
1680 619.75 141.00 20.50 50.00 -1.044487
1680 381.98 197.45 22.38 54.58 -1.050833
1680 391.54 176.47 28.92 70.53 -1.282601
1680 148.26 173.45 22.38 54.58 -1.321789
1680 13.75 201.00 20.50 50.00 -1.324209
1680 615.91 243.56 24.37 59.45 -1.440584
1680 437.47 196.04 24.37 59.45 -1.520062
1680 615.91 167.52 24.37 59.45 -1.558876
1680 411.30 188.91 24.37 59.45 -1.748250
1680 509.75 227.00 20.50 50.00 -2.011359
1680 435.09 48.71 24.37 59.45 -2.012050
1680 83.35 149.37 34.37 83.83 -2.015678
1680 270.38 213.85 31.54 76.92 -2.483584
1680 539.78 224.55 24.37 59.45 -2.730623
1680 585.75 279.00 20.50 50.00 -3.115381
1680 602.97 265.65 37.52 91.50 -3.819811
1680 283.75 -1.00 20.50 50.00 -4.168239
1680 484.21 6.49 26.57 64.81 -4.283937
1680 467.17 5.45 22.38 54.58 -4.703918
