30 90.97 137.40 37.52 91.50 -0.208477
30 512.78 153.88 28.92 70.53 -0.419972
30 449.37 55.84 24.37 59.45 -1.012858
30 482.72 111.27 44.67 108.95 -1.101774
30 424.07 81.88 57.98 141.42 -1.149374
30 504.30 55.64 22.38 54.58 -1.458814
30 619.75 133.00 20.50 50.00 -1.566924
30 543.75 117.00 20.50 50.00 -1.673022
30 41.75 147.00 20.50 50.00 -1.705724
30 -0.65 95.48 52.90 129.03 -1.854099
30 494.57 63.57 26.57 64.81 -2.470391
30 430.03 55.64 22.38 54.58 -2.601336
30 458.08 41.54 31.54 76.92 -2.614392
30 279.75 19.00 20.50 50.00 -3.183576
30 -0.42 21.82 34.37 83.83 -3.849862
30 475.90 20.73 22.38 54.58 -4.010335
30 12.98 21.82 34.37 83.83 -4.307144
30 407.75 7.00 20.50 50.00 -4.638092
60 525.81 95.48 52.90 129.03 -0.100912
60 515.59 94.59 28.92 70.53 -0.910800
60 509.96 151.06 28.92 70.53 -1.171215
60 546.45 90.32 52.90 129.03 -1.313599
60 363.75 157.00 20.50 50.00 -1.637407
60 427.31 133.85 31.54 76.92 -1.865810
60 -0.77 58.46 63.08 153.85 -2.325704
90 13.98 160.40 24.37 59.45 -0.754669
90 406.54 105.74 24.37 59.45 -1.207129
90 565.52 70.15 75.52 184.20 -1.278729
90 539.75 107.00 20.50 50.00 -1.488119
90 419.11 110.18 22.38 54.58 -1.835031
90 504.49 89.45 44.67 108.95 -2.328196
90 617.88 49.09 22.38 54.58 -2.961079
90 539.25 25.09 22.38 54.58 -3.413334
90 619.75 23.00 20.50 50.00 -3.742158
120 368.48 91.48 24.37 59.45 -0.681396
120 432.22 162.55 22.38 54.58 -1.191609
120 381.75 145.00 20.50 50.00 -1.258758
120 467.67 74.82 28.92 70.53 -1.447033
120 475.39 142.66 34.37 83.83 -1.586304
120 445.04 102.18 48.64 118.64 -1.597321
120 446.99 58.22 24.37 59.45 -1.599453
120 524.63 57.47 69.16 168.67 -1.735276
120 551.23 21.82 89.69 218.76 -2.063100
120 -0.92 25.85 75.52 184.20 -3.013370
150 31.50 114.00 41.00 100.00 -0.264001
150 517.41 142.91 22.38 54.58 -0.998255
150 546.40 50.59 26.57 64.81 -1.603116
150 539.25 64.36 22.38 54.58 -1.778247
150 615.91 146.14 24.37 59.45 -1.822123
150 131.75 159.00 20.50 50.00 -1.901731
150 543.62 201.82 22.38 54.58 -2.176610
150 559.75 61.00 20.50 50.00 -2.629574
150 619.75 29.00 20.50 50.00 -2.865426
150 577.75 45.00 20.50 50.00 -2.947622
150 520.49 29.84 26.57 64.81 -3.216041
180 489.81 117.62 24.37 59.45 -1.187985
180 459.75 137.00 20.50 50.00 -1.456811
180 10.62 76.23 57.98 141.42 -2.297953
180 617.88 90.55 22.38 54.58 -2.458519
210 12.98 122.52 34.37 83.83 0.889090
210 27.31 121.54 31.54 76.92 -0.845771
210 163.75 153.00 20.50 50.00 -1.295661
210 569.75 135.00 20.50 50.00 -1.308693
210 617.88 127.64 22.38 54.58 -1.373664
210 59.90 122.52 34.37 83.83 -1.415026
210 583.75 135.00 20.50 50.00 -2.120270
240 167.75 145.00 20.50 50.00 0.662942
240 21.75 147.00 20.50 50.00 -0.282072
240 537.06 121.09 22.38 54.58 -0.970503
240 401.75 93.00 20.50 50.00 -1.352415
240 615.91 122.38 24.37 59.45 -1.366335
240 231.75 145.00 20.50 50.00 -1.497151
240 29.93 85.09 44.67 108.95 -2.220623
240 48.46 40.00 63.08 153.85 -2.711532
270 103.95 76.36 44.67 108.95 -1.089614
270 592.00 64.16 48.64 118.64 -1.466707
270 489.60 97.10 37.52 91.50 -2.211157
270 -1.10 13.09 89.69 218.76 -3.010349
300 196.54 158.46 31.54 76.92 -1.011962
300 571.33 70.59 57.98 141.42 -1.571704
300 362.32 57.82 22.38 54.58 -2.779541
330 190.32 80.00 52.90 129.03 -0.337737
330 386.35 60.00 22.38 54.58 -1.173835
330 585.12 123.27 22.38 54.58 -1.371406
330 200.65 105.81 52.90 129.03 -1.517329
330 554.54 114.55 22.38 54.58 -1.683318
330 177.96 150.55 44.67 108.95 -1.697713
330 595.92 76.36 44.67 108.95 -1.811814
330 517.55 146.18 44.67 108.95 -1.845680
330 236.44 92.67 48.64 118.64 -1.994906
330 -0.35 69.18 28.92 70.53 -2.361571
330 517.75 15.00 20.50 50.00 -3.448534
360 391.29 137.45 44.67 108.95 -0.923905
360 21.15 100.00 31.54 76.92 -1.243354
360 497.70 104.47 57.98 141.42 -2.011733
360 7.45 105.08 26.57 64.81 -2.184973
360 592.00 16.63 48.64 118.64 -3.432418
390 29.75 129.00 20.50 50.00 -2.076357
420 128.85 167.69 31.54 76.92 -0.093532
420 87.77 175.14 26.57 64.81 -0.528702
420 619.75 59.00 20.50 50.00 -0.717512
420 591.75 157.00 20.50 50.00 -1.348334
420 174.47 180.00 22.38 54.58 -1.776538
420 67.75 91.00 20.50 50.00 -2.313526
420 617.88 22.91 22.38 54.58 -2.638123
420 -0.84 37.18 69.16 168.67 -2.998838
420 569.75 29.00 20.50 50.00 -3.472306
450 611.45 151.06 28.92 70.53 0.259598
450 551.75 153.00 20.50 50.00 -0.094159
450 104.57 186.55 22.38 54.58 -0.159928
450 46.32 190.70 26.57 64.81 -0.720710
450 -0.32 182.92 26.57 64.81 -1.358615
450 619.75 71.00 20.50 50.00 -1.920006
450 602.97 196.03 37.52 91.50 -2.363633
450 481.75 9.00 20.50 50.00 -3.832096
450 464.98 7.64 22.38 54.58 -4.061653
450 608.85 284.62 31.54 76.92 -4.136245
450 565.95 8.32 24.37 59.45 -4.148491
450 533.75 9.00 20.50 50.00 -4.309724
450 515.75 11.00 20.50 50.00 -4.429829
480 608.85 136.92 31.54 76.92 0.328281
480 21.15 189.23 31.54 76.92 -1.128634
480 617.88 101.45 22.38 54.58 -1.429534
480 -0.32 188.11 26.57 64.81 -1.864581
480 611.45 46.59 28.92 70.53 -2.169511
480 543.75 5.00 20.50 50.00 -2.911434
480 475.75 7.00 20.50 50.00 -3.616726
480 619.75 281.00 20.50 50.00 -3.758490
480 486.83 5.45 22.38 54.58 -4.057888
480 551.75 11.00 20.50 50.00 -4.166643
480 611.45 9.88 28.92 70.53 -4.177593
510 611.45 125.65 28.92 70.53 1.040559
510 10.93 190.59 28.92 70.53 -0.474096
510 560.70 153.88 28.92 70.53 -0.743966
510 611.45 162.35 28.92 70.53 -1.537917
510 619.75 27.00 20.50 50.00 -3.167207
540 615.91 158.02 24.37 59.45 -0.139513
540 47.78 217.09 22.38 54.58 -2.317262
540 -0.38 201.54 31.54 76.92 -2.347239
540 615.91 298.22 24.37 59.45 -4.568475
570 608.63 148.24 28.92 70.53 1.176838
570 609.15 193.09 22.38 54.58 -1.189938
570 20.41 201.08 26.57 64.81 -1.423756
570 615.91 200.79 24.37 59.45 -1.464186
720 528.33 140.73 22.38 54.58 1.720918
750 244.93 117.18 28.92 70.53 1.737231
750 259.66 129.82 22.38 54.58 0.804498
750 619.75 221.00 20.50 50.00 -1.096579
750 236.48 108.71 28.92 70.53 -1.213609
750 177.75 115.00 20.50 50.00 -1.562066
750 395.09 92.73 22.38 54.58 -1.709417
750 484.64 186.55 22.38 54.58 -1.788885
780 4.15 59.41 48.64 118.64 -2.454240
780 46.32 50.70 69.16 168.67 -2.969043
780 6.28 380.98 34.37 83.83 -9.353619
810 251.97 237.82 44.67 108.95 -2.481161
840 602.97 174.05 37.52 91.50 -1.071203
870 347.50 162.00 41.00 100.00 -0.700901
870 533.77 161.74 107.29 261.69 -0.820393
870 445.24 166.15 34.37 83.83 -1.290287
870 244.37 123.27 22.38 54.58 -1.338189
870 541.75 73.00 20.50 50.00 -1.710375
870 619.75 77.00 20.50 50.00 -1.721324
900 181.75 105.00 20.50 50.00 -1.042950
900 278.10 141.82 44.67 108.95 -1.769158
900 42.69 133.85 31.54 76.92 -1.949260
900 615.91 39.21 24.37 59.45 -2.995771
930 137.70 108.12 24.37 59.45 -0.750770
930 121.04 105.74 24.37 59.45 -1.479386
930 617.88 9.82 22.38 54.58 -4.333744
930 593.86 12.00 22.38 54.58 -4.501680
960 257.42 116.13 52.90 129.03 -1.045879
960 365.26 133.74 37.52 91.50 -1.719660
960 144.83 96.24 24.37 59.45 -1.876822
990 539.25 188.73 22.38 54.58 -0.910205
990 301.86 98.61 24.37 59.45 -1.378552
990 -0.25 11.00 20.50 50.00 -4.579019
1020 602.97 133.74 37.52 91.50 -1.018558
1020 487.50 150.00 41.00 100.00 -1.843995
1020 617.88 110.18 22.38 54.58 -1.991964
1020 617.88 90.55 22.38 54.58 -2.588043
1020 56.52 273.82 22.38 54.58 -3.300642
1050 492.44 130.69 48.64 118.64 -0.270246
1050 565.52 40.62 75.52 184.20 -2.225531
1050 231.26 22.91 22.38 54.58 -3.040841
1080 189.76 22.91 22.38 54.58 -3.704038
1110 619.75 69.00 20.50 50.00 -2.383496
1110 195.75 75.00 20.50 50.00 -2.694545
1110 187.75 243.00 20.50 50.00 -3.051590
1110 615.70 38.18 22.38 54.58 -3.737178
1110 53.75 17.00 20.50 50.00 -4.019512
1140 365.75 169.00 20.50 50.00 -0.384472
1140 242.83 110.12 57.98 141.42 -1.565983
1140 54.33 249.82 22.38 54.58 -1.569995
1140 602.97 67.79 37.52 91.50 -1.752295
1140 41.75 69.00 20.50 50.00 -2.384718
1140 120.88 43.77 28.92 70.53 -2.960711
1140 5.77 41.54 31.54 76.92 -3.648540
1170 309.75 161.00 20.50 50.00 -1.296423
1170 608.85 183.08 31.54 76.92 -1.859235
1170 153.08 101.54 63.08 153.85 -1.900327
1170 49.75 69.00 20.50 50.00 -1.913191
1170 619.75 73.00 20.50 50.00 -2.261835
1170 27.75 67.00 20.50 50.00 -2.515329
1170 39.04 64.36 22.38 54.58 -2.631980
1170 613.77 19.46 26.57 64.81 -3.528696
1200 339.50 90.00 41.00 100.00 -1.572352
1290 606.07 397.76 34.37 83.83 -9.700770
1290 516.54 398.46 31.54 76.92 -10.413243
1290 528.85 404.62 31.54 76.92 -10.490046
1320 111.75 -1.00 20.50 50.00 -3.841023
1320 121.75 -1.00 20.50 50.00 -4.855927
1320 619.75 323.00 20.50 50.00 -5.037894
1350 94.63 364.58 37.52 91.50 -6.197035
1350 615.91 350.50 24.37 59.45 -6.496954
1350 369.75 411.00 20.50 50.00 -10.691217
1380 571.79 294.08 69.16 168.67 -3.239485
1380 501.75 421.00 20.50 50.00 -10.437046
1380 178.84 404.73 22.38 54.58 -10.583637
1380 61.56 400.40 24.37 59.45 -10.753945
1410 103.75 415.00 20.50 50.00 -10.203036
1410 171.75 415.00 20.50 50.00 -10.468915
1440 608.85 300.00 31.54 76.92 -3.819819
1440 169.75 419.00 20.50 50.00 -10.969475
1440 577.84 417.03 24.37 59.45 -11.378830
1470 619.75 349.00 20.50 50.00 -7.178904
1470 602.97 379.24 37.52 91.50 -9.337755
1470 101.75 421.00 20.50 50.00 -12.010749
1500 617.88 306.55 22.38 54.58 -5.387887
1500 101.75 419.00 20.50 50.00 -11.418237
1530 580.75 422.18 22.38 54.58 -10.966968
1530 101.75 419.00 20.50 50.00 -11.982352
1560 193.75 395.00 20.50 50.00 -10.461467
1560 580.75 422.18 22.38 54.58 -11.034756
1620 123.42 419.41 24.37 59.45 -10.775427
1620 580.75 422.18 22.38 54.58 -11.127837
1650 608.85 300.00 31.54 76.92 -3.449442
1650 617.88 345.82 22.38 54.58 -5.964165
1650 101.75 421.00 20.50 50.00 -10.500488
1650 578.57 422.18 22.38 54.58 -12.450634
1680 617.88 297.82 22.38 54.58 -4.036738
1680 169.75 427.00 20.50 50.00 -9.689271
1680 100.20 422.18 22.38 54.58 -10.244012
1680 245.83 416.43 26.57 64.81 -11.297002
1680 579.75 427.00 20.50 50.00 -11.336659
1680 53.75 427.00 20.50 50.00 -11.588749
1680 40.15 417.03 24.37 59.45 -12.152343
1680 533.75 429.00 20.50 50.00 -13.077086
