30 471.930664062 182.196014404 21.7166137695 46.9097595215 0.998345732689
30 435.871520996 185.421203613 18.639465332 38.3440551758 0.99725073576
30 421.077453613 186.092285156 18.1232299805 37.1029052734 0.744449973106
60 512.73059082 179.490066528 24.8635253906 57.254119873 0.997456848621
60 570.408630371 183.273223877 19.7713623047 44.7354736328 0.996453762054
60 487.512695312 181.811538696 17.4057617188 42.9877624512 0.995981931686
60 455.09854126 183.553970337 16.5178833008 40.6556396484 0.991119921207
60 446.544525146 182.791488647 15.3832397461 40.2515258789 0.75398349762
60 533.436950684 177.336761475 23.3062744141 55.2464599609 0.41974273324
90 549.296203613 183.094970703 20.1303710938 55.1944580078 0.997058033943
90 501.759246826 173.322921753 20.5843811035 51.2022399902 0.996800065041
90 577.364379883 174.944824219 24.3731689453 63.6265258789 0.996352791786
90 475.896850586 176.023742676 20.986328125 52.2891845703 0.995961487293
90 454.243865967 182.676696777 18.9747314453 41.5433959961 0.983261525631
90 493.248931885 184.063079834 15.7695922852 41.5508728027 0.61728978157
90 561.718261719 175.387374878 17.0307617188 54.3301391602 0.139764904976
120 510.538543701 164.177062988 25.4170227051 63.702545166 0.997551620007
120 597.352722168 171.370117188 26.9016113281 67.6940002441 0.99731194973
120 534.878112793 166.997039795 23.8181152344 59.3594665527 0.995797038078
120 490.388305664 169.783401489 20.109375 57.6717529297 0.993283510208
120 479.507293701 173.944152832 17.5498657227 51.3897399902 0.0950116589665
150 586.076416016 158.653564453 35.9368896484 90.9728088379 0.998326480389
150 552.57244873 170.019042969 30.0323486328 74.7937316895 0.995803058147
150 495.752746582 186.286148071 22.6143798828 54.4391784668 0.942848086357
150 569.429199219 160.298721313 28.4301757812 78.8272094727 0.231831952929
180 547.085449219 177.578414917 22.7257080078 67.6699829102 0.973707377911
180 537.530029297 181.786651611 18.4270019531 59.0855712891 0.144907861948
210 492.88293457 171.554656982 17.4538574219 53.4944152832 0.995609462261
210 471.34274292 173.707885742 18.1421508789 52.7046203613 0.993393838406
240 506.682891846 172.327651978 22.9625549316 55.0648803711 0.993630349636
240 456.904418945 182.354949951 24.3865356445 49.075012207 0.71875423193
270 567.633911133 172.025466919 23.0046386719 66.3675537109 0.991211593151
270 604.530090332 167.574142456 20.623046875 60.9602355957 0.958105146885
270 529.080993652 173.135650635 25.1547851562 67.1588134766 0.100621215999
300 595.087280273 159.075378418 26.7572021484 79.7286987305 0.990095019341
300 450.489013672 183.735870361 16.8453369141 36.244354248 0.989904224873
300 617.438232422 168.771408081 20.0754394531 80.1384277344 0.0836434215307
330 488.167510986 181.867172241 16.3107299805 43.8831787109 0.994295537472
330 573.587097168 172.230102539 21.4664306641 64.5751342773 0.992445766926
330 208.694717407 184.524337769 15.9323425293 29.6268920898 0.667243421078
330 624.288879395 153.295959473 14.7111206055 117.11541748 0.320290625095
360 520.953613281 171.963973999 24.2874755859 57.876373291 0.995223104954
360 200.394729614 186.416946411 15.3963928223 31.7035217285 0.815166592598
360 98.0857772827 136.886016846 29.2278594971 93.3952636719 0.0627196356654
390 194.720809937 179.726119995 18.5513000488 33.6131591797 0.972050786018
420 128.432235718 177.236877441 16.6126098633 34.6549682617 0.302729219198
450 152.692993164 184.498718262 16.2536010742 32.9090881348 0.699835002422
480 127.285873413 187.470916748 15.9528198242 29.9234313965 0.901064455509
480 108.500854492 178.884384155 19.3962097168 33.8494567871 0.503192901611
510 496.344207764 178.217102051 22.9640808105 43.8071594238 0.99449300766
510 484.15725708 175.832489014 16.1683349609 42.3732910156 0.45076841116
510 605.86920166 181.672409058 19.2595214844 40.0851745605 0.117033720016
510 148.236755371 181.800292969 17.4981384277 29.8218994141 0.0519175864756
540 511.657623291 170.141769409 21.3346862793 54.5935058594 0.99485886097
540 555.931213379 168.602172852 27.8388671875 58.6108398438 0.936225414276
540 543.934570312 173.704956055 18.5390625 53.5006408691 0.101121351123
570 519.449829102 173.568771362 19.9934082031 55.3468933105 0.988938689232
600 595.139404297 171.211212158 24.4689941406 65.9875183105 0.996510088444
660 493.266906738 174.592071533 19.0910644531 55.1251831055 0.458710998297
690 565.748718262 172.771438599 28.4084472656 72.8626708984 0.997349262238
690 482.787506104 171.455673218 21.6694335938 52.0199890137 0.992318749428
690 62.4656677246 191.078567505 16.6605377197 31.283416748 0.866751015186
690 32.5041465759 192.143676758 15.1227493286 32.3948974609 0.257195770741
690 23.5899715424 194.078659058 15.2007770538 35.4714660645 0.187685891986
690 49.980846405 186.221252441 17.6013221741 43.1327819824 0.154845222831
750 490.594451904 180.032012939 20.545715332 43.5028381348 0.99723982811
750 448.538391113 188.930557251 18.3734130859 35.3368225098 0.98265838623
750 462.888702393 188.5027771 16.8649291992 34.3215332031 0.787966191769
780 573.635498047 154.387969971 36.2143554688 100.745025635 0.995199799538
780 535.461425781 173.050857544 25.0374755859 54.7602539062 0.992699205875
780 482.693511963 177.515426636 24.5908203125 54.341583252 0.990404009819
780 553.868591309 175.843322754 24.1446533203 58.0638122559 0.534778773785
810 606.910522461 155.76159668 25.81640625 73.5003662109 0.995153307915
810 587.104614258 159.227996826 24.8909912109 70.3991699219 0.988103449345
810 544.08770752 163.952316284 26.9986572266 72.2070007324 0.986242175102
810 515.64276123 171.091812134 24.4528808594 67.2121582031 0.92033302784
810 506.266326904 174.277359009 19.033416748 64.4475097656 0.869658172131
810 497.751373291 174.779983521 15.7254333496 44.3090209961 0.861300170422
810 529.55279541 168.1040802 25.1643066406 69.4627380371 0.116718567908
810 577.16998291 175.0597229 21.2596435547 60.8285217285 0.0603393688798
840 551.727905273 157.357711792 26.5876464844 80.413269043 0.998802185059
840 572.753723145 149.612518311 34.8392333984 104.236541748 0.993006467819
840 614.450500488 152.537322998 24.0139160156 89.3805847168 0.95396065712
870 535.110229492 188.474121094 15.9647216797 39.9248046875 0.769096791744
900 434.713256836 184.81942749 17.6582641602 35.1612854004 0.947764337063
900 573.119140625 193.325531006 16.7823486328 41.4696350098 0.770042538643
930 482.083282471 179.207626343 18.2872314453 32.9208374023 0.752935230732
930 622.865600586 163.857879639 16.1343994141 52.9276123047 0.0834072306752
960 503.667510986 177.605209351 22.7063293457 59.8171386719 0.991844832897
990 568.683898926 181.198913574 21.6706542969 66.5129089355 0.846845090389
1050 54.5648460388 187.129058838 17.7392311096 35.6989135742 0.933215796947
1080 551.934020996 174.67024231 24.7392578125 66.2431030273 0.998205184937
1080 305.531158447 182.643432617 15.7032470703 30.9607849121 0.99154984951
1080 12.2072649002 187.743988037 20.9067611694 41.8076171875 0.885757982731
1080 63.7758750916 200.115814209 16.4714698792 32.7223205566 0.647675216198
1080 52.1610641479 198.012680054 14.8583297729 35.4572753906 0.15905494988
1110 602.677978516 168.996994019 28.7274169922 75.1786499023 0.994707465172
1230 111.879394531 181.168884277 16.36668396 33.6004333496 0.996819615364
1260 61.719871521 186.630569458 18.7774810791 33.4410095215 0.998348593712
1260 9.26030445099 183.522262573 16.2066307068 32.7270202637 0.989413499832
1290 0.0 188.068008423 23.3940505981 47.9658508301 0.953680634499
1320 570.500183105 162.932678223 24.1431884766 61.0181884766 0.950047850609
1350 593.559265137 166.456756592 22.3907470703 74.433380127 0.884643554688
1410 566.164978027 154.399673462 30.1297607422 71.4249572754 0.998739659786
1410 417.089996338 172.962966919 15.1755981445 36.5097961426 0.94108736515
1410 409.161834717 168.689376831 15.3864135742 34.0730285645 0.458216249943
1440 516.524719238 142.709381104 52.1300048828 138.454345703 0.999451339245
1440 616.394042969 156.21105957 22.6059570312 67.2219543457 0.988369941711
1470 433.410614014 175.650619507 15.7983398438 33.5162963867 0.996227025986
1470 487.258880615 142.069671631 50.1549987793 146.344604492 0.435998558998
1500 492.364349365 131.404693604 51.5044250488 147.070617676 0.995430350304
1500 429.646820068 177.411148071 16.6310424805 33.243927002 0.995126366615
1500 545.465332031 163.479049683 30.9934082031 96.0269622803 0.77896463871
1500 408.29977417 173.83706665 15.7503662109 36.114654541 0.225867137313
1530 515.720092773 133.609466553 50.8802490234 190.943572998 0.995537757874
1530 435.481018066 178.508285522 16.4530029297 37.9703369141 0.995292782784
1530 404.128692627 174.472167969 16.1148071289 35.3522644043 0.983782947063
1530 425.241149902 178.217224121 15.6119995117 33.1694335938 0.958640217781
1560 441.377075195 183.029006958 15.7584838867 37.6715393066 0.996670305729
1560 423.151397705 177.89453125 16.5500488281 35.6710510254 0.981755256653
1560 413.477020264 181.015533447 15.8905029297 32.5475769043 0.514007031918
1590 449.807800293 181.770202637 15.8807983398 40.407409668 0.99489814043
1590 435.357818604 180.253173828 15.6044921875 37.4717102051 0.966294705868
1620 458.392944336 174.60218811 17.1286010742 43.96484375 0.994116663933
1620 442.763397217 178.977615356 16.5004882812 41.9514160156 0.990614533424
1620 432.286743164 178.737304688 16.6332397461 34.4948425293 0.987989425659
1650 481.414855957 179.77116394 17.4168701172 44.3359375 0.994511127472
1650 448.46496582 175.060913086 17.4879150391 38.2132568359 0.993382096291
1650 465.226013184 177.904327393 17.7376708984 45.3748168945 0.98939627409
1680 494.146606445 179.858978271 20.3086547852 45.9889221191 0.996043324471
1680 465.934265137 177.302322388 20.4041137695 48.2495727539 0.995473086834
1680 454.512939453 176.230438232 19.6655273438 48.5911560059 0.994592726231
1680 483.568847656 177.495300293 19.2628173828 44.1520996094 0.926825225353
1710 487.722930908 175.579666138 20.3614501953 50.6341552734 0.99502402544
1710 468.8230896 178.463378906 17.6735839844 50.2292785645 0.992643296719
1710 513.752929688 182.905029297 18.0108642578 43.9786682129 0.98908418417
1710 153.457733154 182.950180054 17.6363220215 30.4939575195 0.61034232378
1740 509.832611084 174.771469116 22.3358459473 55.446472168 0.99661141634
1740 491.511932373 173.537368774 23.8787536621 54.7546691895 0.995988786221
1740 538.692810059 182.121353149 20.7518310547 54.6645507812 0.995279073715
1740 523.549316406 185.201416016 19.1540527344 53.7149353027 0.611124932766
1770 522.08392334 175.41557312 25.4060058594 58.6563110352 0.996219694614
1770 580.566955566 174.659454346 24.4378662109 64.0904541016 0.99616676569
1770 550.479187012 172.459854126 24.4201660156 63.9958496094 0.995004713535
1770 566.751342773 179.708633423 18.7064208984 55.6450500488 0.472602188587
