30 372.753448486 189.180145264 16.9376220703 27.356842041 0.700669050217
420 452.991790771 188.872360229 23.5998535156 39.6057434082 0.975720107555
450 457.117431641 178.019866943 22.9446411133 55.5073852539 0.24045959115
480 511.251190186 181.172058105 25.2707824707 63.4904174805 0.99747389555
480 481.330566406 171.217636108 22.483581543 62.6802978516 0.340547174215
480 557.442993164 185.57421875 20.8939208984 55.6410522461 0.148185804486
510 543.609436035 186.32119751 20.9816894531 57.1640319824 0.995517075062
510 503.611480713 170.026794434 25.5534973145 61.2247009277 0.934311568737
510 568.27923584 187.499908447 17.3989257812 56.9117736816 0.257594347
510 595.123840332 178.425216675 21.0928955078 57.0414733887 0.107399389148
510 473.654266357 174.445373535 26.6036987305 72.1251831055 0.0740879103541
540 593.588623047 167.557128906 26.34765625 85.8499145508 0.989349901676
540 458.45300293 174.98500061 22.7738037109 48.8923950195 0.988668501377
540 608.572875977 179.613006592 26.2663574219 73.4871520996 0.117107622325
570 510.403625488 168.122619629 23.7485351562 70.6722106934 0.0925321057439
570 0.345308303833 213.299850464 16.0925159454 52.2199249268 0.0547661967576
720 429.514404297 182.715713501 17.0728759766 28.1549072266 0.848159193993
750 441.364196777 181.974975586 18.4868774414 29.6552429199 0.96984732151
750 424.954956055 184.202850342 16.0977783203 29.3059082031 0.280536860228
780 451.244049072 182.597473145 20.5032958984 38.6817932129 0.887787103653
780 596.796813965 207.864898682 23.4833984375 71.7878112793 0.854574024677
810 509.15612793 186.26335144 23.6202392578 55.5037841797 0.991981446743
810 463.857543945 183.567214966 20.0178222656 45.7816467285 0.847776710987
840 499.413757324 174.293060303 22.4504394531 49.5221862793 0.992875099182
840 74.6621856689 185.27772522 21.3615264893 45.3446960449 0.989346206188
870 542.100585938 166.28062439 30.9862060547 62.001739502 0.992806553841
900 621.936584473 177.692459106 17.0634155273 65.3793640137 0.893864929676
900 27.0157814026 169.879837036 15.862159729 57.3229980469 0.0883331894875
930 58.8909225464 181.491516113 16.4177703857 33.0348510742 0.597340166569
960 618.049743652 172.482055664 20.9502563477 52.2247009277 0.0543867275119
990 125.883621216 183.7681427 15.3977661133 28.524597168 0.449788123369
990 380.576782227 177.31187439 18.1577148438 30.9198608398 0.43227738142
990 113.693916321 186.113388062 16.4903793335 27.6163024902 0.233164876699
1020 403.012115479 182.193649292 16.7863769531 30.1454162598 0.975313842297
1020 103.078819275 192.156326294 16.6818389893 30.9078063965 0.927413165569
1020 91.0837020874 189.324996948 18.6750488281 31.6258850098 0.57782971859
1050 130.587234497 186.634490967 15.6329650879 34.9777526855 0.474206477404
1050 58.0357284546 186.990783691 21.314743042 43.1138000488 0.329679220915
1080 8.25264167786 190.132583618 21.608379364 47.8626708984 0.991533577442
1140 33.519203186 199.166442871 15.6030960083 33.9718322754 0.216158747673
1170 195.739639282 185.719345093 29.6715087891 60.0722045898 0.943795681
1170 415.657012939 176.233276367 26.2407226562 56.8266296387 0.694809675217
1290 174.90802002 173.402160645 20.6267089844 33.0774841309 0.414855182171
1350 492.971466064 182.910400391 26.638092041 55.8685302734 0.996956467628
1380 556.414245605 173.081253052 32.7331542969 89.1127166748 0.999459683895
1380 0.525145530701 212.808883667 16.3369255066 42.9226379395 0.472099483013
1500 223.998947144 197.346618652 22.880065918 50.1691894531 0.138610824943
1530 226.228820801 196.855728149 18.3841552734 37.0847167969 0.385696768761
1710 5.35139656067 163.748718262 21.6377105713 85.050567627 0.702622771263
1740 518.480834961 187.560943604 17.0042724609 46.7673950195 0.0675882473588
1770 152.847869873 199.111450195 19.7428588867 36.9051208496 0.113145321608
1800 385.447113037 191.994033813 16.2772827148 31.0965270996 0.101760737598
1830 206.486679077 188.133026123 16.3828125 34.7895812988 0.287602156401
