60 489.415527344 186.880950928 18.819152832 41.1790466309 0.993245780468
90 545.107299805 178.999710083 25.8649902344 61.4060058594 0.998190462589
120 93.6630935669 185.790130615 19.64112854 32.0918579102 0.785639286041
150 109.888549805 196.855606079 15.6519012451 28.3899230957 0.571319580078
180 615.739562988 173.060043335 19.7432861328 46.0103149414 0.990986287594
180 465.646240234 158.763717651 24.4832763672 54.157989502 0.939048349857
180 98.5581817627 190.59828186 19.0636749268 35.2684936523 0.211816504598
210 6.21902942657 194.851364136 24.1296272278 43.9470825195 0.996006667614
240 78.8946914673 203.033538818 15.8652496338 33.960357666 0.994512438774
240 24.9112052917 199.110305786 17.60912323 36.6884765625 0.993240833282
240 35.1032485962 197.935974121 18.0041503906 37.5772399902 0.948356330395
240 486.475616455 174.288833618 20.2401123047 43.2751159668 0.575237333775
270 27.7628936768 200.428161621 15.4925308228 37.6922912598 0.923736274242
270 247.672470093 182.873565674 19.3040008545 39.2815246582 0.0876640081406
390 388.08605957 177.885726929 19.5360107422 63.5458679199 0.519999206066
420 409.585235596 171.21887207 31.0835571289 86.6542053223 0.710909605026
450 463.03012085 154.688186646 50.9662780762 139.943771362 0.99717605114
480 392.417663574 174.102996826 17.9348754883 36.2184143066 0.972417831421
480 159.687957764 189.627532959 16.0880737305 31.7854309082 0.733458340168
510 134.025283813 187.741729736 16.7427062988 33.6304016113 0.203542634845
540 408.865325928 177.552719116 19.0559692383 41.0957641602 0.967237353325
570 473.473022461 179.397140503 21.0529174805 47.0406494141 0.350124031305
600 514.052490234 175.399734497 25.5482177734 59.4914550781 0.998470842838
630 623.116455078 162.893966675 15.8835449219 69.665435791 0.121252179146
630 440.14163208 175.082962036 15.8203125 41.409576416 0.0906005129218
630 595.015563965 166.37612915 24.1000976562 78.3121337891 0.0825694650412
660 500.717651367 178.240036011 18.3588256836 46.7656555176 0.993215739727
660 436.289001465 177.090133667 19.2616577148 35.7092285156 0.910194456577
660 623.659606934 183.107818604 15.3403930664 51.0950622559 0.351004600525
690 566.698547363 169.534500122 28.7219238281 67.0310668945 0.997822642326
690 452.16619873 181.8543396 17.7601928711 39.5838623047 0.17540627718
720 79.4056015015 175.573120117 24.4688568115 51.0065612793 0.825753748417
750 502.729675293 169.685302734 25.5075683594 48.116607666 0.832748830318
780 531.342834473 170.618209839 28.5670166016 63.1837463379 0.991856694221
780 3.47679233551 156.431381226 22.5179710388 78.9861755371 0.951223611832
780 590.205749512 172.518051147 22.5212402344 54.3438415527 0.105277068913
810 572.799255371 170.64755249 22.2694091797 50.4401855469 0.978436768055
810 427.157623291 158.307647705 22.9384155273 58.5416564941 0.165738686919
840 20.6293716431 181.274765015 19.0943832397 43.6986999512 0.980950713158
840 405.48425293 170.987823486 16.0785522461 41.1497802734 0.117546848953
870 416.671844482 166.366149902 16.4075317383 40.2774963379 0.986843407154
900 159.806915283 178.200912476 19.404510498 33.2242126465 0.994293749332
900 451.131744385 173.487579346 16.8051147461 38.448059082 0.987155795097
900 43.3225250244 184.107086182 15.5862503052 32.7426757812 0.937980592251
930 137.055923462 173.318389893 17.5406188965 37.897064209 0.994709849358
930 8.84146499634 178.97492981 18.086933136 38.6343994141 0.992089509964
990 476.216674805 154.539596558 24.8270263672 54.673248291 0.998202562332
990 45.8047332764 187.940795898 19.5961074829 34.3973999023 0.996484041214
1020 12.3083639145 196.141891479 17.8646278381 36.5565185547 0.976114392281
1020 482.453887939 149.702789307 22.4385986328 64.1507873535 0.34705927968
1080 33.1312141418 195.928436279 16.7566680908 29.3865966797 0.874839246273
1200 48.5097885132 193.006622314 21.0899429321 37.3001708984 0.996332526207
1260 9.60787773132 201.954116821 16.6855201721 35.865814209 0.943040907383
1260 2.25947284698 210.583724976 15.3437299728 33.5532836914 0.259986788034
1260 500.817779541 185.063949585 16.6606140137 40.063873291 0.224763050675
1290 507.604492188 167.448318481 26.6942138672 57.8626403809 0.0557798594236
1800 7.06266784668 199.39352417 20.8436737061 33.1637268066 0.78129529953
1830 5.81241512299 199.728729248 19.9540405273 35.7481689453 0.834019422531
