30 33.0829696655 185.229873657 26.1613235474 56.1548461914 0.997544825077
30 417.121551514 167.614257812 25.7747192383 54.1304016113 0.111923106015
210 413.589263916 144.589630127 31.4470214844 73.7184753418 0.0657433718443
240 414.255767822 151.388870239 27.0219726562 64.9967956543 0.760815382004
300 458.772766113 125.062011719 44.2615966797 112.373748779 0.593182265759
330 550.396972656 101.221130371 83.7087402344 189.993591309 0.691112816334
360 507.174835205 145.177536011 53.0082092285 118.140335083 0.568305850029
600 578.896118164 184.476531982 22.1583251953 40.3515625 0.0516730062664
630 134.632049561 190.249832153 31.0414123535 66.0001068115 0.997541904449
630 611.525085449 181.721679688 26.7347412109 98.6658325195 0.365581989288
720 6.51884937286 207.276107788 21.9082069397 79.8075714111 0.997586369514
750 139.110671997 156.67477417 25.2755126953 64.7275390625 0.96939599514
780 151.670593262 186.57270813 18.5325012207 45.2539978027 0.993660390377
810 97.0600585938 163.634658813 25.5398406982 67.1332702637 0.990869164467
840 30.2130851746 154.732223511 28.2468414307 68.1338500977 0.998441636562
960 0.59047794342 189.882003784 19.0355377197 70.2314910889 0.0508439913392
990 107.815177917 171.41104126 26.1330490112 72.06640625 0.963224112988
1020 195.317474365 184.828262329 19.7733154297 53.5356445312 0.778249919415
1110 498.121704102 147.754653931 25.7755126953 80.5922546387 0.856678843498
1170 332.8828125 185.585540771 16.143737793 30.8159790039 0.067898415029
1200 581.105163574 160.197433472 26.1990966797 70.1367797852 0.143098831177
1230 405.233398438 173.640777588 15.9642944336 26.9914550781 0.982250034809
1320 346.625732422 174.139862061 17.1688232422 30.8254089355 0.0782465189695
1350 348.777282715 183.562911987 16.45703125 26.953125 0.517221033573
1440 306.354309082 204.151824951 17.1252441406 33.2557678223 0.986350476742
1440 377.795898438 191.060638428 17.4521484375 35.0750732422 0.566964924335
1470 385.747955322 175.850143433 23.5308837891 47.5335998535 0.530261337757
1470 312.761535645 194.515945435 14.9974365234 29.7816467285 0.226670145988
1560 607.993041992 144.938842773 21.6655273438 98.3073425293 0.790911376476
1560 41.5754127502 189.495681763 18.5305099487 49.7998352051 0.0738751068711
1620 467.309906006 162.791137695 20.9177246094 52.1313781738 0.996354460716
1650 139.186141968 168.729400635 17.544342041 41.5377807617 0.993185758591
1650 475.707366943 148.199234009 28.3013305664 71.1394042969 0.577316999435
1680 458.751464844 156.875061035 23.0348510742 67.3343200684 0.9989387393
1680 111.877593994 167.777313232 16.8515472412 43.4963378906 0.837483823299
1710 92.9959182739 171.710800171 21.4077758789 48.169921875 0.997599065304
1710 475.077575684 160.419204712 15.6197509766 43.5274047852 0.992863357067
1710 420.26763916 160.819442749 35.4493408203 83.6293640137 0.983206093311
1740 351.187164307 152.95223999 46.1600341797 89.5371704102 0.999041378498
1740 97.2917022705 172.636245728 21.7621307373 50.7575378418 0.99737906456
1740 71.6442871094 171.122619629 22.0360107422 54.2879943848 0.995421826839
1740 485.96472168 161.620330811 15.4600830078 43.4795837402 0.995223939419
1770 278.915527344 155.042984009 49.1043701172 96.921661377 0.99954611063
1770 80.0494232178 181.098068237 22.1398925781 50.6988830566 0.996127307415
1770 497.437683105 164.50012207 19.2393188477 49.8175048828 0.995218455791
1800 496.672302246 161.310577393 21.225769043 57.0756835938 0.997800290585
1800 193.30406189 167.094177246 50.2365112305 98.613067627 0.996590971947
1800 45.0955657959 185.009765625 21.7007751465 58.45703125 0.993511378765
1800 1.21536064148 187.322723389 15.5644187927 66.7683105469 0.162025988102
1830 60.2332000732 185.570907593 22.4217224121 55.5907897949 0.997999489307
1830 495.619842529 177.738845825 19.5158996582 51.5932312012 0.99768948555
1830 88.8597640991 161.459640503 42.9891433716 121.533584595 0.822545826435
