30 440.096801758 170.739624023 28.5980224609 78.6918640137 0.99401974678
30 403.687011719 163.561386108 27.5341186523 83.8606872559 0.846613228321
60 286.81729126 164.873413086 26.3969726562 60.0556640625 0.991418838501
60 602.457397461 164.663513184 34.0637207031 124.744384766 0.0627275109291
90 369.965515137 173.607849121 29.7167358398 57.1259460449 0.996202766895
120 479.746551514 169.926300049 47.1196594238 97.1623535156 0.998612165451
120 343.380187988 186.14364624 16.8886108398 42.1165161133 0.748010158539
150 403.874328613 178.422714233 24.2994384766 50.6259460449 0.180051237345
240 15.1696472168 117.04133606 30.9697265625 84.7083435059 0.977007985115
240 2.41970920563 120.522949219 21.4516639709 89.6242370605 0.0632149577141
600 608.814880371 181.307220459 21.7463378906 71.9290161133 0.808890283108
630 607.261047363 171.405792236 24.0059814453 82.9226989746 0.996392786503
660 606.722473145 162.83366394 26.0416259766 92.595123291 0.995701730251
690 609.401855469 170.640792847 23.1770019531 85.9240264893 0.981735885143
720 615.860046387 164.352752686 22.3430175781 91.4108276367 0.991540014744
750 611.673217773 167.766494751 21.4826660156 93.2728118896 0.991049408913
780 613.859375 170.046539307 22.9519042969 89.5912780762 0.996122658253
810 606.114257812 171.827774048 28.5281982422 91.5229644775 0.993261158466
840 604.797058105 163.257843018 30.0252685547 90.9719238281 0.955999076366
870 594.907592773 164.413299561 36.4415283203 101.83895874 0.999192416668
900 601.074951172 164.360671997 30.1533203125 98.7953643799 0.998972177505
930 607.597351074 178.771820068 31.1550292969 82.4553222656 0.991774022579
1350 477.458251953 199.930130005 19.3256225586 33.0664367676 0.965942263603
1380 524.333129883 192.795837402 19.5748291016 42.3700256348 0.227606028318
1680 515.526184082 139.327590942 40.1547851562 88.4340820312 0.994886577129
1680 160.135131836 189.055465698 16.6458129883 31.5481262207 0.136696889997
1740 551.735900879 189.881668091 21.0152587891 51.4193725586 0.976818799973
1770 487.951171875 125.446334839 26.6199951172 101.616546631 0.0626776069403
1800 15.7164382935 163.269088745 31.2732162476 99.9677581787 0.933908998966
