30 445.49 157.61 17.83 43.48 43.40
30 462.88 155.87 17.83 43.48 27.73
30 214.18 176.74 17.83 43.48 17.97
30 335.00 143.48 71.30 173.91 10.43
30 150.10 72.47 63.78 155.55 9.05
30 574.18 173.26 17.83 43.48 4.97
60 591.52 178.78 20.00 48.78 115.53
60 153.32 173.26 17.83 43.48 46.87
60 522.01 173.26 17.83 43.48 32.72
60 501.35 144.39 31.71 77.35 29.77
60 104.62 44.57 17.83 43.48 28.83
60 149.61 27.84 50.80 123.90 28.06
60 300.69 166.46 25.23 61.54 25.68
60 116.29 153.45 28.28 68.97 21.87
60 398.66 115.61 40.00 97.56 20.04
60 182.93 31.03 56.55 137.93 15.79
60 473.32 91.52 17.83 43.48 5.16
60 95.92 46.30 17.83 43.48 1.34
90 131.85 174.52 22.47 54.79 76.54
90 495.17 153.68 31.71 77.35 71.69
90 491.30 205.21 22.47 54.79 50.32
90 303.88 158.97 28.28 68.97 44.42
90 275.05 168.04 17.83 43.48 28.69
90 263.36 161.37 22.47 54.79 24.03
90 193.32 176.74 17.83 43.48 23.80
90 458.23 122.15 25.23 61.54 21.30
90 336.98 167.24 28.28 68.97 19.95
90 87.23 32.39 17.83 43.48 16.60
90 363.54 131.22 40.00 97.56 13.35
90 620.79 174.88 20.00 48.78 12.94
90 66.90 130.46 45.20 110.24 4.96
90 208.14 33.58 45.20 110.24 3.57
120 306.64 158.97 28.28 68.97 59.20
120 7.50 165.65 35.65 86.96 53.21
120 576.28 116.91 50.80 123.90 49.00
120 39.63 135.12 40.00 97.56 44.50
120 160.61 131.22 40.00 97.56 43.48
120 504.44 150.58 31.71 77.35 43.35
120 447.23 157.61 17.83 43.48 38.53
120 263.36 163.56 22.47 54.79 37.29
120 191.85 26.52 35.65 86.96 35.15
120 106.36 190.65 17.83 43.48 34.46
120 231.58 173.26 17.83 43.48 26.50
120 550.82 17.42 31.71 77.35 18.24
120 484.73 29.86 22.47 54.79 18.03
120 511.83 170.24 40.00 97.56 15.35
120 108.70 97.94 31.71 77.35 14.00
150 36.79 195.87 17.83 43.48 48.54
150 153.00 168.92 25.23 61.54 36.67
150 271.52 167.07 20.00 48.78 33.67
150 10.23 171.38 25.23 61.54 30.89
150 517.31 198.46 25.23 61.54 23.75
150 109.57 178.78 20.00 48.78 17.03
150 88.97 33.58 45.20 110.24 13.92
150 77.05 170.14 22.47 54.79 7.89
150 218.84 172.93 20.00 48.78 7.75
150 523.54 135.12 40.00 97.56 3.43
150 72.50 184.63 20.00 48.78 1.74
150 497.88 124.11 22.47 54.79 1.36
180 121.81 156.21 28.28 68.97 69.85
180 265.55 154.79 22.47 54.79 48.96
180 367.33 139.66 28.28 68.97 48.53
180 560.19 97.40 63.78 155.55 46.00
180 110.78 156.21 28.28 68.97 37.35
180 395.05 138.48 17.83 43.48 33.62
180 94.18 178.48 17.83 43.48 32.16
180 52.84 161.72 28.28 68.97 31.80
180 306.57 147.48 31.71 77.35 30.37
180 156.79 173.26 17.83 43.48 16.17
180 28.91 18.26 71.30 173.91 15.99
180 348.37 144.78 35.65 86.96 13.39
180 488.99 94.84 31.71 77.35 10.42
180 33.53 153.45 28.28 68.97 6.69
210 41.28 170.98 20.00 48.78 80.86
210 61.12 147.93 28.28 68.97 72.64
210 362.22 162.97 31.71 77.35 60.26
210 597.68 135.12 40.00 97.56 57.70
210 568.97 115.87 17.83 43.48 42.08
210 71.59 141.29 31.71 77.35 41.52
210 352.95 150.58 31.71 77.35 36.09
210 420.17 91.72 56.55 137.93 30.82
210 254.59 146.03 22.47 54.79 23.67
210 83.96 153.68 31.71 77.35 21.14
210 29.57 170.98 20.00 48.78 19.71
210 292.72 141.30 35.65 86.96 17.58
210 521.28 114.39 20.00 48.78 1.87
240 14.46 134.35 35.65 86.96 66.32
240 99.40 169.78 17.83 43.48 55.66
240 92.01 73.41 20.00 48.78 52.02
240 353.53 156.21 28.28 68.97 35.81
240 7.77 31.08 25.23 61.54 29.95
240 7.50 151.74 35.65 86.96 23.68
240 39.63 142.93 40.00 97.56 23.55
240 464.31 86.21 56.55 137.93 20.79
240 109.84 168.04 17.83 43.48 7.70
240 251.47 142.41 28.28 68.97 3.40
270 453.29 88.29 40.00 97.56 67.52
270 235.46 141.29 31.71 77.35 32.94
270 85.95 164.48 28.28 68.97 20.13
270 75.05 70.65 17.83 43.48 14.07
270 491.11 75.74 80.85 197.19 14.03
270 566.16 282.20 20.00 48.78 13.27
270 180.08 154.15 25.23 61.54 10.33
270 397.07 144.78 35.65 86.96 4.24
300 165.49 175.00 17.83 43.48 54.99
300 6.16 59.76 20.00 48.78 33.24
300 229.40 145.17 28.28 68.97 29.29
300 546.10 220.55 22.47 54.79 28.79
300 39.05 170.00 28.28 68.97 21.59
300 470.54 112.31 25.23 61.54 17.56
300 184.45 170.14 22.47 54.79 16.58
300 111.52 169.02 20.00 48.78 6.72
300 61.12 167.24 28.28 68.97 4.54
330 44.57 170.00 28.28 68.97 55.01
330 39.77 48.31 25.23 61.54 48.79
330 208.97 181.96 17.83 43.48 46.34
330 12.85 162.97 31.71 77.35 43.31
330 171.30 170.14 22.47 54.79 37.75
330 492.32 201.46 40.00 97.56 34.25
330 431.21 130.34 56.55 137.93 27.22
330 473.77 150.41 22.47 54.79 19.48
330 617.66 41.09 17.83 43.48 11.08
330 156.79 176.74 17.83 43.48 10.65
330 233.59 134.35 35.65 86.96 0.44
360 536.16 241.09 89.69 218.76 44.27
360 483.75 148.91 17.83 43.48 14.29
360 187.46 183.69 25.23 61.54 9.20
390 3.75 188.91 17.83 43.48 45.05
390 436.08 198.46 25.23 61.54 38.42
390 357.98 151.55 50.80 123.90 31.05
390 336.14 170.09 45.20 110.24 27.94
390 508.84 222.74 22.47 54.79 20.70
390 211.04 12.93 20.00 48.78 10.63
390 207.13 55.85 20.00 48.78 5.40
420 4.21 50.00 20.00 48.78 76.10
420 121.06 150.58 31.71 77.35 43.12
420 10.98 155.22 35.65 86.96 36.89
420 578.83 172.21 63.78 155.55 36.82
420 171.47 170.00 28.28 68.97 34.40
420 552.16 175.52 28.28 68.97 29.12
420 365.76 193.48 35.65 86.96 26.41
420 481.79 90.83 45.20 110.24 25.48
420 521.52 192.11 45.20 110.24 23.42
420 68.10 204.57 17.83 43.48 22.87
420 582.07 271.71 40.00 97.56 17.70
420 452.84 197.59 28.28 68.97 13.36
420 31.03 102.19 22.47 54.79 8.60
450 475.31 75.74 80.85 197.19 38.75
450 133.29 158.54 40.00 97.56 36.96
450 458.07 193.94 31.71 77.35 34.98
450 427.62 186.59 20.00 48.78 34.73
450 560.19 178.44 63.78 155.55 31.41
450 37.58 206.32 31.71 77.35 19.05
450 62.32 159.87 31.71 77.35 8.58
450 38.53 185.43 17.83 43.48 6.67
480 565.49 192.39 17.83 43.48 45.56
480 7.77 176.31 25.23 61.54 35.64
480 416.98 164.48 28.28 68.97 35.41
480 204.18 45.21 22.47 54.79 35.12
480 21.77 196.34 20.00 48.78 31.09
480 474.79 84.00 89.69 218.76 19.02
480 445.49 170.24 40.00 97.56 16.49
480 307.19 159.18 22.47 54.79 6.86
510 605.49 194.13 17.83 43.48 116.69
510 483.56 66.55 89.69 218.76 61.51
510 433.62 200.92 25.23 61.54 45.62
510 296.20 158.70 35.65 86.96 30.32
510 439.05 158.97 28.28 68.97 28.67
510 397.07 144.78 35.65 86.96 22.57
510 189.08 20.52 31.71 77.35 18.78
510 28.10 181.96 17.83 43.48 5.46
540 552.41 130.46 45.20 110.24 69.08
540 393.52 165.69 45.20 110.24 52.92
540 442.24 141.38 56.55 137.93 45.29
540 252.40 161.37 22.47 54.79 40.68
540 182.90 17.42 31.71 77.35 29.53
540 204.57 125.86 28.28 68.97 24.69
540 362.95 151.55 50.80 123.90 22.51
540 525.76 148.26 35.65 86.96 22.36
540 10.23 183.69 25.23 61.54 21.61
540 431.21 113.79 56.55 137.93 20.46
540 209.62 26.15 25.23 61.54 15.94
540 278.80 155.22 35.65 86.96 13.03
570 243.63 161.37 22.47 54.79 72.99
570 404.02 162.17 35.65 86.96 53.89
570 68.29 159.18 22.47 54.79 49.64
570 72.67 148.22 22.47 54.79 41.34
570 168.74 141.04 63.78 155.55 27.97
570 543.88 192.07 28.28 68.97 24.17
570 223.90 167.95 22.47 54.79 21.24
570 16.22 178.05 40.00 97.56 13.77
570 591.85 141.30 35.65 86.96 4.56
600 581.24 131.75 50.80 123.90 72.04
600 158.16 8.13 31.71 77.35 49.83
600 243.19 156.21 28.28 68.97 48.30
600 216.91 147.48 31.71 77.35 46.60
600 188.37 137.83 35.65 86.96 41.70
600 425.26 164.48 28.28 68.97 36.78
600 405.82 183.29 22.47 54.79 34.56
600 503.72 204.15 20.00 48.78 32.72
600 25.22 132.00 31.71 77.35 23.79
600 492.01 200.24 20.00 48.78 19.47
600 59.67 162.17 35.65 86.96 4.10
630 64.38 171.38 25.23 61.54 67.71
630 223.15 141.30 35.65 86.96 64.57
630 265.26 158.97 28.28 68.97 51.21
630 187.93 131.22 40.00 97.56 50.55
630 210.72 150.58 31.71 77.35 29.90
630 17.62 186.15 25.23 61.54 28.56
630 28.02 181.03 28.28 68.97 26.60
630 447.76 113.79 56.55 137.93 24.55
630 180.07 21.10 22.47 54.79 21.47
630 536.03 119.31 56.55 137.93 8.26
630 524.18 189.86 22.47 54.79 4.60
660 268.69 161.54 25.23 61.54 59.71
660 513.53 158.97 28.28 68.97 53.57
660 190.48 126.06 45.20 110.24 41.82
660 253.92 164.00 25.23 61.54 28.72
660 454.56 103.64 63.78 155.55 28.37
660 216.20 141.30 35.65 86.96 24.88
660 571.46 171.38 25.23 61.54 19.99
660 376.20 176.09 35.65 86.96 19.63
660 91.46 171.38 25.23 61.54 18.65
660 525.18 196.34 20.00 48.78 18.05
660 6.92 183.29 22.47 54.79 15.64
660 172.83 126.06 45.20 110.24 12.61
660 31.59 139.27 45.20 110.24 12.43
690 574.66 124.83 56.55 137.93 55.22
690 303.15 151.74 35.65 86.96 35.70
690 185.26 164.48 28.28 68.97 33.40
690 543.90 174.52 22.47 54.79 29.38
690 59.23 169.16 31.71 77.35 27.54
690 492.01 192.44 20.00 48.78 27.43
690 508.02 172.76 28.28 68.97 26.60
690 430.78 101.03 28.28 68.97 18.02
690 34.49 166.06 31.71 77.35 9.51
690 213.82 17.42 31.71 77.35 6.02
720 238.55 150.58 31.71 77.35 60.08
720 379.46 191.08 25.23 61.54 52.43
720 475.46 164.00 25.23 61.54 51.59
720 186.64 172.33 22.47 54.79 47.99
720 299.67 151.74 35.65 86.96 38.06
720 531.04 190.49 20.00 48.78 36.22
720 515.41 185.48 22.47 54.79 34.57
720 576.38 171.38 25.23 61.54 25.81
720 394.86 25.48 22.47 54.79 25.05
720 591.58 185.43 17.83 43.48 21.83
720 407.23 187.17 17.83 43.48 21.19
720 259.74 150.69 28.28 68.97 17.81
720 511.03 174.52 22.47 54.79 14.29
750 572.45 187.17 17.83 43.48 99.25
750 546.36 187.17 17.83 43.48 89.72
750 234.91 156.21 28.28 68.97 79.05
750 247.83 150.58 31.71 77.35 52.31
750 207.33 161.72 28.28 68.97 46.44
750 494.46 155.22 35.65 86.96 41.77
750 525.49 181.96 17.83 43.48 41.53
750 238.66 21.95 40.00 97.56 27.53
750 109.88 115.61 40.00 97.56 26.75
750 27.46 183.69 25.23 61.54 21.93
750 170.98 169.13 35.65 86.96 13.91
780 589.84 190.65 17.83 43.48 177.18
780 620.79 186.59 20.00 48.78 98.88
780 237.07 148.26 35.65 86.96 67.51
780 521.99 185.48 22.47 54.79 36.25
780 166.16 188.54 20.00 48.78 32.37
780 114.88 111.96 50.80 123.90 28.47
780 560.30 188.54 20.00 48.78 26.43
780 420.97 166.06 31.71 77.35 23.88
780 203.75 195.87 17.83 43.48 17.96
780 171.30 196.44 22.47 54.79 11.47
780 221.92 16.31 25.23 61.54 11.12
780 61.55 113.79 56.55 137.93 6.23
810 43.77 159.87 31.71 77.35 37.39
810 97.93 110.00 35.65 86.96 35.76
810 550.11 179.57 35.65 86.96 34.22
810 212.84 147.93 28.28 68.97 9.77
810 372.87 131.75 50.80 123.90 0.20
840 597.68 57.07 40.00 97.56 54.79
840 614.94 170.98 20.00 48.78 51.14
840 42.83 66.96 71.30 173.91 39.60
840 10.70 126.80 50.80 123.90 33.08
840 521.99 84.66 22.47 54.79 22.82
840 361.36 116.10 63.78 155.55 20.30
840 508.02 76.21 28.28 68.97 18.35
840 96.33 184.65 31.71 77.35 17.32
840 292.00 148.07 45.20 110.24 12.44
840 338.14 136.70 50.80 123.90 0.24
870 10.98 57.83 35.65 86.96 62.05
870 587.92 45.29 31.71 77.35 48.61
870 402.34 126.06 45.20 110.24 33.37
870 351.83 131.22 40.00 97.56 23.34
870 195.73 131.22 40.00 97.56 16.78
870 596.79 181.96 17.83 43.48 16.14
870 82.01 161.09 17.83 43.48 16.02
870 543.05 37.56 40.00 97.56 15.74
870 371.34 131.22 40.00 97.56 12.09
870 119.03 103.64 63.78 155.55 9.06
870 229.28 147.48 31.71 77.35 7.83
870 165.95 156.21 28.28 68.97 -0.38
900 14.18 195.87 17.83 43.48 63.64
900 207.44 127.32 40.00 97.56 49.16
900 576.38 104.92 25.23 61.54 37.68
900 4.73 174.52 22.47 54.79 37.55
900 349.38 143.67 45.20 110.24 35.53
900 597.20 29.81 31.71 77.35 29.41
900 34.85 164.00 25.23 61.54 27.71
900 160.61 119.51 40.00 97.56 25.96
900 407.60 116.91 50.80 123.90 18.82
900 497.88 110.96 22.47 54.79 18.48
900 367.57 103.64 63.78 155.55 11.20
900 133.31 132.00 25.23 61.54 10.58
930 371.45 126.06 45.20 110.24 56.49
930 27.62 186.59 20.00 48.78 49.29
930 88.97 194.13 17.83 43.48 46.54
930 151.98 119.61 31.71 77.35 46.42
930 187.93 139.02 40.00 97.56 31.33
930 349.38 143.67 45.20 110.24 20.44
930 406.54 164.00 25.23 61.54 10.73
960 11.90 113.79 56.55 137.93 82.60
960 169.46 116.91 50.80 123.90 57.48
960 204.54 141.29 31.71 77.35 48.79
960 365.76 158.70 35.65 86.96 38.85
960 33.97 86.21 56.55 137.93 35.17
960 428.02 153.45 28.28 68.97 31.48
960 132.84 123.10 28.28 68.97 27.48
960 407.50 134.35 35.65 86.96 25.75
960 89.14 97.24 56.55 137.93 23.00
960 78.66 45.37 40.00 97.56 20.11
960 84.21 5.12 20.00 48.78 18.72
960 554.23 161.54 25.23 61.54 13.49
990 336.14 139.27 45.20 110.24 97.65
990 394.91 161.72 28.28 68.97 46.24
990 90.08 102.06 50.80 123.90 40.02
990 429.84 169.78 17.83 43.48 30.67
990 62.48 130.46 45.20 110.24 30.39
990 150.76 104.04 45.20 110.24 27.87
990 362.28 151.74 35.65 86.96 25.41
990 609.57 153.68 31.71 77.35 22.78
990 565.66 121.65 45.20 110.24 18.33
990 413.92 151.69 25.23 61.54 17.28
990 469.40 167.24 28.28 68.97 10.54
990 439.52 147.48 31.71 77.35 5.59
990 296.20 162.17 35.65 86.96 3.25
1020 549.40 164.48 28.28 68.97 92.93
1020 513.53 170.00 28.28 68.97 81.46
1020 63.15 155.22 35.65 86.96 56.59
1020 367.44 135.12 40.00 97.56 48.52
1020 340.55 139.27 45.20 110.24 33.57
1020 466.65 190.49 20.00 48.78 29.58
1020 382.79 97.11 50.80 123.90 24.24
1020 247.50 130.87 35.65 86.96 22.68
1020 431.15 151.69 25.23 61.54 17.74
1020 6.16 233.41 20.00 48.78 12.38
1020 121.59 107.80 40.00 97.56 6.05
1050 601.59 154.63 40.00 97.56 55.84
1050 75.19 97.11 50.80 123.90 48.24
1050 208.14 126.06 45.20 110.24 43.81
1050 349.38 134.86 45.20 110.24 31.35
1050 392.50 170.98 20.00 48.78 28.63
1050 100.39 91.17 63.78 155.55 25.83
1050 508.84 187.67 22.47 54.79 23.94
1050 9.52 148.07 45.20 110.24 19.90
1050 552.16 167.24 28.28 68.97 16.01
1050 234.76 123.41 40.00 97.56 15.50
1050 170.71 195.87 17.83 43.48 4.18
1080 581.74 153.68 31.71 77.35 69.27
1080 572.45 173.26 17.83 43.48 56.96
1080 605.27 181.10 22.47 54.79 49.43
1080 349.38 130.46 45.20 110.24 42.69
1080 567.23 185.43 17.83 43.48 27.60
1080 496.98 139.66 28.28 68.97 26.28
1080 212.55 117.25 45.20 110.24 22.71
1080 396.69 161.54 25.23 61.54 21.61
1080 176.22 127.32 40.00 97.56 16.93
1080 6.16 301.71 20.00 48.78 16.43
1110 256.78 156.99 22.47 54.79 56.16
1110 396.69 161.54 25.23 61.54 42.73
1110 564.21 174.88 20.00 48.78 38.77
1110 419.74 156.21 28.28 68.97 34.73
1110 272.12 156.99 22.47 54.79 31.98
1110 263.36 150.41 22.47 54.79 31.30
1110 378.36 158.97 28.28 68.97 30.73
1110 519.77 156.62 25.23 61.54 28.89
1110 469.84 180.22 17.83 43.48 27.00
1110 495.17 153.68 31.71 77.35 21.12
1110 606.47 150.58 31.71 77.35 15.06
1110 532.99 157.32 20.00 48.78 10.45
1110 54.94 190.49 20.00 48.78 8.74
1110 156.79 185.43 17.83 43.48 0.04
1110 343.10 126.80 50.80 123.90 -0.20
1140 601.28 172.93 20.00 48.78 65.04
1140 224.03 107.01 50.80 123.90 59.29
1140 581.74 150.58 31.71 77.35 53.50
1140 495.00 66.96 71.30 173.91 39.61
1140 343.10 121.86 50.80 123.90 34.83
1140 128.38 146.77 25.23 61.54 23.95
1140 111.79 144.39 31.71 77.35 20.02
1140 82.56 166.34 40.00 97.56 14.07
1140 394.91 161.72 28.28 68.97 11.01
1140 68.29 167.95 22.47 54.79 5.81
1170 564.21 180.73 20.00 48.78 81.27
1170 191.85 151.74 35.65 86.96 47.59
1170 145.00 181.10 22.47 54.79 38.44
1170 340.12 146.83 40.00 97.56 26.15
1170 522.01 34.13 17.83 43.48 25.08
1170 49.95 169.16 31.71 77.35 23.73
1170 77.67 142.41 28.28 68.97 16.58
1170 402.01 185.43 17.83 43.48 15.95
1170 574.18 48.04 17.83 43.48 14.98
1170 26.64 181.10 22.47 54.79 13.97
1170 406.16 155.37 20.00 48.78 9.01
1170 265.55 152.60 22.47 54.79 2.69
1170 445.27 154.79 22.47 54.79 1.63
1200 419.82 190.49 20.00 48.78 49.65
1200 219.52 161.37 22.47 54.79 32.60
1200 10.70 82.27 50.80 123.90 26.54
1200 91.52 87.83 71.30 173.91 25.52
1200 480.30 75.37 20.00 48.78 25.13
1200 541.92 166.46 25.23 61.54 23.65
1200 232.16 147.93 28.28 68.97 22.87
1200 413.96 149.51 20.00 48.78 22.12
1200 195.43 161.22 20.00 48.78 14.28
1200 348.37 151.74 35.65 86.96 10.95
1230 423.50 103.64 63.78 155.55 63.86
1230 32.84 52.13 80.85 197.19 59.77
1230 116.51 167.95 22.47 54.79 45.55
1230 5.31 68.00 25.23 61.54 26.73
1230 358.21 148.07 45.20 110.24 21.68
1230 181.96 60.00 71.30 173.91 21.36
1230 490.98 172.61 35.65 86.96 20.84
1260 20.12 135.12 40.00 97.56 60.12
1260 439.05 189.31 28.28 68.97 46.67
1260 527.33 26.55 28.28 68.97 44.49
1260 344.97 152.48 45.20 110.24 42.54
1260 198.36 153.68 31.71 77.35 40.07
1260 617.66 183.70 17.83 43.48 38.04
1260 74.86 200.82 22.47 54.79 33.78
1260 511.83 178.05 40.00 97.56 27.15
1260 162.85 156.62 25.23 61.54 26.90
1260 544.38 171.38 25.23 61.54 16.23
1260 204.57 87.24 28.28 68.97 15.64
1260 285.76 137.83 35.65 86.96 8.98
1260 556.69 168.92 25.23 61.54 4.98
1260 534.54 164.00 25.23 61.54 0.28
1290 40.68 162.97 31.71 77.35 80.44
1290 111.58 192.39 17.83 43.48 73.58
1290 594.32 185.48 22.47 54.79 40.89
1290 576.78 7.95 22.47 54.79 40.32
1290 441.81 186.55 28.28 68.97 32.82
1290 528.56 211.78 22.47 54.79 24.08
1290 25.26 167.24 28.28 68.97 23.08
1290 554.86 170.14 22.47 54.79 22.28
1290 124.81 121.86 50.80 123.90 20.61
1290 226.85 146.77 25.23 61.54 9.43
1290 102.88 194.13 17.83 43.48 6.29
1290 189.08 150.58 31.71 77.35 4.31
1320 560.30 190.49 20.00 48.78 76.93
1320 120.27 195.87 17.83 43.48 56.73
1320 585.67 176.83 20.00 48.78 54.81
1320 71.77 146.77 25.23 61.54 52.00
1320 162.53 172.33 22.47 54.79 48.66
1320 507.93 178.05 40.00 97.56 43.35
1320 420.00 152.48 45.20 110.24 41.27
1320 7.50 158.70 35.65 86.96 25.94
1320 340.55 148.07 45.20 110.24 22.99
1320 150.54 156.62 25.23 61.54 14.22
1350 433.62 198.46 25.23 61.54 46.37
1350 229.84 180.22 17.83 43.48 37.14
1350 591.58 169.78 17.83 43.48 34.50
1350 586.36 185.43 17.83 43.48 33.20
1350 331.72 152.48 45.20 110.24 31.25
1350 13.40 97.40 63.78 155.55 29.86
1350 506.82 156.49 50.80 123.90 27.53
1350 433.62 154.15 25.23 61.54 22.22
1350 107.74 203.01 22.47 54.79 18.11
1350 92.01 204.15 20.00 48.78 11.43
1380 168.71 153.45 28.28 68.97 83.56
1380 13.40 109.87 63.78 155.55 56.50
1380 4.73 152.60 22.47 54.79 50.37
1380 430.78 197.59 28.28 68.97 37.28
1380 344.02 154.63 40.00 97.56 34.74
1380 74.45 200.24 20.00 48.78 32.17
1380 619.40 95.00 17.83 43.48 31.84
1380 551.77 176.31 25.23 61.54 31.40
1380 105.43 73.91 71.30 173.91 28.23
1380 298.23 164.00 25.23 61.54 26.67
1380 427.44 116.91 50.80 123.90 24.04
1380 87.50 148.26 35.65 86.96 20.59
1380 402.34 156.88 45.20 110.24 16.72
1380 593.62 168.92 25.23 61.54 10.85
1380 583.72 174.88 20.00 48.78 5.84
1380 383.15 158.70 35.65 86.96 4.64
1410 13.49 205.21 22.47 54.79 57.80
1410 422.48 156.49 50.80 123.90 57.35
1410 18.34 130.46 45.20 110.24 54.99
1410 450.90 139.27 45.20 110.24 44.66
1410 563.19 187.74 31.71 77.35 44.47
1410 43.54 142.93 40.00 97.56 43.32
1410 281.59 135.12 40.00 97.56 36.40
1410 25.00 200.92 25.23 61.54 36.00
1410 555.05 188.91 17.83 43.48 24.66
1410 143.88 170.00 28.28 68.97 22.52
1410 60.62 35.51 100.71 245.62 20.23
1410 591.85 190.00 35.65 86.96 16.99
1410 156.71 150.73 40.00 97.56 11.25
1410 579.82 178.78 20.00 48.78 9.75
1440 10.23 205.85 25.23 61.54 73.57
1440 603.46 191.08 25.23 61.54 58.11
1440 451.60 99.34 80.85 197.19 39.93
1440 134.94 206.10 20.00 48.78 33.52
1440 39.05 7.24 28.28 68.97 29.81
1440 553.98 147.27 63.78 155.55 23.36
1440 125.92 171.38 25.23 61.54 17.43
1440 362.62 143.67 45.20 110.24 16.68
1440 409.00 141.85 25.23 61.54 13.86
1440 285.49 131.22 40.00 97.56 7.92
1440 438.80 141.30 35.65 86.96 6.76
1470 33.48 182.68 20.00 48.78 60.33
1470 452.84 156.21 28.28 68.97 54.47
1470 99.74 167.24 28.28 68.97 43.61
1470 603.38 119.61 31.71 77.35 38.52
1470 537.00 122.15 25.23 61.54 36.97
1470 10.71 103.70 17.83 43.48 35.83
1470 466.99 141.04 63.78 155.55 31.45
1470 336.14 143.67 45.20 110.24 29.29
1470 501.86 196.08 50.80 123.90 27.82
1470 408.71 153.45 28.28 68.97 23.36
1470 44.83 126.06 45.20 110.24 21.68
1470 298.36 164.48 28.28 68.97 18.56
1500 463.88 153.45 28.28 68.97 55.76
1500 612.45 171.52 17.83 43.48 51.80
1500 495.00 136.52 71.30 173.91 48.49
1500 338.14 146.60 50.80 123.90 44.56
1500 120.27 197.61 17.83 43.48 38.22
1500 56.20 155.22 35.65 86.96 32.04
1500 447.13 157.32 20.00 48.78 24.92
1500 419.74 128.62 28.28 68.97 24.20
1500 252.45 201.09 17.83 43.48 19.26
1500 508.91 199.13 71.30 173.91 8.91
1500 86.54 90.15 25.23 61.54 8.09
1500 605.49 173.26 17.83 43.48 6.82
1530 215.60 194.83 28.28 68.97 53.64
1530 204.54 203.23 31.71 77.35 52.94
1530 593.78 224.88 40.00 97.56 46.31
1530 269.93 121.65 45.20 110.24 37.28
1530 365.85 104.08 100.71 245.62 35.71
1530 340.58 135.10 31.71 77.35 34.08
1530 16.22 146.83 40.00 97.56 32.03
1530 480.61 170.24 40.00 97.56 21.48
1530 480.54 137.83 35.65 86.96 19.51
1530 605.92 326.46 25.23 61.54 13.64
1530 461.10 146.83 40.00 97.56 10.04
1560 5.31 161.54 25.23 61.54 91.14
1560 521.99 174.52 22.47 54.79 65.89
1560 500.07 146.03 22.47 54.79 62.89
1560 483.19 131.38 28.28 68.97 56.90
1560 541.55 102.06 50.80 123.90 51.17
1560 445.49 162.44 40.00 97.56 44.01
1560 571.32 220.82 50.80 123.90 28.54
1560 22.54 154.15 25.23 61.54 23.45
1560 524.69 198.46 25.23 61.54 21.40
1560 473.00 134.46 25.23 61.54 19.85
1560 378.36 233.45 28.28 68.97 18.08
1560 428.37 165.65 35.65 86.96 17.04
1560 249.51 97.40 63.78 155.55 13.90
1560 526.09 125.81 31.71 77.35 4.39
1560 175.91 252.93 20.00 48.78 2.73
1590 508.84 141.64 22.47 54.79 76.16
1590 538.84 174.88 20.00 48.78 57.63
1590 488.71 131.38 28.28 68.97 54.79
1590 547.77 84.94 63.78 155.55 51.48
1590 385.54 94.29 100.71 245.62 45.13
1590 610.09 247.24 28.28 68.97 29.52
1590 185.99 203.23 31.71 77.35 27.04
1590 221.55 202.07 56.55 137.93 26.25
1590 616.89 329.02 20.00 48.78 26.13
1590 233.95 151.55 50.80 123.90 15.97
1590 119.05 269.31 28.28 68.97 7.04
1590 570.07 174.50 45.20 110.24 6.87
1620 523.00 116.52 31.71 77.35 70.61
1620 458.79 141.38 56.55 137.93 59.66
1620 13.49 338.90 22.47 54.79 43.62
1620 586.20 116.91 50.80 123.90 43.03
1620 167.16 170.16 80.85 197.19 38.50
1620 507.54 116.52 31.71 77.35 36.51
1620 6.16 342.68 20.00 48.78 34.60
1620 551.47 72.37 50.80 123.90 29.70
1620 151.58 58.48 17.83 43.48 17.80
1620 198.77 193.77 80.85 197.19 16.67
1620 414.78 200.13 31.71 77.35 16.14
1620 597.20 203.23 31.71 77.35 15.65
1620 6.67 156.77 31.71 77.35 13.93
1620 62.88 70.65 17.83 43.48 9.29
1650 504.27 109.87 63.78 155.55 58.40
1650 482.02 156.49 50.80 123.90 58.15
1650 195.27 212.52 31.71 77.35 47.79
1650 119.84 161.44 50.80 123.90 35.92
1650 165.31 205.85 25.23 61.54 31.30
1650 536.74 25.22 71.30 173.91 31.14
1650 8.11 360.24 20.00 48.78 29.47
1650 459.67 120.43 35.65 86.96 27.54
1650 59.52 60.55 22.47 54.79 16.94
1650 4.73 156.99 22.47 54.79 12.50
1650 427.15 209.42 31.71 77.35 9.49
1680 506.82 131.75 50.80 123.90 64.52
1680 561.24 95.23 45.20 110.24 41.77
1680 146.34 205.32 45.20 110.24 39.62
1680 439.73 267.27 89.69 218.76 36.56
1680 44.18 67.12 22.47 54.79 31.21
1680 424.92 143.27 100.71 245.62 26.70
1680 6.92 363.01 22.47 54.79 22.86
1680 168.92 172.65 100.71 245.62 19.93
1710 529.18 125.81 31.71 77.35 78.08
1710 55.14 69.32 22.47 54.79 45.22
1710 43.23 73.41 20.00 48.78 40.32
1710 141.64 197.45 89.69 218.76 30.46
1710 565.66 95.23 45.20 110.24 29.79
1710 481.09 136.52 71.30 173.91 24.20
1710 550.85 119.51 40.00 97.56 21.90
1710 430.96 127.64 89.69 218.76 16.00
1710 446.30 289.57 71.30 173.91 10.48
1710 264.62 91.52 17.83 43.48 6.26
1740 525.76 120.43 35.65 86.96 70.90
1740 41.99 71.51 22.47 54.79 46.56
1740 437.68 217.07 40.00 97.56 43.37
1740 139.38 172.65 100.71 245.62 27.80
1740 553.59 120.43 35.65 86.96 24.11
1740 576.28 102.06 50.80 123.90 23.71
1740 194.25 145.09 89.69 218.76 21.23
1740 567.50 158.70 35.65 86.96 14.06
1740 449.39 306.83 40.00 97.56 13.23
1740 462.17 210.93 50.80 123.90 8.26
1740 495.03 121.65 45.20 110.24 3.76
1770 560.54 158.70 35.65 86.96 51.72
1770 501.96 115.65 71.30 173.91 50.08
1770 43.23 77.32 20.00 48.78 33.40
1770 395.77 130.77 126.15 307.69 29.30
1770 181.41 231.74 35.65 86.96 15.40
1770 562.56 107.80 40.00 97.56 12.25
1770 550.85 123.41 40.00 97.56 10.12
1770 460.22 317.39 71.30 173.91 6.83
1770 54.54 70.46 25.23 61.54 1.65
