30 445.00 32.31 126.15 307.69 75.91
30 372.72 183.04 35.65 86.96 67.36
30 226.32 40.47 114.81 280.01 46.64
30 5.31 28.62 25.23 61.54 19.10
30 94.27 162.44 40.00 97.56 18.10
60 305.24 117.25 45.20 110.24 67.20
60 191.52 174.88 20.00 48.78 47.12
60 530.34 152.48 45.20 110.24 46.19
60 408.01 10.14 22.47 54.79 44.86
60 470.11 123.91 35.65 86.96 33.84
60 230.11 144.78 35.65 86.96 31.59
60 423.36 159.18 22.47 54.79 31.31
60 317.67 51.38 28.28 68.97 29.65
60 386.10 7.95 22.47 54.79 28.64
60 276.29 7.24 28.28 68.97 27.14
60 359.13 101.03 31.71 77.35 24.05
60 470.43 11.23 31.71 77.35 22.64
60 367.23 9.78 17.83 43.48 16.40
60 498.26 110.32 31.71 77.35 7.27
60 337.49 113.42 31.71 77.35 0.61
90 501.35 20.52 31.71 77.35 54.66
90 562.26 7.07 20.00 48.78 19.64
90 342.26 189.86 22.47 54.79 19.60
90 564.02 123.91 35.65 86.96 18.06
90 501.41 120.43 35.65 86.96 17.41
90 521.71 82.27 50.80 123.90 8.37
120 529.24 179.57 35.65 86.96 58.54
120 581.24 82.27 50.80 123.90 45.33
120 28.45 135.86 56.55 137.93 38.70
120 589.88 10.24 40.00 97.56 38.59
120 557.07 190.00 35.65 86.96 35.57
120 503.72 7.07 20.00 48.78 30.98
120 419.74 189.31 28.28 68.97 24.09
120 360.27 204.57 17.83 43.48 6.53
120 515.41 178.90 22.47 54.79 2.68
150 507.54 162.97 31.71 77.35 73.91
150 390.48 203.01 22.47 54.79 42.47
150 613.31 178.77 25.23 61.54 41.44
150 376.89 210.00 20.00 48.78 38.41
150 402.56 170.24 40.00 97.56 6.72
180 433.33 190.84 31.71 77.35 53.16
180 485.95 216.90 28.28 68.97 51.25
180 541.55 27.84 50.80 123.90 36.57
180 449.24 190.00 35.65 86.96 31.55
180 61.12 70.69 28.28 68.97 29.94
180 470.55 5.12 20.00 48.78 16.01
180 395.05 192.39 17.83 43.48 14.74
210 556.83 196.51 45.20 110.24 78.19
210 418.85 173.85 25.23 61.54 69.73
210 516.74 176.29 50.80 123.90 61.89
210 11.90 25.52 56.55 137.93 35.42
210 587.72 82.02 45.20 110.24 27.94
210 442.28 172.61 35.65 86.96 25.65
210 539.17 183.30 45.20 110.24 21.75
240 449.39 170.24 40.00 97.56 71.70
240 587.92 169.16 31.71 77.35 68.67
240 522.72 162.30 80.85 197.19 48.50
240 460.62 233.70 22.47 54.79 43.97
240 273.48 159.27 20.00 48.78 22.43
240 380.28 108.44 45.20 110.24 22.31
240 170.06 110.49 20.00 48.78 15.13
240 552.16 7.24 28.28 68.97 6.73
270 263.36 156.99 22.47 54.79 53.89
270 518.85 192.31 126.15 307.69 49.89
270 10.23 198.46 25.23 61.54 40.14
270 564.08 6.46 25.23 61.54 35.40
270 543.59 152.48 45.20 110.24 33.91
270 542.88 4.57 17.83 43.48 30.66
270 271.15 146.77 25.23 61.54 12.20
270 549.84 8.04 17.83 43.48 10.83
300 11.47 26.55 28.28 68.97 28.01
300 261.16 159.18 22.47 54.79 22.46
300 516.79 261.96 17.83 43.48 20.20
300 22.93 25.52 56.55 137.93 15.20
300 271.15 151.69 25.23 61.54 7.52
330 331.30 138.19 31.71 77.35 40.40
330 378.84 61.71 20.00 48.78 38.51
330 77.78 76.26 31.71 77.35 34.83
330 261.31 156.62 25.23 61.54 29.22
330 446.48 130.46 45.20 110.24 24.64
330 273.62 151.69 25.23 61.54 7.64
360 540.79 182.68 20.00 48.78 54.46
360 334.46 134.35 35.65 86.96 44.26
360 265.55 161.37 22.47 54.79 37.60
360 389.84 190.65 17.83 43.48 37.13
360 478.53 4.57 17.83 43.48 26.82
360 48.97 100.22 17.83 43.48 25.14
360 405.49 136.74 17.83 43.48 19.71
360 370.71 141.96 17.83 43.48 2.02
390 435.43 188.54 20.00 48.78 111.27
390 324.51 123.41 40.00 97.56 22.46
390 256.38 159.08 25.23 61.54 21.02
390 17.93 50.87 35.65 86.96 13.03
390 535.36 175.35 31.71 77.35 2.94
420 468.60 186.59 20.00 48.78 111.37
420 532.27 184.65 31.71 77.35 93.57
420 346.76 147.48 31.71 77.35 53.28
420 258.97 159.18 22.47 54.79 46.38
420 273.32 169.78 17.83 43.48 31.65
420 334.40 141.29 31.71 77.35 25.84
420 374.94 128.05 20.00 48.78 14.53
450 519.05 178.28 28.28 68.97 157.17
450 584.89 176.09 35.65 86.96 37.23
450 229.28 141.29 31.71 77.35 31.74
450 377.33 119.73 22.47 54.79 27.81
450 351.85 141.30 35.65 86.96 24.41
450 191.52 172.93 20.00 48.78 23.88
450 565.82 38.63 22.47 54.79 22.99
450 90.06 180.73 20.00 48.78 21.32
450 550.48 135.07 22.47 54.79 19.63
450 323.26 102.06 50.80 123.90 9.57
450 613.31 43.38 25.23 61.54 6.01
450 383.88 7.24 28.28 68.97 5.91
450 3.75 39.35 17.83 43.48 2.50
480 180.07 170.14 22.47 54.79 36.26
480 356.04 147.48 31.71 77.35 30.87
480 384.38 107.38 25.23 61.54 24.42
480 273.32 166.30 17.83 43.48 9.91
480 8.11 190.49 20.00 48.78 5.45
510 15.66 42.68 50.80 123.90 44.66
510 401.44 80.27 22.47 54.79 43.38
510 355.73 135.12 40.00 97.56 39.01
510 167.77 159.08 25.23 61.54 14.83
510 181.17 66.23 63.78 155.55 11.07
510 341.41 127.39 35.65 86.96 3.90
540 355.73 139.02 40.00 97.56 71.56
540 232.37 141.29 31.71 77.35 43.05
540 411.69 73.16 31.71 77.35 36.20
540 115.43 190.49 20.00 48.78 28.81
540 8.97 16.74 17.83 43.48 26.08
540 146.64 158.97 28.28 68.97 3.38
570 433.78 41.46 40.00 97.56 78.15
570 111.58 197.61 17.83 43.48 57.68
570 355.73 142.93 40.00 97.56 52.85
570 209.24 134.35 35.65 86.96 29.18
570 229.28 144.39 31.71 77.35 27.43
570 458.42 89.04 22.47 54.79 22.82
570 243.19 142.41 28.28 68.97 20.51
570 425.69 141.38 56.55 137.93 19.86
570 121.06 156.77 31.71 77.35 19.60
570 74.23 173.85 25.23 61.54 17.09
570 359.77 119.69 25.23 61.54 16.21
600 219.67 134.35 35.65 86.96 72.53
600 205.18 169.02 20.00 48.78 38.38
600 508.91 25.22 71.30 173.91 19.42
600 358.80 141.30 35.65 86.96 18.46
600 24.89 162.17 35.65 86.96 13.56
630 197.38 167.07 20.00 48.78 70.62
630 215.24 119.51 40.00 97.56 58.87
630 142.74 170.98 20.00 48.78 37.92
630 167.77 156.62 25.23 61.54 28.65
630 109.93 170.14 22.47 54.79 27.66
630 12.45 199.35 17.83 43.48 24.88
630 162.53 178.90 22.47 54.79 19.30
630 363.54 135.12 40.00 97.56 16.91
630 252.40 154.79 22.47 54.79 13.95
630 390.55 120.24 20.00 48.78 12.58
630 206.37 159.18 22.47 54.79 10.70
660 14.18 188.91 17.83 43.48 83.67
660 21.14 190.65 17.83 43.48 82.52
660 207.44 123.41 40.00 97.56 69.09
660 192.38 159.08 25.23 61.54 55.72
660 157.92 156.62 25.23 61.54 50.26
660 79.15 166.46 25.23 61.54 49.83
660 27.62 180.73 20.00 48.78 40.10
660 236.79 166.30 17.83 43.48 20.28
660 92.45 187.17 17.83 43.48 19.63
660 69.84 181.96 17.83 43.48 17.01
660 243.75 166.30 17.83 43.48 2.73
690 28.10 183.70 17.83 43.48 54.00
690 190.48 108.44 45.20 110.24 50.14
690 175.15 149.23 25.23 61.54 47.16
690 209.15 87.22 50.80 123.90 44.61
690 17.66 181.96 17.83 43.48 43.97
690 118.53 180.22 17.83 43.48 39.56
690 83.63 5.75 22.47 54.79 23.81
690 86.46 119.51 40.00 97.56 20.15
690 47.13 176.83 20.00 48.78 18.88
690 352.95 132.00 31.71 77.35 17.20
690 396.30 67.87 80.85 197.19 13.07
690 122.28 127.39 35.65 86.96 10.20
690 411.69 8.13 31.71 77.35 8.98
690 490.23 48.31 25.23 61.54 8.68
720 159.53 87.22 50.80 123.90 78.74
720 47.44 119.51 40.00 97.56 74.71
720 187.93 107.80 40.00 97.56 54.02
720 362.23 166.46 25.23 61.54 52.13
720 342.72 47.53 63.78 155.55 49.54
720 108.37 127.39 35.65 86.96 47.90
720 83.75 185.43 17.83 43.48 39.00
720 209.24 123.91 35.65 86.96 34.63
720 391.77 60.62 25.23 61.54 30.52
720 539.52 10.14 22.47 54.79 28.66
720 75.05 181.96 17.83 43.48 27.61
720 34.85 164.00 25.23 61.54 21.78
720 452.99 71.46 20.00 48.78 20.68
720 269.88 107.80 40.00 97.56 15.36
720 5.49 20.22 17.83 43.48 15.16
720 508.28 15.96 45.20 110.24 8.91
720 466.36 68.91 17.83 43.48 1.76
750 25.26 164.48 28.28 68.97 77.77
750 365.31 156.77 31.71 77.35 69.71
750 362.83 32.17 71.30 173.91 66.24
750 138.79 64.14 56.55 137.93 49.93
750 11.30 174.52 22.47 54.79 46.49
750 199.63 96.10 40.00 97.56 46.47
750 176.22 100.00 40.00 97.56 24.85
750 474.45 46.10 20.00 48.78 14.21
750 63.88 136.90 28.28 68.97 7.10
750 44.18 172.33 22.47 54.79 6.41
780 125.24 47.53 63.78 155.55 76.84
780 458.42 231.51 22.47 54.79 54.95
780 380.77 119.61 31.71 77.35 53.87
780 17.04 20.66 80.85 197.19 39.98
780 191.83 88.29 40.00 97.56 38.79
780 377.83 12.99 50.80 123.90 31.12
780 96.33 116.52 31.71 77.35 31.00
780 410.71 143.70 17.83 43.48 27.80
780 4.73 86.85 22.47 54.79 21.40
780 4.73 154.79 22.47 54.79 18.81
780 502.54 13.85 25.23 61.54 17.80
780 164.50 77.32 50.80 123.90 16.61
780 87.23 161.09 17.83 43.48 11.69
780 111.85 116.96 35.65 86.96 8.33
810 88.97 166.30 17.83 43.48 55.98
810 111.21 69.66 56.55 137.93 27.37
810 359.77 154.15 25.23 61.54 22.93
810 90.37 37.56 40.00 97.56 22.29
810 9.52 112.84 45.20 110.24 21.72
810 15.94 63.87 31.71 77.35 20.05
810 137.67 47.53 63.78 155.55 17.75
810 429.44 46.67 182.22 444.44 12.89
840 40.27 194.13 17.83 43.48 46.86
840 159.59 99.63 45.20 110.24 37.19
840 90.71 176.74 17.83 43.48 33.29
840 117.97 138.19 31.71 77.35 32.47
840 285.27 176.71 22.47 54.79 11.33
840 62.88 187.17 17.83 43.48 10.83
840 436.29 175.52 28.28 68.97 5.32
840 454.94 159.27 20.00 48.78 4.52
840 45.00 14.48 56.55 137.93 3.30
870 4.73 200.82 22.47 54.79 52.24
870 52.45 187.17 17.83 43.48 50.40
870 375.86 130.46 45.20 110.24 19.96
870 111.85 137.83 35.65 86.96 13.66
870 229.84 181.96 17.83 43.48 9.11
870 45.49 185.43 17.83 43.48 8.95
870 78.53 183.70 17.83 43.48 6.24
900 222.88 181.96 17.83 43.48 34.15
900 71.58 195.87 17.83 43.48 31.07
900 480.43 156.21 28.28 68.97 27.79
900 20.07 176.71 22.47 54.79 27.31
900 45.76 148.26 35.65 86.96 26.96
900 552.50 155.37 20.00 48.78 21.03
900 156.40 163.17 20.00 48.78 14.60
900 387.75 121.86 50.80 123.90 6.08
930 570.21 154.79 22.47 54.79 97.97
930 8.11 186.59 20.00 48.78 65.88
930 210.75 178.90 22.47 54.79 63.69
930 502.50 161.72 28.28 68.97 59.50
930 35.73 139.02 40.00 97.56 53.46
930 136.23 159.18 22.47 54.79 47.93
930 386.21 122.34 63.78 155.55 38.16
930 263.72 126.80 50.80 123.90 16.75
930 519.79 172.33 22.47 54.79 14.38
930 402.01 4.57 17.83 43.48 7.63
930 154.45 165.12 20.00 48.78 1.12
960 524.69 161.54 25.23 61.54 106.08
960 585.55 159.18 22.47 54.79 82.54
960 140.79 169.02 20.00 48.78 57.01
960 31.83 142.93 40.00 97.56 53.80
960 208.56 183.29 22.47 54.79 53.16
960 268.68 126.80 50.80 123.90 28.03
960 392.71 131.75 50.80 123.90 27.86
960 150.55 167.07 20.00 48.78 23.02
960 13.49 200.82 22.47 54.79 16.50
960 420.97 116.52 31.71 77.35 15.96
960 3.75 195.87 17.83 43.48 8.01
990 530.09 167.24 28.28 68.97 149.63
990 397.93 170.09 45.20 110.24 75.45
990 27.62 196.34 20.00 48.78 64.23
990 209.09 194.39 20.00 48.78 59.26
990 604.57 158.97 28.28 68.97 53.98
990 35.73 146.83 40.00 97.56 43.46
990 381.14 173.26 17.83 43.48 42.60
990 140.79 172.93 20.00 48.78 26.68
990 4.73 205.21 22.47 54.79 21.62
990 548.00 161.28 45.20 110.24 10.91
990 154.45 172.93 20.00 48.78 10.16
1020 530.09 172.76 28.28 68.97 109.69
1020 31.83 154.63 40.00 97.56 55.16
1020 381.14 176.74 17.83 43.48 49.17
1020 392.71 171.34 50.80 123.90 43.59
1020 210.71 201.09 17.83 43.48 39.56
1020 140.79 178.78 20.00 48.78 35.56
1020 152.50 178.78 20.00 48.78 35.35
1020 164.73 176.71 22.47 54.79 18.72
1020 522.23 186.15 25.23 61.54 13.88
1020 497.93 162.17 35.65 86.96 12.84
1020 480.30 94.88 20.00 48.78 0.73
1050 529.18 172.26 31.71 77.35 154.89
1050 516.81 175.35 31.71 77.35 47.62
1050 421.41 123.91 35.65 86.96 45.50
1050 19.61 28.83 63.78 155.55 41.48
1050 142.81 183.29 22.47 54.79 40.27
1050 397.93 178.90 45.20 110.24 34.25
1050 199.31 148.07 45.20 110.24 23.86
1050 497.88 183.29 22.47 54.79 7.41
1080 523.00 175.35 31.71 77.35 117.14
1080 381.14 180.22 17.83 43.48 61.05
1080 214.18 206.30 17.83 43.48 34.35
1080 31.59 152.48 45.20 110.24 33.49
1080 396.30 130.82 80.85 197.19 26.57
1080 558.53 197.61 17.83 43.48 22.80
1080 495.15 181.23 25.23 61.54 18.90
1110 513.53 178.28 28.28 68.97 100.18
1110 390.65 143.48 71.30 173.91 39.46
1110 193.97 141.38 56.55 137.93 32.49
1110 381.14 181.96 17.83 43.48 32.35
1110 31.59 148.07 45.20 110.24 27.75
1110 490.23 186.15 25.23 61.54 19.62
1110 4.73 216.16 22.47 54.79 14.96
1110 450.71 4.57 17.83 43.48 4.60
1140 491.47 181.03 28.28 68.97 48.78
1140 505.00 193.54 25.23 61.54 44.25
1140 390.65 143.48 71.30 173.91 34.14
1140 226.65 217.80 20.00 48.78 33.41
1140 11.30 216.16 22.47 54.79 24.69
1140 28.10 206.30 17.83 43.48 11.41
1140 130.34 175.35 31.71 77.35 10.47
1170 491.47 181.03 28.28 68.97 44.40
1170 390.65 143.48 71.30 173.91 40.85
1170 243.63 203.01 22.47 54.79 33.54
1170 27.17 148.07 45.20 110.24 32.22
1170 77.07 172.61 35.65 86.96 12.00
1170 122.24 108.28 56.55 137.93 6.42
1170 15.00 289.57 71.30 173.91 2.83
1200 390.65 143.48 71.30 173.91 19.73
1200 495.15 186.15 25.23 61.54 16.42
1200 143.15 183.69 25.23 61.54 10.64
1200 530.09 194.83 28.28 68.97 3.73
1230 31.83 150.73 40.00 97.56 44.52
1230 460.22 94.78 71.30 173.91 34.89
1230 25.83 28.83 63.78 155.55 24.68
1230 532.84 192.07 28.28 68.97 18.73
1230 425.98 115.61 40.00 97.56 15.24
1230 193.53 216.90 28.28 68.97 13.46
1260 397.61 143.48 71.30 173.91 46.55
1260 70.65 178.26 71.30 173.91 36.85
1260 9.76 11.23 31.71 77.35 29.12
1260 139.40 173.26 17.83 43.48 22.49
1260 439.05 7.24 28.28 68.97 21.58
1260 13.49 310.41 22.47 54.79 19.61
1260 381.14 185.43 17.83 43.48 19.60
1260 466.63 103.04 35.65 86.96 10.60
1260 3.75 321.09 17.83 43.48 9.07
1260 561.44 194.25 22.47 54.79 6.77
1260 223.90 213.97 22.47 54.79 4.44
1290 570.21 200.82 22.47 54.79 43.09
1290 123.08 273.15 22.47 54.79 31.17
1290 396.30 138.69 80.85 197.19 21.60
1290 539.52 196.44 22.47 54.79 4.89
1320 189.57 256.83 20.00 48.78 40.61
1320 145.62 203.38 25.23 61.54 35.91
1320 140.69 112.31 25.23 61.54 31.82
1320 396.30 138.69 80.85 197.19 30.13
1320 108.70 88.65 31.71 77.35 17.41
1320 278.60 146.60 50.80 123.90 10.97
1350 441.59 150.73 40.00 97.56 53.56
1350 47.23 213.26 17.83 43.48 44.09
1350 15.68 207.40 22.47 54.79 39.80
1350 601.00 203.38 25.23 61.54 30.69
1350 564.08 198.46 25.23 61.54 23.60
1350 164.73 126.30 22.47 54.79 8.90
1350 176.71 200.13 31.71 77.35 3.81
1380 35.87 192.17 71.30 173.91 56.76
1380 474.13 18.26 71.30 173.91 52.03
1380 4.73 21.10 22.47 54.79 39.51
1380 570.37 178.05 40.00 97.56 33.48
1380 437.66 139.27 45.20 110.24 32.76
1380 412.40 110.96 22.47 54.79 29.68
1380 483.56 75.27 89.69 218.76 20.83
1380 123.75 171.52 17.83 43.48 9.71
1380 184.34 161.44 50.80 123.90 8.89
1380 86.54 58.15 25.23 61.54 6.60
1380 464.14 170.09 45.20 110.24 4.75
1410 93.24 283.74 31.71 77.35 58.12
1410 6.67 54.58 31.71 77.35 43.60
1410 76.69 50.77 25.23 61.54 34.10
1410 472.97 174.50 45.20 110.24 25.80
1410 24.94 170.16 80.85 197.19 21.16
1410 113.48 170.98 20.00 48.78 15.79
1410 603.46 205.85 25.23 61.54 11.67
1410 439.52 20.52 31.71 77.35 10.84
1410 614.94 77.32 20.00 48.78 8.86
1410 412.40 108.77 22.47 54.79 7.74
1440 466.64 186.55 28.28 68.97 158.70
1440 5.95 59.66 28.28 68.97 57.17
1440 239.25 196.44 22.47 54.79 47.56
1440 411.46 100.00 25.23 61.54 20.34
1440 391.77 8.92 25.23 61.54 14.12
1440 190.48 161.28 45.20 110.24 3.55
1470 481.79 178.90 45.20 110.24 71.66
1470 393.52 178.90 45.20 110.24 38.26
1470 441.00 6.46 25.23 61.54 33.51
1470 249.51 134.81 63.78 155.55 26.78
1470 53.66 200.92 45.20 110.24 22.49
1470 5.49 65.43 17.83 43.48 18.92
1470 167.77 215.69 25.23 61.54 14.06
1470 110.78 90.00 28.28 68.97 7.95
1500 38.25 190.91 63.78 155.55 55.77
1500 495.17 175.35 31.71 77.35 55.62
1500 375.69 55.10 100.71 245.62 45.11
1500 392.50 5.12 20.00 48.78 26.98
1500 447.29 121.86 50.80 123.90 24.24
1500 46.37 53.97 22.47 54.79 23.06
1500 255.73 134.81 63.78 155.55 7.38
1530 137.52 187.71 45.20 110.24 60.81
1530 495.03 178.90 45.20 110.24 48.71
1530 528.56 5.75 22.47 54.79 31.99
1530 397.93 130.46 45.20 110.24 28.79
1530 461.14 121.09 17.83 43.48 26.70
1530 445.27 174.52 22.47 54.79 24.59
1530 427.62 51.95 20.00 48.78 15.42
1530 484.21 188.54 20.00 48.78 13.93
1560 7.77 304.31 25.23 61.54 76.81
1560 486.38 174.48 56.55 137.93 49.00
1560 111.03 178.90 45.20 110.24 47.25
1560 408.01 176.71 22.47 54.79 31.78
1560 451.04 5.12 20.00 48.78 28.54
1560 429.84 65.43 17.83 43.48 13.11
1560 543.15 207.39 35.65 86.96 11.26
1560 368.97 188.91 17.83 43.48 8.75
1560 392.50 9.02 20.00 48.78 3.82
1590 394.45 5.12 20.00 48.78 61.15
1590 496.90 176.29 50.80 123.90 52.48
1590 399.32 85.55 31.71 77.35 46.29
1590 184.45 198.63 22.47 54.79 34.88
1590 411.46 8.92 25.23 61.54 28.37
1590 529.62 6.46 25.23 61.54 20.71
1590 414.22 95.52 28.28 68.97 19.95
1590 431.52 65.61 20.00 48.78 18.02
1590 408.01 181.10 22.47 54.79 17.29
1590 465.00 181.10 22.47 54.79 11.57
1590 447.47 176.71 22.47 54.79 0.63
1620 514.85 176.31 25.23 61.54 79.82
1620 484.73 189.86 22.47 54.79 72.09
1620 529.62 6.46 25.23 61.54 36.84
1620 92.01 163.17 20.00 48.78 16.03
1620 411.69 88.65 31.71 77.35 10.11
1620 102.21 90.83 45.20 110.24 7.97
1650 482.85 183.69 25.23 61.54 76.28
1650 515.33 169.13 35.65 86.96 72.53
1650 89.00 161.54 25.23 61.54 49.05
1650 554.76 213.17 40.00 97.56 29.25
1650 517.31 11.38 25.23 61.54 28.95
1650 485.49 9.78 17.83 43.48 26.50
1650 521.71 191.13 50.80 123.90 18.01
1650 429.57 61.71 20.00 48.78 11.32
1650 96.33 82.45 31.71 77.35 9.86
1650 467.19 178.90 22.47 54.79 9.18
1650 452.72 9.13 35.65 86.96 7.46
1650 22.76 152.48 45.20 110.24 7.35
1680 525.76 176.09 35.65 86.96 95.12
1680 372.28 29.30 114.81 280.01 52.18
1680 572.46 249.68 31.71 77.35 36.93
1680 4.21 92.93 20.00 48.78 36.28
1680 493.49 194.25 22.47 54.79 27.41
1680 543.08 45.31 100.71 245.62 16.86
1680 392.50 5.12 20.00 48.78 16.62
1680 89.14 86.21 56.55 137.93 16.62
1680 96.05 138.69 80.85 197.19 9.72
1680 457.21 131.75 50.80 123.90 8.62
1710 532.72 183.04 35.65 86.96 195.76
1710 546.63 183.04 35.65 86.96 61.13
1710 402.26 190.49 20.00 48.78 51.82
1710 76.69 186.15 25.23 61.54 49.56
1710 5.95 48.62 28.28 68.97 48.33
1710 19.40 218.48 17.83 43.48 47.11
1710 423.36 198.63 22.47 54.79 45.10
1710 553.91 243.48 31.71 77.35 35.91
1710 45.18 202.20 20.00 48.78 33.29
1710 543.88 7.24 28.28 68.97 21.17
1710 134.94 252.93 20.00 48.78 14.41
1710 271.85 193.48 35.65 86.96 14.15
1710 511.83 166.34 40.00 97.56 11.26
1710 475.96 187.67 22.47 54.79 9.84
1710 94.59 187.67 22.47 54.79 7.99
1710 109.88 193.66 40.00 97.56 3.95
1710 216.91 203.23 31.71 77.35 0.49
1740 550.85 181.95 40.00 97.56 252.17
1740 600.29 178.45 31.71 77.35 93.90
1740 99.82 192.44 20.00 48.78 71.53
1740 8.41 166.34 40.00 97.56 54.00
1740 166.92 207.40 22.47 54.79 52.43
1740 372.28 29.30 114.81 280.01 35.93
1740 588.37 190.00 35.65 86.96 32.65
1740 160.27 209.78 17.83 43.48 32.62
1740 80.16 87.22 50.80 123.90 31.88
1740 508.02 192.07 28.28 68.97 31.63
1740 9.76 271.35 31.71 77.35 24.16
1740 69.40 181.03 28.28 68.97 24.10
1740 513.22 10.14 22.47 54.79 15.13
1740 521.81 197.59 28.28 68.97 14.91
1740 181.41 179.57 35.65 86.96 14.87
1740 278.74 206.32 31.71 77.35 12.29
1740 413.92 6.46 25.23 61.54 11.59
1740 548.60 28.54 20.00 48.78 7.97
1740 482.80 178.45 31.71 77.35 7.55
1740 108.02 186.55 28.28 68.97 7.11
1740 81.62 186.15 25.23 61.54 6.62
1770 602.28 172.61 35.65 86.96 180.89
1770 605.76 200.43 35.65 86.96 85.41
1770 383.51 29.30 114.81 280.01 66.49
1770 220.79 204.15 20.00 48.78 40.50
1770 505.26 183.79 28.28 68.97 35.44
1770 550.82 190.84 31.71 77.35 34.97
1770 160.27 208.04 17.83 43.48 29.19
1770 71.31 82.02 45.20 110.24 21.88
1770 583.36 5.75 22.47 54.79 16.64
