30 272.56 110.32 31.71 77.35 42.44
30 558.53 215.00 17.83 43.48 30.25
30 425.69 102.76 56.55 137.93 29.38
30 188.45 124.83 56.55 137.93 16.90
30 95.92 215.00 17.83 43.48 11.19
60 281.84 203.23 31.71 77.35 33.63
60 162.52 97.40 63.78 155.55 31.36
60 432.40 82.27 50.80 123.90 24.59
60 11.30 363.01 22.47 54.79 17.93
60 271.15 102.46 25.23 61.54 9.04
90 13.49 203.01 22.47 54.79 55.22
90 459.51 67.87 80.85 197.19 33.76
90 154.13 87.83 71.30 173.91 9.51
90 238.53 100.22 17.83 43.48 8.17
90 263.77 90.15 25.23 61.54 7.49
120 5.49 133.26 17.83 43.48 60.02
120 8.41 64.88 40.00 97.56 40.77
120 467.19 73.70 22.47 54.79 38.80
120 488.41 146.83 40.00 97.56 30.23
120 532.45 178.48 17.83 43.48 16.22
120 458.42 71.51 22.47 54.79 15.99
120 148.89 66.97 31.71 77.35 10.20
120 261.16 71.51 22.47 54.79 9.81
150 603.38 14.32 31.71 77.35 75.53
150 413.92 134.46 25.23 61.54 47.61
150 519.33 145.61 20.00 48.78 44.02
150 571.32 136.70 50.80 123.90 42.28
150 490.23 31.08 25.23 61.54 34.98
150 248.97 60.22 17.83 43.48 30.41
150 386.65 145.61 20.00 48.78 26.42
150 474.91 21.03 28.28 68.97 26.25
150 442.01 49.78 17.83 43.48 21.05
150 414.66 157.93 56.55 137.93 18.87
150 233.32 60.22 17.83 43.48 16.81
150 463.88 21.03 28.28 68.97 15.04
150 581.16 29.86 22.47 54.79 10.00
150 502.54 134.46 25.23 61.54 9.60
150 468.55 134.86 45.20 110.24 2.08
150 138.23 55.69 25.23 61.54 2.04
150 566.54 33.54 25.23 61.54 0.21
180 419.82 225.61 20.00 48.78 18.81
180 436.79 232.39 17.83 43.48 7.55
210 408.71 203.10 28.28 68.97 69.83
210 389.84 141.96 17.83 43.48 39.19
210 356.29 117.59 28.28 68.97 28.34
210 368.41 110.32 31.71 77.35 8.30
240 355.41 137.26 22.47 54.79 50.36
240 240.30 28.54 20.00 48.78 35.82
240 226.63 116.96 35.65 86.96 30.27
240 392.50 145.61 20.00 48.78 22.81
240 365.31 116.52 31.71 77.35 17.62
270 362.22 125.81 31.71 77.35 56.11
270 234.45 153.41 20.00 48.78 36.32
270 375.24 103.90 40.00 97.56 27.37
270 174.22 136.90 28.28 68.97 16.72
270 214.54 144.31 25.23 61.54 16.41
300 362.28 127.39 35.65 86.96 49.26
300 497.41 146.90 56.55 137.93 43.24
300 93.92 149.23 25.23 61.54 34.60
300 228.99 107.01 50.80 123.90 18.53
300 292.45 175.00 17.83 43.48 15.38
330 365.76 134.35 35.65 86.96 70.22
330 302.88 171.52 17.83 43.48 43.74
330 277.38 169.02 20.00 48.78 42.76
330 6.67 144.39 31.71 77.35 28.56
330 497.93 120.43 35.65 86.96 24.88
330 106.60 103.64 63.78 155.55 16.20
330 382.79 97.11 50.80 123.90 9.07
330 288.97 173.26 17.83 43.48 7.51
330 68.10 178.48 17.83 43.48 3.79
360 367.44 115.61 40.00 97.56 57.53
360 6.16 139.76 20.00 48.78 34.14
360 302.74 161.22 20.00 48.78 19.46
360 269.93 159.18 22.47 54.79 19.06
360 470.11 92.61 35.65 86.96 19.02
360 85.82 167.95 22.47 54.79 17.56
360 285.49 168.04 17.83 43.48 13.68
360 125.49 181.96 17.83 43.48 12.63
360 315.96 181.10 22.47 54.79 9.96
360 506.82 111.96 50.80 123.90 3.17
360 382.79 92.16 50.80 123.90 1.42
390 285.92 159.08 25.23 61.54 61.55
390 273.62 156.62 25.23 61.54 52.04
390 430.24 218.71 31.71 77.35 47.71
390 367.44 119.51 40.00 97.56 30.90
390 424.06 135.10 31.71 77.35 25.09
390 465.00 84.39 40.00 97.56 0.93
420 21.14 183.70 17.83 43.48 58.01
420 276.51 159.18 22.47 54.79 41.73
420 3.75 185.43 17.83 43.48 39.47
420 247.83 141.29 31.71 77.35 37.08
420 10.06 178.78 20.00 48.78 36.38
420 496.22 123.41 40.00 97.56 22.80
420 362.22 132.00 31.71 77.35 9.35
450 160.30 192.44 20.00 48.78 70.97
450 247.83 138.19 31.71 77.35 43.28
450 366.37 218.36 22.47 54.79 36.18
480 513.53 150.69 28.28 68.97 58.69
480 253.92 146.77 25.23 61.54 46.83
480 271.52 161.22 20.00 48.78 21.61
480 4.73 161.37 22.47 54.79 11.26
480 492.69 132.00 25.23 61.54 1.63
510 238.55 138.19 31.71 77.35 55.24
510 22.26 172.33 22.47 54.79 48.19
510 250.92 141.29 31.71 77.35 35.94
510 523.00 125.81 31.71 77.35 34.62
510 575.56 150.58 31.71 77.35 25.77
510 564.02 127.39 35.65 86.96 20.94
510 113.62 6.46 25.23 61.54 17.06
510 348.37 127.39 35.65 86.96 12.11
540 560.19 53.77 63.78 155.55 37.28
540 519.90 122.71 31.71 77.35 30.43
540 187.93 127.32 40.00 97.56 28.95
540 168.41 158.54 40.00 97.56 20.78
570 535.60 123.10 28.28 68.97 45.45
570 61.71 14.52 22.47 54.79 34.06
570 487.77 164.00 25.23 61.54 31.61
570 592.12 135.07 22.47 54.79 20.59
570 35.05 32.39 17.83 43.48 17.09
570 70.11 137.83 35.65 86.96 15.71
600 528.56 132.88 22.47 54.79 75.30
600 268.02 125.86 28.28 68.97 61.63
600 149.61 102.06 50.80 123.90 35.29
600 261.14 145.43 17.83 43.48 26.14
600 502.54 159.08 25.23 61.54 20.70
600 556.40 141.71 20.00 48.78 16.67
630 119.05 120.34 28.28 68.97 42.00
630 372.99 118.29 20.00 48.78 32.35
630 306.36 178.48 17.83 43.48 31.14
630 17.87 174.88 20.00 48.78 30.65
630 436.29 128.62 28.28 68.97 25.98
630 149.61 107.01 50.80 123.90 22.45
630 130.34 116.52 31.71 77.35 20.20
630 226.36 147.17 17.83 43.48 17.32
630 557.00 119.61 31.71 77.35 11.26
630 40.74 36.39 80.85 197.19 5.05
660 230.37 20.66 80.85 197.19 30.77
660 473.59 120.43 35.65 86.96 27.15
660 9.76 125.81 31.71 77.35 24.96
660 603.08 51.78 22.47 54.79 24.84
660 504.45 262.19 22.47 54.79 24.68
660 510.78 134.14 28.28 68.97 21.49
660 7.77 38.46 25.23 61.54 15.33
660 487.50 116.96 35.65 86.96 13.40
660 342.54 134.46 25.23 61.54 8.86
660 123.46 109.85 25.23 61.54 6.05
660 175.15 151.69 25.23 61.54 1.16
690 172.83 117.25 45.20 110.24 95.34
690 7.23 77.61 17.83 43.48 59.12
690 269.93 141.64 22.47 54.79 53.34
690 468.60 254.88 20.00 48.78 51.08
690 13.49 185.48 22.47 54.79 47.19
690 204.69 154.15 25.23 61.54 13.19
690 609.57 209.42 31.71 77.35 12.86
690 598.80 16.09 35.65 86.96 11.21
690 55.14 56.16 22.47 54.79 11.01
690 21.41 61.30 35.65 86.96 4.96
720 176.98 153.45 28.28 68.97 69.37
720 100.00 111.96 50.80 123.90 56.37
720 543.70 136.52 71.30 173.91 52.71
720 7.77 203.38 25.23 61.54 44.91
720 63.11 103.64 63.78 155.55 39.47
720 390.11 137.83 35.65 86.96 32.51
720 422.88 246.30 17.83 43.48 25.70
720 303.15 220.62 25.23 61.54 22.16
720 452.25 102.06 50.80 123.90 20.57
720 432.40 82.27 50.80 123.90 15.68
720 90.14 26.71 31.71 77.35 13.03
750 473.77 196.44 22.47 54.79 47.25
750 94.22 175.52 28.28 68.97 31.66
750 269.47 156.77 31.71 77.35 28.83
750 414.46 148.26 35.65 86.96 27.29
750 14.18 194.13 17.83 43.48 21.66
750 22.93 108.28 56.55 137.93 10.15
780 468.08 171.38 25.23 61.54 54.81
780 544.38 168.92 25.23 61.54 54.70
780 582.07 150.73 40.00 97.56 49.53
780 524.18 172.33 22.47 54.79 44.77
780 310.55 165.12 20.00 48.78 43.34
780 11.90 119.31 56.55 137.93 29.55
780 417.52 131.75 50.80 123.90 22.96
780 152.16 230.69 28.28 68.97 7.93
810 563.63 174.52 22.47 54.79 159.31
810 146.64 208.62 28.28 68.97 58.54
810 12.85 107.23 31.71 77.35 38.44
810 585.98 150.73 40.00 97.56 25.42
810 430.24 166.06 31.71 77.35 14.91
810 368.56 23.29 22.47 54.79 14.01
810 363.23 172.93 20.00 48.78 13.77
810 394.23 168.92 25.23 61.54 6.04
810 4.21 77.32 20.00 48.78 5.25
840 560.43 161.72 28.28 68.97 81.95
840 72.50 143.66 20.00 48.78 25.89
840 570.98 158.70 35.65 86.96 24.84
840 54.18 164.57 17.83 43.48 13.72
840 417.93 137.83 35.65 86.96 12.32
840 154.91 32.07 28.28 68.97 10.74
870 582.88 187.17 17.83 43.48 69.34
870 532.45 181.96 17.83 43.48 54.71
870 61.71 152.60 22.47 54.79 44.10
870 575.92 187.17 17.83 43.48 38.42
870 6.92 139.45 22.47 54.79 35.83
870 441.59 135.12 40.00 97.56 25.70
870 540.79 182.68 20.00 48.78 23.84
870 337.87 9.02 20.00 48.78 19.28
870 102.88 141.96 17.83 43.48 8.94
900 491.94 141.65 50.80 123.90 56.74
900 394.91 170.00 28.28 68.97 36.42
900 138.23 117.23 25.23 61.54 27.30
900 128.38 104.92 25.23 61.54 24.07
900 444.57 134.14 28.28 68.97 22.88
900 4.73 154.79 22.47 54.79 16.69
900 472.80 131.22 40.00 97.56 16.50
900 508.45 168.97 56.55 137.93 11.30
930 93.24 110.32 31.71 77.35 64.89
930 608.38 13.85 25.23 61.54 60.90
930 14.22 12.76 28.28 68.97 47.49
930 592.14 170.09 45.20 110.24 38.02
930 8.97 63.70 17.83 43.48 34.11
930 456.20 196.96 35.65 86.96 29.85
930 592.12 49.59 22.47 54.79 26.95
930 101.41 120.43 35.65 86.96 22.57
930 414.18 208.04 17.83 43.48 21.85
930 598.54 11.38 25.23 61.54 21.30
930 467.41 67.87 80.85 197.19 17.61
930 519.77 11.38 25.23 61.54 13.80
930 544.64 11.23 31.71 77.35 13.25
930 424.41 143.67 45.20 110.24 12.76
960 30.54 82.27 50.80 123.90 83.36
960 468.90 29.76 40.00 97.56 58.97
960 538.36 7.24 28.28 68.97 56.65
960 579.82 9.02 20.00 48.78 54.97
960 519.79 5.75 22.47 54.79 53.16
960 11.47 142.41 28.28 68.97 47.16
960 40.47 116.91 50.80 123.90 43.14
960 11.30 218.36 22.47 54.79 36.25
960 448.35 134.81 63.78 155.55 31.42
960 599.33 5.12 20.00 48.78 28.37
960 530.34 148.07 45.20 110.24 25.66
960 599.05 200.34 28.28 68.97 24.66
960 418.85 193.54 25.23 61.54 23.83
960 480.54 71.74 35.65 86.96 21.69
960 527.33 7.24 28.28 68.97 20.48
960 556.43 166.39 50.80 123.90 18.37
960 347.46 8.92 25.23 61.54 12.40
960 534.76 183.30 45.20 110.24 11.92
960 607.47 5.75 22.47 54.79 9.46
990 452.25 166.39 50.80 123.90 80.67
990 546.64 128.62 28.28 68.97 65.06
990 566.46 107.80 40.00 97.56 64.61
990 472.97 214.13 45.20 110.24 56.11
990 574.66 135.86 56.55 137.93 37.25
990 500.12 217.07 40.00 97.56 28.44
990 4.73 156.99 22.47 54.79 23.09
990 115.33 221.30 35.65 86.96 8.52
1020 431.85 162.17 35.65 86.96 77.15
1020 532.08 8.92 25.23 61.54 71.77
1020 383.90 198.63 22.47 54.79 47.58
1020 4.21 208.05 20.00 48.78 32.90
1020 393.59 162.17 35.65 86.96 31.05
1020 354.85 146.77 25.23 61.54 29.49
1020 593.78 256.10 40.00 97.56 19.90
1020 193.22 174.52 22.47 54.79 19.17
1020 25.67 178.78 20.00 48.78 17.65
1020 128.38 269.85 25.23 61.54 17.20
1050 446.48 170.09 45.20 110.24 64.09
1050 153.77 251.23 22.47 54.79 57.37
1050 398.66 150.73 40.00 97.56 54.46
1050 465.00 71.51 22.47 54.79 37.82
1050 192.38 168.92 25.23 61.54 36.12
1050 97.66 204.57 17.83 43.48 32.55
1050 593.78 14.15 40.00 97.56 14.79
1050 473.77 62.74 22.47 54.79 9.13
1050 534.54 205.85 25.23 61.54 8.71
1080 206.37 159.18 22.47 54.79 51.79
1080 457.20 213.17 40.00 97.56 41.51
1080 411.17 148.07 45.20 110.24 31.84
1080 486.98 141.65 50.80 123.90 30.35
1080 472.09 166.39 50.80 123.90 22.15
1080 599.33 53.90 20.00 48.78 11.12
1080 189.84 188.91 17.83 43.48 9.24
1110 378.36 158.97 28.28 68.97 42.60
1110 490.62 187.71 45.20 110.24 32.30
1110 124.15 252.77 31.71 77.35 18.71
1110 449.39 49.27 40.00 97.56 18.39
1140 33.97 235.17 56.55 137.93 34.82
1140 501.14 4.57 17.83 43.48 32.07
1140 154.45 184.63 20.00 48.78 31.18
1140 511.85 141.30 35.65 86.96 24.64
1140 4.21 124.15 20.00 48.78 22.39
1140 207.13 169.02 20.00 48.78 9.80
1170 117.38 178.78 20.00 48.78 33.92
1170 87.05 243.48 31.71 77.35 32.56
1170 162.85 171.38 25.23 61.54 24.25
1170 130.85 181.23 25.23 61.54 20.36
1170 6.16 282.20 20.00 48.78 15.82
1170 375.14 167.95 22.47 54.79 6.37
1200 139.67 158.70 35.65 86.96 39.16
1200 123.08 170.14 22.47 54.79 26.92
1200 90.21 172.33 22.47 54.79 22.35
1200 431.21 141.38 56.55 137.93 21.48
1200 494.46 231.74 35.65 86.96 11.08
1230 499.40 178.48 17.83 43.48 98.59
1230 119.05 150.69 28.28 68.97 25.82
1230 243.75 213.26 17.83 43.48 14.85
1230 94.59 170.14 22.47 54.79 12.03
1230 515.43 184.63 20.00 48.78 11.28
1260 537.33 170.14 22.47 54.79 72.71
1260 462.17 131.75 50.80 123.90 63.58
1260 75.05 195.87 17.83 43.48 31.60
1260 199.48 146.90 56.55 137.93 26.09
1260 556.79 176.74 17.83 43.48 25.63
1260 378.36 170.00 28.28 68.97 21.44
1260 29.84 192.39 17.83 43.48 18.37
1260 531.04 194.39 20.00 48.78 10.65
1260 47.33 164.48 28.28 68.97 6.27
1260 337.49 132.00 31.71 77.35 5.57
1260 60.79 194.39 20.00 48.78 3.16
1290 593.53 164.48 28.28 68.97 149.63
1290 5.95 194.83 28.28 68.97 63.03
1290 611.85 174.52 22.47 54.79 53.81
1290 585.55 181.10 22.47 54.79 41.95
1290 449.39 154.63 40.00 97.56 25.53
1290 166.38 141.38 56.55 137.93 20.48
1290 32.84 122.95 80.85 197.19 18.75
1290 34.49 91.74 31.71 77.35 15.31
1290 372.45 175.00 17.83 43.48 4.16
1320 430.78 197.59 28.28 68.97 34.10
1320 59.40 105.43 17.83 43.48 17.64
1320 346.76 125.81 31.71 77.35 1.21
1350 25.83 172.21 63.78 155.55 81.34
1350 492.33 101.45 89.69 218.76 75.18
1350 5.95 307.93 28.28 68.97 49.71
1350 19.03 293.03 31.71 77.35 30.32
1350 501.14 4.57 17.83 43.48 25.25
1350 447.13 7.07 20.00 48.78 22.96
1350 337.49 122.71 31.71 77.35 21.76
1350 477.07 200.43 35.65 86.96 7.74
1350 48.97 301.96 17.83 43.48 7.05
1350 189.92 198.46 25.23 61.54 6.87
1380 33.48 174.88 20.00 48.78 19.68
1380 495.68 135.07 22.47 54.79 18.47
1380 578.83 97.40 63.78 155.55 11.44
1380 591.85 263.04 35.65 86.96 4.03
1410 591.52 145.61 20.00 48.78 67.60
1410 182.93 130.34 56.55 137.93 58.87
1410 12.32 256.10 40.00 97.56 22.80
1410 359.13 132.00 31.71 77.35 21.10
1440 182.93 124.83 56.55 137.93 31.10
1440 359.13 125.81 31.71 77.35 30.80
1440 4.21 94.88 20.00 48.78 28.64
1440 612.99 147.56 20.00 48.78 24.23
1440 462.88 161.09 17.83 43.48 21.81
1440 31.83 220.98 40.00 97.56 16.56
1440 84.57 192.17 71.30 173.91 16.14
1440 419.82 151.46 20.00 48.78 11.67
1440 424.89 106.52 35.65 86.96 4.64
1470 351.83 111.71 40.00 97.56 36.01
1470 418.97 148.22 22.47 54.79 34.53
1470 209.62 196.00 25.23 61.54 27.36
1470 9.76 280.65 31.71 77.35 21.21
1470 546.85 129.54 25.23 61.54 17.73
1470 66.36 227.17 17.83 43.48 13.59
1470 104.96 171.34 50.80 123.90 12.90
1470 187.46 213.23 25.23 61.54 8.14
1470 115.43 85.12 20.00 48.78 1.75
1500 468.60 163.17 20.00 48.78 55.15
1500 337.93 127.39 35.65 86.96 52.75
1500 4.21 327.07 20.00 48.78 40.09
1500 408.01 154.79 22.47 54.79 14.22
1500 364.69 117.23 25.23 61.54 10.25
1530 66.36 293.26 17.83 43.48 68.80
1530 482.26 167.07 20.00 48.78 59.71
1530 334.46 127.39 35.65 86.96 37.35
1530 471.58 163.56 22.47 54.79 33.42
1530 423.77 129.54 25.23 61.54 30.86
1530 401.44 156.99 22.47 54.79 29.97
1530 56.20 221.30 35.65 86.96 15.83
1530 4.21 167.07 20.00 48.78 7.19
1560 484.73 163.56 22.47 54.79 39.70
1560 99.74 211.38 28.28 68.97 34.02
1560 501.14 166.30 17.83 43.48 31.62
1560 336.22 127.32 40.00 97.56 30.56
1560 234.76 178.05 40.00 97.56 29.20
1560 10.70 205.98 50.80 123.90 28.36
1560 27.62 301.71 20.00 48.78 26.06
1560 4.73 301.64 22.47 54.79 19.28
1560 564.21 147.56 20.00 48.78 15.50
1560 546.65 182.68 20.00 48.78 14.91
1590 500.07 154.79 22.47 54.79 87.01
1590 513.48 163.17 20.00 48.78 61.71
1590 455.60 128.62 28.28 68.97 33.55
1590 526.37 150.41 22.47 54.79 14.79
1590 212.45 190.65 17.83 43.48 13.51
1590 396.79 155.87 17.83 43.48 11.50
1590 193.48 192.44 20.00 48.78 5.01
1620 541.14 161.09 17.83 43.48 98.67
1620 524.69 154.15 25.23 61.54 81.65
1620 8.11 167.07 20.00 48.78 56.11
1620 10.70 235.67 50.80 123.90 45.48
1620 403.19 153.45 28.28 68.97 37.91
1620 205.18 190.49 20.00 48.78 28.66
1620 320.86 108.28 56.55 137.93 22.61
1620 463.88 131.38 28.28 68.97 15.42
1620 421.31 161.54 25.23 61.54 12.77
1620 212.99 124.15 20.00 48.78 1.53
1650 546.64 150.69 28.28 68.97 93.87
1650 568.11 159.27 20.00 48.78 87.45
1650 416.38 154.15 25.23 61.54 55.39
1650 472.16 128.62 28.28 68.97 34.98
1650 4.21 153.41 20.00 48.78 16.44
1650 341.41 127.39 35.65 86.96 12.58
1650 199.77 196.00 25.23 61.54 6.24
1650 443.08 165.75 22.47 54.79 1.43
1680 583.72 157.32 20.00 48.78 91.33
1680 447.13 169.02 20.00 48.78 72.26
1680 563.19 150.58 31.71 77.35 64.27
1680 418.97 161.37 22.47 54.79 39.88
1680 485.95 128.62 28.28 68.97 38.12
1680 590.78 156.21 28.28 68.97 27.78
1680 321.09 87.83 71.30 173.91 21.44
1710 594.32 156.99 22.47 54.79 102.68
1710 575.56 150.58 31.71 77.35 60.88
1710 607.47 156.99 22.47 54.79 57.98
1710 344.02 127.32 40.00 97.56 46.26
1710 219.52 128.49 22.47 54.79 29.77
1710 191.85 196.96 35.65 86.96 19.26
1710 470.11 99.57 35.65 86.96 15.74
1710 6.67 197.03 31.71 77.35 8.63
1740 584.83 147.48 31.71 77.35 95.49
1740 607.47 156.99 22.47 54.79 94.54
1740 344.02 127.32 40.00 97.56 54.19
1740 554.91 142.41 28.28 68.97 44.67
1740 472.80 103.90 40.00 97.56 38.82
1740 544.38 166.46 25.23 61.54 29.03
1740 439.52 122.71 31.71 77.35 14.07
1740 523.23 157.32 20.00 48.78 7.85
1770 595.33 148.26 35.65 86.96 118.83
1770 615.77 156.62 25.23 61.54 79.86
1770 441.81 128.62 28.28 68.97 48.48
1770 347.93 131.22 40.00 97.56 38.54
1770 211.34 139.02 40.00 97.56 23.13
1770 128.38 107.38 25.23 61.54 20.23
1770 427.74 154.79 22.47 54.79 8.20
1800 612.84 150.69 28.28 68.97 66.01
1800 344.97 130.46 45.20 110.24 39.64
1800 437.36 82.27 50.80 123.90 37.58
1800 5.31 166.46 25.23 61.54 30.04
1800 125.49 258.48 17.83 43.48 19.95
1800 428.10 164.57 17.83 43.48 12.10
1800 219.15 142.93 40.00 97.56 8.17
1830 351.83 139.02 40.00 97.56 47.43
1830 449.39 115.61 40.00 97.56 35.60
1830 4.21 176.83 20.00 48.78 17.67
1830 55.60 95.52 28.28 68.97 0.68
