30 546.65 184.63 20.00 48.78 89.64
30 596.55 165.69 45.20 110.24 54.70
30 506.64 194.25 22.47 54.79 28.67
30 7.77 178.77 25.23 61.54 23.50
30 61.55 135.86 56.55 137.93 15.82
30 441.00 156.62 25.23 61.54 12.55
30 36.79 194.13 17.83 43.48 12.25
30 423.77 11.38 25.23 61.54 11.95
30 172.69 186.15 25.23 61.54 7.23
30 323.19 112.07 28.28 68.97 4.21
30 148.10 187.17 17.83 43.48 1.79
60 598.70 189.86 22.47 54.79 92.18
60 488.97 188.91 17.83 43.48 72.46
60 10.23 183.69 25.23 61.54 66.35
60 610.71 199.35 17.83 43.48 34.51
60 109.57 190.49 20.00 48.78 32.08
60 24.45 192.05 22.47 54.79 23.83
60 398.66 139.02 40.00 97.56 18.53
60 97.87 188.54 20.00 48.78 15.67
60 124.15 156.77 31.71 77.35 12.85
60 511.85 137.83 35.65 86.96 11.12
60 11.47 87.24 28.28 68.97 9.03
60 436.29 158.97 28.28 68.97 4.30
90 548.60 182.68 20.00 48.78 111.33
90 475.05 185.43 17.83 43.48 28.41
90 148.08 168.92 25.23 61.54 28.07
90 567.50 96.09 35.65 86.96 26.46
90 322.26 89.02 20.00 48.78 24.51
90 164.73 172.33 22.47 54.79 20.45
90 570.21 165.75 22.47 54.79 12.29
90 501.35 135.10 31.71 77.35 9.73
120 60.79 186.59 20.00 48.78 57.84
120 177.87 174.88 20.00 48.78 48.08
120 348.02 145.17 28.28 68.97 25.47
120 538.45 159.87 31.71 77.35 22.59
120 5.95 15.52 28.28 68.97 19.05
120 45.18 190.49 20.00 48.78 13.81
120 490.62 95.23 45.20 110.24 11.08
120 463.88 172.76 28.28 68.97 4.18
120 29.84 190.65 17.83 43.48 2.80
150 5.31 181.23 25.23 61.54 74.83
150 19.82 180.73 20.00 48.78 57.12
150 572.46 141.29 31.71 77.35 46.08
150 180.08 159.08 25.23 61.54 42.11
150 377.66 187.17 17.83 43.48 33.54
150 402.26 200.24 20.00 48.78 27.43
150 504.44 88.65 31.71 77.35 26.92
150 337.88 29.86 22.47 54.79 25.72
150 33.32 185.43 17.83 43.48 22.17
150 443.23 92.93 20.00 48.78 21.49
150 568.71 186.55 28.28 68.97 10.58
180 163.75 187.17 17.83 43.48 51.00
180 129.66 176.71 22.47 54.79 44.51
180 73.32 185.43 17.83 43.48 31.20
180 55.60 181.03 28.28 68.97 27.46
180 44.83 68.81 45.20 110.24 25.20
180 170.98 144.78 35.65 86.96 12.30
180 12.85 169.16 31.71 77.35 7.07
180 99.40 185.43 17.83 43.48 6.83
210 504.27 147.27 63.78 155.55 42.19
210 66.10 187.67 22.47 54.79 34.65
210 166.92 200.82 22.47 54.79 26.17
210 88.97 143.67 45.20 110.24 19.89
210 4.21 200.24 20.00 48.78 14.16
210 138.23 144.31 25.23 61.54 1.15
240 581.74 175.35 31.71 77.35 58.80
240 17.41 152.41 56.55 137.93 55.61
240 541.12 172.76 28.28 68.97 39.65
240 577.93 47.39 35.65 86.96 22.59
240 42.01 44.57 17.83 43.48 9.74
240 241.62 144.31 25.23 61.54 0.55
270 512.38 171.38 25.23 61.54 50.03
270 484.73 174.52 22.47 54.79 27.22
270 384.69 148.07 45.20 110.24 24.27
270 9.52 139.27 45.20 110.24 22.03
270 191.85 134.35 35.65 86.96 16.22
300 13.49 27.67 22.47 54.79 62.51
300 13.93 55.60 45.20 110.24 39.48
300 12.01 210.00 20.00 48.78 38.34
300 111.79 153.68 31.71 77.35 35.70
300 101.14 183.70 17.83 43.48 32.79
300 403.19 183.79 28.28 68.97 27.28
300 536.03 113.79 56.55 137.93 21.90
300 452.25 141.65 50.80 123.90 10.03
330 576.28 121.86 50.80 123.90 44.28
330 504.45 128.49 22.47 54.79 37.50
330 539.52 124.11 22.47 54.79 26.77
330 189.30 111.96 50.80 123.90 26.26
360 530.62 122.95 80.85 197.19 45.10
360 465.62 156.62 25.23 61.54 41.23
360 320.61 127.32 40.00 97.56 25.67
360 499.01 122.95 80.85 197.19 14.05
360 20.12 162.44 40.00 97.56 8.65
390 470.11 141.30 35.65 86.96 29.97
390 6.67 166.06 31.71 77.35 18.08
390 337.93 134.35 35.65 86.96 11.93
390 531.04 147.56 20.00 48.78 3.01
420 526.67 111.96 50.80 123.90 58.31
420 607.33 156.21 28.28 68.97 57.33
420 579.74 145.17 28.28 68.97 56.37
420 171.30 165.75 22.47 54.79 38.55
420 4.21 106.59 20.00 48.78 19.88
420 465.00 127.32 40.00 97.56 18.36
420 151.98 150.58 31.71 77.35 13.61
450 8.71 62.41 28.28 68.97 51.51
450 148.08 159.08 25.23 61.54 47.55
450 138.23 159.08 25.23 61.54 43.28
450 118.80 144.78 35.65 86.96 26.68
450 392.67 181.10 22.47 54.79 26.26
450 458.84 5.12 20.00 48.78 21.01
450 482.02 121.86 50.80 123.90 5.88
480 538.84 172.93 20.00 48.78 106.60
480 523.75 176.74 17.83 43.48 103.17
480 550.65 87.83 71.30 173.91 40.88
480 62.32 144.39 31.71 77.35 33.67
480 102.07 123.41 40.00 97.56 31.89
480 87.05 138.19 31.71 77.35 28.97
480 615.77 53.23 25.23 61.54 19.49
480 424.06 193.94 31.71 77.35 9.52
510 13.93 117.25 45.20 110.24 69.65
510 376.89 167.07 20.00 48.78 53.16
510 56.03 91.72 56.55 137.93 33.39
510 432.12 185.48 22.47 54.79 26.30
510 583.31 249.36 45.20 110.24 16.49
540 546.42 201.64 80.85 197.19 46.84
540 499.45 209.72 45.20 110.24 44.47
540 424.41 143.67 45.20 110.24 38.82
540 384.70 174.88 20.00 48.78 21.86
540 15.15 188.62 25.23 61.54 20.17
540 6.16 184.63 20.00 48.78 15.47
540 563.19 76.21 28.28 68.97 14.64
540 579.74 156.21 28.28 68.97 13.60
540 12.69 164.00 25.23 61.54 7.97
570 527.15 173.85 25.23 61.54 162.63
570 543.90 174.52 22.47 54.79 61.17
570 584.89 228.26 35.65 86.96 47.04
570 404.21 192.44 20.00 48.78 32.73
570 449.66 130.68 22.47 54.79 31.17
570 566.46 228.78 40.00 97.56 25.52
570 172.69 164.00 25.23 61.54 17.25
600 191.52 167.07 20.00 48.78 67.38
600 474.13 87.83 71.30 173.91 28.51
600 593.48 116.34 20.00 48.78 24.59
600 214.18 169.78 17.83 43.48 20.02
600 436.29 197.59 28.28 68.97 13.32
630 205.49 168.04 17.83 43.48 36.35
630 596.55 209.72 45.20 110.24 31.66
630 480.38 218.15 25.23 61.54 29.56
630 495.91 153.41 20.00 48.78 24.16
630 583.31 253.76 45.20 110.24 21.86
630 543.70 87.83 71.30 173.91 12.37
630 517.10 99.63 45.20 110.24 8.62
630 177.88 165.75 22.47 54.79 6.70
660 182.88 168.04 17.83 43.48 52.74
660 388.29 187.67 22.47 54.79 52.11
660 399.15 186.15 25.23 61.54 50.24
660 136.23 165.75 22.47 54.79 41.92
660 170.06 165.12 20.00 48.78 39.97
660 577.66 89.78 17.83 43.48 30.33
660 14.22 54.14 28.28 68.97 20.03
660 379.52 187.67 22.47 54.79 17.87
660 582.88 171.52 17.83 43.48 16.39
660 526.09 172.26 31.71 77.35 15.14
660 4.21 48.05 20.00 48.78 8.08
660 600.29 76.26 31.71 77.35 4.32
690 442.61 209.42 31.71 77.35 55.50
690 6.16 149.51 20.00 48.78 54.31
690 543.88 150.69 28.28 68.97 45.68
690 162.26 165.12 20.00 48.78 35.18
690 147.19 159.18 22.47 54.79 28.55
690 381.12 170.00 28.28 68.97 22.20
690 3.75 199.35 17.83 43.48 21.36
690 461.12 203.10 28.28 68.97 17.94
690 417.87 181.55 31.71 77.35 16.73
720 585.98 260.00 40.00 97.56 53.24
720 132.84 161.72 28.28 68.97 42.94
720 548.00 214.13 45.20 110.24 35.66
720 450.09 194.83 28.28 68.97 13.68
720 589.88 232.68 40.00 97.56 10.18
750 596.55 218.53 45.20 110.24 45.33
750 515.73 205.37 40.00 97.56 44.51
750 408.60 175.35 31.71 77.35 44.37
750 536.74 101.74 71.30 173.91 32.82
750 583.31 231.74 45.20 110.24 24.51
750 565.66 200.92 45.20 110.24 19.86
750 530.62 248.85 80.85 197.19 18.34
750 230.55 165.12 20.00 48.78 13.26
750 371.50 181.55 31.71 77.35 11.22
750 399.15 191.08 25.23 61.54 4.50
780 464.14 187.71 45.20 110.24 75.20
780 578.90 165.69 45.20 110.24 18.79
780 109.57 161.22 20.00 48.78 13.32
780 294.94 194.39 20.00 48.78 5.86
780 419.40 201.09 17.83 43.48 2.88
780 615.77 171.38 25.23 61.54 2.29
810 13.49 198.63 22.47 54.79 51.73
810 139.61 144.39 31.71 77.35 50.78
810 501.86 181.24 50.80 123.90 47.20
810 28.37 311.74 35.65 86.96 40.02
810 19.40 328.04 17.83 43.48 39.25
810 576.38 6.46 25.23 61.54 14.59
810 451.85 205.21 22.47 54.79 13.50
810 414.22 175.52 28.28 68.97 10.06
840 529.24 224.78 35.65 86.96 55.35
840 585.98 240.49 40.00 97.56 40.86
840 427.74 213.97 22.47 54.79 29.93
840 560.10 258.97 31.71 77.35 26.79
840 399.32 193.94 31.71 77.35 19.28
840 11.30 143.84 22.47 54.79 18.84
840 560.19 66.23 63.78 155.55 16.99
840 515.73 107.80 40.00 97.56 12.89
840 60.79 290.00 20.00 48.78 10.63
840 523.23 9.02 20.00 48.78 4.34
840 95.91 42.20 20.00 48.78 4.14
840 574.46 235.22 35.65 86.96 4.14
870 560.10 162.97 31.71 77.35 63.03
870 556.83 90.83 45.20 110.24 56.92
870 583.31 143.67 45.20 110.24 55.68
870 54.94 5.12 20.00 48.78 48.28
870 596.29 313.45 28.28 68.97 39.95
870 39.33 5.12 20.00 48.78 32.01
870 24.94 240.98 80.85 197.19 29.37
870 420.97 178.45 31.71 77.35 28.61
870 5.49 138.48 17.83 43.48 24.76
870 4.21 270.49 20.00 48.78 21.96
870 202.28 123.91 35.65 86.96 15.38
870 454.56 153.51 63.78 155.55 13.83
870 578.65 277.55 31.71 77.35 4.33
900 474.13 157.39 71.30 173.91 28.99
900 19.61 172.21 63.78 155.55 20.83
900 603.38 178.45 31.71 77.35 18.92
900 254.46 193.48 35.65 86.96 11.09
900 375.14 187.67 22.47 54.79 9.34
900 297.29 51.48 31.71 77.35 9.09
900 142.81 159.18 22.47 54.79 3.67
930 584.62 188.91 17.83 43.48 41.22
930 392.67 192.05 22.47 54.79 32.27
930 595.33 283.91 35.65 86.96 28.15
930 525.49 204.57 17.83 43.48 17.32
930 254.01 206.32 31.71 77.35 6.02
960 529.47 51.63 114.81 280.01 24.97
960 129.77 171.34 50.80 123.90 22.61
960 416.98 192.07 28.28 68.97 21.85
990 491.94 186.19 50.80 123.90 52.27
990 543.70 171.30 71.30 173.91 41.94
990 511.78 215.88 50.80 123.90 41.40
990 141.64 84.00 89.69 218.76 32.44
990 537.33 93.42 22.47 54.79 29.93
990 456.20 203.91 35.65 86.96 24.81
990 532.95 135.07 22.47 54.79 12.63
990 428.37 186.52 35.65 86.96 10.88
990 344.97 209.72 45.20 110.24 7.99
1020 425.26 23.79 28.28 68.97 39.19
1020 542.74 149.51 20.00 48.78 31.23
1020 491.84 172.21 63.78 155.55 23.14
1020 469.40 219.66 28.28 68.97 20.74
1020 230.55 211.95 20.00 48.78 13.15
1020 558.10 224.14 56.55 137.93 12.84
1050 553.70 153.82 89.69 218.76 46.62
1050 507.62 284.15 20.00 48.78 35.29
1050 105.26 167.24 28.28 68.97 28.08
1050 155.96 174.52 22.47 54.79 26.69
1050 238.66 217.07 40.00 97.56 24.79
1050 622.88 4.57 17.83 43.48 20.17
1050 87.23 192.39 17.83 43.48 18.56
1080 83.19 167.24 28.28 68.97 58.42
1080 537.33 176.71 22.47 54.79 8.86
1110 152.50 184.63 20.00 48.78 54.03
1110 565.82 137.26 22.47 54.79 15.89
1140 229.28 215.61 31.71 77.35 24.20
1140 214.18 185.43 17.83 43.48 24.02
1140 15.66 131.75 50.80 123.90 17.90
1140 572.01 176.83 20.00 48.78 9.83
1140 539.15 131.22 40.00 97.56 6.05
1170 209.09 178.78 20.00 48.78 50.45
1170 103.36 141.64 22.47 54.79 34.87
1170 578.90 117.25 45.20 110.24 31.55
1170 76.40 188.54 20.00 48.78 14.47
1200 113.62 178.77 25.23 61.54 31.11
1200 261.16 181.10 22.47 54.79 22.54
1200 63.88 167.24 28.28 68.97 15.74
1200 45.49 195.87 17.83 43.48 15.56
1200 211.04 182.68 20.00 48.78 6.65
1230 529.62 168.92 25.23 61.54 52.36
1230 63.90 284.11 22.47 54.79 39.45
1230 4.21 73.41 20.00 48.78 20.48
1230 452.99 178.78 20.00 48.78 20.33
1230 89.14 174.48 56.55 137.93 17.55
1230 78.53 293.26 17.83 43.48 16.38
1230 494.22 164.48 28.28 68.97 14.78
1260 574.48 143.67 45.20 110.24 44.49
1260 494.18 190.65 17.83 43.48 40.25
1260 139.69 171.34 50.80 123.90 18.15
1290 416.98 189.31 28.28 68.97 38.96
1290 33.22 181.10 22.47 54.79 28.61
1290 535.92 235.87 17.83 43.48 27.85
1290 19.82 20.73 20.00 48.78 13.46
1290 404.02 210.87 35.65 86.96 9.72
1320 40.27 197.61 17.83 43.48 36.27
1320 502.26 266.58 22.47 54.79 28.61
1320 119.33 190.49 20.00 48.78 26.60
1320 430.78 222.41 28.28 68.97 22.00
1320 447.76 218.62 56.55 137.93 20.14
1320 290.09 216.90 28.28 68.97 15.44
1350 77.05 192.05 22.47 54.79 66.73
1350 85.82 189.86 22.47 54.79 45.04
1350 515.73 263.90 40.00 97.56 33.63
1350 465.00 205.37 40.00 97.56 30.18
1350 442.28 217.83 35.65 86.96 29.76
1350 595.05 324.57 17.83 43.48 23.31
1350 597.38 151.46 20.00 48.78 18.33
1380 527.44 248.29 40.00 97.56 93.23
1380 511.83 244.39 40.00 97.56 79.81
1380 38.53 197.61 17.83 43.48 58.62
1380 433.53 211.38 28.28 68.97 50.23
1380 55.92 195.87 17.83 43.48 43.54
1380 15.15 193.54 25.23 61.54 43.06
1380 550.65 247.83 71.30 173.91 42.88
1380 461.12 225.17 28.28 68.97 38.86
1380 33.32 192.39 17.83 43.48 38.24
1380 579.74 136.90 28.28 68.97 36.78
1380 4.21 225.61 20.00 48.78 28.34
1380 5.31 193.54 25.23 61.54 27.73
1380 11.30 213.97 22.47 54.79 16.83
1380 45.49 192.39 17.83 43.48 16.11
1380 3.75 9.78 17.83 43.48 15.36
1380 84.08 168.92 25.23 61.54 8.12
1380 4.73 56.16 22.47 54.79 7.62
1410 614.04 43.01 22.47 54.79 37.27
1410 105.60 159.87 31.71 77.35 24.98
1410 569.14 251.72 56.55 137.93 12.99
1410 529.13 165.97 63.78 155.55 9.44
1410 487.50 214.35 35.65 86.96 8.44
1410 210.09 153.45 28.28 68.97 1.48
1440 138.23 171.38 25.23 61.54 42.59
1440 588.37 169.13 35.65 86.96 14.71
1440 530.75 176.71 22.47 54.79 12.93
1470 31.40 162.97 31.71 77.35 43.12
1470 53.04 159.87 31.71 77.35 42.79
1470 14.46 162.17 35.65 86.96 36.96
1470 119.05 167.24 28.28 68.97 36.54
1470 530.09 73.45 28.28 68.97 31.38
1470 550.48 43.01 22.47 54.79 23.56
1470 17.87 50.00 20.00 48.78 17.04
1500 3.75 216.74 17.83 43.48 56.01
1500 21.41 155.22 35.65 86.96 27.96
1500 536.16 57.82 89.69 218.76 26.52
1500 112.12 181.10 22.47 54.79 23.57
1500 6.16 63.66 20.00 48.78 13.12
1500 457.26 40.36 89.69 218.76 12.18
1500 7.77 178.77 25.23 61.54 5.59
1530 511.85 165.65 35.65 86.96 30.84
1530 252.45 171.52 17.83 43.48 20.21
1530 561.62 6.46 25.23 61.54 4.20
1560 610.71 230.65 17.83 43.48 26.85
1560 12.32 150.73 40.00 97.56 17.54
1560 534.54 50.77 25.23 61.54 7.27
1590 266.23 213.23 25.23 61.54 21.61
1590 156.79 129.78 17.83 43.48 17.97
1590 131.85 205.21 22.47 54.79 17.07
1590 226.36 171.52 17.83 43.48 4.21
1620 529.09 200.24 20.00 48.78 26.39
1620 422.88 180.22 17.83 43.48 20.03
1650 599.05 203.10 28.28 68.97 73.03
1650 299.67 110.00 35.65 86.96 24.31
1650 541.14 188.91 17.83 43.48 22.29
1650 429.93 178.90 22.47 54.79 18.46
1650 309.66 134.86 45.20 110.24 15.60
1650 375.24 135.12 40.00 97.56 15.58
1650 456.89 163.17 20.00 48.78 8.07
1680 308.90 107.80 40.00 97.56 57.47
1680 589.84 30.65 17.83 43.48 40.28
1680 3.75 82.83 17.83 43.48 35.01
1680 6.16 204.15 20.00 48.78 28.62
1680 43.77 82.45 31.71 77.35 13.24
1680 75.53 97.40 63.78 155.55 12.41
1680 411.52 66.96 71.30 173.91 10.35
1680 15.15 72.92 25.23 61.54 5.33
1710 81.62 82.77 25.23 61.54 30.39
1710 466.63 16.09 35.65 86.96 27.73
1710 304.31 108.28 56.55 137.93 19.73
1710 429.88 127.32 40.00 97.56 7.63
1740 47.13 89.02 20.00 48.78 47.69
1740 600.29 85.55 31.71 77.35 40.33
1740 380.00 97.40 63.78 155.55 40.12
1740 3.75 227.17 17.83 43.48 31.82
1740 6.16 204.15 20.00 48.78 30.25
1740 52.99 83.17 20.00 48.78 9.37
1770 4.21 208.05 20.00 48.78 105.21
1770 508.10 173.26 17.83 43.48 86.98
1770 61.14 199.35 17.83 43.48 37.27
1770 522.91 97.40 63.78 155.55 32.52
1770 68.50 162.97 31.71 77.35 15.30
1770 6.16 96.83 20.00 48.78 8.69
1770 233.59 151.74 35.65 86.96 6.73
1800 539.40 181.96 17.83 43.48 55.98
1800 552.67 170.14 22.47 54.79 38.07
1800 346.76 203.23 31.71 77.35 34.36
1800 574.59 34.25 22.47 54.79 31.02
1800 575.56 187.74 31.71 77.35 27.82
1800 206.02 91.17 63.78 155.55 20.22
1800 458.84 182.68 20.00 48.78 19.79
1800 494.22 7.24 28.28 68.97 19.30
1800 487.50 144.78 35.65 86.96 15.84
1800 469.38 174.52 22.47 54.79 7.23
1830 554.86 172.33 22.47 54.79 66.83
1830 539.46 164.00 25.23 61.54 60.17
1830 531.04 174.88 20.00 48.78 53.25
1830 149.61 77.32 50.80 123.90 25.35
1830 268.68 107.01 50.80 123.90 23.24
1830 106.23 183.69 25.23 61.54 23.04
1830 568.11 176.83 20.00 48.78 16.74
1830 125.76 155.22 35.65 86.96 13.23
