30 183.72 178.78 20.00 48.78 65.98
30 153.00 173.85 25.23 61.54 65.73
30 123.23 178.78 20.00 48.78 45.50
30 297.29 147.48 31.71 77.35 24.24
30 312.75 162.97 31.71 77.35 18.33
30 524.57 172.76 28.28 68.97 17.84
30 273.78 107.80 40.00 97.56 14.96
60 113.62 183.69 25.23 61.54 63.69
60 537.00 171.38 25.23 61.54 62.01
60 118.54 171.38 25.23 61.54 29.00
60 268.68 102.06 50.80 123.90 17.71
60 430.78 32.07 28.28 68.97 15.54
60 13.49 154.79 22.47 54.79 15.43
60 417.93 162.17 35.65 86.96 6.96
60 303.48 159.87 31.71 77.35 5.24
90 53.04 172.26 31.71 77.35 83.33
90 45.18 196.34 20.00 48.78 44.13
90 263.72 97.11 50.80 123.90 37.75
90 382.74 169.02 20.00 48.78 35.70
90 374.18 175.00 17.83 43.48 32.04
90 492.69 215.69 25.23 61.54 16.61
90 300.69 161.54 25.23 61.54 14.18
90 417.93 162.17 35.65 86.96 13.02
90 614.94 235.37 20.00 48.78 10.62
90 255.91 170.98 20.00 48.78 7.32
120 254.66 86.21 56.55 137.93 51.59
120 377.00 171.38 25.23 61.54 37.58
120 168.11 172.93 20.00 48.78 35.52
120 447.76 135.86 56.55 137.93 28.27
120 386.10 159.18 22.47 54.79 25.10
120 289.24 134.35 35.65 86.96 9.73
120 578.85 191.08 25.23 61.54 4.08
150 32.38 161.54 25.23 61.54 69.04
150 255.73 72.47 63.78 155.55 63.56
150 4.73 181.10 22.47 54.79 59.00
150 412.40 161.37 22.47 54.79 45.95
150 390.55 163.17 20.00 48.78 43.23
150 241.62 159.08 25.23 61.54 35.29
150 455.60 161.72 28.28 68.97 31.34
150 229.31 156.62 25.23 61.54 28.81
150 362.22 162.97 31.71 77.35 27.54
150 551.58 201.09 17.83 43.48 22.18
150 5.49 162.83 17.83 43.48 20.72
150 437.68 119.51 40.00 97.56 11.69
180 243.63 163.56 22.47 54.79 53.93
180 306.65 174.88 20.00 48.78 48.82
180 101.16 174.52 22.47 54.79 47.05
180 257.93 71.74 35.65 86.96 41.27
180 396.23 162.97 31.71 77.35 40.38
180 535.36 159.87 31.71 77.35 32.36
180 252.40 163.56 22.47 54.79 22.79
180 274.34 121.65 45.20 110.24 19.50
180 223.09 153.68 31.71 77.35 11.68
180 127.33 158.97 28.28 68.97 10.32
180 426.23 171.38 25.23 61.54 3.47
210 386.96 141.29 31.71 77.35 54.41
210 563.19 170.00 28.28 68.97 53.57
210 400.43 150.69 28.28 68.97 45.37
210 309.38 165.75 22.47 54.79 43.66
210 242.56 131.22 40.00 97.56 40.32
210 375.60 147.93 28.28 68.97 39.51
210 221.12 40.34 28.28 68.97 38.82
210 315.96 5.75 22.47 54.79 23.94
210 344.89 71.74 35.65 86.96 21.06
210 458.79 108.28 56.55 137.93 16.25
210 335.68 5.75 22.47 54.79 8.22
210 191.58 48.04 17.83 43.48 7.65
210 318.15 161.37 22.47 54.79 4.35
240 210.72 144.39 31.71 77.35 59.85
240 22.76 134.86 45.20 110.24 58.80
240 124.81 116.91 50.80 123.90 55.70
240 296.20 134.35 35.65 86.96 51.27
240 616.89 172.93 20.00 48.78 45.50
240 284.93 144.39 31.71 77.35 41.07
240 310.11 130.87 35.65 86.96 37.72
240 187.93 127.32 40.00 97.56 35.50
240 53.04 178.45 31.71 77.35 27.49
240 127.33 29.31 28.28 68.97 26.83
240 234.45 172.93 20.00 48.78 19.02
240 254.46 141.30 35.65 86.96 12.20
240 355.05 159.35 17.83 43.48 5.59
240 152.80 123.41 40.00 97.56 -0.14
270 160.54 137.83 35.65 86.96 66.81
270 184.02 123.41 40.00 97.56 62.06
270 265.98 127.32 40.00 97.56 37.21
270 63.15 151.74 35.65 86.96 33.65
270 124.28 126.06 45.20 110.24 27.11
270 282.24 86.21 56.55 137.93 25.83
270 5.95 34.83 28.28 68.97 19.64
270 170.98 120.43 35.65 86.96 6.17
270 4.73 192.05 22.47 54.79 4.84
270 568.11 51.95 20.00 48.78 2.38
300 82.26 167.07 20.00 48.78 49.14
300 488.04 60.00 71.30 173.91 26.64
300 192.17 147.48 31.71 77.35 26.03
300 93.24 135.10 31.71 77.35 21.44
300 12.85 36.00 31.71 77.35 11.37
300 473.32 157.61 17.83 43.48 6.21
330 5.31 141.85 25.23 61.54 48.30
330 366.37 148.22 22.47 54.79 42.38
330 35.43 163.17 20.00 48.78 41.94
330 44.57 59.66 28.28 68.97 22.12
330 174.46 130.87 35.65 86.96 21.29
330 334.18 164.57 17.83 43.48 12.63
330 53.04 153.68 31.71 77.35 10.82
330 278.54 149.23 25.23 61.54 10.65
330 546.36 65.43 17.83 43.48 6.98
360 44.83 46.79 45.20 110.24 30.31
360 52.72 141.30 35.65 86.96 30.05
360 12.45 183.70 17.83 43.48 21.57
360 102.50 147.93 28.28 68.97 18.28
390 8.71 156.21 28.28 68.97 59.87
390 74.86 161.37 22.47 54.79 21.00
390 83.96 144.39 31.71 77.35 14.84
390 29.84 157.61 17.83 43.48 11.19
420 214.18 173.26 17.83 43.48 29.00
420 131.04 167.07 20.00 48.78 6.01
450 128.38 183.69 25.23 61.54 38.74
450 212.99 188.54 20.00 48.78 28.92
480 42.28 172.61 35.65 86.96 44.74
480 7.77 18.77 25.23 61.54 40.13
480 205.49 209.78 17.83 43.48 16.32
510 313.59 183.04 35.65 86.96 38.84
510 363.54 174.15 40.00 97.56 23.27
510 423.36 213.97 22.47 54.79 15.13
510 129.39 178.05 40.00 97.56 3.61
510 259.40 223.70 17.83 43.48 0.72
540 202.01 239.35 17.83 43.48 69.50
540 17.62 198.46 25.23 61.54 54.43
540 305.24 161.28 45.20 110.24 43.25
540 517.60 192.05 22.47 54.79 31.86
540 431.52 217.80 20.00 48.78 28.84
540 69.84 228.91 17.83 43.48 17.34
540 71.77 198.46 25.23 61.54 16.76
540 54.54 218.15 25.23 61.54 1.74
570 156.40 241.22 20.00 48.78 60.36
570 393.59 169.13 35.65 86.96 38.73
570 358.80 172.61 35.65 86.96 37.59
570 281.84 197.03 31.71 77.35 28.26
570 436.51 205.21 22.47 54.79 28.20
570 298.45 136.70 50.80 123.90 25.70
570 590.78 101.03 28.28 68.97 13.81
570 127.13 215.85 20.00 48.78 12.58
570 532.27 184.65 31.71 77.35 9.84
570 135.92 216.74 17.83 43.48 8.81
600 254.18 195.87 17.83 43.48 42.17
600 459.40 199.35 17.83 43.48 32.74
600 368.41 156.77 31.71 77.35 29.08
600 543.59 143.67 45.20 110.24 27.47
600 186.07 174.50 45.20 110.24 20.93
600 11.47 186.55 28.28 68.97 16.48
600 212.72 193.48 35.65 86.96 16.16
600 168.41 197.56 40.00 97.56 11.96
600 571.52 73.91 71.30 173.91 10.51
600 416.38 186.15 25.23 61.54 8.11
630 164.00 156.88 45.20 110.24 45.85
630 239.25 172.33 22.47 54.79 40.23
630 222.74 178.78 20.00 48.78 38.45
630 433.24 134.86 45.20 110.24 27.41
630 261.41 137.83 35.65 86.96 22.74
630 491.47 167.24 28.28 68.97 19.32
630 21.77 270.49 20.00 48.78 18.75
630 422.50 170.00 28.28 68.97 15.60
630 349.84 185.43 17.83 43.48 15.16
660 450.90 130.46 45.20 110.24 86.09
660 217.33 159.18 22.47 54.79 32.44
660 536.20 137.83 35.65 86.96 26.45
660 505.67 180.73 20.00 48.78 25.83
660 362.95 87.22 50.80 123.90 24.45
660 473.59 151.74 35.65 86.96 24.35
660 90.98 179.57 35.65 86.96 22.43
660 342.88 180.22 17.83 43.48 19.74
660 265.52 112.84 45.20 110.24 11.46
660 12.69 230.46 25.23 61.54 9.18
690 547.73 172.26 31.71 77.35 68.64
690 561.40 126.80 50.80 123.90 50.55
690 383.88 158.97 28.28 68.97 50.07
690 539.15 111.71 40.00 97.56 37.98
690 372.95 172.33 22.47 54.79 36.52
690 425.43 39.13 71.30 173.91 32.84
690 235.46 150.58 31.71 77.35 28.96
690 583.31 134.86 45.20 110.24 21.42
690 397.61 46.09 71.30 173.91 19.31
690 3.75 248.04 17.83 43.48 15.64
690 303.15 148.26 35.65 86.96 8.43
720 564.57 32.17 71.30 173.91 85.84
720 465.00 146.83 40.00 97.56 74.09
720 3.75 187.17 17.83 43.48 53.95
720 445.27 181.10 22.47 54.79 52.05
720 541.55 72.47 63.78 155.55 31.64
720 333.49 60.55 22.47 54.79 24.83
720 261.31 141.85 25.23 61.54 17.11
720 432.12 181.10 22.47 54.79 16.21
720 22.88 192.39 17.83 43.48 6.03
750 330.06 157.32 20.00 48.78 61.05
750 591.85 151.74 35.65 86.96 50.40
750 483.75 178.48 17.83 43.48 43.73
750 320.34 148.22 22.47 54.79 32.47
750 382.74 55.85 20.00 48.78 29.36
750 527.15 173.85 25.23 61.54 26.93
750 547.73 156.77 31.71 77.35 21.58
750 8.11 5.12 20.00 48.78 12.35
750 445.49 169.78 17.83 43.48 3.55
750 609.66 78.08 22.47 54.79 1.29
780 375.60 142.41 28.28 68.97 82.98
780 82.01 61.96 17.83 43.48 57.13
780 7.23 37.61 17.83 43.48 33.79
780 386.64 145.17 28.28 68.97 29.28
780 176.98 156.21 28.28 68.97 26.51
780 501.14 44.57 17.83 43.48 24.00
780 304.70 151.46 20.00 48.78 6.52
780 581.16 167.95 22.47 54.79 6.16
810 433.33 138.19 31.71 77.35 57.56
810 337.49 116.52 31.71 77.35 34.07
810 420.97 132.00 31.71 77.35 29.04
810 185.00 132.00 25.23 61.54 21.21
810 326.92 137.26 22.47 54.79 20.28
810 561.62 168.92 25.23 61.54 8.30
840 517.60 181.10 22.47 54.79 44.50
840 390.55 155.37 20.00 48.78 40.42
840 588.02 7.24 28.28 68.97 32.16
840 450.09 134.14 28.28 68.97 28.13
840 401.44 146.03 22.47 54.79 24.85
840 4.73 170.14 22.47 54.79 21.12
840 382.74 155.37 20.00 48.78 14.14
840 19.03 76.26 31.71 77.35 13.14
840 90.37 100.00 40.00 97.56 7.13
840 26.36 30.65 17.83 43.48 4.70
870 142.74 174.88 20.00 48.78 51.42
870 497.88 181.10 22.47 54.79 32.37
870 33.48 170.98 20.00 48.78 31.19
870 339.74 150.69 28.28 68.97 14.24
870 192.17 150.58 31.71 77.35 11.29
900 22.93 130.34 56.55 137.93 74.65
900 340.58 153.68 31.71 77.35 46.37
900 475.96 67.12 22.47 54.79 33.44
900 584.89 162.17 35.65 86.96 33.12
900 170.06 186.59 20.00 48.78 22.41
900 414.22 158.97 28.28 68.97 16.84
900 370.71 183.70 17.83 43.48 16.73
900 535.92 181.96 17.83 43.48 14.84
900 381.12 161.72 28.28 68.97 12.56
900 492.08 147.48 31.71 77.35 12.36
900 254.59 181.10 22.47 54.79 12.14
900 150.54 178.77 25.23 61.54 5.39
930 55.60 181.03 28.28 68.97 68.04
930 557.05 5.75 22.47 54.79 48.22
930 268.68 181.24 50.80 123.90 31.05
930 170.98 158.70 35.65 86.96 18.41
930 561.24 121.65 45.20 110.24 14.36
930 379.15 146.83 40.00 97.56 14.08
930 598.53 30.65 17.83 43.48 4.31
960 416.78 200.82 22.47 54.79 31.41
960 564.08 173.85 25.23 61.54 22.61
960 222.88 185.43 17.83 43.48 21.48
960 310.11 169.13 35.65 86.96 14.28
960 289.24 186.52 35.65 86.96 6.99
990 600.89 211.78 22.47 54.79 64.83
990 386.96 190.84 31.71 77.35 37.84
990 175.91 213.90 20.00 48.78 37.73
990 469.84 225.43 17.83 43.48 27.64
990 317.07 179.57 35.65 86.96 24.35
990 29.57 223.66 20.00 48.78 23.78
990 494.18 218.48 17.83 43.48 19.32
990 521.81 197.59 28.28 68.97 16.68
990 259.74 170.00 28.28 68.97 12.70
990 408.11 213.90 20.00 48.78 12.09
990 13.96 10.98 20.00 48.78 2.32
1020 273.53 158.97 28.28 68.97 63.90
1020 577.87 233.41 20.00 48.78 40.66
1020 587.92 206.32 31.71 77.35 31.35
1020 226.10 165.75 22.47 54.79 26.89
1020 336.22 166.34 40.00 97.56 25.68
1020 471.58 42.83 17.83 43.48 23.17
1020 459.40 220.22 17.83 43.48 20.72
1020 356.04 181.55 31.71 77.35 18.59
1050 404.02 169.13 35.65 86.96 60.24
1050 506.82 151.55 50.80 123.90 49.80
1050 130.85 183.69 25.23 61.54 39.20
1050 265.26 142.41 28.28 68.97 34.51
1050 27.17 156.88 45.20 110.24 32.08
1050 276.29 139.66 28.28 68.97 31.45
1050 349.86 159.87 31.71 77.35 24.27
1050 325.95 150.69 28.28 68.97 23.98
1050 486.21 156.88 45.20 110.24 17.64
1050 174.95 103.64 63.78 155.55 16.51
1080 547.73 193.94 31.71 77.35 92.89
1080 560.10 197.03 31.71 77.35 55.74
1080 525.18 190.49 20.00 48.78 41.98
1080 71.59 166.06 31.71 77.35 20.81
1080 51.34 154.63 40.00 97.56 18.13
1080 245.95 125.86 28.28 68.97 14.32
1110 481.09 94.78 71.30 173.91 50.77
1110 578.85 171.38 25.23 61.54 29.30
1110 543.59 143.67 45.20 110.24 28.65
1110 320.38 124.62 25.23 61.54 16.92
1110 464.25 135.10 31.71 77.35 9.33
1110 347.62 10.98 20.00 48.78 5.43
1140 549.84 176.74 17.83 43.48 36.34
1140 530.09 161.72 28.28 68.97 32.89
1140 517.38 151.46 20.00 48.78 22.91
1140 33.53 114.83 28.28 68.97 19.45
1140 5.31 166.46 25.23 61.54 17.78
1140 189.57 57.80 20.00 48.78 16.54
1140 586.23 154.15 25.23 61.54 9.34
1170 396.69 107.38 25.23 61.54 31.91
1170 372.45 6.30 17.83 43.48 24.93
1200 484.02 99.57 35.65 86.96 24.63
1200 318.15 132.88 22.47 54.79 22.09
1200 37.31 127.08 25.23 61.54 16.05
1200 369.62 87.69 25.23 61.54 14.87
1200 428.02 7.24 28.28 68.97 7.64
1200 280.89 128.49 22.47 54.79 4.83
1200 47.15 127.08 25.23 61.54 1.99
1230 487.50 137.83 35.65 86.96 28.97
1230 137.66 155.87 17.83 43.48 20.04
1230 3.75 178.48 17.83 43.48 18.62
1230 435.33 134.35 35.65 86.96 14.52
1260 326.16 34.39 20.00 48.78 34.50
1260 87.50 141.30 35.65 86.96 21.60
1260 265.98 127.32 40.00 97.56 18.25
1290 451.88 147.48 31.71 77.35 57.61
1290 80.87 82.45 31.71 77.35 49.90
1290 541.55 156.49 50.80 123.90 44.34
1290 220.00 150.58 31.71 77.35 40.87
1290 85.95 120.34 28.28 68.97 27.00
1290 5.31 139.38 25.23 61.54 23.01
1320 484.02 183.04 35.65 86.96 70.42
1320 47.23 124.57 17.83 43.48 53.53
1320 6.92 132.88 22.47 54.79 15.26
1320 3.75 166.30 17.83 43.48 14.58
1350 512.69 152.48 45.20 110.24 29.46
1350 423.50 109.87 63.78 155.55 6.75
1350 25.22 119.61 31.71 77.35 2.23
1380 151.58 105.43 17.83 43.48 31.62
1380 502.50 106.55 28.28 68.97 22.62
1380 109.57 104.63 20.00 48.78 8.68
1380 282.28 78.70 35.65 86.96 3.67
1380 125.27 100.00 22.47 54.79 2.96
1410 593.78 76.59 40.00 97.56 86.83
1410 74.91 90.00 28.28 68.97 76.11
1410 6.67 85.55 31.71 77.35 54.61
1410 27.46 95.08 25.23 61.54 50.22
1410 58.36 92.76 28.28 68.97 46.63
1410 50.75 110.96 22.47 54.79 21.84
1410 15.94 63.87 31.71 77.35 21.29
1410 117.38 98.78 20.00 48.78 10.87
1410 87.50 75.22 35.65 86.96 8.99
1410 468.60 79.27 20.00 48.78 -0.83
1440 111.15 97.54 25.23 61.54 29.84
1440 88.01 115.34 22.47 54.79 23.21
1440 181.66 37.98 45.20 110.24 20.67
1440 404.08 80.31 25.23 61.54 13.45
1470 115.43 130.00 20.00 48.78 48.83
1470 6.67 125.81 31.71 77.35 42.24
1470 516.79 114.13 17.83 43.48 39.45
1470 68.29 132.88 22.47 54.79 38.17
1470 76.69 127.08 25.23 61.54 31.32
1470 54.54 134.46 25.23 61.54 24.30
1470 151.58 131.52 17.83 43.48 2.18
1500 7.23 161.09 17.83 43.48 49.69
1500 522.83 73.91 71.30 173.91 29.69
1500 340.12 96.10 40.00 97.56 22.29
1500 15.15 176.31 25.23 61.54 5.89
1530 145.00 124.11 22.47 54.79 35.21
1530 101.31 144.31 25.23 61.54 13.39
1530 164.35 88.65 31.71 77.35 0.85
1560 378.84 165.12 20.00 48.78 63.63
1560 47.33 145.17 28.28 68.97 36.21
1560 76.69 146.77 25.23 61.54 33.78
1560 148.89 119.61 31.71 77.35 21.38
1590 160.54 116.96 35.65 86.96 42.10
1590 75.05 180.22 17.83 43.48 39.31
1590 68.10 180.22 17.83 43.48 23.99
1590 468.60 169.02 20.00 48.78 18.92
1590 38.80 137.83 35.65 86.96 15.83
1590 110.78 147.93 28.28 68.97 14.86
1590 204.69 117.23 25.23 61.54 11.17
1620 6.67 147.48 31.71 77.35 73.65
1620 439.33 178.78 20.00 48.78 72.07
1620 40.27 181.96 17.83 43.48 71.00
1620 462.88 181.96 17.83 43.48 56.05
1620 86.54 161.54 25.23 61.54 52.29
1620 33.32 181.96 17.83 43.48 46.16
1620 137.20 107.80 40.00 97.56 42.09
1620 359.48 91.72 56.55 137.93 30.15
1620 500.08 23.69 25.23 61.54 22.26
1620 494.22 45.86 28.28 68.97 13.10
1620 59.52 163.56 22.47 54.79 8.77
1650 468.08 168.92 25.23 61.54 127.79
1650 546.85 159.08 25.23 61.54 113.13
1650 495.15 166.46 25.23 61.54 81.73
1650 601.81 203.10 28.28 68.97 60.66
1650 119.86 90.83 45.20 110.24 42.83
1650 133.10 60.00 45.20 110.24 40.90
1650 477.67 158.97 28.28 68.97 36.56
1650 70.11 134.35 35.65 86.96 36.55
1650 294.18 185.43 17.83 43.48 34.04
1650 556.69 159.08 25.23 61.54 29.13
1650 525.49 32.39 17.83 43.48 19.90
1650 411.46 166.46 25.23 61.54 15.24
1650 507.54 150.58 31.71 77.35 12.22
1650 19.82 174.88 20.00 48.78 10.36
1650 261.10 95.23 45.20 110.24 7.00
1680 529.18 162.97 31.71 77.35 136.10
1680 563.19 161.72 28.28 68.97 129.31
1680 156.71 103.90 40.00 97.56 66.96
1680 488.99 169.16 31.71 77.35 49.30
1680 312.75 187.74 31.71 77.35 45.04
1680 572.46 147.48 31.71 77.35 43.21
1680 34.49 153.68 31.71 77.35 40.37
1680 547.73 147.48 31.71 77.35 19.57
1680 278.76 95.23 45.20 110.24 17.59
1680 90.37 14.15 40.00 97.56 16.90
1680 532.84 134.14 28.28 68.97 16.03
1680 94.27 127.32 40.00 97.56 13.62
1680 21.14 176.74 17.83 43.48 11.46
1710 539.17 183.30 45.20 110.24 66.97
1710 300.83 108.44 45.20 110.24 57.02
1710 121.06 234.19 31.71 77.35 44.50
1710 283.17 104.04 45.20 110.24 44.25
1710 543.59 218.53 45.20 110.24 42.04
1710 177.62 240.31 25.23 61.54 26.66
1710 593.78 131.22 40.00 97.56 24.82
1710 84.08 164.00 25.23 61.54 20.02
1710 115.43 272.44 20.00 48.78 14.25
1710 28.84 89.04 22.47 54.79 11.64
1710 351.83 123.41 40.00 97.56 10.70
1710 464.70 169.02 20.00 48.78 5.70
1740 344.97 117.25 45.20 110.24 48.71
1740 170.53 169.16 31.71 77.35 45.46
1740 195.43 192.44 20.00 48.78 39.77
1740 207.33 181.03 28.28 68.97 33.68
1740 609.66 183.29 22.47 54.79 17.11
1740 137.20 154.63 40.00 97.56 6.66
1770 20.08 188.62 25.23 61.54 64.97
1770 35.73 158.54 40.00 97.56 62.51
1770 10.06 184.63 20.00 48.78 61.71
1770 169.46 111.96 50.80 123.90 40.80
1770 100.00 146.60 50.80 123.90 32.54
1770 553.32 143.70 17.83 43.48 30.97
1770 349.57 184.63 20.00 48.78 30.04
1770 215.60 153.45 28.28 68.97 4.47
1770 179.38 62.47 50.80 123.90 1.68
1800 324.02 54.35 35.65 86.96 61.46
1800 491.30 113.15 22.47 54.79 36.29
1800 70.85 53.17 40.00 97.56 32.59
1800 71.31 112.84 45.20 110.24 31.12
1800 318.53 185.43 17.83 43.48 26.81
1800 125.27 185.48 22.47 54.79 23.76
1800 490.62 183.30 45.20 110.24 13.00
1830 606.47 42.19 31.71 77.35 75.17
1830 105.98 115.61 40.00 97.56 66.57
1830 52.95 137.26 22.47 54.79 48.33
1830 8.41 111.71 40.00 97.56 45.14
1830 417.93 148.26 35.65 86.96 41.55
1830 434.32 5.75 22.47 54.79 41.48
1830 358.53 166.30 17.83 43.48 30.68
1830 191.83 111.71 40.00 97.56 30.32
1830 39.79 137.26 22.47 54.79 24.95
1830 90.37 107.80 40.00 97.56 19.76
1830 273.32 171.52 17.83 43.48 18.73
1830 591.16 176.29 50.80 123.90 17.71
1830 84.21 79.27 20.00 48.78 13.13
