30 351.03 196.44 22.47 54.79 77.16
30 86.46 10.24 40.00 97.56 73.14
30 164.21 200.24 20.00 48.78 53.51
30 108.37 12.61 35.65 86.96 49.25
30 340.08 198.46 25.23 61.54 46.14
30 303.41 136.70 50.80 123.90 26.73
30 557.07 235.22 35.65 86.96 23.75
30 145.62 21.23 25.23 61.54 21.98
30 199.81 103.64 63.78 155.55 19.46
30 145.00 198.63 22.47 54.79 0.21
60 60.62 25.71 100.71 245.62 51.50
60 155.34 119.31 56.55 137.93 44.91
60 451.88 193.94 31.71 77.35 43.96
60 193.59 97.40 63.78 155.55 39.06
60 571.46 183.69 25.23 61.54 34.90
60 422.88 202.83 17.83 43.48 22.37
60 334.40 175.35 31.71 77.35 17.81
60 157.07 71.74 35.65 86.96 15.37
60 133.28 124.83 56.55 137.93 11.84
90 554.76 150.73 40.00 97.56 59.90
90 131.46 91.17 63.78 155.55 36.66
90 90.98 12.61 35.65 86.96 32.95
90 452.84 181.03 28.28 68.97 30.11
90 175.00 80.87 71.30 173.91 28.16
90 24.02 10.24 40.00 97.56 27.67
90 106.23 188.62 25.23 61.54 23.08
90 11.47 12.76 28.28 68.97 20.87
90 127.33 34.83 28.28 68.97 17.40
90 525.93 134.86 45.20 110.24 13.75
90 69.40 183.79 28.28 68.97 8.57
120 463.15 165.65 35.65 86.96 108.97
120 42.83 73.91 71.30 173.91 46.86
120 330.98 169.13 35.65 86.96 33.01
120 16.98 211.38 28.28 68.97 26.50
120 606.47 159.87 31.71 77.35 22.76
150 539.67 179.57 35.65 86.96 67.40
150 11.90 75.17 56.55 137.93 60.68
150 41.99 5.75 22.47 54.79 52.19
150 10.70 22.89 50.80 123.90 45.36
150 147.17 53.04 71.30 173.91 43.33
150 502.93 141.38 56.55 137.93 27.48
150 604.57 170.00 28.28 68.97 19.81
150 27.17 139.27 45.20 110.24 19.69
150 299.67 176.09 35.65 86.96 14.44
150 4.73 181.10 22.47 54.79 3.72
150 574.27 185.85 40.00 97.56 3.48
180 119.75 36.39 80.85 197.19 58.45
180 8.41 142.93 40.00 97.56 37.51
180 4.73 218.36 22.47 54.79 30.05
180 318.29 116.91 50.80 123.90 17.30
210 83.96 32.90 31.71 77.35 71.89
210 132.45 138.48 17.83 43.48 63.61
210 592.14 134.86 45.20 110.24 50.56
210 105.67 157.32 20.00 48.78 45.98
210 121.59 21.95 40.00 97.56 25.14
210 394.91 142.41 28.28 68.97 11.40
240 329.11 172.33 22.47 54.79 67.76
240 47.44 14.15 40.00 97.56 47.53
240 104.62 122.83 17.83 43.48 38.99
240 265.43 66.96 71.30 173.91 34.02
240 548.60 5.12 20.00 48.78 30.86
240 610.85 8.92 25.23 61.54 29.59
240 140.22 39.13 71.30 173.91 28.16
240 16.98 7.24 28.28 68.97 27.11
240 572.40 7.95 22.47 54.79 24.04
240 578.85 21.23 25.23 61.54 20.28
240 56.14 116.52 31.71 77.35 15.82
270 6.67 169.16 31.71 77.35 56.44
270 324.73 146.03 22.47 54.79 50.27
270 596.51 146.03 22.47 54.79 24.35
270 401.62 112.31 25.23 61.54 9.93
270 263.72 92.16 50.80 123.90 4.42
300 326.38 86.21 56.55 137.93 8.24
330 315.96 159.18 22.47 54.79 20.70
330 441.28 145.61 20.00 48.78 18.14
330 427.74 132.88 22.47 54.79 13.22
330 526.37 49.59 22.47 54.79 8.10
360 454.98 156.77 31.71 77.35 33.99
360 492.08 144.39 31.71 77.35 26.55
360 64.38 55.69 25.23 61.54 26.52
360 177.66 157.61 17.83 43.48 25.84
360 13.49 51.78 22.47 54.79 19.50
360 349.86 128.90 31.71 77.35 19.08
360 168.11 149.51 20.00 48.78 8.84
360 92.40 143.84 22.47 54.79 1.87
390 597.20 178.45 31.71 77.35 92.29
390 66.64 147.93 28.28 68.97 37.42
390 593.78 29.76 40.00 97.56 37.03
390 486.98 156.49 50.80 123.90 30.11
390 461.16 175.35 31.71 77.35 24.53
390 49.62 58.15 25.23 61.54 14.88
420 609.57 26.71 31.71 77.35 42.32
420 7.77 53.23 25.23 61.54 33.30
420 490.62 165.69 45.20 110.24 21.60
420 327.31 170.09 45.20 110.24 15.32
420 81.62 43.38 25.23 61.54 12.62
450 158.35 170.98 20.00 48.78 53.81
450 348.37 162.17 35.65 86.96 30.13
450 70.85 33.66 40.00 97.56 29.81
450 168.11 169.02 20.00 48.78 28.42
450 22.76 152.48 45.20 110.24 28.33
450 355.73 178.05 40.00 97.56 20.49
450 287.76 135.86 56.55 137.93 18.68
450 381.12 139.66 28.28 68.97 16.93
450 610.85 191.08 25.23 61.54 10.56
450 8.97 201.09 17.83 43.48 6.95
480 73.32 199.35 17.83 43.48 47.71
480 11.90 91.72 56.55 137.93 31.66
480 78.66 29.76 40.00 97.56 24.34
480 17.41 25.52 56.55 137.93 24.32
480 188.84 167.95 22.47 54.79 21.24
480 476.79 197.61 17.83 43.48 19.93
480 421.41 176.09 35.65 86.96 16.32
480 166.92 172.33 22.47 54.79 7.62
510 541.55 165.97 63.78 155.55 65.39
510 113.78 10.24 40.00 97.56 30.94
510 379.46 161.54 25.23 61.54 23.41
540 8.71 192.07 28.28 68.97 29.71
540 77.78 14.32 31.71 77.35 28.45
540 36.29 10.00 28.28 68.97 26.74
540 121.00 198.46 25.23 61.54 24.86
540 19.74 192.07 28.28 68.97 24.81
540 68.10 42.83 17.83 43.48 24.73
540 513.54 143.27 100.71 245.62 20.76
540 170.98 151.74 35.65 86.96 20.55
540 232.67 170.14 22.47 54.79 17.82
540 54.54 23.69 25.23 61.54 14.21
540 616.89 110.49 20.00 48.78 10.87
540 372.95 165.75 22.47 54.79 10.29
570 45.18 178.78 20.00 48.78 38.98
570 568.01 170.14 22.47 54.79 36.24
570 190.78 161.72 28.28 68.97 34.46
570 143.15 148.26 35.65 86.96 32.64
570 4.21 14.88 20.00 48.78 30.32
570 15.68 16.71 22.47 54.79 28.42
570 49.95 8.13 31.71 77.35 27.98
570 28.84 23.29 22.47 54.79 26.87
570 350.78 161.72 28.28 68.97 21.82
570 214.18 171.52 17.83 43.48 15.40
570 609.09 206.10 20.00 48.78 14.55
600 317.67 161.72 28.28 68.97 63.27
600 569.14 119.31 56.55 137.93 44.53
600 239.15 154.15 25.23 61.54 23.23
600 98.17 139.02 40.00 97.56 22.49
600 33.97 113.79 56.55 137.93 21.71
600 207.33 167.24 28.28 68.97 20.70
600 331.30 147.48 31.71 77.35 10.70
630 285.76 141.30 35.65 86.96 44.84
630 10.23 6.46 25.23 61.54 44.78
630 412.01 182.68 20.00 48.78 36.45
630 276.08 164.00 25.23 61.54 22.03
630 495.68 119.73 22.47 54.79 18.94
630 63.05 146.83 40.00 97.56 13.23
630 585.67 210.00 20.00 48.78 5.69
660 522.01 195.87 17.83 43.48 76.05
660 528.97 192.39 17.83 43.48 58.74
660 269.88 146.83 40.00 97.56 27.98
660 257.10 156.77 31.71 77.35 15.63
660 599.33 133.90 20.00 48.78 10.79
660 4.73 187.67 22.47 54.79 10.29
660 303.15 169.13 35.65 86.96 7.43
690 604.57 183.79 28.28 68.97 114.72
690 281.59 150.73 40.00 97.56 24.96
690 250.37 139.02 40.00 97.56 23.34
690 530.34 205.32 45.20 110.24 22.27
690 79.25 156.99 22.47 54.79 15.83
720 204.54 153.68 31.71 77.35 45.09
720 496.22 178.05 40.00 97.56 44.13
720 236.69 149.23 25.23 61.54 39.27
720 397.05 183.29 22.47 54.79 30.49
720 579.40 4.57 17.83 43.48 8.34
720 57.00 159.08 25.23 61.54 7.93
720 275.33 179.57 35.65 86.96 7.05
750 552.41 196.51 45.20 110.24 76.69
750 246.54 193.54 25.23 61.54 63.45
750 418.85 193.54 25.23 61.54 53.76
750 3.75 215.00 17.83 43.48 40.34
750 249.00 176.31 25.23 61.54 31.36
750 87.23 209.78 17.83 43.48 26.97
750 513.72 138.19 31.71 77.35 8.35
780 216.20 165.65 35.65 86.96 92.67
780 212.72 190.00 35.65 86.96 78.02
780 150.11 144.78 35.65 86.96 55.22
780 438.80 193.48 35.65 86.96 28.09
780 5.95 145.17 28.28 68.97 20.19
780 518.53 164.57 17.83 43.48 20.09
780 4.21 55.85 20.00 48.78 11.38
780 22.50 34.83 28.28 68.97 10.17
810 186.07 192.11 45.20 110.24 83.24
810 518.53 164.57 17.83 43.48 78.44
810 236.40 112.44 20.00 48.78 27.48
810 465.00 193.66 40.00 97.56 23.97
810 411.46 95.08 25.23 61.54 20.78
840 174.42 161.44 50.80 123.90 82.56
840 513.32 169.78 17.83 43.48 59.56
840 595.33 113.48 35.65 86.96 22.62
840 464.31 180.00 56.55 137.93 21.54
840 232.67 198.63 22.47 54.79 20.89
840 233.32 121.09 17.83 43.48 19.70
870 177.24 178.90 45.20 110.24 94.75
870 472.97 178.90 45.20 110.24 38.05
870 506.36 176.74 17.83 43.48 28.71
870 148.89 159.87 31.71 77.35 10.57
900 169.46 181.24 50.80 123.90 79.52
900 472.97 183.30 45.20 110.24 43.85
900 234.45 128.05 20.00 48.78 25.29
900 179.38 205.98 50.80 123.90 24.77
900 4.73 165.75 22.47 54.79 5.55
930 176.22 185.85 40.00 97.56 98.49
930 472.97 187.71 45.20 110.24 59.23
930 233.32 135.00 17.83 43.48 43.35
930 523.75 4.57 17.83 43.48 34.89
960 169.46 186.19 50.80 123.90 83.60
960 472.97 187.71 45.20 110.24 43.82
960 231.58 138.48 17.83 43.48 30.64
960 522.01 4.57 17.83 43.48 23.71
960 179.38 210.93 50.80 123.90 21.80
960 6.67 166.06 31.71 77.35 14.84
990 176.22 189.76 40.00 97.56 89.34
990 523.23 5.12 20.00 48.78 46.64
990 233.32 138.48 17.83 43.48 45.85
990 472.97 187.71 45.20 110.24 39.81
990 427.74 128.49 22.47 54.79 29.16
990 8.71 167.24 28.28 68.97 15.99
990 234.45 215.85 20.00 48.78 5.17
1020 181.66 192.11 45.20 110.24 91.23
1020 527.13 5.12 20.00 48.78 74.26
1020 462.17 186.19 50.80 123.90 45.02
1020 19.74 56.90 28.28 68.97 34.79
1020 172.83 218.53 45.20 110.24 26.73
1020 233.32 141.96 17.83 43.48 21.36
1020 520.27 4.57 17.83 43.48 9.69
1020 8.11 161.22 20.00 48.78 6.67
1050 191.83 197.56 40.00 97.56 77.88
1050 529.09 9.02 20.00 48.78 71.98
1050 16.98 59.66 28.28 68.97 25.82
1050 523.75 4.57 17.83 43.48 17.96
1050 453.29 217.07 40.00 97.56 9.01
1080 212.72 200.43 35.65 86.96 86.28
1080 546.36 9.78 17.83 43.48 78.41
1080 219.67 224.78 35.65 86.96 58.92
1080 572.01 73.41 20.00 48.78 49.84
1080 4.21 170.98 20.00 48.78 39.76
1080 170.98 172.61 35.65 86.96 24.21
1080 541.14 4.57 17.83 43.48 23.85
1080 17.62 63.08 25.23 61.54 17.88
1080 424.89 228.26 35.65 86.96 4.33
1110 251.46 210.77 25.23 61.54 64.41
1110 4.21 172.93 20.00 48.78 50.45
1110 591.15 75.38 25.23 61.54 46.37
1110 22.13 66.97 31.71 77.35 16.51
1110 420.00 139.27 45.20 110.24 13.69
1110 490.71 213.26 17.83 43.48 2.16
1140 509.84 213.26 17.83 43.48 70.91
1140 267.74 209.59 22.47 54.79 70.36
1140 19.03 60.77 31.71 77.35 34.51
1140 188.84 218.36 22.47 54.79 22.24
1140 603.23 85.12 20.00 48.78 21.01
1140 593.32 206.30 17.83 43.48 19.37
1140 621.14 155.87 17.83 43.48 7.86
1140 515.43 204.15 20.00 48.78 5.56
1170 254.27 205.37 40.00 97.56 36.56
1170 3.75 220.22 17.83 43.48 31.86
1170 608.38 58.15 25.23 61.54 20.97
1200 610.85 48.31 25.23 61.54 57.79
1200 253.96 204.15 20.00 48.78 46.44
1200 548.29 200.82 22.47 54.79 40.21
1200 534.54 198.46 25.23 61.54 13.42
1200 54.18 209.78 17.83 43.48 8.03
1200 238.55 150.58 31.71 77.35 6.96
1230 250.71 202.83 17.83 43.48 54.51
1230 235.05 176.74 17.83 43.48 33.16
1230 5.95 216.90 28.28 68.97 29.95
1230 130.34 172.26 31.71 77.35 20.23
1230 362.23 215.69 25.23 61.54 15.65
1230 143.15 165.65 35.65 86.96 8.49
1260 157.67 158.97 28.28 68.97 54.17
1260 499.40 206.30 17.83 43.48 10.02
1260 180.08 159.08 25.23 61.54 5.77
1260 375.92 185.43 17.83 43.48 2.63
1290 160.34 172.33 22.47 54.79 23.20
1290 367.15 166.46 25.23 61.54 17.28
1290 569.37 197.03 31.71 77.35 14.45
1320 350.78 164.48 28.28 68.97 49.78
1320 129.09 170.98 20.00 48.78 27.80
1320 160.30 194.39 20.00 48.78 25.25
1320 327.23 187.17 17.83 43.48 23.29
1320 482.53 141.64 22.47 54.79 15.53
1320 601.00 210.77 25.23 61.54 13.62
1320 333.96 182.68 20.00 48.78 6.39
1320 433.32 197.61 17.83 43.48 3.17
1350 452.99 202.20 20.00 48.78 37.63
1350 109.84 195.87 17.83 43.48 28.00
1350 352.38 173.85 25.23 61.54 23.61
1350 63.88 161.72 28.28 68.97 20.20
1350 163.19 117.59 28.28 68.97 19.97
1350 468.60 200.24 20.00 48.78 7.25
1350 24.89 148.26 35.65 86.96 -0.12
1380 177.41 141.38 56.55 137.93 36.41
1380 603.46 97.54 25.23 61.54 20.94
1380 90.06 147.56 20.00 48.78 10.86
1380 572.45 13.26 17.83 43.48 7.89
1410 221.92 144.31 25.23 61.54 58.62
1410 199.05 139.66 28.28 68.97 42.00
1410 182.50 205.86 28.28 68.97 22.64
1410 582.50 101.03 28.28 68.97 21.69
1410 212.08 144.31 25.23 61.54 20.61
1410 78.35 143.66 20.00 48.78 20.40
1410 538.84 213.90 20.00 48.78 19.54
1410 587.92 228.00 31.71 77.35 14.82
1410 157.07 186.52 35.65 86.96 11.37
1440 168.41 201.46 40.00 97.56 49.79
1440 5.49 188.91 17.83 43.48 48.34
1440 502.54 193.54 25.23 61.54 37.86
1440 279.05 125.86 28.28 68.97 36.66
1440 593.48 110.49 20.00 48.78 30.18
1440 223.88 134.14 28.28 68.97 28.04
1440 195.43 229.51 20.00 48.78 21.75
1440 397.07 169.13 35.65 86.96 17.33
1440 363.75 159.35 17.83 43.48 10.60
1440 201.45 141.29 31.71 77.35 9.64
1470 150.76 205.32 45.20 110.24 77.45
1470 252.40 137.26 22.47 54.79 46.32
1470 433.62 154.15 25.23 61.54 43.16
1470 589.88 193.66 40.00 97.56 31.35
1470 226.65 149.51 20.00 48.78 28.95
1470 142.88 201.09 17.83 43.48 23.92
1470 290.85 134.46 25.23 61.54 19.11
1470 377.33 172.33 22.47 54.79 16.82
1470 479.71 203.23 31.71 77.35 15.81
1470 408.01 161.37 22.47 54.79 13.41
1470 195.33 130.87 35.65 86.96 10.65
1470 15.94 73.16 31.71 77.35 10.12
1470 88.97 105.43 17.83 43.48 8.02
1470 384.70 157.32 20.00 48.78 3.40
1470 217.33 150.41 22.47 54.79 -0.55
1500 105.69 202.07 56.55 137.93 80.46
1500 184.89 137.83 35.65 86.96 45.95
1500 443.08 161.37 22.47 54.79 45.35
1500 522.23 183.69 25.23 61.54 44.65
1500 554.76 170.24 40.00 97.56 27.95
1500 428.02 150.69 28.28 68.97 23.77
1500 242.26 137.80 20.00 48.78 16.97
1500 69.32 190.91 63.78 155.55 11.83
1530 412.45 171.52 17.83 43.48 58.77
1530 56.89 178.44 63.78 155.55 54.55
1530 480.34 152.60 22.47 54.79 35.27
1530 382.88 176.74 17.83 43.48 35.02
1530 139.67 96.09 35.65 86.96 34.21
1530 218.84 141.71 20.00 48.78 33.54
1530 389.40 147.93 28.28 68.97 31.52
1530 31.59 90.83 45.20 110.24 20.64
1530 546.10 159.18 22.47 54.79 17.61
1530 495.92 161.09 17.83 43.48 16.90
1530 466.64 161.72 28.28 68.97 7.01
1560 403.63 161.37 22.47 54.79 95.82
1560 69.31 114.77 25.23 61.54 86.45
1560 173.49 137.26 22.47 54.79 77.20
1560 9.11 146.03 22.47 54.79 70.40
1560 415.92 169.78 17.83 43.48 60.32
1560 377.68 144.39 31.71 77.35 39.31
1560 487.23 162.83 17.83 43.48 36.42
1560 101.16 203.01 22.47 54.79 28.17
1560 226.85 127.08 25.23 61.54 22.35
1560 12.85 97.94 31.71 77.35 16.71
1560 469.40 153.45 28.28 68.97 16.38
1560 341.14 169.78 17.83 43.48 15.93
1560 197.38 137.80 20.00 48.78 13.75
1560 188.10 150.65 17.83 43.48 12.76
1590 443.23 161.22 20.00 48.78 90.62
1590 406.46 127.32 40.00 97.56 56.84
1590 191.52 133.90 20.00 48.78 50.12
1590 70.11 183.04 35.65 86.96 46.36
1590 452.45 164.57 17.83 43.48 44.77
1590 12.85 221.81 31.71 77.35 43.11
1590 35.33 207.39 35.65 86.96 33.35
1590 12.85 79.35 31.71 77.35 29.32
1590 327.50 148.26 35.65 86.96 24.76
1590 145.62 129.54 25.23 61.54 20.05
1590 132.84 117.59 28.28 68.97 18.53
1590 81.62 104.92 25.23 61.54 8.23
1590 205.49 141.96 17.83 43.48 7.20
1590 510.78 145.17 28.28 68.97 6.83
1620 461.10 115.61 40.00 97.56 85.07
1620 134.73 62.47 50.80 123.90 53.55
1620 13.93 183.30 45.20 110.24 46.56
1620 417.52 121.86 50.80 123.90 41.70
1620 425.69 64.14 56.55 137.93 35.55
1620 3.75 261.96 17.83 43.48 27.72
1620 81.75 53.77 63.78 155.55 18.97
1620 570.06 157.32 20.00 48.78 17.58
1620 192.17 97.94 31.71 77.35 9.78
1620 120.89 218.36 22.47 54.79 2.38
1650 589.84 171.52 17.83 43.48 80.32
1650 485.31 171.38 25.23 61.54 73.07
1650 500.12 166.34 40.00 97.56 56.18
1650 6.67 231.10 31.71 77.35 51.90
1650 437.36 141.65 50.80 123.90 47.70
1650 429.84 185.43 17.83 43.48 42.57
1650 121.06 138.19 31.71 77.35 41.17
1650 149.40 134.14 28.28 68.97 39.75
1650 595.43 176.83 20.00 48.78 37.85
1650 405.49 183.70 17.83 43.48 34.45
1650 356.79 11.52 17.83 43.48 32.54
1650 394.23 156.62 25.23 61.54 32.51
1650 174.18 300.22 17.83 43.48 27.81
1650 447.29 111.96 50.80 123.90 23.14
1650 332.32 170.24 40.00 97.56 21.06
1650 195.33 116.96 35.65 86.96 16.09
1650 315.46 129.54 25.23 61.54 6.67
1680 447.76 157.93 56.55 137.93 91.71
1680 501.35 181.55 31.71 77.35 71.24
1680 10.70 215.88 50.80 123.90 58.09
1680 415.92 206.30 17.83 43.48 55.45
1680 492.01 198.29 20.00 48.78 45.36
1680 198.80 137.83 35.65 86.96 35.74
1680 369.09 16.83 20.00 48.78 33.49
1680 404.08 181.23 25.23 61.54 32.84
1680 3.75 301.96 17.83 43.48 26.40
1680 148.89 150.58 31.71 77.35 24.63
1680 521.52 192.11 45.20 110.24 18.67
1680 234.86 163.56 22.47 54.79 18.60
1680 620.79 192.44 20.00 48.78 17.46
1680 478.35 61.71 20.00 48.78 9.51
1710 473.20 159.74 63.78 155.55 79.57
1710 219.52 172.33 22.47 54.79 62.63
1710 54.54 164.00 25.23 61.54 44.53
1710 531.63 156.49 50.80 123.90 38.32
1710 14.46 155.22 35.65 86.96 38.17
1710 427.62 211.95 20.00 48.78 37.34
1710 381.14 4.57 17.83 43.48 31.04
1710 77.67 136.90 28.28 68.97 27.92
1710 122.24 157.93 56.55 137.93 27.14
1710 234.91 158.97 28.28 68.97 27.07
1710 496.98 45.86 28.28 68.97 25.80
1710 177.88 174.52 22.47 54.79 25.63
1710 416.38 178.77 25.23 61.54 24.56
1710 309.66 178.45 31.71 77.35 20.23
1710 462.88 216.74 17.83 43.48 14.04
1710 357.31 191.08 25.23 61.54 11.50
1710 199.33 172.93 20.00 48.78 10.66
1710 523.54 201.46 40.00 97.56 7.22
1710 63.88 161.72 28.28 68.97 2.70
1740 518.25 40.47 114.81 280.01 77.35
1740 524.57 12.76 28.28 68.97 62.37
1740 422.50 181.03 28.28 68.97 62.11
1740 486.98 156.49 50.80 123.90 38.81
1740 220.00 156.77 31.71 77.35 36.32
1740 22.76 240.55 45.20 110.24 35.73
1740 473.77 62.74 22.47 54.79 32.50
1740 101.77 163.17 20.00 48.78 24.56
1740 207.23 187.17 17.83 43.48 15.99
1740 119.84 166.39 50.80 123.90 14.71
1740 60.31 97.11 50.80 123.90 13.80
1740 188.84 187.67 22.47 54.79 7.77
1770 454.94 198.29 20.00 48.78 74.01
1770 13.93 200.92 45.20 110.24 62.01
1770 516.79 220.22 17.83 43.48 55.35
1770 226.18 153.68 31.71 77.35 54.28
1770 604.57 7.24 28.28 68.97 46.96
1770 441.28 196.34 20.00 48.78 45.35
1770 544.93 66.55 89.69 218.76 44.56
1770 7.50 256.09 35.65 86.96 41.78
1770 27.67 49.09 89.69 218.76 41.71
1770 164.73 174.52 22.47 54.79 41.23
1770 522.28 172.61 35.65 86.96 39.84
1770 532.45 131.52 17.83 43.48 36.38
1770 209.62 166.46 25.23 61.54 35.19
1770 484.73 80.27 22.47 54.79 34.70
1770 502.50 29.31 28.28 68.97 28.05
1770 342.26 251.23 22.47 54.79 19.44
1770 490.06 208.05 20.00 48.78 17.13
1770 191.58 188.91 17.83 43.48 5.59
1800 493.49 196.44 22.47 54.79 87.67
1800 484.21 204.15 20.00 48.78 77.98
1800 597.68 178.05 40.00 97.56 60.80
1800 192.17 159.87 31.71 77.35 55.69
1800 243.75 178.48 17.83 43.48 48.55
1800 215.24 150.73 40.00 97.56 44.99
1800 581.14 6.30 17.83 43.48 39.08
1800 21.23 35.51 100.71 245.62 37.47
1800 551.77 6.46 25.23 61.54 31.05
1800 590.78 216.90 28.28 68.97 30.55
1800 88.15 28.52 80.85 197.19 28.20
1800 594.32 110.96 22.47 54.79 14.76
1800 530.71 215.00 17.83 43.48 10.98
1800 349.57 249.02 20.00 48.78 7.01
1830 560.43 183.79 28.28 68.97 118.46
1830 27.67 31.64 89.69 218.76 80.25
1830 230.11 144.78 35.65 86.96 69.13
1830 254.18 175.00 17.83 43.48 66.11
1830 115.33 123.91 35.65 86.96 60.52
1830 398.35 9.02 20.00 48.78 32.35
1830 204.54 150.58 31.71 77.35 24.27
1830 111.15 53.23 25.23 61.54 20.41
1830 10.71 209.78 17.83 43.48 17.61
1830 546.85 193.54 25.23 61.54 16.23
1830 102.50 145.17 28.28 68.97 12.32
