30 17.04 67.87 80.85 197.19 116.38
30 560.30 10.98 20.00 48.78 73.25
30 150.54 176.31 25.23 61.54 52.48
30 469.62 69.23 126.15 307.69 48.70
30 138.23 176.31 25.23 61.54 43.46
30 48.64 67.87 80.85 197.19 33.34
30 164.21 192.44 20.00 48.78 31.74
30 458.79 20.00 56.55 137.93 31.42
30 189.08 159.87 31.71 77.35 21.35
30 229.40 161.72 28.28 68.97 19.07
30 436.08 213.23 25.23 61.54 17.74
30 359.13 159.87 31.71 77.35 14.92
60 14.46 162.17 35.65 86.96 83.66
60 515.33 78.70 35.65 86.96 50.24
60 141.14 202.83 17.83 43.48 50.12
60 447.47 7.95 22.47 54.79 48.45
60 83.75 202.83 17.83 43.48 45.78
60 184.89 141.30 35.65 86.96 44.72
60 64.62 202.83 17.83 43.48 38.75
60 143.15 171.38 25.23 61.54 36.54
60 442.14 78.70 63.78 155.55 33.54
60 133.31 168.92 25.23 61.54 32.24
60 512.38 6.46 25.23 61.54 31.60
60 158.15 174.52 22.47 54.79 31.19
60 17.41 47.59 56.55 137.93 30.90
60 68.10 211.52 17.83 43.48 29.20
60 93.96 190.49 20.00 48.78 27.10
60 430.24 206.32 31.71 77.35 24.25
60 55.92 206.30 17.83 43.48 23.58
60 455.60 51.38 28.28 68.97 22.94
60 359.63 139.02 40.00 97.56 20.85
60 448.79 197.03 31.71 77.35 9.95
60 216.20 148.26 35.65 86.96 8.75
90 529.47 29.30 114.81 280.01 85.54
90 120.89 185.48 22.47 54.79 77.48
90 148.90 142.93 40.00 97.56 63.37
90 425.26 192.07 28.28 68.97 63.30
90 7.77 188.62 25.23 61.54 54.88
90 28.91 80.87 71.30 173.91 48.74
90 495.03 11.56 45.20 110.24 45.96
90 113.48 188.54 20.00 48.78 45.70
90 365.49 180.22 17.83 43.48 45.21
90 21.41 64.78 35.65 86.96 42.88
90 141.14 194.13 17.83 43.48 30.92
90 205.76 144.78 35.65 86.96 27.71
90 386.10 176.71 22.47 54.79 27.01
90 476.62 116.52 31.71 77.35 26.99
90 501.10 118.91 89.69 218.76 26.83
90 15.15 402.77 25.23 61.54 15.75
90 273.48 172.93 20.00 48.78 10.05
120 38.80 71.74 35.65 86.96 117.10
120 439.35 115.65 71.30 173.91 76.98
120 394.86 174.52 22.47 54.79 73.28
120 158.35 182.68 20.00 48.78 65.88
120 484.73 43.01 22.47 54.79 64.23
120 451.60 178.03 80.85 197.19 62.39
120 369.09 178.78 20.00 48.78 53.44
120 7.50 71.74 35.65 86.96 52.37
120 6.92 187.67 22.47 54.79 48.95
120 601.81 10.00 28.28 68.97 42.75
120 531.63 17.94 50.80 123.90 42.50
120 543.70 46.09 71.30 173.91 33.21
120 388.60 184.63 20.00 48.78 30.87
120 121.81 167.24 28.28 68.97 30.37
120 387.75 17.94 50.80 123.90 29.87
120 506.82 116.91 50.80 123.90 29.08
120 468.08 16.31 25.23 61.54 27.74
120 56.74 80.87 71.30 173.91 23.49
120 13.49 196.44 22.47 54.79 17.40
120 425.26 197.59 28.28 68.97 15.13
120 173.49 183.29 22.47 54.79 13.94
120 465.00 45.21 22.47 54.79 8.01
150 524.57 10.00 28.28 68.97 92.16
150 14.18 195.87 17.83 43.48 84.08
150 74.23 183.69 25.23 61.54 79.67
150 24.62 197.61 17.83 43.48 75.17
150 442.01 197.61 17.83 43.48 70.30
150 21.41 50.87 35.65 86.96 68.73
150 390.85 146.83 40.00 97.56 67.57
150 526.67 191.13 50.80 123.90 64.88
150 466.03 49.09 89.69 218.76 56.73
150 4.21 40.24 20.00 48.78 50.65
150 187.62 174.88 20.00 48.78 41.73
150 585.69 113.79 56.55 137.93 37.30
150 114.88 121.86 50.80 123.90 37.24
150 37.38 202.20 20.00 48.78 36.78
150 376.89 178.78 20.00 48.78 36.53
150 52.72 151.74 35.65 86.96 33.72
150 96.33 162.97 31.71 77.35 32.95
150 165.95 170.00 28.28 68.97 32.33
150 563.19 45.86 28.28 68.97 31.08
150 271.52 172.93 20.00 48.78 30.42
150 506.91 67.87 80.85 197.19 29.56
150 429.84 195.87 17.83 43.48 24.09
150 206.37 176.71 22.47 54.79 14.70
150 7.50 89.13 35.65 86.96 14.25
150 247.83 144.39 31.71 77.35 13.87
150 482.85 13.85 25.23 61.54 13.09
150 542.74 7.07 20.00 48.78 9.29
150 216.91 150.58 31.71 77.35 7.76
150 543.90 284.11 22.47 54.79 7.10
180 484.73 189.86 22.47 54.79 100.56
180 544.64 175.35 31.71 77.35 74.58
180 269.93 170.14 22.47 54.79 70.99
180 420.00 139.27 45.20 110.24 69.85
180 455.31 15.96 45.20 110.24 42.77
180 197.31 171.38 25.23 61.54 42.05
180 402.34 139.27 45.20 110.24 41.15
180 523.00 178.45 31.71 77.35 36.46
180 46.86 178.45 31.71 77.35 35.40
180 125.18 184.63 20.00 48.78 33.64
180 458.36 175.52 28.28 68.97 32.70
180 316.71 142.93 40.00 97.56 27.66
180 99.74 181.03 28.28 68.97 25.56
180 157.67 164.48 28.28 68.97 24.04
180 182.50 164.48 28.28 68.97 23.42
180 137.66 192.39 17.83 43.48 20.53
180 600.29 181.55 31.71 77.35 18.79
180 77.07 176.09 35.65 86.96 17.75
180 509.57 83.17 20.00 48.78 16.81
180 379.52 174.52 22.47 54.79 15.73
180 114.32 178.90 22.47 54.79 15.56
180 15.66 141.65 50.80 123.90 14.71
210 573.96 194.39 20.00 48.78 75.10
210 267.74 170.14 22.47 54.79 72.00
210 5.95 172.76 28.28 68.97 62.55
210 534.76 161.28 45.20 110.24 58.89
210 521.81 189.31 28.28 68.97 54.94
210 507.46 193.54 25.23 61.54 46.46
210 210.72 141.29 31.71 77.35 40.98
210 461.16 172.26 31.71 77.35 40.91
210 470.43 23.61 31.71 77.35 39.41
210 505.00 6.46 25.23 61.54 26.17
210 61.55 113.79 56.55 137.93 25.78
210 46.37 178.90 22.47 54.79 23.84
210 389.31 171.38 25.23 61.54 19.62
210 550.55 73.41 20.00 48.78 17.63
210 171.47 164.48 28.28 68.97 14.69
210 379.52 174.52 22.47 54.79 12.24
210 445.76 151.74 35.65 86.96 10.36
210 244.02 137.83 35.65 86.96 6.30
240 529.62 191.08 25.23 61.54 114.59
240 598.80 123.91 35.65 86.96 89.09
240 5.95 170.00 28.28 68.97 63.74
240 595.33 190.00 35.65 86.96 55.72
240 453.28 124.83 56.55 137.93 52.08
240 537.33 14.52 22.47 54.79 45.61
240 547.07 14.48 56.55 137.93 44.26
240 68.50 169.16 31.71 77.35 42.05
240 81.75 78.70 63.78 155.55 39.79
240 125.24 97.40 63.78 155.55 28.23
240 21.41 141.30 35.65 86.96 22.54
240 397.67 164.48 28.28 68.97 13.65
240 486.38 124.83 56.55 137.93 10.91
270 590.78 186.55 28.28 68.97 179.27
270 546.64 192.07 28.28 68.97 146.54
270 31.08 25.71 100.71 245.62 67.57
270 395.05 192.39 17.83 43.48 44.72
270 536.03 47.59 56.55 137.93 42.60
270 410.98 148.26 35.65 86.96 40.65
270 13.93 130.46 45.20 110.24 40.36
270 148.60 159.27 20.00 48.78 32.43
270 233.59 137.83 35.65 86.96 23.21
270 447.47 167.95 22.47 54.79 20.45
270 191.85 130.87 35.65 86.96 20.30
270 492.01 163.17 20.00 48.78 8.78
300 226.63 134.35 35.65 86.96 64.35
300 618.42 192.05 22.47 54.79 62.90
300 9.76 159.87 31.71 77.35 51.55
300 424.41 130.46 45.20 110.24 48.98
300 26.64 200.82 22.47 54.79 46.38
300 380.77 147.48 31.71 77.35 39.32
300 353.79 148.07 45.20 110.24 35.71
300 399.32 150.58 31.71 77.35 30.44
300 509.84 183.70 17.83 43.48 26.75
300 355.73 80.49 40.00 97.56 21.70
300 141.10 150.73 40.00 97.56 9.08
330 436.72 108.28 56.55 137.93 64.69
330 474.91 194.83 28.28 68.97 56.93
330 484.02 9.13 35.65 86.96 45.43
330 538.45 29.81 31.71 77.35 36.31
330 127.13 139.76 20.00 48.78 33.02
330 556.40 176.83 20.00 48.78 30.84
330 594.11 125.81 31.71 77.35 21.72
330 160.34 181.10 22.47 54.79 21.18
330 407.50 137.83 35.65 86.96 18.66
330 386.64 139.66 28.28 68.97 14.35
330 504.89 141.30 35.65 86.96 13.69
360 40.92 104.08 100.71 245.62 57.20
360 410.21 170.14 22.47 54.79 52.05
360 543.88 200.34 28.28 68.97 44.46
360 581.16 5.75 22.47 54.79 40.98
360 473.77 5.75 22.47 54.79 40.84
360 22.76 148.07 45.20 110.24 33.11
360 503.86 134.86 45.20 110.24 30.68
360 25.58 87.22 50.80 123.90 26.33
360 393.14 132.00 31.71 77.35 18.97
360 451.85 156.99 22.47 54.79 15.95
360 209.09 157.32 20.00 48.78 13.93
360 139.69 97.11 50.80 123.90 13.60
360 508.02 200.34 28.28 68.97 6.00
390 94.27 228.78 40.00 97.56 64.42
390 122.24 91.72 56.55 137.93 54.28
390 436.08 166.46 25.23 61.54 53.20
390 537.00 186.15 25.23 61.54 49.57
390 410.37 119.51 40.00 97.56 47.93
390 497.93 137.83 35.65 86.96 47.07
390 243.63 150.41 22.47 54.79 42.52
390 459.67 151.74 35.65 86.96 35.68
390 101.16 137.26 22.47 54.79 32.35
390 566.28 184.65 31.71 77.35 20.31
390 584.83 184.65 31.71 77.35 18.27
390 493.49 62.74 22.47 54.79 9.24
390 220.79 163.17 20.00 48.78 8.98
420 503.86 139.27 45.20 110.24 105.14
420 241.44 152.60 22.47 54.79 73.33
420 177.93 200.43 35.65 86.96 60.65
420 492.69 181.23 25.23 61.54 56.32
420 204.69 159.08 25.23 61.54 45.98
420 387.12 49.09 89.69 218.76 43.31
420 572.40 5.75 22.47 54.79 32.64
420 71.58 103.70 17.83 43.48 23.18
420 535.92 4.57 17.83 43.48 20.99
420 493.96 92.93 20.00 48.78 14.38
420 546.51 111.96 50.80 123.90 11.77
420 581.77 5.12 20.00 48.78 11.66
420 461.12 178.28 28.28 68.97 9.59
420 12.85 166.06 31.71 77.35 1.17
450 7.77 77.85 25.23 61.54 74.43
450 236.69 151.69 25.23 61.54 71.02
450 551.77 173.85 25.23 61.54 34.09
450 592.14 51.19 45.20 110.24 28.47
450 587.72 112.84 45.20 110.24 23.63
450 460.22 101.74 71.30 173.91 20.11
450 228.29 150.41 22.47 54.79 17.80
450 113.32 152.39 17.83 43.48 14.88
450 432.40 141.65 50.80 123.90 12.62
480 566.46 45.37 40.00 97.56 46.76
480 431.21 113.79 56.55 137.93 42.75
480 476.40 122.20 20.00 48.78 42.60
480 468.90 142.93 40.00 97.56 36.19
480 86.54 188.62 25.23 61.54 24.62
480 592.12 165.75 22.47 54.79 19.65
480 488.04 115.65 71.30 173.91 19.29
480 110.78 189.31 28.28 68.97 11.80
480 40.41 148.07 45.20 110.24 7.16
480 140.79 153.41 20.00 48.78 6.94
510 554.45 5.12 20.00 48.78 59.24
510 561.44 5.75 22.47 54.79 50.75
510 28.45 102.76 56.55 137.93 47.14
510 165.31 107.38 25.23 61.54 42.56
510 535.92 4.57 17.83 43.48 34.82
510 173.96 131.95 20.00 48.78 33.88
510 11.90 119.31 56.55 137.93 31.58
510 206.37 135.07 22.47 54.79 28.61
510 553.59 137.83 35.65 86.96 28.47
510 5.31 203.38 25.23 61.54 26.30
510 491.90 124.83 56.55 137.93 24.93
510 440.89 56.16 22.47 54.79 13.87
540 10.70 116.91 50.80 123.90 68.99
540 169.11 146.03 22.47 54.79 55.90
540 225.79 152.48 45.20 110.24 48.94
540 586.20 57.53 50.80 123.90 47.04
540 137.52 117.25 45.20 110.24 46.00
540 504.02 220.98 40.00 97.56 36.90
540 527.33 147.93 28.28 68.97 36.57
540 261.77 167.07 20.00 48.78 32.99
540 71.31 130.46 45.20 110.24 30.88
540 473.53 8.13 31.71 77.35 17.44
540 215.14 132.88 22.47 54.79 17.10
570 128.69 117.25 45.20 110.24 75.57
570 230.11 151.74 35.65 86.96 70.36
570 18.34 126.06 45.20 110.24 49.32
570 43.54 139.02 40.00 97.56 49.02
570 144.31 130.34 56.55 137.93 45.28
570 416.78 170.14 22.47 54.79 21.57
570 223.09 91.74 31.71 77.35 21.24
570 564.57 226.96 71.30 173.91 15.77
570 312.75 153.68 31.71 77.35 11.72
570 426.36 72.39 17.83 43.48 6.27
600 129.77 107.01 50.80 123.90 91.78
600 109.92 107.01 50.80 123.90 70.49
600 225.79 148.07 45.20 110.24 61.26
600 80.27 190.65 17.83 43.48 55.15
600 206.37 126.30 22.47 54.79 33.76
600 64.38 161.54 25.23 61.54 19.16
600 193.22 132.88 22.47 54.79 17.22
600 473.77 36.44 22.47 54.79 13.89
600 391.77 176.31 25.23 61.54 5.34
630 54.18 187.17 17.83 43.48 79.02
630 225.79 148.07 45.20 110.24 74.70
630 105.69 97.24 56.55 137.93 62.71
630 79.15 161.54 25.23 61.54 52.48
630 42.28 64.78 35.65 86.96 46.93
630 141.10 162.44 40.00 97.56 43.99
630 6.67 39.10 31.71 77.35 36.80
630 90.71 192.39 17.83 43.48 34.97
630 49.24 127.39 35.65 86.96 34.18
630 495.68 172.33 22.47 54.79 25.43
630 43.23 178.78 20.00 48.78 25.41
630 406.46 162.44 40.00 97.56 17.64
630 215.24 107.80 40.00 97.56 13.38
630 266.36 173.26 17.83 43.48 11.96
630 362.22 153.68 31.71 77.35 8.82
630 80.43 92.76 28.28 68.97 0.02
660 22.76 126.06 45.20 110.24 129.68
660 133.43 153.68 31.71 77.35 82.56
660 76.79 192.39 17.83 43.48 77.77
660 230.21 152.48 45.20 110.24 76.95
660 9.76 153.68 31.71 77.35 40.29
660 428.02 153.45 28.28 68.97 39.67
660 61.12 158.97 28.28 68.97 37.46
660 8.11 202.20 20.00 48.78 34.26
660 83.62 97.24 56.55 137.93 34.24
660 586.23 168.92 25.23 61.54 27.82
660 167.77 134.46 25.23 61.54 20.36
660 421.14 173.26 17.83 43.48 18.71
660 226.18 132.00 31.71 77.35 17.08
660 511.03 78.08 22.47 54.79 5.27
660 12.45 42.83 17.83 43.48 3.29
690 40.68 156.77 31.71 77.35 102.12
690 89.14 97.24 56.55 137.93 73.59
690 234.62 143.67 45.20 110.24 67.40
690 436.43 150.58 31.71 77.35 65.67
690 56.89 78.70 63.78 155.55 57.26
690 19.03 156.77 31.71 77.35 48.78
690 519.79 176.71 22.47 54.79 46.28
690 132.84 164.48 28.28 68.97 44.70
690 7.23 183.70 17.83 43.48 42.85
690 271.52 174.88 20.00 48.78 39.43
690 371.50 159.87 31.71 77.35 28.50
690 572.62 122.34 63.78 155.55 25.83
690 3.75 103.70 17.83 43.48 17.25
690 155.07 135.10 31.71 77.35 12.84
690 505.26 170.00 28.28 68.97 11.47
690 4.21 24.63 20.00 48.78 11.17
720 21.96 73.91 71.30 173.91 92.50
720 210.52 135.86 56.55 137.93 91.97
720 69.32 91.17 63.78 155.55 73.96
720 9.76 153.68 31.71 77.35 49.68
720 168.71 109.31 28.28 68.97 49.13
720 445.70 147.48 31.71 77.35 47.75
720 484.21 172.93 20.00 48.78 45.45
720 140.69 132.00 25.23 61.54 39.02
720 595.33 141.30 35.65 86.96 29.05
720 494.46 141.30 35.65 86.96 20.82
720 265.67 172.93 20.00 48.78 14.57
720 542.74 172.93 20.00 48.78 9.00
750 12.45 194.13 17.83 43.48 120.87
750 494.18 173.26 17.83 43.48 96.46
750 529.13 109.87 63.78 155.55 69.82
750 97.93 85.65 35.65 86.96 50.53
750 408.97 185.43 17.83 43.48 45.53
750 47.33 164.48 28.28 68.97 43.59
750 446.48 126.06 45.20 110.24 40.88
750 19.03 159.87 31.71 77.35 39.59
750 176.71 206.32 31.71 77.35 34.70
750 207.63 91.74 31.71 77.35 33.02
750 219.15 127.32 40.00 97.56 30.70
750 536.74 39.13 71.30 173.91 27.80
750 6.16 89.02 20.00 48.78 24.18
750 75.72 90.83 45.20 110.24 17.51
750 57.33 192.05 22.47 54.79 16.92
750 378.36 161.72 28.28 68.97 14.03
750 320.54 106.52 35.65 86.96 11.95
750 47.15 80.31 25.23 61.54 8.76
780 77.78 79.35 31.71 77.35 74.87
780 433.53 158.97 28.28 68.97 65.79
780 517.10 126.06 45.20 110.24 62.58
780 499.82 169.02 20.00 48.78 57.35
780 193.59 84.94 63.78 155.55 51.80
780 546.51 97.11 50.80 123.90 43.71
780 90.14 82.45 31.71 77.35 40.80
780 457.66 195.87 17.83 43.48 38.53
780 127.25 218.71 31.71 77.35 33.11
780 461.12 153.45 28.28 68.97 28.11
780 245.82 165.75 22.47 54.79 27.30
780 597.38 202.20 20.00 48.78 18.96
780 507.62 167.07 20.00 48.78 17.75
780 189.30 47.63 50.80 123.90 15.54
780 44.69 70.46 25.23 61.54 14.45
780 5.31 122.15 25.23 61.54 12.02
780 59.67 78.70 35.65 86.96 9.27
780 101.41 176.09 35.65 86.96 4.29
810 164.73 174.52 22.47 54.79 111.52
810 515.41 161.37 22.47 54.79 69.74
810 571.32 97.11 50.80 123.90 69.33
810 322.53 113.15 22.47 54.79 64.09
810 18.34 174.50 45.20 110.24 61.13
810 40.92 94.29 100.71 245.62 59.59
810 221.14 173.26 17.83 43.48 46.40
810 552.41 112.84 45.20 110.24 40.46
810 331.30 113.15 22.47 54.79 38.76
810 394.45 153.41 20.00 48.78 36.57
810 530.34 112.84 45.20 110.24 32.05
810 457.66 190.65 17.83 43.48 30.34
810 605.92 159.08 25.23 61.54 27.15
810 5.31 55.69 25.23 61.54 23.70
810 465.00 127.32 40.00 97.56 22.89
810 538.36 23.79 28.28 68.97 21.22
810 445.27 170.14 22.47 54.79 20.08
810 228.29 161.37 22.47 54.79 16.64
810 504.45 161.37 22.47 54.79 12.89
810 246.16 161.22 20.00 48.78 8.30
810 131.04 250.98 20.00 48.78 7.32
810 435.43 167.07 20.00 48.78 7.21
810 502.88 70.65 17.83 43.48 1.85
840 195.41 170.14 22.47 54.79 128.28
840 516.79 168.04 17.83 43.48 84.95
840 539.17 112.84 45.20 110.24 73.40
840 44.47 72.47 63.78 155.55 62.21
840 386.63 123.91 35.65 86.96 61.73
840 561.24 108.44 45.20 110.24 57.47
840 468.55 112.84 45.20 110.24 55.97
840 580.17 91.72 56.55 137.93 53.51
840 322.53 106.58 22.47 54.79 52.68
840 524.18 156.99 22.47 54.79 43.52
840 129.66 156.99 22.47 54.79 37.87
840 442.33 107.01 50.80 123.90 30.70
840 72.59 69.66 56.55 137.93 24.82
840 185.67 184.63 20.00 48.78 20.50
840 15.00 46.09 71.30 173.91 19.36
840 92.45 261.96 17.83 43.48 15.47
840 331.30 106.58 22.47 54.79 12.22
870 187.38 72.47 63.78 155.55 86.02
870 450.90 117.25 45.20 110.24 73.31
870 548.00 112.84 45.20 110.24 65.62
870 520.27 171.52 17.83 43.48 55.66
870 585.69 86.21 56.55 137.93 51.81
870 566.36 107.01 50.80 123.90 43.44
870 124.57 150.69 28.28 68.97 35.93
870 44.47 172.21 63.78 155.55 27.88
870 486.16 170.98 20.00 48.78 23.84
870 549.31 21.23 25.23 61.54 20.59
870 63.70 66.96 71.30 173.91 17.10
870 390.65 101.74 71.30 173.91 14.78
900 187.38 78.70 63.78 155.55 70.37
900 524.18 167.95 22.47 54.79 67.13
900 578.83 78.70 63.78 155.55 56.82
900 442.33 107.01 50.80 123.90 54.17
900 125.27 163.56 22.47 54.79 52.16
900 12.45 55.00 17.83 43.48 46.88
900 541.55 113.79 56.55 137.93 42.61
900 325.31 109.85 25.23 61.54 30.94
900 35.50 220.82 50.80 123.90 28.16
900 485.49 176.74 17.83 43.48 27.65
900 550.82 17.42 31.71 77.35 27.01
900 59.67 75.22 35.65 86.96 24.63
900 563.62 113.79 56.55 137.93 22.70
900 515.43 170.98 20.00 48.78 1.53
930 524.18 172.33 22.47 54.79 79.83
930 326.92 121.92 22.47 54.79 72.48
930 182.93 102.76 56.55 137.93 60.21
930 446.48 126.06 45.20 110.24 58.76
930 548.00 126.06 45.20 110.24 53.90
930 578.83 84.94 63.78 155.55 47.88
930 438.80 183.04 35.65 86.96 45.40
930 125.27 174.52 22.47 54.79 23.47
930 539.52 178.90 22.47 54.79 17.62
930 35.50 230.72 50.80 123.90 17.28
930 75.19 121.86 50.80 123.90 13.66
930 32.04 84.94 63.78 155.55 13.23
930 12.01 59.76 20.00 48.78 10.23
930 552.67 40.82 22.47 54.79 9.70
930 184.34 47.63 50.80 123.90 4.55
960 522.23 173.85 25.23 61.54 73.94
960 446.48 130.46 45.20 110.24 71.87
960 585.69 91.72 56.55 137.93 51.72
960 196.79 209.78 17.83 43.48 45.91
960 541.92 173.85 25.23 61.54 44.24
960 123.08 174.52 22.47 54.79 41.65
960 182.93 97.24 56.55 137.93 26.49
960 532.08 171.38 25.23 61.54 25.15
960 59.67 85.65 35.65 86.96 21.13
960 551.47 126.80 50.80 123.90 20.68
960 45.43 225.77 50.80 123.90 20.25
960 70.23 126.80 50.80 123.90 10.01
960 119.33 94.88 20.00 48.78 2.49
960 552.67 45.21 22.47 54.79 0.49
990 182.93 108.28 56.55 137.93 80.24
990 524.18 178.90 22.47 54.79 77.91
990 543.59 130.46 45.20 110.24 69.62
990 442.33 121.86 50.80 123.90 61.52
990 585.69 91.72 56.55 137.93 39.00
990 318.15 126.30 22.47 54.79 34.42
990 561.24 130.46 45.20 110.24 25.70
990 56.89 91.17 63.78 155.55 23.98
990 182.93 20.00 56.55 137.93 15.34
990 490.06 186.59 20.00 48.78 12.36
990 242.01 183.70 17.83 43.48 11.83
990 386.95 139.02 40.00 97.56 8.92
990 16.98 178.28 28.28 68.97 7.93
990 380.79 135.85 20.00 48.78 5.73
990 435.33 190.00 35.65 86.96 1.93
1020 522.01 192.39 17.83 43.48 86.39
1020 181.17 97.40 63.78 155.55 70.12
1020 585.69 97.24 56.55 137.93 59.19
1020 543.59 134.86 45.20 110.24 57.07
1020 528.56 178.90 22.47 54.79 49.37
1020 442.24 124.83 56.55 137.93 33.13
1020 566.36 126.80 50.80 123.90 29.89
1020 216.20 183.04 35.65 86.96 25.41
1020 53.04 240.39 31.71 77.35 22.09
1020 552.67 47.40 22.47 54.79 12.51
1020 56.89 91.17 63.78 155.55 10.20
1020 12.01 67.56 20.00 48.78 4.36
1050 485.31 191.08 25.23 61.54 146.81
1050 447.29 126.80 50.80 123.90 77.94
1050 181.17 97.40 63.78 155.55 74.46
1050 556.43 126.80 50.80 123.90 65.77
1050 522.23 176.31 25.23 61.54 57.20
1050 123.08 181.10 22.47 54.79 55.75
1050 585.69 97.24 56.55 137.93 51.38
1050 320.38 124.62 25.23 61.54 30.09
1050 12.01 67.56 20.00 48.78 27.18
1050 541.92 176.31 25.23 61.54 19.74
1050 70.11 89.13 35.65 86.96 14.21
1050 432.40 161.44 50.80 123.90 8.19
1050 516.81 23.61 31.71 77.35 6.16
1080 521.99 198.63 22.47 54.79 145.79
1080 181.17 97.40 63.78 155.55 70.75
1080 446.48 134.86 45.20 110.24 57.13
1080 578.83 91.17 63.78 155.55 42.73
1080 552.41 134.86 45.20 110.24 38.55
1080 12.01 67.56 20.00 48.78 34.69
1080 432.40 161.44 50.80 123.90 24.91
1080 513.22 196.44 22.47 54.79 24.11
1080 490.06 190.49 20.00 48.78 24.11
1080 123.46 178.77 25.23 61.54 22.29
1080 15.00 199.13 71.30 173.91 22.09
1080 552.67 49.59 22.47 54.79 17.72
1080 99.82 96.83 20.00 48.78 15.19
1080 318.15 130.68 22.47 54.79 10.48
1080 530.75 198.63 22.47 54.79 3.93
1110 558.35 200.24 20.00 48.78 125.99
1110 447.29 126.80 50.80 123.90 69.84
1110 519.77 176.31 25.23 61.54 56.21
1110 182.93 108.28 56.55 137.93 52.62
1110 488.11 190.49 20.00 48.78 36.28
1110 585.69 97.24 56.55 137.93 35.14
1110 566.36 126.80 50.80 123.90 33.78
1110 15.00 199.13 71.30 173.91 32.20
1110 548.29 194.25 22.47 54.79 26.31
1110 138.23 183.69 25.23 61.54 21.78
1110 105.67 178.78 20.00 48.78 8.89
1110 125.27 183.29 22.47 54.79 6.78
1140 578.85 191.08 25.23 61.54 127.75
1140 526.37 181.10 22.47 54.79 80.83
1140 181.17 97.40 63.78 155.55 76.46
1140 548.00 134.86 45.20 110.24 61.00
1140 442.33 131.75 50.80 123.90 56.25
1140 586.20 102.06 50.80 123.90 43.60
1140 125.27 181.10 22.47 54.79 42.86
1140 490.06 190.49 20.00 48.78 34.18
1140 520.27 195.87 17.83 43.48 25.91
1140 15.00 199.13 71.30 173.91 21.13
1140 552.67 49.59 22.47 54.79 17.49
1140 318.15 130.68 22.47 54.79 12.13
1140 540.79 188.54 20.00 48.78 11.18
1140 329.11 130.68 22.47 54.79 9.08
1170 596.08 188.62 25.23 61.54 141.70
1170 524.18 181.10 22.47 54.79 75.66
1170 543.59 134.86 45.20 110.24 53.82
1170 488.11 190.49 20.00 48.78 47.76
1170 187.38 91.17 63.78 155.55 45.58
1170 442.33 121.86 50.80 123.90 43.42
1170 132.45 204.57 17.83 43.48 33.84
1170 605.76 169.13 35.65 86.96 31.22
1170 402.56 139.02 40.00 97.56 28.56
1170 15.00 199.13 71.30 173.91 22.89
1170 125.49 176.74 17.83 43.48 19.29
1170 427.44 156.49 50.80 123.90 18.35
1170 12.01 67.56 20.00 48.78 16.46
1170 553.32 58.48 17.83 43.48 16.42
1170 592.14 117.25 45.20 110.24 14.10
1170 181.17 16.36 63.78 155.55 11.94
1170 181.14 209.78 17.83 43.48 11.20
1200 603.46 191.08 25.23 61.54 168.26
1200 543.59 134.86 45.20 110.24 75.21
1200 187.38 97.40 63.78 155.55 69.96
1200 524.18 183.29 22.47 54.79 65.46
1200 612.84 183.79 28.28 68.97 43.80
1200 450.90 139.27 45.20 110.24 40.95
1200 596.55 117.25 45.20 110.24 35.97
1200 326.92 130.68 22.47 54.79 19.76
1200 468.55 139.27 45.20 110.24 16.93
1200 318.15 130.68 22.47 54.79 16.02
1200 388.10 141.96 17.83 43.48 11.97
1200 10.06 67.56 20.00 48.78 5.74
1230 605.92 191.08 25.23 61.54 155.90
1230 524.18 183.29 22.47 54.79 77.01
1230 182.93 113.79 56.55 137.93 63.83
1230 541.92 178.77 25.23 61.54 54.39
1230 445.18 188.54 20.00 48.78 51.62
1230 552.41 134.86 45.20 110.24 46.79
1230 452.25 126.80 50.80 123.90 34.94
1230 596.29 95.52 28.28 68.97 24.64
1230 15.00 199.13 71.30 173.91 24.30
1230 318.15 128.49 22.47 54.79 24.05
1230 513.48 186.59 20.00 48.78 18.92
1230 618.84 194.39 20.00 48.78 18.68
1230 124.57 183.79 28.28 68.97 18.20
1230 56.20 89.13 35.65 86.96 16.92
1230 332.01 131.95 20.00 48.78 16.69
1230 523.75 16.74 17.83 43.48 16.42
1230 402.56 139.02 40.00 97.56 12.99
1230 552.67 47.40 22.47 54.79 -0.01
1260 607.47 194.25 22.47 54.79 156.40
1260 447.29 126.80 50.80 123.90 83.30
1260 181.17 97.40 63.78 155.55 78.40
1260 526.37 181.10 22.47 54.79 71.87
1260 552.41 134.86 45.20 110.24 55.82
1260 541.92 178.77 25.23 61.54 40.72
1260 80.16 131.75 50.80 123.90 34.34
1260 490.06 190.49 20.00 48.78 21.30
1260 15.00 199.13 71.30 173.91 20.55
1260 520.27 195.87 17.83 43.48 18.62
1260 596.29 95.52 28.28 68.97 14.91
1260 121.81 181.03 28.28 68.97 11.58
1260 181.17 16.36 63.78 155.55 7.27
1260 99.82 96.83 20.00 48.78 1.29
1290 605.27 194.25 22.47 54.79 169.60
1290 181.17 97.40 63.78 155.55 86.80
1290 447.29 126.80 50.80 123.90 82.52
1290 524.69 176.31 25.23 61.54 62.46
1290 543.59 134.86 45.20 110.24 52.27
1290 326.92 130.68 22.47 54.79 26.06
1290 614.94 190.49 20.00 48.78 18.02
1290 490.06 190.49 20.00 48.78 16.67
1290 125.27 183.29 22.47 54.79 8.80
1290 70.11 89.13 35.65 86.96 3.63
1320 605.92 188.62 25.23 61.54 165.94
1320 522.23 178.77 25.23 61.54 71.42
1320 447.29 126.80 50.80 123.90 65.77
1320 543.59 134.86 45.20 110.24 49.73
1320 187.38 91.17 63.78 155.55 49.30
1320 109.84 211.52 17.83 43.48 48.76
1320 490.06 190.49 20.00 48.78 38.26
1320 615.77 186.15 25.23 61.54 35.64
1320 118.53 213.26 17.83 43.48 27.62
1320 438.80 190.00 35.65 86.96 23.05
1320 561.40 136.70 50.80 123.90 22.48
1320 12.45 68.91 17.83 43.48 16.39
1320 615.92 98.48 17.83 43.48 13.84
1320 325.31 124.62 25.23 61.54 11.55
1320 19.74 181.03 28.28 68.97 5.80
1320 35.41 84.66 22.47 54.79 3.93
1320 552.67 47.40 22.47 54.79 2.66
1350 614.04 200.82 22.47 54.79 115.76
1350 450.90 139.27 45.20 110.24 94.07
1350 524.18 183.29 22.47 54.79 84.41
1350 441.81 183.79 28.28 68.97 62.56
1350 541.92 181.23 25.23 61.54 59.63
1350 181.17 97.40 63.78 155.55 57.85
1350 556.43 131.75 50.80 123.90 43.18
1350 15.00 80.87 71.30 173.91 41.80
1350 118.53 208.04 17.83 43.48 37.40
1350 467.13 126.80 50.80 123.90 32.41
1350 585.69 97.24 56.55 137.93 25.41
1350 109.57 213.90 20.00 48.78 19.59
1350 61.71 295.07 22.47 54.79 16.72
1350 551.77 45.85 25.23 61.54 15.91
1350 10.71 72.39 17.83 43.48 14.71
1350 71.31 90.83 45.20 110.24 4.96
1380 526.37 187.67 22.47 54.79 83.20
1380 447.29 131.75 50.80 123.90 72.28
1380 181.17 103.64 63.78 155.55 55.44
1380 548.00 139.27 45.20 110.24 50.92
1380 315.46 132.00 25.23 61.54 50.15
1380 585.69 108.28 56.55 137.93 38.62
1380 390.48 181.10 22.47 54.79 34.79
1380 32.04 97.40 63.78 155.55 32.17
1380 490.06 196.34 20.00 48.78 31.86
1380 418.85 191.08 25.23 61.54 26.80
1380 127.13 192.44 20.00 48.78 25.25
1380 181.17 22.60 63.78 155.55 17.53
1380 325.31 132.00 25.23 61.54 11.33
1410 443.46 193.54 25.23 61.54 87.08
1410 551.47 136.70 50.80 123.90 81.24
1410 528.56 192.05 22.47 54.79 71.97
1410 84.55 249.36 45.20 110.24 67.26
1410 576.28 136.70 50.80 123.90 61.92
1410 322.85 139.38 25.23 61.54 45.41
1410 187.38 103.64 63.78 155.55 41.25
1410 454.98 193.94 31.71 77.35 31.72
1410 16.98 87.24 28.28 68.97 31.23
1410 113.62 107.38 25.23 61.54 26.80
1410 119.86 139.27 45.20 110.24 26.13
1410 393.59 190.00 35.65 86.96 15.57
1410 49.95 97.94 31.71 77.35 15.51
1410 174.95 28.83 63.78 155.55 9.24
1410 162.52 103.64 63.78 155.55 7.87
1410 482.80 178.45 31.71 77.35 7.26
1410 66.90 95.23 45.20 110.24 4.16
1440 317.67 134.14 28.28 68.97 69.55
1440 458.23 193.54 25.23 61.54 66.33
1440 543.08 45.31 100.71 245.62 59.91
1440 402.42 193.94 31.71 77.35 53.41
1440 66.90 104.04 45.20 110.24 46.12
1440 159.59 214.13 45.20 110.24 43.74
1440 475.34 130.34 56.55 137.93 41.45
1440 184.34 121.86 50.80 123.90 32.97
1440 181.17 28.83 63.78 155.55 23.63
1440 111.15 107.38 25.23 61.54 23.41
1440 328.71 134.14 28.28 68.97 19.88
1440 199.81 147.27 63.78 155.55 19.17
1440 47.33 101.03 28.28 68.97 17.16
1440 14.22 78.97 28.28 68.97 9.37
1440 443.23 5.12 20.00 48.78 5.48
1470 565.95 189.31 28.28 68.97 65.96
1470 322.03 125.81 31.71 77.35 54.15
1470 210.52 157.93 56.55 137.93 46.09
1470 214.57 201.64 80.85 197.19 45.52
1470 28.45 102.76 56.55 137.93 42.32
1470 402.42 187.74 31.71 77.35 40.08
1470 473.77 200.82 22.47 54.79 38.97
1470 482.02 146.60 50.80 123.90 30.73
1470 598.80 9.13 35.65 86.96 25.69
1470 68.50 94.84 31.71 77.35 16.74
1470 337.62 21.23 25.23 61.54 16.67
1470 108.02 101.03 28.28 68.97 15.82
1470 181.17 28.83 63.78 155.55 5.57
1470 355.05 157.61 17.83 43.48 2.07
1500 35.87 108.70 71.30 173.91 62.63
1500 317.07 120.43 35.65 86.96 48.71
1500 168.04 80.87 71.30 173.91 46.76
1500 485.95 197.59 28.28 68.97 45.48
1500 603.38 187.74 31.71 77.35 40.31
1500 541.12 205.86 28.28 68.97 37.57
1500 106.36 180.22 17.83 43.48 32.23
1500 184.02 14.15 40.00 97.56 18.90
1500 98.97 93.42 22.47 54.79 17.12
1500 497.93 183.04 35.65 86.96 11.67
1500 554.86 86.85 22.47 54.79 11.41
1500 113.53 178.28 28.28 68.97 5.76
1530 15.00 101.74 71.30 173.91 70.64
1530 161.09 101.74 71.30 173.91 66.58
1530 564.02 231.74 35.65 86.96 54.82
1530 517.10 187.71 45.20 110.24 35.46
1530 557.07 196.96 35.65 86.96 33.18
1530 180.12 10.24 40.00 97.56 29.32
1530 519.63 64.88 40.00 97.56 27.59
1530 414.27 170.24 40.00 97.56 24.05
1530 94.59 36.44 22.47 54.79 23.84
1530 580.17 152.41 56.55 137.93 23.18
1530 618.42 53.97 22.47 54.79 18.61
1530 74.45 65.61 20.00 48.78 9.08
1560 455.31 165.69 45.20 110.24 76.97
1560 523.23 227.56 20.00 48.78 55.82
1560 589.88 10.24 40.00 97.56 53.41
1560 151.36 83.61 80.85 197.19 52.81
1560 541.12 7.24 28.28 68.97 47.38
1560 585.98 189.76 40.00 97.56 38.62
1560 595.33 64.78 35.65 86.96 37.33
1560 504.44 178.45 31.71 77.35 27.14
1560 419.82 12.93 20.00 48.78 25.55
1560 606.47 193.94 31.71 77.35 24.78
1560 574.22 222.41 28.28 68.97 23.56
1560 71.31 82.02 45.20 110.24 18.29
1560 386.64 200.34 28.28 68.97 18.24
1560 446.48 192.11 45.20 110.24 17.35
1560 139.61 181.55 31.71 77.35 6.08
1590 468.60 225.61 20.00 48.78 47.10
1590 574.22 200.34 28.28 68.97 39.56
1590 530.52 25.52 56.55 137.93 32.74
1590 414.18 227.17 17.83 43.48 28.24
1590 37.38 223.66 20.00 48.78 27.41
1590 11.47 153.45 28.28 68.97 25.99
1590 390.48 216.16 22.47 54.79 25.88
1590 507.93 170.24 40.00 97.56 23.05
1590 103.36 207.40 22.47 54.79 21.97
1590 282.24 102.76 56.55 137.93 19.36
1590 193.32 188.91 17.83 43.48 16.85
1590 111.85 176.09 35.65 86.96 15.33
1590 508.84 150.41 22.47 54.79 14.04
1620 519.48 152.41 56.55 137.93 79.74
1620 44.83 161.28 45.20 110.24 68.45
1620 170.06 190.49 20.00 48.78 51.34
1620 472.80 14.15 40.00 97.56 45.85
1620 447.33 219.66 28.28 68.97 40.51
1620 191.52 186.59 20.00 48.78 37.43
1620 12.69 213.23 25.23 61.54 34.83
1620 216.11 46.67 182.22 444.44 34.35
1620 541.55 152.41 56.55 137.93 34.21
1620 508.28 20.37 45.20 110.24 33.19
1620 4.73 82.47 22.47 54.79 26.21
1620 37.31 13.85 25.23 61.54 20.31
1620 490.62 55.60 45.20 110.24 18.34
1620 612.84 200.34 28.28 68.97 10.72
1620 389.10 148.07 45.20 110.24 2.90
1620 163.75 194.13 17.83 43.48 0.26
1650 152.50 188.54 20.00 48.78 72.58
1650 511.78 210.93 50.80 123.90 65.62
1650 428.02 87.24 28.28 68.97 59.68
1650 433.78 10.24 40.00 97.56 51.39
1650 480.43 219.66 28.28 68.97 51.24
1650 180.07 181.10 22.47 54.79 35.98
1650 487.77 6.46 25.23 61.54 34.55
1650 459.72 20.37 45.20 110.24 31.95
1650 541.55 201.03 50.80 123.90 28.78
1650 452.25 141.65 50.80 123.90 22.38
1650 10.70 161.44 50.80 123.90 22.28
1650 436.51 222.74 22.47 54.79 21.38
1650 90.06 204.15 20.00 48.78 21.14
1650 386.96 203.23 31.71 77.35 17.65
1650 338.14 151.55 50.80 123.90 11.06
1650 20.62 72.37 50.80 123.90 9.69
1650 135.92 197.61 17.83 43.48 9.47
1680 468.08 228.00 25.23 61.54 76.20
1680 432.39 18.26 71.30 173.91 57.34
1680 142.81 178.90 22.47 54.79 54.24
1680 477.38 200.92 45.20 110.24 46.49
1680 179.40 185.43 17.83 43.48 45.66
1680 529.78 18.26 71.30 173.91 43.64
1680 353.32 6.30 17.83 43.48 38.29
1680 127.13 176.83 20.00 48.78 33.73
1680 379.52 198.63 22.47 54.79 30.58
1680 397.67 7.24 28.28 68.97 27.51
1680 518.80 9.13 35.65 86.96 24.72
1680 83.96 162.97 31.71 77.35 22.32
1680 101.31 181.23 25.23 61.54 18.78
1680 419.74 120.34 28.28 68.97 17.05
1680 566.41 22.60 63.78 155.55 16.60
1680 388.29 5.75 22.47 54.79 16.30
1680 579.74 269.31 28.28 68.97 16.28
1680 189.84 183.70 17.83 43.48 16.27
1680 471.58 171.52 17.83 43.48 15.87
1680 474.13 25.22 71.30 173.91 15.46
1680 433.62 220.62 25.23 61.54 10.03
