30 61.14 157.61 17.83 43.48 51.41
30 295.92 108.91 17.83 43.48 36.58
30 5.31 109.85 25.23 61.54 34.84
30 208.97 145.43 17.83 43.48 32.85
30 439.05 125.86 28.28 68.97 31.15
30 195.05 147.17 17.83 43.48 30.02
30 273.53 87.24 28.28 68.97 19.24
30 453.31 132.00 25.23 61.54 14.02
30 14.22 21.03 28.28 68.97 7.27
60 15.92 154.13 17.83 43.48 55.05
60 431.15 132.00 25.23 61.54 45.34
60 287.13 102.68 20.00 48.78 37.46
60 309.40 123.10 28.28 68.97 27.56
60 384.62 147.17 17.83 43.48 23.92
60 269.47 113.42 31.71 77.35 22.21
60 461.12 123.10 28.28 68.97 21.95
60 52.99 147.56 20.00 48.78 19.32
60 507.54 122.71 31.71 77.35 11.17
60 4.73 150.41 22.47 54.79 9.69
60 603.38 14.32 31.71 77.35 3.06
90 389.40 134.14 28.28 68.97 71.83
90 172.45 147.17 17.83 43.48 40.32
90 21.41 26.52 35.65 86.96 32.10
90 514.85 144.31 25.23 61.54 22.04
90 134.04 132.88 22.47 54.79 17.94
90 573.96 157.32 20.00 48.78 15.06
90 491.30 139.45 22.47 54.79 11.52
90 214.18 152.39 17.83 43.48 8.58
90 242.56 64.88 40.00 97.56 6.38
90 312.75 119.61 31.71 77.35 6.31
120 170.06 151.46 20.00 48.78 66.71
120 217.00 141.85 25.23 61.54 40.90
120 109.84 147.17 17.83 43.48 27.33
120 81.62 144.31 25.23 61.54 26.72
120 156.40 149.51 20.00 48.78 14.04
120 322.53 150.41 22.47 54.79 13.04
120 123.46 139.38 25.23 61.54 11.93
120 210.71 159.35 17.83 43.48 5.54
120 228.60 157.32 20.00 48.78 5.33
150 224.38 151.69 25.23 61.54 52.93
150 348.84 154.79 22.47 54.79 35.71
150 150.11 123.91 35.65 86.96 29.29
150 186.64 154.79 22.47 54.79 24.99
150 105.26 150.69 28.28 68.97 19.52
150 576.78 165.75 22.47 54.79 19.35
150 565.82 170.14 22.47 54.79 10.80
150 445.76 134.35 35.65 86.96 2.92
180 218.36 150.69 28.28 68.97 69.22
180 36.00 130.46 45.20 110.24 62.87
180 209.62 159.08 25.23 61.54 60.53
180 116.51 154.79 22.47 54.79 50.47
180 193.48 170.98 20.00 48.78 29.97
180 603.46 171.38 25.23 61.54 24.89
180 165.31 154.15 25.23 61.54 23.03
180 68.50 144.39 31.71 77.35 21.98
180 273.48 5.12 20.00 48.78 19.46
180 536.03 102.76 56.55 137.93 16.21
180 125.18 169.02 20.00 48.78 10.19
180 265.67 7.07 20.00 48.78 7.32
180 4.73 163.56 22.47 54.79 2.59
210 165.49 173.26 17.83 43.48 61.32
210 298.42 5.75 22.47 54.79 59.19
210 18.90 22.91 89.69 218.76 53.93
210 287.47 14.52 22.47 54.79 36.66
210 315.96 5.75 22.47 54.79 28.83
210 472.80 119.51 40.00 97.56 26.45
210 130.09 147.93 28.28 68.97 24.15
210 185.99 141.29 31.71 77.35 21.81
210 453.29 135.12 40.00 97.56 14.64
210 365.18 165.12 20.00 48.78 13.98
210 369.09 7.07 20.00 48.78 13.10
210 499.74 150.69 28.28 68.97 2.65
240 45.76 92.61 35.65 86.96 27.80
240 116.29 145.17 28.28 68.97 24.84
240 169.11 161.37 22.47 54.79 23.41
240 337.87 106.59 20.00 48.78 19.84
240 456.20 113.48 35.65 86.96 16.45
240 397.93 130.46 45.20 110.24 5.96
240 38.80 134.35 35.65 86.96 4.14
240 137.66 168.04 17.83 43.48 3.22
270 584.62 4.57 17.83 43.48 83.17
270 99.82 176.83 20.00 48.78 70.05
270 577.66 4.57 17.83 43.48 52.59
270 433.62 183.69 25.23 61.54 48.88
270 423.77 183.69 25.23 61.54 47.84
270 466.65 139.76 20.00 48.78 44.41
270 589.84 15.00 17.83 43.48 44.06
270 74.91 153.45 28.28 68.97 36.88
270 449.66 161.37 22.47 54.79 34.50
270 61.92 151.69 25.23 61.54 25.02
270 300.83 11.56 45.20 110.24 18.13
270 132.99 174.88 20.00 48.78 16.42
270 317.67 145.17 28.28 68.97 2.17
300 499.74 131.38 28.28 68.97 49.77
300 571.32 12.99 50.80 123.90 39.23
300 81.62 156.62 25.23 61.54 38.92
300 236.79 178.48 17.83 43.48 37.26
300 519.63 181.95 40.00 97.56 36.59
300 22.50 153.45 28.28 68.97 17.97
300 40.27 180.22 17.83 43.48 15.97
300 550.65 136.52 71.30 173.91 15.65
300 597.68 150.73 40.00 97.56 8.94
330 257.87 182.68 20.00 48.78 43.37
330 388.60 5.12 20.00 48.78 38.32
330 44.57 153.45 28.28 68.97 36.27
330 203.75 188.91 17.83 43.48 31.26
330 404.21 10.98 20.00 48.78 30.76
330 461.14 173.26 17.83 43.48 26.98
330 20.07 163.56 22.47 54.79 26.59
330 63.88 158.97 28.28 68.97 23.21
330 248.97 185.43 17.83 43.48 14.35
330 444.57 29.31 28.28 68.97 9.44
330 188.84 36.44 22.47 54.79 9.18
330 396.40 9.02 20.00 48.78 3.74
360 221.12 172.76 28.28 68.97 66.60
360 255.91 176.83 20.00 48.78 39.96
360 229.28 181.55 31.71 77.35 29.39
360 465.62 8.92 25.23 61.54 24.27
360 541.92 6.46 25.23 61.54 20.11
360 34.85 151.69 25.23 61.54 14.68
360 95.91 145.61 20.00 48.78 13.46
360 191.52 190.49 20.00 48.78 9.87
360 488.97 9.78 17.83 43.48 7.37
360 7.77 166.46 25.23 61.54 4.15
390 80.30 5.12 20.00 48.78 69.59
390 74.23 203.38 25.23 61.54 44.84
390 6.16 5.12 20.00 48.78 41.53
390 379.52 137.26 22.47 54.79 32.27
390 243.19 161.72 28.28 68.97 31.49
390 186.36 61.96 17.83 43.48 25.43
390 102.50 189.31 28.28 68.97 25.10
390 234.86 172.33 22.47 54.79 23.96
390 192.38 188.62 25.23 61.54 22.25
390 52.99 5.12 20.00 48.78 21.57
390 22.88 13.26 17.83 43.48 20.51
390 300.83 95.23 45.20 110.24 14.22
390 370.75 135.07 22.47 54.79 13.23
390 365.18 151.46 20.00 48.78 9.40
390 551.58 157.61 17.83 43.48 4.59
420 504.45 174.52 22.47 54.79 43.20
420 202.28 158.70 35.65 86.96 32.65
420 182.50 192.07 28.28 68.97 31.86
420 367.33 128.62 28.28 68.97 24.53
420 193.53 192.07 28.28 68.97 21.53
420 352.38 38.46 25.23 61.54 15.76
420 5.31 272.31 25.23 61.54 13.53
420 384.38 129.54 25.23 61.54 4.57
420 242.01 110.65 17.83 43.48 2.93
450 381.71 10.14 22.47 54.79 42.35
450 348.10 6.30 17.83 43.48 39.43
450 469.38 7.95 22.47 54.79 37.14
450 376.89 151.46 20.00 48.78 35.35
450 179.81 162.97 31.71 77.35 33.36
450 40.47 205.98 50.80 123.90 32.49
450 421.31 6.46 25.23 61.54 16.09
450 381.12 81.72 28.28 68.97 14.80
450 392.67 16.71 22.47 54.79 14.30
450 366.37 5.75 22.47 54.79 10.23
450 108.02 170.00 28.28 68.97 5.17
450 435.33 16.09 35.65 86.96 1.73
450 587.92 79.35 31.71 77.35 1.11
480 382.88 41.09 17.83 43.48 37.57
480 131.04 159.27 20.00 48.78 28.30
480 472.16 90.00 28.28 68.97 27.48
480 5.49 249.78 17.83 43.48 24.26
480 367.91 97.11 50.80 123.90 15.70
510 4.21 120.24 20.00 48.78 49.86
510 609.09 42.20 20.00 48.78 43.64
510 97.66 162.83 17.83 43.48 38.44
510 86.16 155.37 20.00 48.78 33.76
510 149.84 28.91 17.83 43.48 32.72
510 414.66 75.17 56.55 137.93 28.40
510 601.28 44.15 20.00 48.78 21.15
510 180.08 129.54 25.23 61.54 16.12
510 529.78 18.26 71.30 173.91 14.61
510 519.77 82.77 25.23 61.54 10.37
540 138.42 146.03 22.47 54.79 65.84
540 600.29 66.97 31.71 77.35 42.68
540 443.70 36.39 80.85 197.19 40.99
540 41.99 113.15 22.47 54.79 40.06
540 12.01 7.07 20.00 48.78 28.51
540 145.00 139.45 22.47 54.79 18.09
540 182.93 53.10 56.55 137.93 12.54
540 167.23 21.96 17.83 43.48 6.46
570 261.31 102.46 25.23 61.54 65.64
570 529.47 29.30 114.81 280.01 54.53
570 121.28 12.93 20.00 48.78 52.32
570 121.28 133.90 20.00 48.78 31.91
570 460.62 141.64 22.47 54.79 29.20
570 151.58 9.78 17.83 43.48 25.78
570 8.71 153.45 28.28 68.97 24.64
570 491.84 22.60 63.78 155.55 22.91
570 47.13 155.37 20.00 48.78 19.77
600 6.67 156.77 31.71 77.35 50.60
600 119.33 9.02 20.00 48.78 46.19
600 130.85 149.23 25.23 61.54 33.44
600 492.45 28.91 17.83 43.48 24.70
600 503.72 157.32 20.00 48.78 17.64
600 283.23 122.20 20.00 48.78 15.95
600 488.11 153.41 20.00 48.78 15.80
600 167.23 140.22 17.83 43.48 13.49
630 5.95 161.72 28.28 68.97 95.14
630 5.49 121.09 17.83 43.48 61.73
630 96.78 7.95 22.47 54.79 51.08
630 109.57 151.46 20.00 48.78 38.73
630 370.71 150.65 17.83 43.48 17.79
630 579.40 168.04 17.83 43.48 6.47
630 386.65 153.41 20.00 48.78 3.49
630 138.84 145.61 20.00 48.78 3.44
660 374.94 153.41 20.00 48.78 54.30
660 405.49 169.78 17.83 43.48 47.49
660 125.27 7.95 22.47 54.79 18.40
660 328.11 57.80 20.00 48.78 12.82
690 386.10 154.79 22.47 54.79 66.85
690 332.01 36.34 20.00 48.78 48.31
690 377.33 152.60 22.47 54.79 44.89
690 593.32 166.30 17.83 43.48 38.06
690 428.02 164.48 28.28 68.97 31.01
690 52.99 169.02 20.00 48.78 28.73
690 410.71 147.17 17.83 43.48 25.52
690 110.78 153.45 28.28 68.97 13.16
690 29.84 286.30 17.83 43.48 4.30
720 224.62 157.61 17.83 43.48 41.45
720 441.81 142.41 28.28 68.97 35.78
720 391.77 154.15 25.23 61.54 32.14
720 404.21 167.07 20.00 48.78 27.24
720 382.88 44.57 17.83 43.48 26.90
720 240.27 157.61 17.83 43.48 19.93
720 93.24 138.19 31.71 77.35 13.55
720 298.84 135.85 20.00 48.78 4.86
750 408.97 176.74 17.83 43.48 65.27
750 392.67 47.40 22.47 54.79 34.80
750 226.85 139.38 25.23 61.54 32.81
750 389.31 154.15 25.23 61.54 26.84
750 19.74 136.90 28.28 68.97 24.32
750 537.66 159.35 17.83 43.48 20.63
750 81.44 176.71 22.47 54.79 18.88
750 468.10 176.74 17.83 43.48 17.45
750 196.29 136.90 28.28 68.97 13.80
750 291.11 113.42 31.71 77.35 7.53
750 5.49 190.65 17.83 43.48 5.23
780 419.40 180.22 17.83 43.48 112.35
780 412.45 176.74 17.83 43.48 69.22
780 480.43 175.52 28.28 68.97 47.05
780 392.50 170.98 20.00 48.78 40.36
780 3.75 13.26 17.83 43.48 39.47
780 426.36 178.48 17.83 43.48 30.49
780 195.05 159.35 17.83 43.48 28.39
780 24.02 142.93 40.00 97.56 26.94
780 399.25 12.33 22.47 54.79 19.80
780 7.77 262.46 25.23 61.54 17.54
780 399.15 156.62 25.23 61.54 11.71
780 269.84 89.78 17.83 43.48 0.63
810 429.57 176.83 20.00 48.78 166.09
810 419.40 176.74 17.83 43.48 95.04
810 513.54 45.31 100.71 245.62 76.65
810 404.21 172.93 20.00 48.78 69.06
810 169.11 152.60 22.47 54.79 62.40
810 381.14 148.91 17.83 43.48 60.71
810 158.53 166.30 17.83 43.48 36.76
810 111.52 155.37 20.00 48.78 27.69
810 32.04 197.14 63.78 155.55 26.94
810 49.09 53.90 20.00 48.78 16.15
810 504.45 12.33 22.47 54.79 11.60
840 601.81 178.28 28.28 68.97 232.89
840 436.08 171.38 25.23 61.54 212.91
840 426.23 171.38 25.23 61.54 116.95
840 408.01 172.33 22.47 54.79 82.49
840 114.32 167.95 22.47 54.79 48.75
840 482.26 90.98 20.00 48.78 39.53
840 592.14 112.84 45.20 110.24 33.81
840 374.18 145.43 17.83 43.48 29.82
840 416.78 172.33 22.47 54.79 28.03
840 349.92 127.08 25.23 61.54 27.89
840 181.14 8.04 17.83 43.48 25.37
840 600.27 9.78 17.83 43.48 24.86
840 445.92 171.38 25.23 61.54 17.89
840 516.81 116.52 31.71 77.35 12.49
840 155.96 135.07 22.47 54.79 7.43
870 445.70 166.06 31.71 77.35 199.79
870 413.92 164.00 25.23 61.54 138.98
870 375.92 150.65 17.83 43.48 56.51
870 365.18 143.66 20.00 48.78 51.27
870 397.67 167.24 28.28 68.97 45.04
870 421.31 173.85 25.23 61.54 42.51
870 357.38 143.66 20.00 48.78 35.93
870 4.73 36.44 22.47 54.79 35.41
870 532.27 135.10 31.71 77.35 30.34
870 433.33 166.06 31.71 77.35 27.06
870 180.07 141.64 22.47 54.79 23.57
870 393.32 155.87 17.83 43.48 22.31
870 509.84 84.57 17.83 43.48 13.00
870 11.47 128.62 28.28 68.97 4.32
900 496.22 162.44 40.00 97.56 200.62
900 480.61 162.44 40.00 97.56 143.01
900 437.68 154.63 40.00 97.56 132.03
900 364.18 141.64 22.47 54.79 52.12
900 50.09 145.17 28.28 68.97 46.39
900 66.85 154.15 25.23 61.54 40.13
900 511.83 166.34 40.00 97.56 35.85
900 464.25 138.19 31.71 77.35 30.93
900 343.67 119.61 31.71 77.35 27.67
900 33.53 150.69 28.28 68.97 26.52
900 10.98 155.22 35.65 86.96 8.59
900 236.79 98.48 17.83 43.48 7.35
930 546.51 161.44 50.80 123.90 213.18
930 498.06 141.04 63.78 155.55 132.62
930 443.23 147.56 20.00 48.78 63.99
930 464.25 138.19 31.71 77.35 50.82
930 485.95 145.17 28.28 68.97 47.07
930 5.95 150.69 28.28 68.97 44.59
930 404.08 139.38 25.23 61.54 33.36
930 59.15 115.61 40.00 97.56 21.44
960 438.54 161.54 25.23 61.54 74.67
960 388.60 155.37 20.00 48.78 62.32
960 26.36 180.22 17.83 43.48 53.65
960 413.96 161.22 20.00 48.78 48.41
960 333.96 18.78 20.00 48.78 47.49
960 499.45 112.84 45.20 110.24 31.78
960 428.02 139.66 28.28 68.97 30.76
960 96.38 154.15 25.23 61.54 30.75
960 556.40 51.95 20.00 48.78 18.22
960 359.77 144.31 25.23 61.54 17.39
960 5.95 172.76 28.28 68.97 16.27
960 473.77 159.18 22.47 54.79 11.39
960 86.54 151.69 25.23 61.54 11.04
960 6.16 96.83 20.00 48.78 9.90
960 369.62 141.85 25.23 61.54 9.78
960 136.89 157.32 20.00 48.78 8.23
960 221.14 235.87 17.83 43.48 4.13
990 22.13 144.39 31.71 77.35 77.09
990 432.12 161.37 22.47 54.79 77.01
990 429.93 141.64 22.47 54.79 56.01
990 174.22 175.52 28.28 68.97 51.74
990 350.78 136.90 28.28 68.97 51.09
990 372.08 134.46 25.23 61.54 50.41
990 393.52 112.84 45.20 110.24 38.93
990 314.07 99.63 45.20 110.24 37.97
990 9.76 141.29 31.71 77.35 37.92
990 364.69 146.77 25.23 61.54 32.76
990 458.84 180.73 20.00 48.78 27.76
990 52.84 153.45 28.28 68.97 25.58
990 582.50 95.52 28.28 68.97 23.27
990 445.92 134.46 25.23 61.54 20.99
990 377.00 146.77 25.23 61.54 19.70
990 561.44 181.10 22.47 54.79 17.63
990 595.43 75.37 20.00 48.78 16.30
990 449.09 180.73 20.00 48.78 16.26
990 532.45 58.48 17.83 43.48 15.07
990 519.77 63.08 25.23 61.54 12.03
990 495.92 75.87 17.83 43.48 7.82
1020 434.32 137.26 22.47 54.79 77.47
1020 364.18 148.22 22.47 54.79 62.52
1020 564.21 196.34 20.00 48.78 55.05
1020 413.96 159.27 20.00 48.78 50.04
1020 351.03 150.41 22.47 54.79 38.64
1020 401.44 154.79 22.47 54.79 36.25
1020 441.00 161.54 25.23 61.54 32.47
1020 574.59 192.05 22.47 54.79 31.48
1020 527.33 172.76 28.28 68.97 17.07
1020 431.15 159.08 25.23 61.54 15.66
1020 58.84 165.12 20.00 48.78 13.61
1020 560.30 7.07 20.00 48.78 12.53
1050 349.92 146.77 25.23 61.54 68.89
1050 569.37 147.48 31.71 77.35 51.51
1050 332.69 149.23 25.23 61.54 49.92
1050 425.69 86.21 56.55 137.93 39.30
1050 359.77 144.31 25.23 61.54 35.94
1050 6.16 38.29 20.00 48.78 29.33
1050 572.40 10.14 22.47 54.79 27.40
1050 320.38 141.85 25.23 61.54 27.16
1050 410.71 141.96 17.83 43.48 18.98
1050 8.11 89.02 20.00 48.78 14.10
1080 346.76 132.00 31.71 77.35 77.06
1080 39.77 112.31 25.23 61.54 53.54
1080 421.16 102.19 22.47 54.79 41.77
1080 322.85 146.77 25.23 61.54 38.22
1080 450.09 87.24 28.28 68.97 36.52
1080 332.69 141.85 25.23 61.54 33.24
1080 6.92 121.92 22.47 54.79 32.52
1080 446.48 117.25 45.20 110.24 29.99
1080 433.53 95.52 28.28 68.97 25.86
1080 250.21 172.33 22.47 54.79 21.80
1080 614.94 161.22 20.00 48.78 21.16
1080 483.75 175.00 17.83 43.48 20.27
1080 60.62 94.29 100.71 245.62 17.77
1110 451.85 64.93 22.47 54.79 72.51
1110 423.72 133.90 20.00 48.78 65.65
1110 480.61 135.12 40.00 97.56 51.40
1110 461.12 65.17 28.28 68.97 50.31
1110 423.72 77.32 20.00 48.78 29.77
1110 437.38 63.66 20.00 48.78 29.28
1110 563.62 36.55 56.55 137.93 28.46
1110 4.21 323.17 20.00 48.78 28.10
1110 228.29 174.52 22.47 54.79 22.96
1110 10.23 8.92 25.23 61.54 20.17
1110 353.53 123.10 28.28 68.97 19.51
1110 470.55 180.73 20.00 48.78 17.16
1110 303.88 147.93 28.28 68.97 17.09
1110 337.62 122.15 25.23 61.54 15.44
1110 14.18 335.00 17.83 43.48 12.38
1110 412.01 163.17 20.00 48.78 8.50
1110 381.71 7.95 22.47 54.79 6.70
1140 334.46 127.39 35.65 86.96 61.94
1140 532.99 169.02 20.00 48.78 58.19
1140 309.66 132.00 31.71 77.35 54.10
1140 54.18 169.78 17.83 43.48 38.11
1140 302.74 161.22 20.00 48.78 36.73
1140 348.37 127.39 35.65 86.96 26.87
1140 465.62 149.23 25.23 61.54 25.87
1140 445.18 44.15 20.00 48.78 23.89
1140 33.22 172.33 22.47 54.79 22.26
1140 502.50 18.28 28.28 68.97 13.35
1140 453.31 13.85 25.23 61.54 9.32
1140 11.30 146.03 22.47 54.79 6.67
1140 20.07 69.32 22.47 54.79 1.21
1170 50.75 161.37 22.47 54.79 52.54
1170 356.04 141.29 31.71 77.35 48.26
1170 476.62 101.03 31.71 77.35 43.44
1170 77.05 161.37 22.47 54.79 41.06
1170 341.41 123.91 35.65 86.96 39.16
1170 324.02 120.43 35.65 86.96 32.70
1170 188.02 178.28 28.28 68.97 16.93
1170 6.67 135.10 31.71 77.35 13.45
1170 262.50 48.62 28.28 68.97 9.21
1200 344.02 115.61 40.00 97.56 59.74
1200 386.21 84.94 63.78 155.55 46.64
1200 149.40 170.00 28.28 68.97 36.02
1200 535.36 66.97 31.71 77.35 35.32
1200 605.49 162.83 17.83 43.48 20.07
1200 371.50 128.90 31.71 77.35 5.75
1200 29.92 8.92 25.23 61.54 2.13
1230 349.38 104.04 45.20 110.24 89.49
1230 86.54 154.15 25.23 61.54 60.50
1230 523.75 91.52 17.83 43.48 45.52
1230 157.67 131.38 28.28 68.97 41.65
1230 569.37 29.81 31.71 77.35 40.60
1230 72.16 145.17 28.28 68.97 36.36
1230 511.58 91.52 17.83 43.48 33.37
1230 412.45 114.13 17.83 43.48 31.58
1230 278.76 11.56 45.20 110.24 31.37
1230 108.70 66.97 31.71 77.35 25.49
1230 379.15 111.71 40.00 97.56 20.17
1230 451.04 5.12 20.00 48.78 17.25
1230 473.77 67.12 22.47 54.79 8.88
1230 529.24 96.09 35.65 86.96 3.68
1260 615.92 44.57 17.83 43.48 55.52
1260 4.21 139.76 20.00 48.78 53.10
1260 318.48 86.42 45.20 110.24 47.98
1260 362.62 99.63 45.20 110.24 45.91
1260 420.00 52.13 80.85 197.19 45.63
1260 13.96 153.41 20.00 48.78 42.72
1260 556.69 58.15 25.23 61.54 37.75
1260 24.45 141.64 22.47 54.79 29.90
1260 389.10 95.23 45.20 110.24 26.74
1260 570.21 58.36 22.47 54.79 25.28
1260 26.36 291.52 17.83 43.48 20.93
1260 127.25 119.61 31.71 77.35 15.19
1260 35.05 301.96 17.83 43.48 5.83
1290 5.49 140.22 17.83 43.48 82.84
1290 571.46 48.31 25.23 61.54 63.93
1290 343.10 97.11 50.80 123.90 60.09
1290 377.83 92.16 50.80 123.90 47.88
1290 557.67 54.14 28.28 68.97 41.46
1290 500.07 154.79 22.47 54.79 40.11
1290 435.92 28.83 63.78 155.55 34.79
1290 293.28 64.14 56.55 137.93 29.07
1290 30.78 175.52 28.28 68.97 20.93
1290 509.84 68.91 17.83 43.48 17.27
1290 421.77 108.54 20.00 48.78 14.45
1290 550.55 67.56 20.00 48.78 14.29
1290 456.89 163.17 20.00 48.78 11.29
1290 488.99 42.19 31.71 77.35 9.88
1290 35.43 155.37 20.00 48.78 8.86
1320 578.97 53.97 22.47 54.79 81.87
1320 362.23 141.85 25.23 61.54 59.54
1320 405.82 84.66 22.47 54.79 51.98
1320 424.92 25.71 100.71 245.62 41.10
1320 541.14 89.78 17.83 43.48 33.91
1320 556.79 74.13 17.83 43.48 31.54
1320 313.77 75.89 22.47 54.79 26.24
1320 539.40 74.13 17.83 43.48 14.72
1350 581.31 50.77 25.23 61.54 57.82
1350 348.45 91.72 56.55 137.93 55.59
1350 6.92 185.48 22.47 54.79 55.09
1350 415.08 25.71 100.71 245.62 48.68
1350 502.54 156.62 25.23 61.54 34.15
1350 527.15 75.38 25.23 61.54 30.27
1350 98.97 104.38 22.47 54.79 29.00
1350 494.46 33.48 35.65 86.96 28.54
1350 71.59 51.48 31.71 77.35 22.12
1350 404.21 87.07 20.00 48.78 19.80
1350 316.40 79.27 20.00 48.78 15.06
1350 546.36 81.09 17.83 43.48 14.48
1380 581.31 55.69 25.23 61.54 62.51
1380 362.23 149.23 25.23 61.54 50.86
1380 382.79 97.11 50.80 123.90 45.39
1380 4.21 192.44 20.00 48.78 39.75
1380 344.62 161.09 17.83 43.48 27.95
1380 129.09 149.51 20.00 48.78 24.42
1380 564.08 60.62 25.23 61.54 20.08
1380 445.27 80.27 22.47 54.79 18.62
1380 310.54 77.85 25.23 61.54 17.34
1380 527.15 77.85 25.23 61.54 16.77
1380 54.18 188.91 17.83 43.48 7.31
1380 497.93 36.96 35.65 86.96 3.66
1380 337.62 90.15 25.23 61.54 2.00
1380 482.53 38.63 22.47 54.79 0.41
1410 129.09 155.37 20.00 48.78 69.01
1410 415.08 25.71 100.71 245.62 60.26
1410 4.73 192.05 22.47 54.79 39.84
1410 581.31 58.15 25.23 61.54 39.30
1410 401.62 92.62 25.23 61.54 30.64
1410 527.15 82.77 25.23 61.54 28.34
1410 573.96 73.41 20.00 48.78 25.70
1410 17.87 165.12 20.00 48.78 19.73
1410 291.04 75.37 20.00 48.78 19.15
1410 334.22 92.76 28.28 68.97 18.82
1410 25.67 167.07 20.00 48.78 18.49
1410 505.67 75.37 20.00 48.78 10.10
1410 379.46 87.69 25.23 61.54 2.71
1440 241.64 169.16 31.71 77.35 54.90
1440 408.01 91.23 22.47 54.79 53.29
1440 348.45 108.28 56.55 137.93 51.63
1440 424.92 25.71 100.71 245.62 43.00
1440 527.15 82.77 25.23 61.54 37.59
1440 581.31 58.15 25.23 61.54 36.85
1440 572.01 71.46 20.00 48.78 35.18
1440 377.68 73.16 31.71 77.35 33.90
1440 312.50 85.12 20.00 48.78 26.30
1440 129.09 153.41 20.00 48.78 22.02
1440 546.65 167.07 20.00 48.78 16.97
1440 8.11 42.20 20.00 48.78 11.35
1440 59.40 159.35 17.83 43.48 3.41
1470 12.45 164.57 17.83 43.48 79.43
1470 401.62 92.62 25.23 61.54 64.21
1470 436.29 98.28 28.28 68.97 57.21
1470 357.31 156.62 25.23 61.54 53.55
1470 374.94 77.32 20.00 48.78 46.93
1470 3.75 166.30 17.83 43.48 40.81
1470 524.57 81.72 28.28 68.97 38.00
1470 118.54 146.77 25.23 61.54 37.06
1470 29.57 190.49 20.00 48.78 30.71
1470 462.81 178.90 22.47 54.79 30.23
1470 466.99 47.53 63.78 155.55 28.12
1470 581.77 57.80 20.00 48.78 26.33
1470 234.86 23.29 22.47 54.79 21.18
1470 111.52 153.41 20.00 48.78 18.11
1470 413.96 118.29 20.00 48.78 15.98
1470 563.75 88.04 17.83 43.48 10.40
1500 404.08 87.69 25.23 61.54 58.70
1500 605.92 50.77 25.23 61.54 53.82
1500 6.16 161.22 20.00 48.78 53.49
1500 353.22 163.56 22.47 54.79 44.16
1500 593.62 53.23 25.23 61.54 39.17
1500 417.87 77.32 20.00 48.78 35.36
1500 462.11 29.30 114.81 280.01 34.31
1500 36.29 153.45 28.28 68.97 31.81
1500 108.10 157.61 17.83 43.48 28.07
1500 332.45 171.52 17.83 43.48 26.24
1500 61.92 159.08 25.23 61.54 23.09
1500 374.59 76.26 31.71 77.35 21.82
1500 236.69 43.38 25.23 61.54 21.60
1500 127.33 139.66 28.28 68.97 20.36
1500 581.14 81.09 17.83 43.48 17.43
1500 14.22 142.41 28.28 68.97 17.36
1500 115.43 157.32 20.00 48.78 14.27
1500 255.92 81.09 17.83 43.48 4.15
1530 361.99 172.33 22.47 54.79 72.62
1530 340.08 156.62 25.23 61.54 66.92
1530 581.74 147.48 31.71 77.35 66.42
1530 419.74 70.69 28.28 68.97 61.30
1530 539.17 11.56 45.20 110.24 56.31
1530 501.41 176.09 35.65 86.96 49.83
1530 355.41 161.37 22.47 54.79 46.99
1530 355.43 61.71 20.00 48.78 43.75
1530 287.23 48.04 17.83 43.48 33.91
1530 103.36 150.41 22.47 54.79 32.58
1530 8.11 24.63 20.00 48.78 26.09
1530 478.35 73.41 20.00 48.78 25.67
1530 405.49 112.39 17.83 43.48 20.10
1530 585.26 90.00 28.28 68.97 18.53
1530 118.80 123.91 35.65 86.96 17.45
1530 381.12 59.66 28.28 68.97 13.97
1530 44.83 112.84 45.20 110.24 12.89
1530 10.71 161.09 17.83 43.48 12.31
1530 332.01 170.98 20.00 48.78 7.06
1530 298.84 59.76 20.00 48.78 5.23
1530 257.66 157.61 17.83 43.48 4.15
1530 179.74 145.17 28.28 68.97 2.01
1560 374.54 166.46 25.23 61.54 129.93
1560 4.73 143.84 22.47 54.79 88.49
1560 348.02 150.69 28.28 68.97 85.80
1560 523.54 18.05 40.00 97.56 73.72
1560 326.16 7.07 20.00 48.78 67.05
1560 364.69 156.62 25.23 61.54 58.32
1560 245.49 28.91 17.83 43.48 58.10
1560 456.20 36.96 35.65 86.96 53.77
1560 279.33 7.07 20.00 48.78 49.37
1560 308.08 8.92 25.23 61.54 49.24
1560 374.59 17.42 31.71 77.35 44.22
1560 394.76 25.85 40.00 97.56 37.78
1560 287.13 16.83 20.00 48.78 35.78
1560 607.47 246.85 22.47 54.79 34.13
1560 49.62 141.85 25.23 61.54 28.95
1560 252.45 28.91 17.83 43.48 28.17
1560 70.48 150.41 22.47 54.79 26.85
1560 535.24 29.76 40.00 97.56 26.65
1560 448.38 186.15 25.23 61.54 17.97
1560 21.41 134.35 35.65 86.96 17.70
1560 569.14 69.66 56.55 137.93 16.59
1560 479.42 47.53 63.78 155.55 12.45
1560 254.18 6.30 17.83 43.48 8.95
1560 150.54 171.38 25.23 61.54 7.09
1560 418.97 181.10 22.47 54.79 1.37
1590 9.11 148.22 22.47 54.79 119.14
1590 403.19 158.97 28.28 68.97 87.24
1590 497.93 169.13 35.65 86.96 69.60
1590 17.88 146.03 22.47 54.79 57.73
1590 52.08 139.38 25.23 61.54 51.28
1590 515.73 10.24 40.00 97.56 46.46
1590 381.92 149.23 25.23 61.54 36.32
1590 470.55 5.12 20.00 48.78 30.51
1590 570.98 23.04 35.65 86.96 30.38
1590 103.77 136.92 25.23 61.54 28.15
1590 457.21 22.89 50.80 123.90 9.87
1590 221.14 154.13 17.83 43.48 6.83
1590 85.49 154.13 17.83 43.48 6.80
1620 452.72 151.74 35.65 86.96 57.86
1620 22.13 132.00 31.71 77.35 52.28
1620 551.58 53.26 17.83 43.48 31.03
1620 105.55 146.03 22.47 54.79 28.59
1620 406.76 121.65 45.20 110.24 20.97
1620 522.23 8.92 25.23 61.54 11.78
1620 93.92 136.92 25.23 61.54 6.05
1650 42.28 127.39 35.65 86.96 69.66
1650 569.37 178.45 31.71 77.35 66.65
1650 24.62 164.57 17.83 43.48 52.97
1650 14.18 166.30 17.83 43.48 43.45
1650 531.63 72.37 50.80 123.90 42.97
1650 30.78 134.14 28.28 68.97 28.69
1650 607.13 161.22 20.00 48.78 25.54
1650 357.38 61.71 20.00 48.78 24.76
1650 43.75 95.00 17.83 43.48 22.18
1650 564.21 46.10 20.00 48.78 19.52
1650 297.66 435.87 17.83 43.48 8.28
1650 308.10 435.87 17.83 43.48 7.96
1680 59.23 70.06 31.71 77.35 72.65
1680 19.74 147.93 28.28 68.97 57.62
1680 4.73 167.95 22.47 54.79 44.45
1680 419.74 37.59 28.28 68.97 29.04
1680 148.08 144.31 25.23 61.54 25.08
1680 78.35 163.17 20.00 48.78 21.73
1680 563.62 91.72 56.55 137.93 16.40
1680 484.21 61.71 20.00 48.78 2.60
1710 568.01 40.82 22.47 54.79 94.90
1710 495.17 8.13 31.71 77.35 65.22
1710 5.31 171.38 25.23 61.54 51.31
1710 591.58 56.74 17.83 43.48 46.89
1710 35.50 107.01 50.80 123.90 44.05
1710 576.78 40.82 22.47 54.79 41.59
1710 561.44 34.25 22.47 54.79 39.12
1710 3.75 122.83 17.83 43.48 37.63
1710 605.18 55.85 20.00 48.78 32.65
1710 44.83 55.60 45.20 110.24 25.04
1710 181.77 135.85 20.00 48.78 25.00
1710 615.92 44.57 17.83 43.48 19.51
1710 519.33 22.68 20.00 48.78 15.84
1710 283.08 176.71 22.47 54.79 15.21
1710 299.40 171.52 17.83 43.48 14.86
1710 12.45 122.83 17.83 43.48 10.96
1710 271.15 186.15 25.23 61.54 4.81
1710 617.66 178.48 17.83 43.48 2.49
1740 489.11 146.03 22.47 54.79 73.59
1740 56.14 147.48 31.71 77.35 50.08
1740 96.38 161.54 25.23 61.54 40.48
1740 364.18 161.37 22.47 54.79 38.80
1740 504.45 143.84 22.47 54.79 37.94
1740 13.40 16.36 63.78 155.55 28.70
1740 328.11 172.93 20.00 48.78 24.43
1740 417.87 107.23 31.71 77.35 17.82
1740 157.67 147.93 28.28 68.97 5.81
1740 497.88 150.41 22.47 54.79 2.23
1770 355.05 173.26 17.83 43.48 87.25
1770 399.15 156.62 25.23 61.54 76.62
1770 549.40 142.41 28.28 68.97 62.49
1770 158.16 132.00 31.71 77.35 32.27
1770 486.16 36.34 20.00 48.78 28.12
1770 244.08 122.15 25.23 61.54 25.91
1770 24.02 92.20 40.00 97.56 22.71
1770 445.49 131.22 40.00 97.56 16.93
1770 411.17 46.79 45.20 110.24 14.59
1770 232.50 126.10 20.00 48.78 13.77
1770 461.10 103.90 40.00 97.56 12.41
1770 90.21 165.75 22.47 54.79 10.87
1770 605.18 92.93 20.00 48.78 10.48
1770 439.05 117.59 28.28 68.97 9.13
1770 66.85 122.15 25.23 61.54 4.15
1800 450.85 21.23 25.23 61.54 107.49
1800 382.88 175.00 17.83 43.48 62.34
1800 454.18 140.22 17.83 43.48 54.17
1800 294.94 112.44 20.00 48.78 43.62
1800 468.60 126.10 20.00 48.78 35.99
1800 465.62 23.69 25.23 61.54 23.25
1800 246.46 115.61 40.00 97.56 22.67
1800 491.30 121.92 22.47 54.79 18.36
1800 108.02 147.93 28.28 68.97 17.90
1800 408.11 170.98 20.00 48.78 9.54
1800 511.58 147.17 17.83 43.48 7.12
1800 181.77 135.85 20.00 48.78 5.91
1830 425.67 170.98 20.00 48.78 142.70
1830 29.84 171.52 17.83 43.48 99.12
1830 516.29 7.24 28.28 68.97 61.89
1830 521.99 148.22 22.47 54.79 49.81
1830 571.47 103.79 28.28 68.97 46.78
1830 324.21 100.73 20.00 48.78 45.38
1830 158.15 167.95 22.47 54.79 44.55
1830 36.79 171.52 17.83 43.48 42.87
1830 55.35 102.06 50.80 123.90 41.50
1830 113.62 124.62 25.23 61.54 34.94
1830 388.29 156.99 22.47 54.79 34.71
1830 530.75 148.22 22.47 54.79 30.87
1830 508.10 8.04 17.83 43.48 28.93
1830 259.40 181.96 17.83 43.48 22.41
1830 474.91 167.24 28.28 68.97 20.36
1830 9.11 84.66 22.47 54.79 17.89
1830 539.46 146.77 25.23 61.54 6.01
1830 532.99 7.07 20.00 48.78 4.46
1830 403.63 161.37 22.47 54.79 2.32
1860 469.40 172.76 28.28 68.97 187.67
1860 94.18 150.65 17.83 43.48 71.21
1860 132.84 150.69 28.28 68.97 56.86
1860 483.21 28.52 80.85 197.19 44.83
1860 101.14 150.65 17.83 43.48 42.20
1860 337.62 95.08 25.23 61.54 35.64
1860 433.48 172.93 20.00 48.78 34.78
1860 579.74 18.28 28.28 68.97 27.71
1860 447.76 64.14 56.55 137.93 25.36
1860 154.45 176.83 20.00 48.78 23.34
1860 195.05 175.00 17.83 43.48 22.44
1860 454.98 166.06 31.71 77.35 19.00
1860 278.60 97.11 50.80 123.90 18.44
1860 63.05 139.02 40.00 97.56 18.02
1860 199.77 114.77 25.23 61.54 15.98
1860 396.23 132.00 31.71 77.35 15.25
1860 104.62 136.74 17.83 43.48 14.21
1860 204.69 159.08 25.23 61.54 8.76
1860 600.29 190.84 31.71 77.35 7.89
