30 340.58 172.26 31.71 77.35 281.43
30 383.15 169.13 35.65 86.96 196.87
30 307.19 178.90 22.47 54.79 189.55
30 287.23 181.96 17.83 43.48 128.04
30 24.89 190.00 35.65 86.96 82.65
30 228.60 180.73 20.00 48.78 76.20
30 184.62 183.70 17.83 43.48 71.80
30 553.32 155.87 17.83 43.48 49.17
30 269.84 183.70 17.83 43.48 38.89
30 205.49 185.43 17.83 43.48 32.81
30 98.17 146.83 40.00 97.56 25.62
30 195.73 14.15 40.00 97.56 13.41
30 74.76 150.73 40.00 97.56 12.44
30 547.73 11.23 31.71 77.35 7.51
60 515.73 158.54 40.00 97.56 112.51
60 484.51 158.54 40.00 97.56 87.16
60 390.48 170.14 22.47 54.79 40.96
60 3.75 208.04 17.83 43.48 40.38
60 438.70 306.03 22.47 54.79 24.19
60 296.20 162.17 35.65 86.96 18.57
60 28.31 147.48 31.71 77.35 11.23
60 571.52 32.17 71.30 173.91 10.34
90 390.85 162.44 40.00 97.56 208.00
90 344.89 169.13 35.65 86.96 198.62
90 445.49 158.54 40.00 97.56 174.90
90 295.77 176.31 25.23 61.54 164.73
90 480.54 162.17 35.65 86.96 139.92
90 212.45 180.22 17.83 43.48 94.01
90 231.58 178.48 17.83 43.48 86.46
90 283.75 176.74 17.83 43.48 70.73
90 172.01 176.83 20.00 48.78 67.45
90 573.92 65.54 25.23 61.54 43.10
90 466.63 130.87 35.65 86.96 13.69
90 558.35 71.46 20.00 48.78 10.94
90 367.03 152.48 45.20 110.24 6.85
120 363.54 162.44 40.00 97.56 240.22
120 258.85 176.31 25.23 61.54 216.55
120 320.54 169.13 35.65 86.96 203.61
120 383.05 162.44 40.00 97.56 190.65
120 417.93 162.17 35.65 86.96 153.42
120 189.84 178.48 17.83 43.48 128.21
120 172.01 180.73 20.00 48.78 101.72
120 127.47 176.71 22.47 54.79 100.67
120 564.57 39.13 71.30 173.91 80.92
120 539.17 15.96 45.20 110.24 59.13
120 243.75 176.74 17.83 43.48 56.07
120 28.02 175.52 28.28 68.97 51.69
120 273.32 171.52 17.83 43.48 29.67
120 351.03 163.56 22.47 54.79 12.29
120 593.48 12.93 20.00 48.78 12.15
150 181.66 165.69 45.20 110.24 247.27
150 119.86 170.09 45.20 110.24 234.47
150 156.71 166.34 40.00 97.56 202.39
150 61.12 181.03 28.28 68.97 186.83
150 199.22 161.44 50.80 123.90 130.16
150 390.65 32.17 71.30 173.91 76.84
150 420.00 20.66 80.85 197.19 71.83
150 355.15 22.60 63.78 155.55 65.48
150 15.91 24.63 20.00 48.78 38.98
150 172.83 143.67 45.20 110.24 31.87
150 508.45 25.52 56.55 137.93 30.28
150 536.59 72.37 50.80 123.90 15.22
150 143.15 179.57 35.65 86.96 14.35
150 102.21 174.50 45.20 110.24 14.34
150 343.67 39.10 31.71 77.35 4.58
180 80.87 48.39 31.71 77.35 51.68
180 17.04 28.52 80.85 197.19 44.82
210 289.39 80.49 40.00 97.56 44.63
210 28.91 18.26 71.30 173.91 37.40
210 6.67 110.32 31.71 77.35 33.93
210 275.33 151.74 35.65 86.96 26.84
240 577.93 162.17 35.65 86.96 38.84
240 493.96 172.93 20.00 48.78 34.50
240 450.85 154.15 25.23 61.54 17.25
240 348.37 123.91 35.65 86.96 5.94
270 339.82 165.12 20.00 48.78 62.66
270 83.63 170.14 22.47 54.79 22.27
270 497.88 174.52 22.47 54.79 18.83
270 604.57 291.38 28.28 68.97 18.48
270 612.99 163.17 20.00 48.78 17.59
270 3.75 164.57 17.83 43.48 15.96
300 511.52 167.07 20.00 48.78 41.98
300 92.45 67.17 17.83 43.48 32.01
300 522.28 162.17 35.65 86.96 30.72
300 554.45 172.93 20.00 48.78 9.01
330 7.77 176.31 25.23 61.54 66.04
330 579.82 172.93 20.00 48.78 18.84
330 221.14 181.96 17.83 43.48 14.61
330 570.21 170.14 22.47 54.79 8.47
360 308.90 103.90 40.00 97.56 19.05
360 442.33 111.96 50.80 123.90 17.24
360 554.45 172.93 20.00 48.78 16.35
360 39.63 185.85 40.00 97.56 5.26
390 408.97 162.83 17.83 43.48 80.96
390 4.21 114.39 20.00 48.78 78.19
390 484.21 71.46 20.00 48.78 49.91
390 445.92 159.08 25.23 61.54 25.86
390 515.43 139.76 20.00 48.78 11.11
420 598.70 5.75 22.47 54.79 77.15
420 312.75 113.42 31.71 77.35 67.61
420 486.98 111.96 50.80 123.90 18.24
420 454.18 157.61 17.83 43.48 15.41
450 505.00 144.31 25.23 61.54 218.49
450 514.85 144.31 25.23 61.54 65.63
450 313.59 106.52 35.65 86.96 37.82
450 83.19 181.03 28.28 68.97 28.76
450 578.83 109.87 63.78 155.55 17.39
450 250.21 43.01 22.47 54.79 16.43
450 570.21 119.73 22.47 54.79 4.31
480 605.76 130.87 35.65 86.96 145.97
480 320.43 117.59 28.28 68.97 24.11
480 3.75 241.09 17.83 43.48 12.57
480 452.84 142.41 28.28 68.97 10.56
510 317.67 117.59 28.28 68.97 60.10
510 490.98 134.35 35.65 86.96 41.92
510 92.01 7.07 20.00 48.78 31.45
510 106.23 6.46 25.23 61.54 24.94
510 28.91 60.00 71.30 173.91 16.07
510 507.54 135.10 31.71 77.35 9.37
540 317.67 112.07 28.28 68.97 61.64
540 45.43 87.22 50.80 123.90 35.69
540 8.71 134.14 28.28 68.97 29.02
540 11.47 158.97 28.28 68.97 27.51
570 334.22 109.31 28.28 68.97 52.68
570 429.84 147.17 17.83 43.48 32.50
570 29.57 12.93 20.00 48.78 10.90
570 6.16 32.44 20.00 48.78 8.65
600 334.40 104.13 31.71 77.35 42.32
600 504.89 127.39 35.65 86.96 18.58
600 521.99 53.97 22.47 54.79 15.17
630 55.14 178.90 22.47 54.79 40.81
630 556.79 27.17 17.83 43.48 20.19
630 552.50 128.05 20.00 48.78 14.67
630 59.40 6.30 17.83 43.48 12.01
660 226.18 169.16 31.71 77.35 9.65
660 539.17 117.25 45.20 110.24 9.19
690 558.10 130.34 56.55 137.93 51.84
690 359.77 141.85 25.23 61.54 44.84
690 428.69 154.15 25.23 61.54 40.21
690 4.21 186.59 20.00 48.78 27.87
690 211.34 181.95 40.00 97.56 18.35
690 341.14 147.17 17.83 43.48 13.89
720 201.99 187.67 22.47 54.79 63.47
720 324.02 113.48 35.65 86.96 47.50
720 7.23 194.13 17.83 43.48 17.08
720 598.80 96.09 35.65 86.96 12.43
750 182.50 186.55 28.28 68.97 60.32
750 12.69 6.46 25.23 61.54 35.43
750 4.73 161.37 22.47 54.79 20.63
750 295.77 127.08 25.23 61.54 10.25
750 175.15 181.23 25.23 61.54 9.42
750 309.38 137.26 22.47 54.79 4.64
750 614.04 132.88 22.47 54.79 3.80
750 328.97 141.96 17.83 43.48 -0.43
780 5.31 223.08 25.23 61.54 77.78
780 442.61 138.19 31.71 77.35 53.12
780 603.38 97.94 31.71 77.35 38.44
780 9.11 148.22 22.47 54.79 29.86
780 164.50 181.24 50.80 123.90 25.02
780 308.60 131.95 20.00 48.78 22.60
780 186.64 7.95 22.47 54.79 18.19
780 295.77 122.15 25.23 61.54 8.19
810 467.34 138.19 31.71 77.35 71.85
810 311.58 124.11 22.47 54.79 40.26
810 298.23 117.23 25.23 61.54 23.31
810 5.49 253.26 17.83 43.48 14.81
840 476.71 131.22 40.00 97.56 33.25
840 335.92 135.00 17.83 43.48 13.04
840 574.18 199.35 17.83 43.48 9.27
840 303.15 119.69 25.23 61.54 4.65
840 445.70 138.19 31.71 77.35 1.32
870 217.33 187.67 22.47 54.79 38.83
870 492.32 178.05 40.00 97.56 36.83
870 5.49 195.87 17.83 43.48 21.08
870 302.81 148.22 22.47 54.79 17.80
870 4.73 266.58 22.47 54.79 5.10
870 404.08 164.00 25.23 61.54 4.36
900 315.46 141.85 25.23 61.54 50.86
900 527.44 166.34 40.00 97.56 45.66
900 576.38 166.46 25.23 61.54 27.03
900 335.92 159.35 17.83 43.48 25.46
900 228.60 178.78 20.00 48.78 18.31
900 305.00 143.84 22.47 54.79 13.23
930 187.62 190.49 20.00 48.78 26.45
930 308.08 134.46 25.23 61.54 22.92
930 317.92 139.38 25.23 61.54 18.99
960 37.38 172.93 20.00 48.78 42.11
960 86.16 133.90 20.00 48.78 31.65
960 421.16 150.41 22.47 54.79 30.14
960 310.54 127.08 25.23 61.54 25.82
960 343.72 149.51 20.00 48.78 23.35
960 369.24 127.39 35.65 86.96 8.89
960 320.38 132.00 25.23 61.54 8.76
960 189.57 182.68 20.00 48.78 6.10
960 164.73 200.82 22.47 54.79 3.89
990 313.00 124.62 25.23 61.54 57.36
990 333.96 139.76 20.00 48.78 44.75
990 12.85 197.03 31.71 77.35 23.07
990 372.72 123.91 35.65 86.96 21.12
990 482.53 154.79 22.47 54.79 16.78
990 556.40 116.34 20.00 48.78 12.28
990 353.48 141.71 20.00 48.78 7.37
1020 309.66 119.61 31.71 77.35 47.83
1020 93.96 5.12 20.00 48.78 39.79
1020 344.45 141.64 22.47 54.79 33.12
1020 201.99 161.37 22.47 54.79 28.95
1020 45.76 186.52 35.65 86.96 16.37
1020 78.53 4.57 17.83 43.48 13.73
1020 188.84 174.52 22.47 54.79 4.66
1050 300.39 119.61 31.71 77.35 66.83
1050 132.84 172.76 28.28 68.97 35.38
1050 342.26 141.64 22.47 54.79 28.57
1050 352.38 26.15 25.23 61.54 26.45
1050 314.91 128.62 28.28 68.97 18.17
1080 303.48 116.52 31.71 77.35 61.58
1080 315.85 122.71 31.71 77.35 53.46
1080 12.32 185.85 40.00 97.56 49.07
1080 511.58 65.43 17.83 43.48 49.01
1080 344.45 139.45 22.47 54.79 39.91
1080 473.77 71.51 22.47 54.79 28.24
1080 164.02 26.52 35.65 86.96 27.31
1110 320.43 125.86 28.28 68.97 46.08
1110 303.48 119.61 31.71 77.35 24.70
1110 353.48 139.76 20.00 48.78 24.37
1110 565.95 26.55 28.28 68.97 22.08
1110 5.49 162.83 17.83 43.48 5.89
1140 325.95 128.62 28.28 68.97 60.30
1140 353.22 141.64 22.47 54.79 52.21
1140 314.91 131.38 28.28 68.97 41.95
1140 300.39 116.52 31.71 77.35 16.29
1170 306.63 113.48 35.65 86.96 53.59
1170 292.72 113.48 35.65 86.96 40.72
1170 347.46 139.38 25.23 61.54 32.33
1170 523.23 149.51 20.00 48.78 15.50
1170 605.49 11.52 17.83 43.48 4.02
1200 345.00 141.85 25.23 61.54 74.35
1200 252.40 43.01 22.47 54.79 41.12
1200 145.62 141.85 25.23 61.54 39.56
1200 539.52 143.84 22.47 54.79 19.44
1200 13.96 163.17 20.00 48.78 12.75
1200 7.23 171.52 17.83 43.48 12.10
1200 440.89 29.86 22.47 54.79 8.62
1230 349.92 139.38 25.23 61.54 68.46
1230 431.15 6.46 25.23 61.54 49.86
1230 449.09 153.41 20.00 48.78 47.72
1230 458.23 8.92 25.23 61.54 39.34
1230 317.67 125.86 28.28 68.97 16.74
1230 13.49 141.64 22.47 54.79 6.57
1260 530.75 143.84 22.47 54.79 100.15
1260 350.78 134.14 28.28 68.97 83.92
1260 243.19 29.31 28.28 68.97 49.97
1260 323.19 134.14 28.28 68.97 40.43
1260 78.53 176.74 17.83 43.48 28.76
1260 302.88 376.74 17.83 43.48 22.14
1260 202.23 13.85 25.23 61.54 9.14
1260 390.48 5.75 22.47 54.79 6.79
1290 320.54 120.43 35.65 86.96 68.63
1290 39.05 156.21 28.28 68.97 52.60
1290 248.71 23.79 28.28 68.97 48.52
1290 356.04 132.00 31.71 77.35 42.15
1290 546.10 148.22 22.47 54.79 13.67
1290 469.38 150.41 22.47 54.79 3.94
1320 247.83 26.71 31.71 77.35 54.46
1320 325.95 134.14 28.28 68.97 43.70
1320 356.29 139.66 28.28 68.97 35.90
1320 11.47 161.72 28.28 68.97 31.16
1320 138.84 167.07 20.00 48.78 16.39
1320 472.50 157.32 20.00 48.78 16.30
1320 237.67 34.83 28.28 68.97 11.48
1350 574.46 148.26 35.65 86.96 66.22
1350 246.54 48.31 25.23 61.54 59.19
1350 317.07 148.26 35.65 86.96 34.60
1350 372.45 201.09 17.83 43.48 34.30
1350 293.29 131.22 40.00 97.56 19.24
1350 538.36 170.00 28.28 68.97 15.87
1350 9.11 5.75 22.47 54.79 13.85
1350 586.20 82.27 50.80 123.90 13.03
1350 451.85 12.33 22.47 54.79 10.95
1350 115.05 195.87 17.83 43.48 10.07
1350 4.21 53.90 20.00 48.78 7.04
1380 575.91 169.02 20.00 48.78 67.60
1380 381.14 6.30 17.83 43.48 64.74
1380 322.03 147.48 31.71 77.35 55.80
1380 587.72 130.46 45.20 110.24 44.68
1380 484.73 174.52 22.47 54.79 40.21
1380 309.66 144.39 31.71 77.35 39.11
1380 367.23 6.30 17.83 43.48 38.87
1380 351.85 155.22 35.65 86.96 36.74
1380 340.58 150.58 31.71 77.35 33.08
1380 233.59 40.43 35.65 86.96 30.34
1380 409.14 113.79 56.55 137.93 20.42
1380 461.14 180.22 17.83 43.48 17.18
1410 3.75 194.13 17.83 43.48 65.06
1410 409.14 108.28 56.55 137.93 45.10
1410 229.31 36.00 25.23 61.54 42.06
1410 312.75 144.39 31.71 77.35 34.24
1410 462.81 176.71 22.47 54.79 30.68
1410 380.79 5.12 20.00 48.78 29.89
1410 199.05 51.38 28.28 68.97 27.56
1410 464.25 17.42 31.71 77.35 17.63
1410 454.04 181.10 22.47 54.79 17.43
1410 4.73 5.75 22.47 54.79 13.15
1410 303.88 139.66 28.28 68.97 4.51
1440 13.49 5.75 22.47 54.79 55.15
1440 309.40 136.90 28.28 68.97 45.16
1440 149.40 12.76 28.28 68.97 34.01
1440 96.98 7.24 28.28 68.97 25.81
1440 24.89 9.13 35.65 86.96 14.20
1440 465.00 5.75 22.47 54.79 6.16
1470 299.67 130.87 35.65 86.96 68.29
1470 216.91 14.32 31.71 77.35 32.47
1470 13.96 198.29 20.00 48.78 27.26
1470 288.38 149.23 25.23 61.54 18.56
1500 301.12 139.66 28.28 68.97 62.08
1500 336.98 136.90 28.28 68.97 42.48
1500 117.68 14.15 40.00 97.56 31.47
1500 361.99 183.29 22.47 54.79 23.79
1500 287.33 139.66 28.28 68.97 21.56
1530 337.49 150.58 31.71 77.35 91.22
1530 293.29 135.12 40.00 97.56 82.33
1530 213.82 17.42 31.71 77.35 53.10
1530 313.59 144.78 35.65 86.96 37.86
1530 372.84 192.07 28.28 68.97 35.81
1530 519.79 176.71 22.47 54.79 18.14
1530 394.91 136.90 28.28 68.97 12.24
1530 468.08 36.00 25.23 61.54 2.55
1560 320.61 123.41 40.00 97.56 71.59
1560 358.80 141.30 35.65 86.96 47.88
1560 237.67 10.00 28.28 68.97 45.40
1560 337.93 137.83 35.65 86.96 43.47
1560 592.12 174.52 22.47 54.79 20.83
1560 296.41 112.84 45.20 110.24 18.68
1560 220.79 182.68 20.00 48.78 13.40
1560 425.55 150.41 22.47 54.79 10.98
1560 454.04 34.25 22.47 54.79 5.36
1590 359.63 131.22 40.00 97.56 67.44
1590 340.58 135.10 31.71 77.35 48.03
1590 469.40 258.28 28.28 68.97 32.45
1590 9.11 14.52 22.47 54.79 26.96
1590 379.67 141.30 35.65 86.96 24.87
1590 484.21 57.80 20.00 48.78 10.81
1590 303.41 102.06 50.80 123.90 8.32
1590 236.40 5.12 20.00 48.78 0.99
1620 340.12 123.41 40.00 97.56 62.70
1620 554.23 58.15 25.23 61.54 42.90
1620 304.31 91.72 56.55 137.93 37.65
1620 616.89 332.93 20.00 48.78 30.45
1620 461.16 187.74 31.71 77.35 30.14
1620 539.46 55.69 25.23 61.54 24.65
1620 376.20 137.83 35.65 86.96 18.54
1620 504.45 80.27 22.47 54.79 17.81
1620 451.88 212.52 31.71 77.35 14.67
1620 472.16 7.24 28.28 68.97 7.55
1650 280.58 72.47 63.78 155.55 72.85
1650 398.53 166.30 17.83 43.48 43.14
1650 587.92 20.52 31.71 77.35 41.66
1650 560.19 215.84 63.78 155.55 36.92
1650 575.56 17.42 31.71 77.35 22.61
1650 534.18 192.39 17.83 43.48 20.81
1650 547.73 258.97 31.71 77.35 20.45
1650 322.90 117.25 45.20 110.24 17.41
1650 101.14 190.65 17.83 43.48 8.59
1680 274.34 104.04 45.20 110.24 77.62
1680 237.09 66.23 63.78 155.55 66.37
1680 320.61 119.51 40.00 97.56 32.76
1680 574.59 27.67 22.47 54.79 28.78
1680 369.09 155.37 20.00 48.78 27.49
1680 489.11 192.05 22.47 54.79 24.67
1680 611.85 18.90 22.47 54.79 15.13
1680 502.50 23.79 28.28 68.97 13.32
1710 261.10 90.83 45.20 110.24 76.38
1710 386.64 128.62 28.28 68.97 63.35
1710 222.88 152.39 17.83 43.48 61.17
1710 574.46 186.52 35.65 86.96 47.92
1710 422.88 145.43 17.83 43.48 33.61
1710 179.82 139.76 20.00 48.78 31.12
1710 413.96 147.56 20.00 48.78 12.27
1710 17.41 102.76 56.55 137.93 8.90
1740 167.50 96.09 35.65 86.96 93.07
1740 14.18 181.96 17.83 43.48 78.45
1740 230.65 32.17 71.30 173.91 69.88
1740 216.89 141.71 20.00 48.78 54.38
1740 381.92 124.62 25.23 61.54 43.22
1740 399.32 113.42 31.71 77.35 40.57
1740 436.08 149.23 25.23 61.54 38.27
1740 274.34 77.61 45.20 110.24 33.17
1740 542.88 25.43 17.83 43.48 31.25
1740 339.82 149.51 20.00 48.78 13.31
1740 157.92 107.38 25.23 61.54 12.82
1770 222.47 20.66 80.85 197.19 63.87
1770 407.50 106.52 35.65 86.96 60.15
1770 570.06 7.07 20.00 48.78 44.14
1770 261.94 66.23 63.78 155.55 41.43
1770 137.67 41.30 63.78 155.55 41.12
1770 120.89 25.48 22.47 54.79 36.00
1770 589.57 14.88 20.00 48.78 33.69
1770 204.69 134.46 25.23 61.54 32.40
1770 465.00 127.32 40.00 97.56 31.85
1770 192.38 119.69 25.23 61.54 30.09
1770 116.72 47.59 56.55 137.93 25.00
1800 159.26 20.66 80.85 197.19 74.97
1800 198.77 20.66 80.85 197.19 46.58
1800 524.18 7.95 22.47 54.79 34.10
1800 87.96 35.06 63.78 155.55 29.74
1800 460.62 135.07 22.47 54.79 27.34
1800 308.60 122.20 20.00 48.78 23.90
1800 148.60 5.12 20.00 48.78 21.34
1800 616.89 161.22 20.00 48.78 20.05
1800 44.47 41.30 63.78 155.55 12.75
1800 430.78 106.55 28.28 68.97 8.66
1830 49.78 25.22 71.30 173.91 78.24
1830 365.18 139.76 20.00 48.78 41.44
1830 5.49 53.26 17.83 43.48 37.04
1830 276.72 75.17 56.55 137.93 36.71
1830 324.21 122.20 20.00 48.78 34.67
1830 422.88 143.70 17.83 43.48 27.58
1830 149.61 12.99 50.80 123.90 24.35
1830 77.05 5.75 22.47 54.79 23.54
1830 216.20 16.09 35.65 86.96 5.85
1830 168.04 25.22 71.30 173.91 0.41
