30 519.123352051 172.68762207 28.3439941406 78.4448852539 0.997942507267
30 146.537963867 161.948577881 18.0831298828 54.6003112793 0.86212426424
30 497.769348145 172.676025391 25.2872314453 78.6812744141 0.507398962975
60 511.282897949 173.758148193 30.2908935547 73.6335144043 0.996296107769
60 496.692138672 171.055084229 24.0121459961 78.8491516113 0.61645424366
60 428.336334229 170.463745117 16.0444335938 62.4373168945 0.471806675196
60 458.958740234 171.435516357 20.7710571289 71.4720458984 0.371863216162
90 493.890838623 169.071685791 31.3625183105 82.606262207 0.996729850769
90 432.481079102 171.836395264 20.4660644531 63.5796203613 0.99144589901
90 461.518249512 169.420532227 23.6396484375 72.6608276367 0.862233161926
90 511.824737549 161.613418579 25.3518371582 74.6655578613 0.721372783184
90 66.7171020508 159.612808228 20.5461425781 54.4180297852 0.195880964398
90 476.659881592 167.259063721 22.7583618164 75.978515625 0.108214534819
120 498.210998535 167.990875244 31.5811767578 79.4486694336 0.998866438866
120 432.239807129 173.628463745 19.1823730469 58.7680358887 0.995385587215
120 469.02520752 175.192245483 25.3131103516 77.986541748 0.513952553272
150 508.854919434 173.491271973 34.7860107422 80.0793762207 0.99893528223
150 463.678100586 170.732406616 21.4383544922 68.2999572754 0.914982795715
180 526.311950684 172.691940308 37.6026611328 86.4803619385 0.99950325489
180 477.759185791 172.621673584 20.4536132812 64.7868041992 0.996728301048
180 398.487701416 173.078216553 15.9960327148 61.1911315918 0.926002442837
210 550.985473633 168.072677612 37.0869140625 98.7906646729 0.999328613281
210 515.816955566 170.825500488 32.3629150391 94.5688476562 0.997392654419
210 476.955352783 178.692337036 22.1455078125 63.9048461914 0.98702454567
210 400.537536621 180.675979614 16.3295898438 56.8108825684 0.729716181755
240 594.522033691 160.133926392 34.6313476562 108.686630249 0.999345481396
240 552.126953125 161.676712036 36.7965087891 112.464096069 0.999332129955
240 411.605499268 172.349029541 23.2064208984 64.7210388184 0.990899920464
240 467.88671875 177.521636963 19.6778564453 66.7101745605 0.0537174381316
270 438.916168213 167.340087891 26.6251220703 72.0917053223 0.990263342857
270 613.560302734 164.315612793 25.4396972656 116.816833496 0.986842691898
270 472.703277588 177.316390991 20.9258422852 56.8644104004 0.955374658108
270 489.46774292 168.652526855 23.3218688965 65.0785522461 0.059124533087
300 472.124053955 168.948562622 25.83203125 77.3179626465 0.996415019035
300 486.225463867 162.483459473 26.4797363281 81.9118347168 0.280730724335
360 461.282836914 159.31854248 63.4688720703 109.610412598 0.995003402233
360 555.741760254 169.200012207 35.5316162109 108.280578613 0.223807871342
390 382.897766113 149.806335449 58.6607666016 156.478637695 0.999166846275
390 467.638916016 177.962188721 28.3932495117 76.582824707 0.982111155987
390 483.285003662 172.887405396 28.6021728516 83.0104980469 0.791188299656
390 501.485748291 169.052352905 23.4101867676 78.122253418 0.124769195914
420 225.700698853 132.868774414 103.818313599 199.552215576 0.998403966427
420 503.65725708 157.438964844 33.7950744629 97.4482116699 0.988136827946
420 394.813323975 182.469573975 18.6809082031 40.0664978027 0.432849526405
420 255.216918945 160.299835205 32.5863037109 103.242797852 0.0556674823165
450 560.73840332 164.288696289 31.94921875 97.5375366211 0.99248534441
450 526.890136719 173.762451172 32.5460205078 83.9591674805 0.984196722507
450 13.4173526764 136.661071777 48.1372146606 242.695556641 0.533024907112
480 582.921081543 164.755004883 36.9781494141 89.3583679199 0.999219417572
480 545.651611328 173.081436157 35.4030761719 98.2973175049 0.997241973877
480 437.632598877 190.628494263 15.3571166992 33.012512207 0.555253684521
480 429.130279541 197.292663574 15.5529785156 32.9648742676 0.355288952589
480 120.370536804 199.362823486 15.3308944702 25.8034667969 0.0764462500811
510 588.323913574 158.076950073 38.7487792969 106.054275513 0.999373376369
510 65.6989593506 187.232971191 18.983795166 35.1669311523 0.992930352688
510 566.332885742 161.486618042 35.2731933594 106.218154907 0.963068604469
510 442.586120605 184.912078857 18.9091796875 46.8112182617 0.94690322876
510 114.279174805 188.779525757 17.4911651611 32.7714538574 0.913460969925
510 556.875671387 171.406433105 23.4936523438 82.5029602051 0.0625348761678
540 591.463684082 146.217987061 33.4548339844 130.177032471 0.998397052288
540 53.481262207 192.893753052 16.8311004639 33.6196899414 0.995150566101
540 110.624488831 187.679473877 17.1694641113 33.006439209 0.966652870178
540 617.981872559 162.537536621 18.8598632812 106.166534424 0.338997781277
570 43.355682373 194.266159058 16.3079528809 33.5889892578 0.99256414175
570 95.7136459351 196.137176514 15.628326416 28.1402893066 0.977597892284
570 455.688659668 177.869857788 21.2446899414 54.6694030762 0.953678131104
570 575.420043945 165.475112915 43.9460449219 133.683883667 0.0879293829203
600 22.2658996582 188.949661255 22.0560760498 37.49609375 0.997351765633
630 526.895812988 174.177352905 31.2344970703 66.9102783203 0.998544812202
660 595.476013184 174.5519104 30.0456542969 76.9419555664 0.999054253101
660 623.182739258 169.678146362 15.1745605469 72.5099182129 0.198506578803
660 20.3984680176 188.331283569 25.3135147095 52.088684082 0.0550868287683
780 428.19732666 159.731170654 31.1848144531 78.6244506836 0.961500823498
780 447.681732178 160.081420898 23.7628173828 73.1874084473 0.632575511932
810 429.246337891 173.553222656 27.8260498047 74.3346862793 0.791623294353
840 404.51550293 180.873382568 28.104309082 75.7227478027 0.815778672695
870 381.591339111 192.652435303 25.9486083984 73.3906860352 0.996905386448
870 551.940124512 199.895050049 32.8786621094 70.236328125 0.970200657845
900 305.039886475 192.52003479 30.612121582 81.1375579834 0.960706889629
900 481.436798096 212.161712646 27.9428100586 58.7037353516 0.832656979561
900 389.218719482 200.166900635 28.4067993164 89.1075439453 0.383775413036
900 411.067718506 193.439285278 27.6342773438 85.7610321045 0.26995113492
930 121.617530823 178.305023193 48.8162460327 114.253936768 0.471951633692
930 47.3453559875 192.067489624 53.0799980164 93.3035736084 0.148948952556
960 130.39263916 159.998840332 48.0205383301 118.147857666 0.999298334122
990 596.239501953 192.778121948 28.0106201172 52.4710998535 0.09231325984
1020 413.898590088 193.975952148 23.4442138672 44.0704956055 0.949760973454
1020 403.82409668 197.766677856 20.6329345703 37.3683776855 0.0690684318542
1050 418.520599365 189.184936523 26.1740722656 52.7924499512 0.993200361729
1050 534.699157715 187.62840271 23.7446289062 58.2412414551 0.222428590059
1080 440.17401123 184.697036743 25.5737304688 56.0069885254 0.996839523315
1110 466.768798828 177.358612061 26.5486450195 58.8978881836 0.986533880234
1110 516.053283691 178.64630127 25.1887207031 58.4233093262 0.975718617439
1110 112.720779419 201.980499268 16.2793884277 32.7494506836 0.566261470318
1110 456.444915771 176.073364258 16.9313354492 52.0935058594 0.0928001999855
1140 492.254394531 177.875747681 28.9948730469 64.7348632812 0.998825848103
1170 532.541931152 170.533447266 35.5632324219 83.5531921387 0.998585343361
1170 521.210144043 175.336883545 21.1795654297 64.2808532715 0.97955006361
1170 587.357849121 173.220855713 22.212890625 51.4311523438 0.299628555775
1200 570.651794434 167.264312744 26.9815673828 65.9078674316 0.997487664223
1200 609.606079102 160.750701904 27.8646240234 92.2409667969 0.997143805027
1200 0.141874313354 167.007614136 22.0567111969 67.4237060547 0.857800006866
1200 58.7543869019 171.355682373 27.3529510498 57.4755249023 0.42811614275
1290 421.656829834 177.199279785 21.5212402344 41.8706359863 0.85932135582
1290 367.946228027 180.717300415 15.7718505859 29.7149047852 0.122299790382
1320 446.926483154 186.319091797 17.1676635742 42.2529907227 0.986697018147
1320 161.050704956 196.350524902 19.1674194336 33.9222106934 0.595116615295
1320 83.6268463135 199.5574646 18.3544311523 34.9760742188 0.571134984493
1320 434.526092529 183.358001709 15.0198364258 40.9157104492 0.0805563256145
1350 188.151855469 193.466598511 19.9363708496 31.977722168 0.591390311718
1350 467.537750244 177.232315063 17.1050415039 48.1205749512 0.359122276306
1380 521.15222168 172.971115112 21.0010986328 55.947479248 0.996775448322
1380 174.929153442 195.701522827 19.910369873 31.1220397949 0.986920952797
1380 551.647216797 153.936264038 20.7104492188 71.6369628906 0.135961771011
1380 491.253417969 179.358703613 15.7762451172 46.6182861328 0.113276824355
1380 464.576446533 174.046798706 17.1788330078 45.1108703613 0.0964363217354
1410 549.298278809 168.183654785 27.0549316406 76.560333252 0.998076319695
1410 464.268585205 176.369018555 17.5614013672 47.9824829102 0.997824549675
1410 151.52571106 193.873046875 20.7958984375 34.6810302734 0.909777522087
1410 488.148162842 178.064941406 15.9134521484 44.592956543 0.665282249451
1410 478.127960205 176.991897583 14.0868530273 43.3333740234 0.0561959818006
1440 433.008636475 184.999633789 20.5889282227 44.8901367188 0.988570392132
1440 464.360321045 178.309585571 16.3618774414 45.7545776367 0.971371173859
1440 518.698791504 168.687896729 25.0989990234 62.3533935547 0.917623519897
1440 142.551635742 187.957427979 18.3755493164 37.4422912598 0.756387174129
1470 577.25579834 160.850875854 31.8731689453 77.3106384277 0.996952176094
1470 424.913726807 177.262237549 31.3726806641 53.9989318848 0.996631324291
1470 7.37319469452 199.508605957 18.0526008606 39.1965026855 0.982361197472
1470 24.2883071899 194.334640503 15.87059021 36.7830810547 0.98232883215
1470 441.59664917 172.154190063 27.2670288086 49.262298584 0.943338871002
1470 382.34185791 175.221008301 18.7680053711 36.0406799316 0.834295451641
1470 121.53767395 188.697647095 23.0668640137 44.9598693848 0.761246860027
1500 400.170410156 171.727783203 36.8014526367 67.659942627 0.998769938946
1500 568.601196289 151.135620117 29.3253173828 87.055480957 0.997286915779
1500 442.819519043 171.568359375 25.1022338867 54.3068237305 0.996765375137
1500 12.1857767105 198.102783203 23.2875556946 35.3229980469 0.992606163025
1500 112.52129364 188.751617432 21.9869155884 35.4094543457 0.484201222658
1530 414.338378906 163.53968811 31.0614013672 74.6782226562 0.998945295811
1530 362.725189209 170.947387695 37.9290771484 73.2136535645 0.998534560204
1530 5.71943235397 194.165222168 15.7250957489 39.4378051758 0.994662225246
1530 466.718017578 164.067855835 23.2061767578 49.4128112793 0.99432182312
1560 345.381530762 159.748321533 42.2149658203 95.798614502 0.999255597591
1560 291.150878906 167.420623779 45.5664672852 95.2763061523 0.99667930603
1560 253.669662476 173.486434937 46.1033172607 91.0908355713 0.938304662704
1560 600.869445801 169.885375977 19.0270996094 50.650604248 0.825840294361
1590 194.623580933 152.833236694 57.9916381836 127.650161743 0.999006927013
1590 262.999755859 156.591201782 50.6307983398 113.087875366 0.998973250389
1590 451.37298584 162.769241333 27.1600341797 61.4386291504 0.998037755489
1590 145.287185669 154.172576904 42.520111084 113.41229248 0.997183859348
1590 332.735748291 173.258331299 27.7249755859 51.6165161133 0.99676078558
1590 355.01272583 172.139099121 25.6664428711 51.2862548828 0.996376693249
1590 496.29006958 164.565841675 23.0024719238 43.5059204102 0.984029889107
1590 611.789489746 160.423690796 23.1875 48.5222167969 0.0800478458405
1620 143.570800781 142.158615112 62.4727783203 137.660293579 0.999368727207
1620 41.8865127563 140.198944092 72.7620697021 151.479034424 0.999210715294
1620 522.944458008 157.580673218 26.9468994141 53.9036254883 0.996664822102
1620 294.03994751 163.904815674 26.302734375 53.548248291 0.996507704258
1620 230.43611145 163.572509766 24.2307739258 57.5596313477 0.994866609573
1620 243.520050049 161.433929443 25.143371582 58.4212036133 0.979200959206
1620 13.6373271942 150.883895874 37.4112548828 117.102554321 0.968966245651
1620 332.596862793 165.610977173 18.8023681641 42.7099914551 0.355055630207
1650 5.15331459045 141.271835327 60.4215393066 156.957046509 0.999692440033
1650 216.393493652 162.544891357 29.3591918945 70.7170410156 0.996918201447
1650 160.88192749 165.852920532 27.2197875977 63.6693115234 0.996112644672
1650 250.188491821 167.327819824 26.3693695068 58.330078125 0.996112048626
1650 278.050354004 171.265518188 26.2883300781 60.9370117188 0.99325054884
1650 568.789123535 160.506149292 23.5163574219 39.9298706055 0.991600036621
1650 294.045532227 167.194747925 19.5842895508 49.509552002 0.815626621246
1650 270.036651611 173.703048706 16.1561279297 46.9965820312 0.181367874146
1680 421.251922607 181.164871216 19.9351806641 40.0841674805 0.990098297596
1680 524.454040527 185.586212158 17.6984863281 40.4229125977 0.718546152115
1710 89.249206543 184.76675415 33.3596191406 59.5563049316 0.998143315315
1710 49.1274757385 187.061706543 28.5291938782 54.7503967285 0.998014569283
1710 137.369827271 173.270355225 37.3162841797 75.555267334 0.997769236565
1710 198.170806885 177.931915283 32.0414733887 62.697265625 0.994727194309
1740 276.048187256 175.635925293 34.6174926758 67.2172546387 0.997663259506
1740 103.932006836 181.03414917 29.0560302734 60.4941101074 0.997460186481
1740 354.500244141 174.318908691 32.3092041016 65.0049438477 0.997012495995
1740 50.5937576294 194.072219849 22.2268829346 46.1863708496 0.996526062489
1740 150.566177368 176.957489014 32.229095459 68.0454101562 0.989719629288
1740 335.042724609 175.727996826 22.1946411133 47.0335998535 0.0730620101094
1770 41.7373008728 143.831954956 120.458984375 238.08656311 0.999211788177
1770 332.381988525 181.634979248 17.0472412109 42.4439086914 0.996749401093
1770 526.509521484 186.678878784 22.2001953125 35.446472168 0.988315820694
1770 408.193603516 174.613677979 31.7890014648 64.8323974609 0.987775802612
1770 121.502502441 210.59413147 61.2537231445 144.362838745 0.0610593482852
1800 238.177032471 139.306121826 113.872314453 233.808776855 0.999540686607
1800 50.1064529419 140.51071167 104.572349548 213.913452148 0.998759508133
1800 24.5332260132 186.158569336 34.8094406128 74.3196411133 0.997282505035
1800 199.75769043 178.68460083 29.4028015137 61.0503540039 0.994139194489
1830 204.385009766 131.095596313 103.82623291 224.187911987 0.999616861343
1830 403.734985352 138.59777832 120.542297363 239.009338379 0.998917579651
1830 84.3821716309 138.817596436 56.7772674561 138.35256958 0.99831366539
1830 2.1203327179 185.591384888 21.2617931366 62.9205322266 0.996442258358
1830 318.360443115 177.026077271 29.7241821289 61.7465515137 0.995392560959
1830 260.244476318 183.67590332 25.2877197266 84.3022766113 0.238276988268
1830 404.616241455 155.105926514 55.5827636719 153.438018799 0.23551762104
1830 236.011764526 164.158325195 38.9160308838 121.040435791 0.112949728966
