150 1.81929016113 197.061965942 17.6606216431 56.3454589844 0.318666964769
330 442.729370117 184.137176514 111.800537109 217.342590332 0.997627317905
360 328.334289551 145.520690918 90.7540893555 240.158630371 0.998680651188
390 257.095550537 176.528442383 71.5748291016 185.741821289 0.997620761395
420 193.616836548 182.674285889 68.1031646729 161.114257812 0.998166680336
420 592.656433105 90.1468505859 44.7622070312 357.153076172 0.815008103848
450 500.02520752 164.291763306 105.47265625 257.274291992 0.999100446701
450 401.790130615 121.382553101 131.102813721 311.070373535 0.99878257513
450 144.783706665 191.39352417 53.7723999023 140.715698242 0.996169626713
480 251.682296753 122.315170288 123.708938599 276.726013184 0.999358713627
480 476.192687988 137.313842773 98.1008300781 251.407470703 0.999126255512
480 348.372558594 165.51701355 96.375 223.373672485 0.997070550919
480 56.0606384277 188.106704712 59.9454650879 131.262252808 0.995162546635
510 129.344116211 124.080123901 106.158081055 267.473754883 0.999254405499
510 6.96314239502 175.970703125 83.9901428223 211.325378418 0.998760461807
540 291.406768799 114.306617737 40.2169799805 81.9416427612 0.997756659985
570 357.458374023 202.057403564 17.4158325195 35.8045959473 0.985134363174
600 93.7722473145 201.406585693 23.1557006836 36.1722412109 0.997210085392
600 197.409255981 193.727142334 17.6483459473 32.9652404785 0.475973963737
600 19.7358627319 199.840393066 20.2695617676 41.028137207 0.306712269783
630 526.184753418 187.046478271 17.2622070312 38.8115844727 0.350360780954
630 538.506408691 182.072601318 16.3687744141 41.4050598145 0.171835258603
690 495.632629395 179.944137573 15.9929199219 45.8254394531 0.109417527914
720 531.227355957 185.109634399 21.6967773438 52.9808044434 0.997954010963
720 25.9001426697 195.892303467 18.8119049072 42.1110839844 0.994213163853
750 576.438232422 174.596206665 25.5759277344 62.5092468262 0.996024727821
750 555.812255859 181.475631714 21.08984375 53.6300048828 0.993335843086
750 619.352111816 181.80456543 17.1540527344 49.6784057617 0.966725289822
750 604.953063965 182.010559082 20.2160644531 52.6433410645 0.939220368862
810 508.774780273 188.549499512 18.5192871094 41.7762145996 0.0603698343039
840 566.861816406 187.897857666 19.67578125 53.8524780273 0.931232988834
840 422.023590088 190.670043945 21.6905517578 38.3899230957 0.339212834835
870 506.793487549 192.244506836 23.0281677246 42.1072998047 0.959046065807
870 613.459655762 172.605621338 19.1539306641 52.7167053223 0.132398292422
900 461.077392578 185.094329834 15.8742675781 36.3701171875 0.987854897976
930 500.174835205 186.581558228 22.9566955566 46.6226806641 0.997905373573
960 552.221374512 179.36289978 26.7631835938 59.3581542969 0.997444987297
960 498.407775879 175.594772339 24.2268676758 57.3453369141 0.17943367362
960 203.453674316 193.999450684 18.4554138184 31.9353637695 0.0929928272963
990 503.628112793 173.929901123 27.4145507812 58.8919372559 0.996782302856
990 444.385864258 180.392883301 20.8366699219 45.5538024902 0.603213787079
990 620.182495117 180.338500977 18.8175048828 69.8934326172 0.191075772047
1020 582.54888916 166.658538818 29.7249755859 75.4039916992 0.990336060524
1020 167.39440918 188.621566772 19.4375305176 29.4172363281 0.838456094265
1050 577.91027832 179.675308228 29.9819335938 56.0560913086 0.996600329876
1050 47.4669456482 188.249542236 16.4964370728 36.2096252441 0.353827208281
1080 468.498260498 179.245132446 20.9459228516 44.0631408691 0.994206190109
1110 506.534606934 166.742599487 20.9311523438 52.2638549805 0.986934900284
1140 588.655822754 163.015792847 28.3089599609 79.8983764648 0.999057352543
1140 534.795715332 180.346725464 19.7249755859 45.0940551758 0.21019308269
1140 467.011444092 160.328414917 20.8441772461 58.3551330566 0.147684916854
1170 536.857727051 171.573730469 18.5123291016 52.4493713379 0.961074709892
1200 569.849853516 168.058044434 27.31640625 58.9337463379 0.992726802826
1230 541.103149414 175.408248901 20.4031982422 47.070098877 0.994551360607
1230 79.7785491943 182.57359314 16.5355987549 33.8117675781 0.553898334503
1260 442.143432617 175.492645264 28.025390625 43.8561096191 0.347889184952
1290 464.481384277 174.394180298 18.2017822266 50.2560119629 0.99694365263
1320 482.843414307 169.836044312 24.4702758789 47.9665222168 0.255877107382
1380 541.467468262 160.097183228 27.8055419922 60.1172485352 0.297850966454
1380 613.331237793 157.104949951 25.668762207 75.5983581543 0.130048453808
1410 595.182495117 141.688323975 25.2957763672 81.2338867188 0.926735043526
1440 484.611846924 181.823806763 18.7274780273 45.0756835938 0.0906775295734
1470 387.116760254 183.521957397 17.3037109375 32.7089233398 0.660279095173
1500 222.87600708 186.769897461 16.0538635254 25.1091918945 0.16023683548
1530 403.281616211 176.325164795 17.9260253906 37.0169677734 0.993005096912
1530 412.826843262 183.37612915 16.8589477539 33.012298584 0.558669567108
1560 412.044281006 181.645874023 22.6494140625 39.3854675293 0.993491828442
1590 414.434265137 175.176605225 20.3138427734 37.7251586914 0.997762680054
1620 413.471099854 182.214691162 16.6934814453 38.2205505371 0.994213402271
1620 609.12109375 170.198059082 21.5587158203 45.3472595215 0.781781673431
1680 529.853881836 176.503585815 17.5982666016 41.6596679688 0.979882895947
1710 567.834838867 169.20489502 28.9426269531 59.9891662598 0.997463107109
1710 525.672973633 179.74432373 16.9322509766 40.6643066406 0.995442867279
1740 406.819549561 173.128768921 19.8596191406 40.4440307617 0.996947944164
1740 525.897277832 170.874832153 26.9705810547 60.8406982422 0.987343192101
1740 505.679962158 176.520187378 19.0539855957 50.016204834 0.981522917747
1740 497.245758057 169.083526611 16.7660827637 50.498260498 0.915706515312
1740 473.033966064 172.698379517 17.4451293945 54.0978088379 0.525885879993
1740 584.545227051 176.335449219 25.0667724609 52.3106079102 0.0703267082572
1770 482.603820801 162.980209351 25.39453125 66.5674133301 0.998266816139
1770 581.81640625 174.050888062 22.1878662109 55.0026855469 0.992388904095
1770 359.342346191 172.673080444 18.6279296875 39.0732421875 0.781888365746
1800 513.519897461 171.582565308 19.5209960938 58.9455871582 0.992980599403
1800 478.418609619 169.342132568 23.6607055664 58.5422058105 0.989455640316
1800 410.092956543 161.445892334 24.6461791992 62.8078918457 0.883069574833
1800 500.566345215 177.547302246 18.8231811523 49.1971740723 0.135368347168
1830 462.369567871 157.342178345 29.6328125 69.7536315918 0.998887598515
1830 410.389892578 168.99621582 30.364440918 64.3431091309 0.990123093128
1830 231.64616394 165.516067505 21.9169311523 52.7249450684 0.950647234917
1830 347.79977417 163.212768555 22.1657714844 57.3235473633 0.70291864872
1830 121.39214325 164.260162354 27.3218765259 51.5680541992 0.588154613972
1830 453.377929688 162.677062988 18.3970947266 68.9781188965 0.148213997483
