30 481.380493164 162.591033936 16.9445800781 42.1184082031 0.982576131821
60 268.850280762 164.033294678 16.9870605469 31.6059265137 0.974693953991
60 494.754364014 167.488296509 16.3517456055 37.7924194336 0.108042053878
90 621.505981445 152.585571289 17.4560546875 72.2350769043 0.394543409348
120 506.100860596 156.794921875 24.5112609863 60.4475097656 0.987291395664
150 571.986694336 153.018005371 25.5799560547 67.4240112305 0.99001955986
150 437.323425293 159.176635742 47.0375366211 107.619720459 0.987272918224
150 586.704101562 160.571640015 20.1287841797 70.920501709 0.449524760246
180 562.283935547 154.921066284 57.3382568359 154.74055481 0.999254047871
270 472.971984863 179.716903687 18.1086425781 37.4459533691 0.0781203880906
330 445.93081665 188.443603516 17.7463989258 36.4440002441 0.141799837351
360 468.627441406 185.583084106 23.4904785156 48.4856872559 0.983856916428
360 8.73058223724 187.655517578 16.8938179016 55.4171447754 0.123772621155
450 98.4167098999 187.958969116 18.6855773926 36.4447631836 0.88804101944
480 13.8594045639 178.644866943 16.2127380371 48.3076782227 0.528410077095
480 36.9649429321 177.158752441 19.7837371826 46.2600708008 0.518481433392
480 3.72183895111 176.608764648 17.1644096375 48.7814331055 0.203546464443
510 298.863647461 173.400131226 25.4879150391 31.2267456055 0.080404907465
570 412.036224365 147.364379883 19.0677490234 37.7543334961 0.995988428593
570 422.868347168 142.462402344 16.7194213867 41.606048584 0.967189669609
570 154.61265564 140.854873657 18.9057617188 46.6950378418 0.935618758202
600 21.043636322 164.104858398 23.2233657837 68.0160827637 0.753229498863
660 457.91973877 172.683441162 17.0759887695 43.2098388672 0.994707345963
660 612.395874023 165.013793945 24.3032226562 60.3778991699 0.98336327076
690 501.006622314 171.505020142 21.456817627 60.3647460938 0.993668615818
720 583.252807617 166.099334717 37.1634521484 82.7806091309 0.996482610703
750 620.066833496 157.643707275 18.9331665039 63.7793273926 0.096173427999
810 567.912597656 161.288131714 21.8989257812 55.7189331055 0.0791194140911
840 186.381912231 180.10017395 22.8401184082 46.3001098633 0.541698992252
900 21.0235157013 184.105941772 16.7286968231 49.9088134766 0.95660597086
900 41.4457740784 189.114501953 14.8418426514 40.7457580566 0.905257165432
900 32.0690956116 192.128540039 12.4829177856 44.0155334473 0.137870922685
930 44.1243591309 187.320602417 17.419418335 35.4015808105 0.910690903664
960 318.793518066 183.454315186 19.2592163086 28.5678405762 0.120335116982
1020 3.13359069824 185.521255493 16.7679958344 35.7318115234 0.992332577705
1020 528.226501465 173.143936157 15.6572265625 57.6100463867 0.398260325193
1050 462.365081787 160.590393066 21.5473632812 42.4524230957 0.93779194355
1050 90.8918685913 161.765960693 15.8706665039 37.9652404785 0.0838318094611
1080 44.340007782 173.96081543 13.823059082 37.5960693359 0.989261388779
1110 357.729095459 171.987442017 16.3778076172 31.6895751953 0.234139606357
1110 179.735107422 166.123565674 17.5575561523 48.4842224121 0.196079447865
1140 510.754760742 174.326950073 19.1063232422 54.3069152832 0.789497077465
1140 527.03527832 178.076324463 16.8044433594 50.4396057129 0.647363901138
1170 378.667724609 177.072921753 20.9862060547 40.7166137695 0.902558088303
1170 366.720245361 187.378601074 20.3258056641 33.6210021973 0.3718996346
1170 63.718837738 189.701980591 17.6405448914 35.9334716797 0.060232385993
1200 2.68026733398 185.535217285 17.8573799133 45.397064209 0.92859172821
1200 391.843505859 184.498657227 18.7723999023 39.0972595215 0.883911371231
1200 355.018432617 185.666915894 19.0426025391 30.4113769531 0.238027915359
1200 336.31942749 182.112884521 17.7082519531 30.7829284668 0.116215735674
1230 401.629516602 186.154266357 22.7019042969 41.5741271973 0.996621131897
1230 361.881591797 182.712692261 18.3619995117 34.5579833984 0.302499771118
1260 413.069793701 174.093276978 28.3908081055 62.5266723633 0.996542036533
1260 480.479370117 185.095504761 15.8942260742 39.381072998 0.993345737457
1260 377.899017334 188.4871521 15.3165283203 31.7498168945 0.300050914288
1290 437.28237915 168.951400757 39.6851196289 83.8345947266 0.999609529972
1290 382.591003418 187.137420654 17.5394287109 33.883605957 0.996073484421
1290 509.597961426 184.572525024 17.5653076172 41.7093200684 0.159527629614
1320 378.559417725 180.237701416 27.3029174805 49.9890136719 0.996914982796
1320 547.870422363 179.57901001 21.7990722656 57.1817932129 0.994257688522
1320 484.574829102 202.017745972 35.4183959961 73.5851593018 0.985272169113
1350 545.747619629 127.426506042 70.1707763672 186.552520752 0.999341666698
1350 401.196075439 178.735366821 27.9455566406 58.519744873 0.997220158577
1350 12.8045578003 195.624786377 18.7672996521 40.3918151855 0.997206628323
1380 425.644744873 176.094192505 32.2036743164 62.3412780762 0.995968341827
1410 543.845214844 178.504837036 19.3515625 45.878692627 0.996013879776
1410 171.86315918 173.887664795 16.0387573242 39.8767089844 0.207806035876
1410 532.572937012 182.466369629 17.056640625 43.3070373535 0.124788545072
1440 428.42288208 158.133712769 37.8871459961 102.274490356 0.998342394829
1440 75.5039367676 193.683959961 16.238571167 39.996887207 0.993824005127
1440 608.58013916 202.128768921 25.9002685547 52.5942077637 0.132098466158
1470 457.096374512 134.296875 55.3475341797 131.897003174 0.985433936119
1470 9.98897266388 184.369903564 20.598285675 41.7886657715 0.954640209675
1470 417.220794678 175.914505005 15.2758178711 36.304107666 0.885379970074
1470 143.9715271 187.03263855 17.2670898438 34.3327026367 0.118496462703
1500 544.057861328 111.73349762 82.4984130859 211.051208496 0.995666742325
1500 13.169588089 181.313247681 15.8601913452 50.0850219727 0.991406917572
1500 447.000854492 176.66065979 17.2611694336 40.2421264648 0.97912311554
1500 36.041229248 183.893127441 17.1726837158 41.638671875 0.976899325848
1500 27.8918113708 180.821853638 14.3868331909 43.2910766602 0.825498044491
1530 475.663513184 173.251098633 23.8817138672 49.2106933594 0.997096180916
1560 527.553161621 153.754699707 30.4189453125 66.8597412109 0.998417139053
1560 57.8730964661 167.324798584 21.9194145203 50.314453125 0.978775620461
1590 622.054016113 142.52885437 16.9459838867 83.1498718262 0.66218328476
1650 547.753234863 160.800842285 22.0380859375 56.847442627 0.056690338999
1710 478.837493896 178.684127808 18.6963500977 38.7297973633 0.996567606926
1710 454.533935547 172.921325684 17.9060668945 37.913848877 0.986091434956
1710 462.081878662 183.813461304 17.0919799805 37.6448669434 0.986091434956
1710 423.561035156 181.640960693 18.3594360352 32.9893188477 0.716216742992
1710 54.692565918 188.391036987 18.0731964111 29.3202514648 0.671356141567
1710 0.0 177.695678711 20.5668792725 48.2248840332 0.136723279953
1740 505.72644043 183.116531372 25.5876464844 56.3315124512 0.998161256313
1740 472.481719971 171.056182861 21.8071289062 49.1109313965 0.997489452362
1740 525.79675293 189.149703979 22.5981445312 50.377746582 0.980686366558
1740 489.336486816 175.749099731 16.0130615234 47.1866455078 0.051487531513
1770 533.720581055 183.821090698 29.6484375 56.8643493652 0.998499393463
1770 591.113342285 174.043212891 24.6804199219 63.4930725098 0.997526347637
1770 491.291442871 177.788879395 21.6243896484 51.4003601074 0.995980620384
1800 573.998962402 177.513412476 33.6650390625 82.7333526611 0.999245524406
1800 518.901489258 177.166473389 27.6970214844 64.4106140137 0.998833358288
1800 620.79309082 177.077346802 16.3492431641 75.7750244141 0.377050489187
1830 562.508056641 181.660293579 24.6143798828 65.4066467285 0.998445570469
1830 621.632568359 186.363677979 17.3674316406 69.7885131836 0.675747692585
