30 426.930999756 185.209640503 33.3416137695 72.2547149658 0.999264061451
30 594.573791504 159.45010376 43.7365722656 127.802886963 0.920751214027
30 357.062683105 196.972824097 15.9009399414 30.498260498 0.563299357891
60 382.708099365 151.08744812 92.1486816406 176.501235962 0.998985588551
60 348.209899902 193.475708008 30.8020019531 78.1555480957 0.997061431408
90 592.296447754 191.126495361 33.3338623047 85.9376220703 0.999474823475
90 130.285186768 168.611450195 54.4663696289 131.468902588 0.991033375263
90 165.292114258 161.77947998 37.5178833008 130.931182861 0.900178730488
120 323.369354248 199.68989563 46.2713623047 104.532516479 0.998373866081
120 229.509597778 174.162261963 126.261581421 205.707824707 0.997607827187
120 500.282012939 221.596801758 40.3583068848 86.0648193359 0.652126371861
120 311.509490967 220.121429443 19.6776733398 65.0126037598 0.406620740891
120 289.978057861 199.79888916 26.0043334961 81.0730285645 0.195093423128
180 509.641357422 180.010314941 15.8184814453 41.4948120117 0.128856882453
240 564.599731445 191.800247192 28.4404296875 57.9898986816 0.683793187141
270 59.7664756775 206.74836731 15.4306297302 31.5790100098 0.972510039806
270 492.656738281 193.970596313 26.0062255859 65.3272857666 0.972395062447
270 49.216709137 205.076293945 14.5628433228 33.8104553223 0.205073013902
270 605.680175781 182.234237671 24.3763427734 66.5944519043 0.0627928748727
300 6.8118185997 210.597198486 15.985452652 31.0576171875 0.966277182102
300 140.136672974 190.154434204 15.5881652832 29.9755554199 0.0509195029736
330 101.746910095 187.864822388 17.4816436768 35.508392334 0.059278447181
510 580.527893066 141.804748535 27.0892333984 61.1473083496 0.995485305786
510 171.506759644 149.892211914 22.6576538086 38.5279846191 0.989050149918
510 189.530685425 147.25553894 20.4656982422 35.8862609863 0.82174885273
540 44.0125274658 157.877578735 41.9024810791 74.1405029297 0.999008119106
540 540.318664551 171.686508179 25.0823974609 42.2590637207 0.879470407963
540 403.163269043 161.003356934 16.7803344727 34.5910949707 0.446807533503
570 571.412536621 181.43019104 18.6931152344 38.0888671875 0.8931889534
600 494.135284424 183.225646973 21.1233825684 39.342956543 0.987237215042
600 4.17499923706 182.636230469 16.0319862366 48.2267150879 0.985495567322
600 546.818786621 48.7318725586 26.4927978516 40.7594299316 0.0513702966273
660 84.5907897949 185.477813721 19.5667419434 40.2568054199 0.997046768665
690 467.934143066 170.090744019 22.7274780273 49.5084228516 0.690229475498
690 78.5643997192 197.478393555 17.2356719971 36.3341674805 0.221570104361
780 455.510375977 176.078659058 16.7839355469 37.5723571777 0.859136939049
780 413.797576904 174.284759521 16.5155639648 37.169342041 0.0795954465866
780 446.17666626 176.491912842 15.841003418 37.3787231445 0.0540707223117
840 428.54788208 159.088821411 17.2160644531 36.0800170898 0.994425415993
840 489.122650146 160.374420166 16.572265625 41.5992431641 0.224452897906
870 434.153930664 160.901077271 17.4766235352 34.4808044434 0.983926355839
870 515.229370117 159.166748047 18.2993164062 54.7000732422 0.978892445564
900 524.321289062 170.535919189 20.970703125 52.7253112793 0.990877687931
900 512.514648438 173.514404297 18.0119628906 45.9320373535 0.937609791756
900 240.002761841 166.81312561 15.5306396484 34.716583252 0.932096064091
900 436.93447876 160.145889282 20.4043579102 43.6603088379 0.455464869738
930 534.240478516 176.839233398 23.5305175781 52.8131103516 0.996183097363
930 506.716186523 176.008300781 17.7153320312 39.4873657227 0.354393541813
960 569.803955078 172.538879395 26.3829345703 72.5117492676 0.990400135517
960 443.611999512 171.691314697 21.3082885742 44.1904296875 0.779581546783
960 521.1015625 185.273071289 22.4742431641 48.3244018555 0.680037438869
960 475.409545898 183.092926025 19.0891723633 36.3949890137 0.0662895366549
990 446.768157959 175.118835449 24.7197875977 51.7862854004 0.973679125309
990 553.716369629 196.056793213 17.8370361328 40.6987304688 0.733780264854
990 482.718658447 183.474212646 24.0443115234 45.734161377 0.178407147527
990 585.641845703 198.360168457 21.3504638672 42.7577514648 0.164101406932
1020 220.285629272 173.128570557 15.767364502 31.4526367188 0.848143577576
1020 621.133544922 188.002868652 17.8664550781 45.9988098145 0.30193567276
1050 590.967651367 189.65272522 24.7548828125 43.2210083008 0.972517251968
1080 155.082107544 185.839492798 15.5141906738 33.5143127441 0.126190856099
1140 23.0321083069 181.561553955 18.8092956543 45.9374389648 0.985326766968
1170 102.00100708 188.973876953 16.9094543457 35.3640136719 0.997770190239
1200 45.6872177124 185.733581543 21.2139587402 42.9038696289 0.997321307659
1230 94.5393447876 185.258621216 15.4880218506 38.8294067383 0.917063593864
1290 500.41305542 173.484268188 17.6467590332 40.4544677734 0.0693752765656
1440 164.983596802 188.912994385 15.9335632324 32.0962219238 0.552680671215
1470 136.905654907 189.849746704 18.7215576172 37.6571960449 0.986695289612
1470 108.185462952 190.819961548 14.4261779785 30.3456420898 0.929284453392
1500 85.6886901855 187.788452148 16.7666625977 41.8079833984 0.997019469738
1500 556.940490723 179.723571777 26.7138671875 55.8774719238 0.993925631046
1530 4.53728294373 184.728393555 18.7481002808 50.537902832 0.98570305109
1680 1.55356645584 63.6800117493 15.0945053101 66.8041381836 0.306963473558
1740 5.88601207733 194.976531982 20.6986732483 42.4680175781 0.996317386627
1740 348.386199951 182.45866394 17.486328125 33.8130187988 0.298939943314
1770 364.81161499 181.50642395 17.3062744141 39.4706726074 0.444271296263
1800 447.961242676 185.138580322 17.7076416016 41.1703186035 0.640773832798
1800 427.012054443 179.210678101 18.4424438477 48.9289855957 0.507225394249
1800 618.025024414 166.821060181 20.9749755859 60.9164428711 0.21488468349
1830 521.401855469 185.629776001 24.2060546875 60.4435424805 0.978271305561
1830 24.0003356934 185.61491394 20.3228378296 37.560760498 0.974003136158
1830 595.626342773 210.741027832 24.7781982422 39.4918518066 0.249841541052
1860 3.32956218719 178.331848145 24.2219161987 48.2064819336 0.977792978287
1860 623.146179199 200.422698975 15.8538208008 58.2754516602 0.122395612299
1860 115.378356934 189.161117554 16.4251098633 34.4370727539 0.0653760880232
1890 114.164070129 173.353027344 15.7724533081 32.1549377441 0.784482777119
1890 103.281776428 160.157836914 16.7182922363 41.8695068359 0.666757583618
1890 90.1670227051 151.801834106 17.068145752 47.818359375 0.481442928314
1890 533.38293457 171.33807373 16.4930419922 32.3702697754 0.113376490772
1890 0.911550521851 191.677474976 16.021730423 52.423248291 0.0979739651084
1920 89.8467559814 172.264190674 16.292755127 32.3701171875 0.98542547226
1950 584.433959961 162.285263062 19.0767822266 39.665222168 0.967229664326
