30 472.558624268 186.997390747 17.8223876953 40.9349365234 0.991377234459
30 551.977416992 172.421630859 22.5764160156 57.1740112305 0.961832642555
60 602.760437012 172.962158203 28.9422607422 64.6133117676 0.997954130173
60 517.643676758 185.25680542 21.3167724609 52.6778259277 0.996001422405
60 504.325927734 180.688323975 22.0911865234 54.0074157715 0.895401358604
90 545.770507812 179.859649658 28.0997314453 65.457824707 0.996840834618
90 65.3584747314 180.052337646 16.9716339111 34.2504577637 0.976000010967
90 56.9642982483 185.413421631 16.0439949036 34.1637573242 0.690730154514
120 600.740234375 183.630218506 33.5112304688 76.2770385742 0.996508896351
120 525.301513672 197.02923584 15.5832519531 39.758605957 0.922462999821
210 534.211853027 174.415267944 20.0034179688 48.160736084 0.433618605137
360 388.407836914 181.191741943 23.4498901367 42.4046020508 0.587023556232
390 386.986816406 177.616714478 21.4926757812 49.5697631836 0.992248773575
420 380.806488037 178.098587036 24.8783569336 55.2698364258 0.948875188828
420 471.629272461 183.18460083 18.7872314453 41.6309814453 0.415385514498
450 387.755645752 184.33744812 20.3251342773 49.2301025391 0.998205304146
480 390.687652588 175.776168823 26.3828125 52.3154602051 0.996304750443
480 550.7734375 182.551727295 21.9721679688 63.0251159668 0.269395083189
510 394.028686523 181.332214355 26.8659667969 58.0640563965 0.996032655239
510 519.569152832 174.177062988 23.1242675781 49.8955993652 0.622105836868
510 620.401184082 181.554489136 18.598815918 57.4535522461 0.299406766891
540 566.066223145 169.307922363 27.4410400391 67.8269042969 0.998204231262
540 409.768829346 173.244888306 29.1104736328 66.7840881348 0.994357764721
540 495.181915283 169.469558716 18.1487121582 44.7754821777 0.96899241209
570 260.658203125 162.270462036 27.02734375 46.1399841309 0.926329672337
570 425.675567627 162.607788086 26.1412353516 71.4700622559 0.738278448582
600 409.316497803 170.149108887 27.1431274414 57.9066772461 0.786963522434
600 541.947265625 173.643173218 18.9367675781 61.6443786621 0.370408028364
600 530.258361816 169.810516357 18.5064697266 49.3338623047 0.214970529079
600 237.756652832 158.967437744 28.307800293 51.0864868164 0.126342982054
630 407.025726318 173.508636475 17.296875 59.1063842773 0.990730583668
630 556.873718262 185.189971924 19.6673583984 49.1362609863 0.795679152012
690 523.978210449 176.326202393 15.9775390625 45.5493774414 0.68132686615
720 6.62464046478 182.961868286 23.0187339783 62.1350708008 0.694657862186
750 529.012695312 178.448394775 16.7750244141 43.6883239746 0.866712093353
750 578.504394531 175.06388855 19.1644287109 58.13671875 0.0921678319573
780 529.327148438 180.794799805 15.1446533203 38.8862304688 0.0887025371194
840 546.893493652 169.310119629 19.8854980469 45.1954040527 0.0957775488496
930 165.15625 176.792068481 18.0317382812 36.248260498 0.174420416355
930 263.985748291 176.887451172 25.7964477539 41.6092529297 0.0562327578664
930 592.435119629 167.563995361 24.1538085938 74.2694396973 0.0556489787996
1020 446.611175537 181.731674194 18.4996948242 38.4141540527 0.917311489582
1050 60.8660850525 184.345672607 15.7827186584 37.9276428223 0.994565010071
1050 466.02355957 185.233444214 15.1916503906 35.6209106445 0.989290893078
1080 489.245483398 180.129592896 17.6040649414 42.5189208984 0.997504174709
1080 44.8384361267 179.852462769 17.3240737915 45.7465820312 0.982690274715
1080 607.564941406 179.110107422 18.0159912109 44.5346984863 0.134306758642
1110 522.448242188 176.906555176 21.8127441406 48.006652832 0.997978031635
1110 511.987213135 180.6224823 17.4664611816 40.1633605957 0.875348269939
1110 620.542297363 175.900970459 17.9724121094 40.6643371582 0.0999899208546
1110 450.465515137 178.874389648 17.5193481445 37.4327697754 0.05697574839
1140 567.63482666 179.7159729 24.7744140625 56.2506408691 0.99803096056
1140 540.484191895 183.681732178 20.6496582031 40.3802490234 0.89399510622
1140 9.56253147125 185.223266602 23.6096611023 36.9984741211 0.394898474216
1140 556.555297852 181.845062256 18.6564941406 44.9041442871 0.376158863306
1170 584.112976074 182.773864746 20.58203125 45.0935974121 0.995962440968
1170 608.747497559 174.838088989 21.1478271484 56.5454101562 0.833802938461
1200 32.0574188232 165.596496582 18.767578125 41.432434082 0.992371320724
1200 612.924621582 172.5599823 23.8236083984 56.8647460938 0.253429800272
1230 555.735717773 167.92779541 19.9053955078 55.1899414062 0.258526057005
1260 379.677062988 182.343429565 19.5673217773 30.0636291504 0.983960747719
1290 384.070465088 180.497009277 19.4280395508 42.7601013184 0.9818328619
1320 387.575134277 183.142028809 24.9095458984 49.9945983887 0.998255431652
1350 413.385925293 185.975402832 18.2674560547 47.2339782715 0.996931433678
1350 542.45916748 167.823364258 27.6497802734 60.3659973145 0.956570088863
1380 415.936401367 175.731506348 28.6431884766 59.5364685059 0.998428463936
1380 148.227203369 186.871444702 21.9088439941 31.7204284668 0.139467969537
1410 423.243377686 180.84552002 32.2479858398 67.6038208008 0.998776733875
1440 424.761749268 170.6509552 42.0587158203 92.5558929443 0.99950671196
1470 440.757049561 167.187988281 45.5961914062 109.981719971 0.999168872833
1470 489.96295166 183.642974854 24.887512207 68.733795166 0.655573248863
1500 473.491333008 174.445220947 40.6072387695 104.464630127 0.998409688473
1500 556.776733398 175.013046265 20.4543457031 48.9645080566 0.963384151459
1500 607.773864746 184.940795898 31.2261352539 78.067199707 0.946147143841
1530 509.66897583 167.429504395 45.9584655762 108.748199463 0.999442994595
1530 588.784301758 171.782730103 20.2080078125 58.8576660156 0.982972860336
1530 549.40637207 167.539413452 21.8435058594 60.9507141113 0.834831833839
1560 479.240539551 177.961013794 16.930847168 37.1114501953 0.997489094734
1560 536.431884766 167.257598877 48.6667480469 111.828186035 0.997317254543
1560 574.379577637 171.781677246 23.4024658203 75.7674560547 0.948439538479
1560 28.7773246765 184.935379028 17.4174423218 47.0868225098 0.752088427544
1560 39.2258033752 185.022857666 15.3663864136 41.5084228516 0.424145668745
1590 537.816040039 165.851119995 50.619140625 124.235366821 0.999379396439
1590 463.205688477 184.017059326 18.8015136719 39.5845947266 0.995117783546
1590 86.3056259155 185.764434814 15.9247436523 32.096862793 0.99286699295
1590 617.308227539 173.740310669 19.4691162109 42.0524902344 0.933521449566
1590 76.1073913574 187.874923706 15.7299194336 32.7564697266 0.862320303917
1590 261.998931885 169.460540771 19.8905639648 43.3913269043 0.631748378277
1590 47.9358863831 185.482513428 15.7880401611 33.7541503906 0.51751023531
1590 495.184692383 176.547134399 16.5601806641 48.8202514648 0.0503002367914
1620 543.910888672 170.726806641 46.166015625 101.656066895 0.998516261578
1620 483.62689209 173.690704346 20.1213989258 47.6744995117 0.994706332684
1620 73.4763259888 184.958282471 16.4457855225 31.4997253418 0.983179450035
1620 61.4822540283 187.803390503 17.0962982178 35.0737915039 0.943619787693
1620 535.089782715 173.222518921 26.7169189453 63.7480163574 0.815999448299
1620 84.0833740234 178.688171387 16.1996307373 34.045501709 0.494883090258
1620 550.65246582 185.024093628 18.7740478516 53.2422180176 0.220233902335
1620 190.909515381 177.529495239 16.3447265625 37.4851989746 0.0530094467103
1650 170.236785889 184.888290405 17.147857666 30.0054321289 0.99640840292
1650 511.78024292 175.294952393 20.7242126465 60.2155151367 0.994595110416
1650 11.1499099731 177.004989624 20.6741409302 38.6698913574 0.991566717625
1650 519.02520752 173.602661133 32.0892333984 86.6264343262 0.856488823891
1680 177.342391968 175.540222168 16.4942321777 36.5192565918 0.997393250465
1680 138.368652344 182.147232056 19.9410095215 35.4598693848 0.99630177021
1680 500.665649414 166.620758057 31.6544189453 93.2364196777 0.988566696644
1680 527.497680664 164.846618652 27.8685302734 64.3635559082 0.988264203072
1680 310.792785645 150.535232544 38.3541870117 66.6416625977 0.73409229517
1680 36.3847160339 187.031433105 19.5530319214 42.3818969727 0.485222429037
1680 248.89302063 158.020523071 25.1226959229 46.3267211914 0.138871818781
1710 472.679260254 159.965805054 40.3023071289 98.6280059814 0.997972071171
1710 557.383544922 165.122528076 23.6079101562 57.3190307617 0.997111797333
1710 138.960525513 178.231246948 19.2869567871 32.9698486328 0.996415734291
1710 314.707305908 145.93927002 36.3911132812 68.2373657227 0.983980059624
1710 150.789916992 178.305007935 18.4331359863 31.3938293457 0.927460372448
1710 541.388671875 172.153045654 17.4200439453 51.928527832 0.666838407516
1740 427.7371521 180.436904907 25.1943359375 66.5406188965 0.998404920101
1740 574.302124023 166.674911499 24.5104980469 56.0798950195 0.996724188328
1740 135.542541504 179.368865967 16.8801574707 35.7535095215 0.994935631752
1740 556.495483398 172.961364746 16.6595458984 53.4318237305 0.933561861515
1740 102.100601196 181.953125 18.9935760498 36.5814208984 0.903863430023
1740 311.45111084 137.508834839 41.3923339844 83.6791992188 0.260051488876
1770 563.476745605 165.664489746 21.5728759766 60.6264953613 0.99809461832
1770 589.983642578 161.967529297 23.8360595703 62.9911804199 0.998092234135
1770 57.3048934937 185.410293579 25.5487670898 44.4775695801 0.971341490746
1770 10.4873228073 178.762695312 17.408493042 48.2803344727 0.932890176773
1770 579.320617676 164.451660156 20.3382568359 67.5809631348 0.763828456402
1770 516.279602051 174.756530762 18.0537109375 53.0130004883 0.122382000089
1770 623.760009766 172.850326538 15.2399902344 53.9031982422 0.10198237747
1800 602.372009277 170.180328369 23.7247314453 68.3186645508 0.997788190842
1800 577.303405762 169.966552734 21.6378173828 65.615447998 0.997714400291
1800 31.935546875 182.857757568 18.2603759766 50.2036743164 0.996492087841
1800 150.222640991 182.898376465 15.5863342285 37.5202941895 0.973638653755
1800 1.70327949524 186.54977417 20.0585479736 50.2107849121 0.897073626518
1800 173.674835205 171.722549438 19.7905883789 41.2864379883 0.869888961315
1800 588.745056152 164.814880371 23.2595214844 70.6293029785 0.823782026768
1800 523.725280762 182.052642822 18.4378662109 48.4200134277 0.482499212027
1800 203.217056274 139.894134521 28.9593200684 73.6208496094 0.370454996824
1800 163.858932495 181.341430664 16.3261108398 38.6720581055 0.180938899517
1800 617.01953125 162.777648926 18.6549072266 65.1323547363 0.172481507063
1800 19.6678543091 178.702545166 15.3635177612 50.6535949707 0.0773276314139
1830 613.818603516 166.337188721 23.4615478516 69.6038513184 0.998113632202
1830 89.4375152588 185.572341919 16.006072998 36.7208251953 0.993860721588
1830 598.217651367 170.988815308 21.1811523438 70.8889770508 0.979209423065
1830 587.977722168 170.886154175 16.9654541016 58.5761108398 0.200200140476
1860 609.05078125 174.939285278 22.9573974609 61.0443725586 0.994436979294
1860 522.478149414 182.583572388 20.0975341797 47.0635986328 0.907291650772
1860 79.4170837402 182.705047607 16.7429351807 44.2752380371 0.87101149559
1890 95.9202194214 189.399475098 18.4402923584 34.7330322266 0.980517208576
1890 520.678100586 180.962081909 20.8326416016 55.185333252 0.973289489746
1890 611.315368652 169.29335022 21.9633789062 81.3125610352 0.937203764915
1890 572.462219238 182.696502686 18.3542480469 51.390045166 0.867808461189
1920 523.21697998 184.694213867 19.9288330078 50.4517822266 0.994012176991
1920 88.4946975708 192.72064209 17.5785064697 38.539276123 0.993064820766
1920 578.809814453 182.707290649 17.5174560547 40.1062927246 0.384663045406
1950 525.289794922 189.056945801 20.8345947266 45.9092102051 0.979324638844
1950 54.6143836975 184.241333008 16.088809967 43.1803588867 0.951195240021
1950 513.898986816 186.688796997 17.1024169922 46.9499511719 0.560038089752
1950 576.555603027 183.746795654 18.94921875 40.582611084 0.119536459446
1980 523.532836914 186.864242554 18.8541259766 52.9801940918 0.985952496529
1980 52.5172653198 187.326171875 16.1678085327 42.5932617188 0.883434832096
1980 574.465759277 187.807891846 22.2912597656 47.3003540039 0.801912844181
1980 63.287109375 189.308807373 16.839553833 40.669708252 0.241245791316
2010 47.1506614685 184.696929932 17.2558860779 38.8544921875 0.99658125639
2010 519.10760498 187.668777466 19.6384277344 49.2546386719 0.991715252399
2010 579.861938477 185.330978394 18.5731201172 42.964263916 0.893507242203
2040 520.769287109 187.926727295 20.3739013672 49.680480957 0.985502123833
2040 572.231628418 186.589691162 20.6416015625 47.063293457 0.708930313587
2070 520.182739258 186.04498291 20.5067138672 51.7948913574 0.996668875217
2070 573.681213379 188.703704834 23.2589111328 49.6246948242 0.484077215195
2100 521.056518555 187.500076294 19.6082763672 48.1582336426 0.995049774647
2100 26.5304145813 190.214126587 22.4240264893 41.6622619629 0.975089848042
2100 572.045776367 186.277603149 23.0867919922 45.6556396484 0.822674036026
2100 142.555633545 186.168914795 18.7530212402 31.5343322754 0.056106351316
2130 20.1560783386 188.77935791 22.6360206604 39.6473388672 0.997758209705
2130 515.067565918 185.383270264 20.5639648438 51.1571655273 0.997100174427
2130 137.553833008 188.1640625 16.6548461914 27.2804870605 0.972241342068
2130 526.86151123 181.950866699 19.7022705078 56.6609191895 0.792145729065
2130 574.042480469 186.568969727 20.5994873047 47.5965881348 0.351833492517
2130 508.347137451 192.783706665 14.7209777832 38.6394958496 0.104141935706
2160 509.188049316 182.761108398 21.3294677734 52.7101745605 0.996892809868
2160 25.5344657898 188.126586914 17.8065490723 37.9022216797 0.996675610542
2160 10.9279127121 195.13269043 23.3249397278 38.1448669434 0.92057043314
2160 574.896057129 183.779144287 20.5997314453 46.8988037109 0.881738305092
2160 524.331726074 188.693145752 16.2506103516 44.0384216309 0.369129180908
