30 38.4200057983 176.425140381 19.8301391602 52.7350158691 0.872791707516
60 492.113494873 156.50302124 19.9694519043 48.5168151855 0.996975183487
90 530.516296387 146.30871582 29.228515625 66.8133544922 0.995807647705
120 439.632446289 161.458221436 17.0121459961 34.8500976562 0.991947114468
150 466.982116699 173.679870605 19.1513671875 35.661895752 0.994975566864
180 499.058563232 184.150283813 21.7739562988 42.2222900391 0.98632568121
180 385.74710083 178.356567383 15.9753417969 32.4098510742 0.954842448235
180 9.54117965698 198.267501831 16.6825180054 38.043762207 0.781700372696
180 132.763671875 182.745803833 20.7445983887 39.0620727539 0.776525318623
210 431.95413208 179.996734619 21.3096923828 44.9350280762 0.921118021011
210 542.893066406 196.084945679 25.0178222656 38.4776000977 0.81144541502
210 386.565063477 186.536483765 16.7572631836 32.7672424316 0.432262986898
240 437.74987793 172.211746216 24.9672851562 53.847442627 0.998367607594
240 593.837341309 180.888824463 30.19140625 68.7870788574 0.998001158237
240 458.312042236 173.46295166 23.5392456055 52.0417175293 0.996927082539
240 0.0 193.468994141 18.5703773499 49.1676025391 0.995350837708
240 332.434509277 183.707778931 20.3482666016 41.6915283203 0.585213780403
240 369.201202393 187.132736206 21.2382202148 38.7167358398 0.449944764376
270 370.130645752 179.061096191 19.4021606445 39.4613342285 0.864368915558
270 488.794464111 189.647796631 17.8977661133 46.0479736328 0.748824357986
270 382.701171875 181.308166504 18.5291137695 38.6094055176 0.05773826316
300 534.774536133 145.328308105 43.1937255859 93.9249572754 0.994007349014
300 577.592895508 178.137710571 23.8389892578 58.473236084 0.959108352661
300 559.34362793 151.866043091 35.8732910156 95.2645263672 0.104258909822
330 496.747955322 175.166549683 19.6311340332 42.4541015625 0.28865006566
330 455.209991455 177.377624512 19.4697875977 52.4162597656 0.245364665985
360 5.58926963806 184.43359375 16.5165939331 37.4281921387 0.715296685696
360 539.918762207 169.244995117 22.9897460938 83.0853271484 0.65824919939
360 553.913696289 174.22644043 21.1767578125 73.4982299805 0.106304131448
390 25.1742630005 170.024414062 22.4197311401 57.0817260742 0.8039727211
390 1.31479358673 166.172897339 19.4602127075 49.7780761719 0.100260406733
420 1.39550495148 176.005615234 16.4724960327 48.9538879395 0.0992058292031
450 107.312042236 163.755599976 17.2140960693 32.1113586426 0.41336274147
450 116.005592346 171.774978638 15.4934463501 26.3324279785 0.138565450907
480 74.2937316895 171.95854187 16.1803131104 32.4828796387 0.993531525135
540 9.23399543762 194.895141602 19.356628418 41.9878845215 0.660313844681
540 2.33661079407 200.558914185 15.0325889587 42.4903564453 0.0619286820292
630 610.918640137 198.909576416 22.2966308594 49.7396240234 0.984329104424
630 583.31652832 155.51550293 19.3765869141 32.2020263672 0.200623527169
720 115.641403198 185.32232666 19.079574585 47.8226013184 0.421196132898
750 44.57081604 172.18838501 20.1544036865 55.2524108887 0.998033225536
750 496.739624023 177.145629883 23.3188476562 47.7688903809 0.997806251049
780 535.104614258 157.596191406 27.2386474609 62.4480895996 0.997021853924
780 552.068603516 155.677612305 19.1931152344 60.2039794922 0.883296728134
780 508.042572021 165.169189453 14.8128967285 34.9322509766 0.0811867639422
840 153.433364868 170.842269897 20.3555908203 40.1903076172 0.960276007652
870 91.8412246704 173.198135376 19.7991485596 46.3305969238 0.996321201324
870 583.938354492 173.507781982 20.1790771484 44.9425354004 0.989105761051
870 3.15610599518 178.623550415 22.5090560913 59.6103820801 0.9593937397
930 5.38505268097 178.958404541 23.6928749084 54.1358642578 0.994649708271
990 441.549072266 172.781494141 17.8843994141 42.4266052246 0.95610588789
990 129.854888916 182.836013794 16.4155273438 38.2997741699 0.917496979237
1020 596.518188477 173.96244812 24.8178710938 45.161895752 0.94427716732
1020 459.987518311 169.865264893 15.6466674805 43.9724121094 0.654081344604
1020 480.437438965 173.510437012 22.0850830078 47.5338134766 0.204202145338
1050 81.8329620361 191.889068604 17.1177978516 31.6997680664 0.996240139008
1050 479.217681885 174.223968506 21.5458374023 42.607208252 0.070122487843
1080 12.4554853439 183.55921936 22.3675613403 42.0859069824 0.983603000641
1110 528.012329102 171.751190186 24.2053222656 59.5131835938 0.997526347637
1140 567.132507324 163.065551758 25.7683105469 70.0260925293 0.995979309082
1140 549.193725586 162.983657837 28.1748046875 67.5273132324 0.969987630844
1170 594.176208496 170.760467529 17.6314697266 66.3899536133 0.997349381447
1230 455.084289551 155.190124512 22.7344970703 42.447845459 0.910406947136
1230 62.4871940613 176.035293579 20.8455085754 38.8238525391 0.220191687346
1260 448.505432129 144.212524414 23.9251708984 44.7884216309 0.974651575089
1260 76.3995513916 181.556762695 21.1441955566 37.605682373 0.968611419201
1260 109.707931519 176.545654297 16.4228363037 32.0982055664 0.821610450745
1290 59.2836532593 184.344314575 18.7132415771 39.8212890625 0.906058430672
1350 603.89251709 159.466766357 19.3475341797 40.7513427734 0.874026119709
1440 47.9553146362 193.056488037 20.2338027954 36.4062194824 0.997190415859
1440 63.9505233765 193.107727051 16.8798828125 39.8342285156 0.0714649930596
1470 55.1999130249 192.669677734 19.6323394775 39.245300293 0.994725644588
1470 68.0212173462 195.421173096 15.4547424316 36.7251281738 0.494063705206
1500 49.5052223206 193.669036865 19.3950386047 40.2796325684 0.995669364929
1500 121.06627655 187.140716553 16.403968811 36.286315918 0.982556521893
1500 63.0048522949 189.760421753 17.4933929443 35.9916381836 0.909593820572
1530 48.2736167908 196.869674683 18.3417701721 40.8642578125 0.900355994701
1530 114.623031616 192.027435303 18.2382965088 38.0284118652 0.410205185413
1530 60.9296646118 197.961593628 18.9766845703 38.7310791016 0.191159009933
1560 38.5056610107 203.535705566 17.8114624023 34.6516113281 0.99116230011
1560 54.2211990356 207.39402771 15.1714172363 32.8657531738 0.360468715429
1590 434.182861328 188.966552734 18.0109863281 36.8745727539 0.106530487537
1650 416.879760742 179.217254639 17.216796875 36.4633789062 0.0748181566596
1680 440.894836426 182.495574951 17.4943847656 33.342590332 0.904432892799
1680 522.589660645 184.495681763 20.3752441406 43.2733154297 0.133810907602
1710 462.558959961 180.733612061 17.8969726562 39.6814880371 0.0631373971701
1740 560.08807373 169.182769775 19.8380126953 47.1468505859 0.0990694239736
1740 583.44934082 161.742599487 28.7694091797 53.2054443359 0.0840250551701
1740 485.571777344 163.516723633 18.7708740234 44.822479248 0.0570807270706
1800 586.814819336 156.718688965 36.2687988281 80.4618530273 0.995152592659
1830 551.606933594 164.290100098 32.3210449219 75.595916748 0.131716415286
