150 597.105224609 172.191299438 26.9172363281 75.4854736328 0.660609841347
150 134.70149231 187.391647339 16.5725708008 32.686340332 0.500468671322
180 109.509780884 187.825927734 16.3979187012 34.5242004395 0.991567194462
210 69.6566390991 193.635742188 14.9370422363 40.3277893066 0.349328488111
210 78.2178878784 188.772201538 15.2372894287 36.4247436523 0.0582588985562
240 94.3903579712 191.410858154 17.6356048584 28.8960571289 0.985403835773
240 3.06011962891 187.196395874 16.1568565369 42.5113220215 0.90712082386
240 109.707756042 187.64491272 15.6839141846 33.8876037598 0.128442361951
270 52.7230606079 190.248657227 16.4734191895 35.8354797363 0.987779438496
270 44.5197753906 198.888717651 16.0573806763 31.3548278809 0.983247578144
270 622.176940918 168.983627319 16.823059082 53.7996826172 0.918082177639
390 367.810546875 161.902008057 17.4032592773 36.6611938477 0.107394181192
420 376.265716553 175.874572754 17.6583862305 34.3059082031 0.906848669052
450 366.123260498 183.79385376 17.2531738281 34.0481872559 0.925033926964
450 478.59274292 167.570510864 19.395690918 46.8557128906 0.155627608299
480 31.8559093475 188.324539185 15.3304767609 32.2926025391 0.905391693115
480 367.486846924 180.892929077 20.4871826172 33.6829223633 0.279219180346
540 8.08652496338 193.755050659 13.9508876801 38.2812194824 0.711077094078
540 376.884887695 185.164550781 20.2385253906 41.6741027832 0.100682482123
540 606.961364746 165.726348877 20.9968261719 64.2297973633 0.0564402267337
570 397.095367432 183.297683716 31.2671508789 56.4978027344 0.943024456501
570 457.489318848 196.235214233 20.4964599609 51.4697265625 0.466550439596
570 470.389434814 197.930175781 18.2145996094 51.4393005371 0.125140011311
600 453.547485352 182.794189453 30.2186279297 69.80078125 0.998583555222
600 602.899475098 191.963043213 21.7315673828 60.4489440918 0.84403270483
630 506.604675293 185.878570557 46.8542480469 95.623840332 0.997051239014
630 24.5595550537 184.349273682 18.9794387817 39.0136108398 0.990659236908
660 475.843017578 152.731323242 62.6582641602 116.032592773 0.999140143394
690 42.5133056641 172.100204468 20.6071014404 38.7363891602 0.998068392277
690 112.677276611 174.286880493 16.1234588623 34.7887878418 0.99549305439
690 497.38067627 172.558792114 15.7415161133 36.099822998 0.170740738511
720 104.106376648 169.838012695 15.599395752 36.3875427246 0.993245065212
720 18.2868881226 160.998840332 23.3615493774 48.0837402344 0.544059872627
720 254.552703857 124.50579071 58.3311767578 129.904388428 0.355871856213
720 113.798904419 171.662277222 15.4967498779 37.8742370605 0.114328332245
720 510.050994873 164.671554565 17.2960510254 34.6011962891 0.105175614357
750 59.7135353088 125.23361969 93.9115753174 168.111999512 0.997311234474
750 502.285797119 167.658691406 17.2872009277 33.6967468262 0.989925146103
750 11.8146495819 166.141448975 21.2418689728 42.1207580566 0.931765556335
750 60.1627502441 143.374603271 34.5525054932 74.9354553223 0.876724302769
750 82.8426361084 140.217193604 36.8843688965 73.5243225098 0.8128926754
780 77.3906555176 168.453689575 21.4906311035 43.1450805664 0.996533274651
780 609.457397461 162.364486694 29.5426025391 79.2333984375 0.0887192413211
780 531.071777344 173.396133423 16.8881835938 38.2688598633 0.0613311566412
810 534.790039062 173.570800781 16.5836181641 39.436920166 0.986117899418
810 16.3993644714 175.050582886 22.4377365112 50.6217346191 0.341014236212
810 545.437438965 179.058258057 17.3664550781 44.3291931152 0.123829558492
840 84.1124572754 174.336730957 19.1727905273 44.4862060547 0.996064960957
840 552.577880859 180.048248291 17.6004638672 33.6702270508 0.966602087021
840 101.643600464 178.247955322 14.9952392578 39.0195617676 0.27822765708
870 32.5168075562 180.026245117 20.1336135864 48.679901123 0.997160792351
870 96.6249160767 177.931030273 21.5907745361 43.1666564941 0.996335744858
870 589.93963623 182.190765381 15.3995361328 45.041595459 0.729136943817
900 88.0002593994 181.920883179 24.3003082275 52.3180541992 0.998208284378
930 73.4833221436 187.20362854 21.0932617188 50.4747619629 0.99825578928
930 205.29737854 187.803283691 23.2341308594 46.3220214844 0.996781587601
960 30.7707099915 177.453582764 26.3692169189 51.6684875488 0.997278153896
960 606.838989258 182.214263916 21.1416015625 52.1495056152 0.996186435223
960 159.809585571 185.640441895 24.5237121582 51.0667724609 0.9949888587
990 70.1492156982 186.173049927 29.5690155029 59.1420898438 0.99407273531
990 100.212638855 178.483596802 20.8321228027 53.7033996582 0.918210625648
1020 11.1711463928 177.130157471 19.2408485413 57.8868713379 0.98931491375
1050 414.604370117 184.8331604 20.8848266602 31.512298584 0.26841661334
1050 74.952835083 177.898086548 23.9594268799 47.563873291 0.219284713268
1080 401.165710449 178.564224243 28.2713623047 54.7503967285 0.987945199013
1110 425.951934814 171.811019897 35.6680297852 84.0071411133 0.999060928822
1110 191.058990479 184.672912598 20.8433532715 39.9601135254 0.923615038395
1110 277.72744751 172.167526245 21.1613769531 37.5 0.763335287571
1140 515.340148926 169.539245605 36.5089111328 94.3281555176 0.99625647068
1170 92.1343231201 181.333999634 16.4353790283 36.9390258789 0.987341105938
1170 177.648040771 179.239776611 17.3656616211 40.7998657227 0.855832397938
1200 122.559486389 178.89352417 24.1010971069 56.8129577637 0.998298943043
1200 485.124511719 174.312026978 21.3969116211 47.6655883789 0.969455897808
1200 472.089569092 176.394744873 17.674987793 38.8145751953 0.776899337769
1200 54.846534729 184.922973633 15.9858474731 40.4566955566 0.261524885893
1230 81.6809158325 178.339096069 24.008895874 56.3276977539 0.997640490532
1230 33.1433372498 179.756256104 23.5399856567 43.184173584 0.995833992958
1230 523.707763672 171.505096436 20.548828125 58.7904968262 0.96754181385
1230 509.176513672 178.075592041 15.6614990234 48.6683959961 0.201322168112
1260 534.78112793 175.708953857 26.3740234375 64.4483642578 0.992865562439
1260 17.500535965 179.298309326 29.997297287 58.2381591797 0.992785096169
1260 3.30887794495 174.620346069 22.7950572968 53.9732971191 0.55631172657
1290 559.381286621 177.283813477 32.9769287109 75.2008972168 0.9983279109
1290 537.266906738 169.58253479 28.3698730469 75.0376586914 0.994679510593
1320 572.158569336 176.763031006 41.2479248047 78.138092041 0.998010694981
1320 476.064178467 169.531234741 29.6552734375 71.4077453613 0.992114543915
1320 557.146972656 174.962295532 28.0056152344 79.8804321289 0.834661364555
1320 143.665222168 189.447616577 17.0221252441 34.8708496094 0.376343250275
1320 608.909912109 172.675064087 21.1071777344 51.1885986328 0.291524320841
1350 315.293762207 153.208236694 49.881652832 107.802078247 0.999397158623
1350 490.239074707 175.693130493 48.1170654297 88.4903717041 0.999242782593
1350 596.698425293 166.430648804 26.1241455078 58.662322998 0.85682964325
1350 92.9811630249 178.327178955 23.5726776123 50.2666320801 0.432398080826
1380 79.2041931152 150.627746582 65.3659210205 128.137969971 0.999198377132
1380 306.109741211 158.782440186 64.2569580078 119.263641357 0.998889863491
1380 608.433837891 160.479522705 25.5537109375 71.4975280762 0.993637084961
1380 43.7715835571 180.715499878 13.6806716919 43.231048584 0.432559400797
1380 506.515197754 171.376785278 18.0139160156 39.5486755371 0.366697102785
1410 0.658828735352 144.560760498 84.1893157959 151.938751221 0.999608576298
1410 514.229370117 172.87020874 17.9847412109 42.7102355957 0.951897501945
1680 173.169021606 178.185287476 15.1485290527 36.950592041 0.621862888336
1710 552.159423828 174.375686646 28.3503417969 62.136138916 0.996884644032
1710 510.115478516 176.224411011 17.9997558594 43.893157959 0.938643157482
1710 484.424743652 175.35760498 16.7017211914 41.8663330078 0.655405700207
1710 522.330688477 182.139404297 17.3240966797 42.3504333496 0.0840728208423
1710 501.828826904 173.054824829 16.4277648926 40.4939575195 0.0723324865103
1740 619.945373535 175.392211914 16.5120849609 58.9832458496 0.994899809361
1740 541.303466797 178.641571045 20.9038085938 51.7049560547 0.280976384878
1770 125.620056152 189.023376465 16.2120666504 31.7569274902 0.898257374763
1770 86.5135726929 180.735244751 21.9313049316 47.283416748 0.184791877866
1800 9.13759613037 183.657897949 21.4827690125 54.3934631348 0.989430785179
1800 412.228912354 176.871322632 16.1150512695 31.1014709473 0.369809895754
1800 91.8404159546 185.922576904 17.8657836914 41.559753418 0.104342117906
1830 607.998413086 60.2844085693 20.2797851562 42.391494751 0.973093152046
1830 586.13269043 144.771362305 32.6784667969 87.1329345703 0.728077709675
1830 420.241210938 170.023712158 17.9939575195 34.6472473145 0.43453630805
1830 33.8167457581 182.296157837 20.6385421753 49.4046936035 0.210440054536
