240 29.2519702911 214.467193604 15.4260044098 35.2823486328 0.952882230282
240 541.381530762 188.7578125 18.8757324219 29.9546203613 0.104322806001
270 27.5165023804 202.954559326 16.6605453491 35.6039733887 0.973665475845
330 426.675201416 172.999649048 20.5590820312 33.3858947754 0.977757036686
390 33.4187965393 223.414978027 13.7976989746 34.8425292969 0.789746165276
420 426.049438477 196.317504883 23.2399291992 58.2241821289 0.997002542019
420 132.419326782 209.112426758 15.6015319824 32.5166015625 0.991599917412
420 123.103263855 209.96182251 16.4826126099 34.4010314941 0.971097588539
450 450.341064453 183.100753784 24.0219116211 69.3265380859 0.997656583786
450 31.7109947205 225.015792847 15.9149093628 37.0821685791 0.973762333393
480 483.536468506 166.044113159 36.2605285645 95.7325897217 0.999043524265
480 134.197509766 205.83442688 15.2890319824 36.0850524902 0.985708713531
480 124.06842041 210.014907837 15.4124145508 35.4962768555 0.817509114742
510 554.947814941 137.490844727 57.3182373047 138.4949646 0.99893528223
510 456.635223389 205.200027466 17.2118530273 39.0430908203 0.993102550507
540 128.425811768 197.434036255 20.1560668945 43.1324157715 0.473695039749
570 131.558074951 198.040878296 15.6321716309 38.3606567383 0.992580235004
570 123.366317749 198.097625732 13.7518005371 36.3591308594 0.0625024586916
600 340.60836792 199.305557251 20.2353515625 37.1666870117 0.996081650257
600 120.367019653 197.226303101 15.2679443359 38.8152770996 0.0641821324825
630 355.872009277 199.711303711 20.0628662109 38.211517334 0.994194447994
660 353.239257812 198.431869507 21.2379150391 40.3232116699 0.995846092701
660 94.8274078369 190.47064209 20.4487762451 44.1073303223 0.951629698277
660 333.846191406 199.077774048 16.7396240234 29.7819213867 0.944594323635
690 92.3410186768 184.13470459 17.5993041992 49.6575012207 0.992504119873
690 331.266479492 192.722854614 18.456237793 35.7660522461 0.661744832993
690 314.756500244 192.563446045 16.5277099609 32.9795227051 0.229005336761
720 90.0767974854 179.927307129 17.8391876221 47.7414550781 0.437199801207
750 90.2900390625 183.89239502 19.3055419922 44.639465332 0.734560549259
750 315.935821533 186.498291016 15.6071777344 37.169708252 0.624290347099
750 327.324676514 188.853897095 18.5002441406 37.7358703613 0.154789820313
780 90.6520614624 183.5181427 17.0629882812 41.7088012695 0.0844270884991
870 83.7785415649 188.07711792 23.6864013672 64.9691467285 0.731547176838
870 352.700531006 190.189285278 25.9451293945 53.236907959 0.627050876617
900 465.803039551 178.400024414 24.6896972656 49.5867004395 0.99581605196
930 454.591339111 180.107971191 26.9211425781 58.3421936035 0.994307935238
930 88.0857009888 184.767425537 18.4889678955 39.3626708984 0.464116752148
960 362.34362793 191.086975098 19.2676391602 54.4107666016 0.991547524929
960 316.88269043 191.398025513 17.6326293945 31.0440673828 0.578001797199
960 349.736328125 197.928039551 21.3553466797 48.0373535156 0.252214074135
990 443.923461914 181.161468506 27.4638061523 57.1352539062 0.998136639595
990 231.91734314 177.235046387 30.7187042236 63.9962158203 0.0973129123449
1020 424.15447998 178.289901733 25.29296875 62.6798400879 0.995499312878
1020 353.751464844 191.474182129 23.3619384766 53.1862487793 0.864655733109
1050 412.080322266 186.075561523 22.6246948242 59.0634155273 0.997227847576
1050 384.886962891 184.167922974 22.2557373047 56.1084899902 0.99695456028
1050 89.5257415771 184.063308716 24.1399230957 48.4392089844 0.70923769474
1050 400.467468262 195.425460815 14.5850219727 48.5543518066 0.617711544037
1080 382.763519287 185.530639648 24.5856323242 57.6702880859 0.995900452137
1080 87.7762069702 185.777053833 23.073928833 43.2791442871 0.995833277702
1110 360.713897705 186.244277954 26.2430419922 55.7044677734 0.996218025684
1110 87.7909927368 182.260345459 25.0205535889 48.8086853027 0.832660734653
1140 359.351257324 186.02394104 29.2873535156 63.5514526367 0.997187197208
1140 83.9555053711 180.881454468 25.0609283447 50.1713562012 0.994746387005
1140 347.28692627 190.60736084 22.6896972656 49.630859375 0.16195243597
1170 376.193237305 192.084396362 23.396484375 49.1949157715 0.996445000172
1170 344.199310303 190.273132324 24.1752319336 45.6960144043 0.879637420177
1260 80.5170288086 188.529525757 22.4640045166 45.8167724609 0.949322760105
1290 76.3458938599 190.200897217 20.3720855713 45.6061401367 0.988067924976
1290 479.918518066 199.18762207 19.137512207 45.9764404297 0.438709825277
1320 416.357727051 185.438186646 26.1754760742 67.9617614746 0.0717173591256
1410 85.6398544312 193.999145508 24.9416656494 58.7014770508 0.075718075037
1470 517.812866211 181.924163818 17.2359619141 41.6472167969 0.995230615139
1470 449.821228027 186.245834351 16.9442749023 36.8708496094 0.851428925991
1500 386.935943604 159.229156494 23.1991577148 61.4023742676 0.873519062996
1530 418.726928711 160.032363892 32.6605224609 75.4063110352 0.998030841351
1530 40.7929649353 177.916244507 22.757019043 47.7137145996 0.979401946068
1560 503.574768066 127.502082825 52.4600830078 142.556304932 0.999148726463
1590 576.462890625 158.105285645 20.9979248047 52.9879455566 0.116774149239
1650 121.981506348 170.471252441 18.7649536133 29.4190673828 0.99098700285
1650 599.35546875 141.226196289 24.98046875 69.0728149414 0.357777744532
1650 553.797302246 137.72454834 29.0037841797 69.3584594727 0.309678256512
1680 454.700805664 166.66015625 14.7533569336 38.4566650391 0.884353935719
1710 587.672973633 178.483535767 26.5065917969 66.240020752 0.816075801849
1710 14.8228931427 174.749755859 19.8782482147 44.0933837891 0.092753611505
1710 303.945068359 172.244689941 20.6211547852 32.8567504883 0.0539231412113
1740 311.164489746 166.735229492 15.7909545898 34.4322509766 0.358410537243
1740 607.186584473 172.814483643 20.908203125 66.4398498535 0.0595826245844
1800 492.037139893 148.719863892 21.1047058105 63.1939086914 0.992210865021
1800 361.603973389 153.84475708 17.0310058594 44.9244689941 0.796416401863
1800 426.271759033 152.280990601 15.6765136719 38.6938781738 0.377756267786
1800 396.101074219 155.093704224 17.2180786133 40.8588256836 0.0948407500982
1830 395.841430664 151.662704468 19.4010620117 50.1349487305 0.387457281351
1830 406.764343262 145.041671753 21.3241577148 49.9344787598 0.0564600490034
