60 141.346054077 198.540130615 14.4593811035 28.870880127 0.0698055028915
450 14.872376442 176.019592285 17.1246643066 29.7976379395 0.0725019127131
480 434.53225708 161.287536621 18.31640625 52.3189086914 0.961062073708
540 501.273986816 152.855285645 34.0017089844 84.049987793 0.105827979743
570 26.4540481567 185.787918091 16.1416549683 25.3263549805 0.941896677017
570 374.489654541 162.119338989 19.9920043945 47.1214599609 0.0893140211701
600 401.846588135 170.51965332 15.4287109375 38.512512207 0.722921729088
630 448.704772949 164.142425537 15.9261474609 36.3314208984 0.996587634087
660 252.042907715 163.097824097 16.9915771484 29.389465332 0.319550812244
660 39.1902198792 175.756744385 17.4936065674 32.151763916 0.131446897984
720 3.36873626709 183.827804565 16.1699428558 41.651763916 0.128030106425
810 463.345031738 180.773712158 16.18359375 28.2295837402 0.0582697987556
840 397.619873047 188.195297241 16.6315307617 31.3955993652 0.733017504215
870 557.305114746 168.989349365 15.5618896484 33.6115722656 0.951657652855
900 319.71206665 179.215026855 16.5313110352 30.8006896973 0.976599276066
930 530.991271973 173.300292969 22.1782226562 42.9412536621 0.997152924538
930 558.251037598 172.681655884 20.2177734375 31.8279724121 0.944338262081
960 594.074951172 169.333175659 23.0368652344 30.7784423828 0.570995688438
960 330.622650146 172.640731812 14.9741210938 31.2955322266 0.512761950493
960 4.6002407074 180.401153564 13.5586509705 49.044921875 0.294436752796
990 413.272796631 154.27772522 24.2872924805 63.1738586426 0.964707791805
990 331.160797119 152.740539551 18.9626464844 46.5758056641 0.827105045319
1110 468.294494629 187.551361084 23.6714477539 37.2137451172 0.25339370966
1140 368.834899902 156.445053101 21.2196044922 57.0089416504 0.0664218738675
