120 77.8569946289 191.45930481 19.6825866699 41.3880615234 0.989982783794
120 88.7121658325 187.977005005 19.0332489014 44.2352600098 0.436833947897
330 388.928863525 189.863220215 16.2716674805 40.6968688965 0.984578073025
660 358.096221924 192.726654053 15.8662719727 27.8588256836 0.739860534668
690 379.109802246 187.252960205 15.3999633789 35.3393249512 0.994495689869
690 368.808654785 185.853210449 14.9377441406 40.3291625977 0.812022089958
720 402.861541748 185.175949097 18.7864990234 42.3569030762 0.993389844894
720 557.30267334 162.711578369 36.2738037109 108.25491333 0.913244843483
720 592.649169922 155.546707153 36.9958496094 117.223587036 0.708769917488
750 442.301330566 179.421569824 15.0090332031 60.4980163574 0.99436545372
780 557.329223633 167.727966309 22.4519042969 87.5779418945 0.154587239027
960 211.225036621 171.814590454 18.9639587402 38.7171325684 0.109221085906
1050 453.937164307 156.435119629 20.0529785156 52.7211914062 0.0563633553684
1110 405.140197754 173.75743103 18.3368530273 47.2828369141 0.99687308073
1140 509.013946533 172.303939819 23.5603942871 67.3406677246 0.997854530811
1230 9.77604293823 181.444580078 18.0496711731 55.6981506348 0.0830071568489
1260 90.9257888794 182.710998535 19.23878479 40.421875 0.827680230141
1290 448.723297119 173.291015625 22.1105957031 50.1076049805 0.997721016407
1320 537.422363281 173.730331421 24.19140625 55.8551635742 0.807783067226
1440 368.212738037 175.600112915 16.1029052734 31.5976867676 0.956877708435
1470 385.071960449 179.756271362 18.4838867188 36.8246154785 0.996143162251
1470 378.098602295 190.128509521 16.8368530273 32.066986084 0.9916883111
1500 396.856903076 178.700942993 16.0733642578 36.3955078125 0.983185350895
1500 543.924072266 200.03137207 15.2496337891 25.9035644531 0.943410694599
1500 551.762023926 190.305633545 16.0921630859 33.5944824219 0.878178060055
1530 426.069946289 175.475570679 15.8291015625 43.4563903809 0.789394915104
1560 475.698699951 181.000030518 21.7713623047 48.0261535645 0.997129499912
1560 418.538635254 197.327789307 20.5596923828 40.9906311035 0.635819673538
1590 316.564910889 186.802307129 15.8352050781 34.8963623047 0.990847587585
1590 546.451293945 168.795349121 22.1176757812 55.4863586426 0.963243246078
1620 318.586273193 187.605682373 15.3792724609 31.4121704102 0.289352327585
1650 476.348693848 177.680664062 20.0347290039 42.2396850586 0.996722042561
1650 337.913360596 177.631774902 23.2132568359 54.3194580078 0.994778513908
1680 366.063354492 177.174438477 30.9788818359 67.3175048828 0.998680651188
1680 544.301574707 183.282440186 24.4958496094 51.1016540527 0.997588634491
1680 599.004089355 157.37387085 25.5114746094 76.1114196777 0.49985897541
1710 441.822814941 160.857513428 45.9211425781 130.758331299 0.99965775013
