60 454.519104004 187.683959961 23.3741455078 51.5790710449 0.058497287333
330 516.918823242 179.110427856 21.39453125 53.1930541992 0.983040750027
330 66.4253616333 240.734115601 29.7575378418 52.724319458 0.755038261414
360 602.05657959 185.769134521 24.4184570312 69.1744384766 0.462643384933
360 331.646514893 172.789001465 15.7086791992 35.481262207 0.397545695305
390 358.229309082 162.147644043 23.6022338867 51.8113098145 0.127470508218
450 360.662963867 162.904693604 23.4807739258 55.6199645996 0.995326519012
480 446.046569824 162.138504028 16.3803710938 42.4903869629 0.942887604237
510 313.818206787 187.953186035 21.0952758789 37.1630859375 0.146897062659
660 26.9098815918 204.456359863 17.0620803833 40.4222717285 0.975441873074
660 39.7728805542 204.530776978 15.2129516602 40.9267883301 0.0914569199085
1140 131.429885864 205.892944336 19.1514892578 43.9491577148 0.902401328087
1260 397.065185547 169.234039307 21.0357666016 42.632598877 0.119118437171
1380 325.848327637 164.786682129 17.3823852539 42.2552490234 0.268321931362
1680 238.626083374 179.287414551 24.2327728271 77.8077087402 0.161882698536
1710 278.65524292 184.863967896 16.5797729492 35.9407653809 0.9862434268
1740 278.67388916 184.899078369 17.8319091797 37.0874633789 0.45486831665
1770 0.744220733643 188.627639771 17.1879043579 43.8568725586 0.0939171761274
