60 25.1401062012 201.868011475 20.0845718384 43.797668457 0.317849457264
90 452.760742188 222.084945679 32.6530151367 73.2130889893 0.170617759228
90 550.036010742 157.243637085 22.0616455078 60.003326416 0.150860548019
210 591.319641113 154.29234314 33.1372070312 102.553634644 0.998565733433
240 399.660552979 183.504348755 17.8586425781 38.8997497559 0.997297108173
240 411.572784424 179.58152771 17.7305297852 41.9888916016 0.124308496714
270 441.926055908 184.596191406 18.8853759766 38.1855773926 0.997809231281
270 100.881286621 191.401367188 15.3551025391 38.8157958984 0.944134414196
270 212.906234741 190.482421875 15.0364685059 33.2219238281 0.769617676735
270 202.740493774 189.22718811 16.6661987305 34.7738342285 0.0504920035601
300 494.522491455 181.289993286 25.2908630371 55.0629577637 0.99660217762
300 470.500396729 184.019821167 14.9984130859 42.5257873535 0.0654051527381
300 481.886657715 181.204223633 16.3795166016 46.7250366211 0.0530568026006
330 593.331542969 162.658798218 33.4562988281 87.9564208984 0.999325633049
330 531.207397461 173.376556396 22.3046875 58.1575012207 0.944508731365
360 580.959716797 162.273529053 24.8659667969 64.1216430664 0.998709797859
390 475.262695312 190.484481812 16.0838623047 50.6672058105 0.768763720989
450 312.610198975 168.15486145 16.6685180664 38.9802246094 0.946736931801
480 172.297897339 160.639389038 24.8841552734 41.9515686035 0.773876488209
480 516.18548584 148.718338013 20.9013671875 39.5687255859 0.687263011932
510 372.23147583 151.655166626 20.1231079102 52.4305114746 0.997383415699
510 273.458129883 156.236251831 25.6954345703 52.9435424805 0.994817316532
510 329.374572754 161.945983887 18.0892333984 41.0883483887 0.95894664526
510 360.160919189 154.682006836 17.6798706055 55.8776550293 0.21228915453
540 337.770812988 161.904678345 23.2933349609 41.9410095215 0.50242048502
600 474.95703125 163.798477173 29.3198242188 59.1875915527 0.991537690163
600 354.390655518 165.227722168 25.0921020508 65.5211791992 0.971225440502
600 398.826263428 153.418670654 29.4251708984 70.7180175781 0.168792173266
630 262.171386719 183.067672729 23.3261108398 56.220703125 0.997122347355
630 426.296203613 164.30607605 30.421875 66.0932006836 0.995582997799
630 325.374786377 170.645736694 26.7310791016 56.7295837402 0.845593571663
660 216.0443573 169.833007812 39.7340393066 78.4676513672 0.999465286732
660 304.504821777 174.874847412 38.3895874023 68.305480957 0.998407065868
660 161.025848389 187.025482178 25.4828796387 63.1206970215 0.995747745037
660 377.591522217 178.792373657 27.8374023438 54.3830871582 0.994947135448
660 185.378646851 194.87159729 17.6826782227 51.6867370605 0.335009902716
660 440.723419189 207.28503418 24.2102661133 42.3727416992 0.105739422143
690 49.0451431274 190.021575928 35.0233001709 77.4835205078 0.998107075691
690 76.9547348022 186.929779053 30.2016601562 74.3379211426 0.997358500957
690 211.35005188 191.244873047 28.8155822754 55.5629577637 0.46069470048
750 19.1030597687 217.247802734 16.105474472 39.6025390625 0.855645418167
750 4.83690547943 220.389419556 18.8765220642 38.3475189209 0.28662481904
780 192.188323975 200.536315918 17.857635498 30.9523620605 0.994533658028
780 507.637420654 189.549438477 22.9714660645 41.4221496582 0.989800274372
810 522.793762207 187.508178711 24.0361328125 53.2847595215 0.992860972881
840 599.321105957 176.414306641 33.4210205078 75.6059875488 0.998830616474
840 543.793762207 182.799072266 24.5732421875 58.4112854004 0.990666568279
840 219.148727417 179.947097778 17.6165466309 33.7210693359 0.316531956196
870 120.408584595 178.39163208 16.3376464844 31.1473388672 0.974728703499
870 492.72567749 161.849731445 26.5576477051 76.4346618652 0.947903633118
870 551.039550781 159.178451538 22.9964599609 85.3065185547 0.184988304973
870 428.990722656 173.22492981 19.4691162109 41.2298583984 0.100109182298
900 610.74206543 147.808990479 27.1628417969 109.048400879 0.998815059662
900 109.2159729 175.427429199 19.6566314697 38.2289123535 0.992161214352
900 100.234008789 177.765518188 17.2040405273 32.8494873047 0.0769755393267
930 49.3008842468 175.126403809 19.2815971375 33.8760070801 0.99355328083
930 60.1343460083 175.442306519 19.1076049805 35.8736877441 0.216744542122
960 36.412273407 161.391906738 17.3414382935 32.6143493652 0.994838535786
990 481.001342773 138.778045654 19.8502807617 56.185333252 0.725228488445
1020 321.143737793 146.6822052 18.416015625 35.2056274414 0.932533204556
1050 7.78672218323 149.765975952 17.3720703125 42.9808959961 0.875542521477
1080 190.144073486 152.82522583 15.3165588379 31.1173706055 0.449563831091
1110 238.226425171 161.114746094 20.3949127197 40.9487915039 0.796423017979
1110 208.049362183 158.366729736 21.7462158203 43.9319152832 0.401894032955
1140 189.89755249 178.727996826 23.1887817383 46.9392089844 0.990291178226
1140 236.808700562 173.709899902 16.8624267578 37.4286804199 0.980448901653
1140 262.819152832 173.81980896 20.1760253906 37.1997680664 0.572619080544
1230 234.797180176 184.041473389 22.6579589844 55.4540100098 0.966371715069
1290 111.026832581 196.561401367 19.0685958862 35.3128662109 0.99829941988
1290 3.93263149261 198.613342285 23.4222793579 37.5290222168 0.989599108696
1290 442.571075439 185.816574097 27.3423461914 42.099029541 0.954463720322
1320 612.742370605 157.407012939 23.7233886719 55.4870910645 0.34683701396
1410 7.92502403259 205.199066162 18.7810058594 34.7243652344 0.956751227379
1500 2.35116672516 201.867004395 16.3714904785 36.3860473633 0.365633457899
1530 365.267700195 169.008255005 25.6529541016 68.1268920898 0.972990691662
1530 2.21604537964 164.190826416 32.1669616699 126.224853516 0.879519939423
1530 442.915161133 185.879241943 17.7540893555 42.0458068848 0.513030469418
1530 452.147827148 191.298706055 19.841796875 35.7640991211 0.0885599181056
1560 111.271560669 125.964614868 165.605758667 342.034606934 0.999031066895
1560 384.502685547 181.083496094 25.9957885742 51.8330993652 0.998127400875
1560 21.8786964417 141.999557495 125.405029297 315.657897949 0.987090170383
1560 201.34211731 125.090362549 44.8159790039 314.434448242 0.287823557854
1590 365.468994141 106.82510376 169.875427246 349.073974609 0.999508857727
1590 249.731796265 100.227737427 153.077163696 362.750976562 0.985343456268
1590 354.20199585 131.243041992 65.0227050781 242.446502686 0.757407367229
1590 393.709197998 118.364715576 54.3258056641 267.089294434 0.0593212470412
1620 498.088989258 127.220535278 140.911010742 348.120422363 0.993739366531
1620 393.80847168 185.406219482 23.2559814453 47.2080993652 0.977257370949
1620 588.881408691 143.993286133 47.3884277344 221.539215088 0.299380242825
1620 579.884033203 166.652191162 35.6076660156 125.886413574 0.111429020762
1650 391.633148193 187.014755249 24.1371459961 47.0042114258 0.319852888584
1680 240.516265869 185.562164307 17.9173278809 41.1250610352 0.87599170208
1680 392.745483398 186.504013062 19.6607055664 43.6757202148 0.840084195137
1710 230.800079346 185.688430786 16.1386413574 46.264251709 0.530336081982
1740 390.154541016 188.519424438 22.6077270508 47.383605957 0.858552277088
1770 394.049133301 187.708648682 23.9689331055 49.9986572266 0.333035081625
1800 394.438903809 178.125289917 24.7169189453 59.5787658691 0.989339649677
1800 166.588302612 196.137878418 19.9304199219 60.9835205078 0.133264780045
1830 294.050170898 188.804580688 25.4340820312 52.149810791 0.986975669861
1830 393.122772217 185.12638855 17.7758789062 41.7846679688 0.294486820698
