30 481.18170166 182.175231934 27.2020263672 65.8656311035 0.997012376785
30 568.072753906 162.753890991 23.4285888672 78.6424255371 0.841336429119
30 427.392578125 190.878601074 18.0060424805 46.5410766602 0.20542383194
60 508.491363525 184.036468506 29.6189880371 74.7778625488 0.996774971485
60 483.063690186 180.762176514 20.6553344727 50.3172607422 0.986895084381
60 427.815185547 189.369812012 20.9805908203 54.6087036133 0.818992137909
60 571.111206055 155.090835571 27.7293701172 98.3231506348 0.764914870262
60 586.117797852 163.473617554 27.6218261719 84.689666748 0.0524261258543
90 561.108947754 180.660980225 27.4014892578 72.6470947266 0.998750090599
90 495.02355957 175.908950806 23.5313720703 52.6353149414 0.97796690464
90 579.016357422 182.48223877 21.7681884766 64.3663024902 0.116689659655
270 193.50944519 187.98387146 18.4385986328 34.1701660156 0.17480738461
300 189.622161865 186.934387207 16.4465637207 37.705871582 0.971468567848
330 188.614746094 193.81137085 15.2155151367 38.8708190918 0.759953916073
330 201.29838562 191.713668823 16.239654541 36.0900268555 0.469657927752
360 190.305603027 189.324707031 18.3793640137 45.0276489258 0.975645542145
360 206.584075928 188.99786377 16.0701904297 46.4987182617 0.761243283749
360 135.327270508 190.227401733 18.0710754395 40.6241149902 0.63538402319
360 179.324966431 192.628601074 17.3063354492 41.0310974121 0.162698462605
390 221.630355835 183.773498535 20.8002929688 53.095916748 0.996298849583
390 34.5703277588 210.067871094 16.1769256592 31.7023620605 0.993739724159
390 193.340332031 189.629425049 19.3657836914 47.7035827637 0.973555266857
390 209.223220825 186.119857788 20.7404174805 46.5267944336 0.863315403461
390 25.4938411713 201.45602417 17.2070102692 37.8535766602 0.731948018074
390 137.346847534 190.77003479 16.880279541 42.469329834 0.230410680175
390 176.304077148 189.860519409 17.5684204102 45.5433959961 0.0716995447874
420 233.563766479 184.113128662 22.7956085205 56.9057617188 0.994271159172
420 211.343460083 184.012985229 22.7479248047 57.6543579102 0.993989467621
420 129.22315979 188.324645996 26.044342041 55.9234008789 0.934707462788
420 163.148742676 183.402069092 21.8148498535 53.7942810059 0.923544287682
450 122.923370361 179.528778076 27.7315673828 69.7501220703 0.997550666332
450 77.549697876 186.731155396 23.4052429199 58.9213256836 0.996563851833
450 147.380722046 184.583343506 22.2291870117 67.2067565918 0.685581743717
450 37.0975494385 187.720993042 27.92527771 63.9929504395 0.308185100555
450 94.4482269287 184.532943726 20.9164428711 54.6487121582 0.134712770581
480 562.72277832 131.433135986 52.3111572266 124.876495361 0.999532222748
480 375.214660645 160.360946655 24.1428222656 49.7625732422 0.167070269585
510 252.519332886 123.936965942 67.385055542 186.107406616 0.999497056007
510 141.094909668 172.496948242 31.1687011719 69.1613769531 0.214628383517
570 611.304321289 185.855606079 27.6956787109 63.1483764648 0.869835734367
570 337.312469482 194.900802612 15.6698608398 30.8908691406 0.15492656827
600 221.06427002 198.93031311 15.8577575684 28.1266479492 0.393193215132
630 399.393493652 186.580932617 23.7821655273 49.7421569824 0.998439848423
630 582.743713379 168.193389893 30.2843017578 77.670715332 0.99663156271
630 429.009918213 193.086120605 22.1840820312 35.8914489746 0.970556616783
630 34.9128723145 194.910140991 15.4509506226 42.8272705078 0.914767444134
630 418.603912354 191.280227661 16.4844360352 40.1260375977 0.785796880722
630 105.93434906 199.760421753 16.6194915771 36.9387207031 0.693025112152
660 301.995422363 182.851104736 27.4502563477 56.2221374512 0.996682226658
660 603.997009277 171.397872925 23.9395751953 74.1590576172 0.995721697807
660 415.265228271 189.571426392 17.4696655273 36.7148742676 0.119000412524
660 398.118804932 188.230133057 18.2939453125 29.6353759766 0.0931782647967
690 230.174865723 183.433334351 32.3218078613 64.9404296875 0.997832119465
690 410.659729004 197.838806152 16.7349243164 32.9644165039 0.989285171032
690 558.395324707 170.883575439 37.62109375 96.6124572754 0.980272114277
690 127.816009521 193.998413086 16.7329101562 35.2299194336 0.958461761475
690 163.947021484 191.206390381 17.6566162109 38.945526123 0.123065680265
690 214.198471069 185.298126221 22.790222168 49.6436157227 0.115757793188
690 431.41809082 199.139984131 20.6415405273 34.3715209961 0.0672592818737
720 136.029708862 185.349685669 36.4264831543 81.4109344482 0.996713161469
720 410.999450684 195.343902588 16.5466918945 34.3635864258 0.995781540871
720 437.067840576 192.633422852 19.8444824219 45.262878418 0.995432257652
720 321.699279785 193.587814331 15.9300537109 30.6000061035 0.992935836315
750 9.6434211731 181.91897583 40.62657547 93.5086669922 0.999563038349
750 423.526977539 192.406265259 17.6077270508 37.157043457 0.99651992321
750 434.235687256 192.834442139 16.0946655273 35.8598632812 0.0886154696345
750 447.162994385 194.803390503 16.4420776367 33.5841674805 0.0866804122925
780 439.971954346 196.891983032 17.3044433594 39.4681396484 0.994296371937
780 1.92091178894 201.70526123 17.1201381683 29.1970825195 0.245581150055
810 448.055725098 198.275405884 18.6265869141 39.9089050293 0.996916055679
810 58.9711952209 191.451858521 18.5494499207 41.557800293 0.681657850742
810 421.329498291 191.257919312 16.483581543 33.7598876953 0.578522443771
810 464.901611328 200.690368652 17.1722412109 35.3548583984 0.369918525219
840 471.04119873 195.451766968 17.6964111328 41.7576904297 0.996761620045
840 43.2082061768 191.506973267 16.393447876 42.3543395996 0.984897911549
840 497.409118652 195.427932739 19.4970092773 40.8067932129 0.984467029572
840 51.9907302856 189.041931152 16.5079727173 40.3722839355 0.980035960674
840 16.5974349976 199.613586426 15.8724250793 35.2597045898 0.976001739502
840 483.274658203 190.619750977 17.751953125 40.9591674805 0.626532196999
840 344.499542236 190.925003052 15.492980957 37.4789123535 0.351822197437
870 20.8839492798 188.368850708 18.3105201721 36.1083984375 0.997780501842
870 335.241210938 192.61630249 20.2161254883 43.645111084 0.997428715229
870 482.606445312 196.071075439 16.6164550781 39.2496337891 0.995137393475
870 520.884338379 194.605102539 22.2884521484 52.6036071777 0.986883103848
870 508.750579834 193.192489624 20.0772399902 45.3540344238 0.977931439877
870 499.955780029 198.202575684 16.8276672363 39.6664123535 0.0887334793806
900 340.766876221 182.628448486 24.1280517578 59.0781555176 0.99835985899
900 581.645996094 183.880783081 23.6884765625 69.8945617676 0.997597754002
900 557.275268555 184.374008179 18.7515869141 62.9470825195 0.987325191498
900 103.593971252 184.460540771 19.7534332275 37.0701599121 0.0903092324734
930 371.747406006 176.945449829 27.6332397461 67.6292114258 0.994053900242
960 410.085388184 167.278717041 45.2391357422 87.8598632812 0.998195827007
960 20.6163864136 186.895278931 15.0313148499 38.763092041 0.251454651356
990 397.481262207 178.474868774 18.4946289062 39.6086120605 0.997394919395
990 151.698181152 184.944839478 17.0123596191 28.2124328613 0.98418033123
1020 611.884155273 179.479263306 23.0766601562 53.5869445801 0.997955203056
1020 108.764404297 179.003570557 20.4394226074 33.3054504395 0.960867762566
1050 614.660644531 180.40838623 23.8347167969 59.9338684082 0.994377315044
1050 289.514282227 187.197143555 22.2169189453 39.1506347656 0.99374628067
1080 171.844848633 184.765228271 20.3291320801 36.93359375 0.997118234634
1080 485.766448975 167.44543457 16.0704345703 47.622253418 0.159577533603
1080 166.069610596 175.316253662 17.8460998535 31.6766967773 0.0894526615739
1110 134.551345825 169.339035034 25.7154541016 55.6267700195 0.991404652596
1110 523.399353027 164.893539429 17.0987548828 37.2778015137 0.213509455323
1140 147.061096191 166.361526489 28.8915405273 52.3017883301 0.992106437683
1170 106.041618347 172.914413452 29.4570236206 61.2759094238 0.997809231281
1200 16.4903335571 182.575271606 29.6144943237 64.177520752 0.994430243969
1200 515.181640625 122.345596313 28.7694091797 54.6552124023 0.954392790794
1260 454.850067139 117.928764343 31.4290771484 60.6923294067 0.99301046133
1290 338.073638916 114.625259399 28.5483398438 58.861907959 0.997303009033
1320 209.283630371 109.648849487 28.8533935547 62.7565917969 0.994236290455
1350 106.477645874 110.829345703 33.6401367188 74.403717041 0.988924562931
1380 41.5559692383 112.339134216 26.2677764893 59.6399765015 0.961737811565
1410 2.56971263885 114.621047974 23.1388664246 65.2333068848 0.841451466084
1470 553.477416992 152.423187256 85.5225830078 221.854492188 0.999435722828
1470 6.17358875275 158.623840332 19.6187744141 62.4245910645 0.575306892395
1470 610.258666992 145.152297974 27.5023193359 210.382125854 0.168534234166
1500 235.938415527 126.97303772 112.436462402 257.574157715 0.999413251877
1500 344.66217041 135.661987305 102.693847656 234.966430664 0.997681617737
1530 483.950073242 177.078781128 24.7737426758 57.8939208984 0.952930152416
1560 160.561187744 185.332397461 24.2221374512 67.1044311523 0.982014775276
1590 119.01537323 203.491500854 32.7293777466 55.248916626 0.754528582096
1710 165.057189941 190.034179688 17.7012634277 31.9641418457 0.976986706257
1710 610.899047852 176.404159546 27.3575439453 66.4163818359 0.881462752819
1770 524.133972168 187.645431519 20.2711181641 49.8789367676 0.935513973236
1770 193.179794312 174.593322754 20.3895568848 34.0364990234 0.831372439861
1770 15.2235460281 201.624847412 15.5453290939 36.0556335449 0.0879324451089
1830 109.107841492 185.635818481 14.3015136719 40.8246154785 0.405691176653
1830 63.2887954712 183.292572021 19.1255493164 36.6987304688 0.144725933671
