30 459.829925537 165.714233398 28.9295654297 80.4339904785 0.997349619865
30 441.085723877 177.616744995 25.3466796875 63.0950317383 0.996738731861
120 474.900695801 174.815612793 25.5686645508 69.7061462402 0.998049974442
120 446.175933838 173.434066772 22.0637207031 56.7512207031 0.991475343704
150 442.242950439 186.990188599 27.1517944336 64.7348022461 0.998951792717
150 473.130981445 175.406219482 28.0043945312 76.437713623 0.996585011482
180 464.296051025 171.934020996 34.1346435547 84.6759643555 0.999447405338
180 338.367675781 185.946426392 17.4743041992 39.2323608398 0.651515066624
180 433.313232422 191.820266724 22.7060546875 60.7276000977 0.5018004179
210 407.287353516 176.525985718 36.9140014648 76.7059326172 0.998848199844
210 451.875701904 178.839233398 34.5958251953 76.9629821777 0.998604953289
240 445.259796143 176.103408813 40.4620361328 93.475692749 0.999445021152
240 403.165863037 183.853591919 34.7901611328 74.2420196533 0.999174296856
270 387.987457275 185.208755493 41.4412841797 85.1871795654 0.999208271503
270 455.42880249 176.661437988 30.6564941406 93.7203369141 0.998737514019
300 474.985290527 167.771453857 47.0806274414 109.126739502 0.998472750187
300 388.220367432 178.597412109 47.4246826172 99.1508789062 0.998072504997
330 390.637878418 185.383590698 46.7304077148 95.8312530518 0.99948990345
330 500.798950195 162.285354614 58.2923583984 120.253341675 0.998036921024
360 542.858703613 161.731292725 56.5523681641 136.201538086 0.999533653259
360 394.487976074 185.450500488 50.8568725586 106.301269531 0.999246358871
390 577.842773438 163.338195801 53.1813964844 133.864715576 0.999510765076
390 404.051300049 180.609817505 40.9571533203 112.471389771 0.999167203903
420 423.84777832 172.344909668 54.5523681641 135.027923584 0.999638557434
420 604.63885498 140.400695801 34.1856689453 192.780670166 0.112634986639
420 282.406097412 202.320251465 16.5321044922 41.1970214844 0.0798364803195
450 435.262176514 169.277832031 62.4481811523 145.606811523 0.999597609043
450 553.341003418 140.669403076 85.658996582 203.128509521 0.99945050478
480 459.439147949 170.936355591 64.0078735352 156.03074646 0.998660802841
480 526.653198242 145.849273682 64.4985351562 176.942382812 0.99835050106
480 596.42956543 163.412948608 33.4317626953 131.011611938 0.887939691544
480 572.562133789 151.248931885 29.5734863281 149.349853516 0.606157064438
510 567.365966797 180.065002441 53.2103271484 127.667022705 0.997357666492
510 502.823699951 157.820922852 75.7660217285 187.339660645 0.99051451683
510 481.090606689 155.374526978 54.195098877 159.848251343 0.37026566267
510 563.687316895 197.306716919 18.8194580078 62.1225738525 0.320712655783
540 506.860717773 167.572189331 53.9210205078 138.589553833 0.997837722301
540 579.155334473 138.323928833 53.5964355469 227.284469604 0.997481882572
540 435.675231934 167.903869629 54.9982299805 147.980743408 0.952253520489
540 584.364929199 176.953765869 25.37890625 93.9741516113 0.197764843702
540 606.93572998 200.642181396 29.1278076172 142.904724121 0.11897624284
540 448.968841553 151.990737915 172.385040283 177.145736694 0.0701038911939
570 529.072631836 144.272033691 62.1932373047 168.466125488 0.99947053194
570 464.700622559 162.402832031 53.5 144.059234619 0.998932898045
570 400.482055664 173.442962646 54.5748901367 143.267272949 0.996135771275
570 240.937652588 199.209381104 17.6450805664 42.4912414551 0.981182932854
570 618.612915039 213.565673828 20.3870849609 76.1168212891 0.970349252224
600 494.19744873 155.35836792 56.6997070312 158.224365234 0.999429047108
600 335.341827393 183.383789062 38.8948974609 98.7951049805 0.997822642326
600 425.182678223 172.944274902 48.9744262695 131.182952881 0.996970295906
600 565.380615234 176.059265137 45.76953125 114.710357666 0.99487310648
600 363.837219238 169.482543945 51.2530517578 136.423828125 0.986768960953
630 270.757568359 194.395339966 39.2315063477 84.2946014404 0.999458491802
630 440.185333252 148.807769775 62.5656738281 162.261657715 0.99881029129
630 554.50213623 173.259765625 54.7327880859 129.075469971 0.998624920845
630 375.075561523 178.783157349 48.1180419922 128.035079956 0.998186409473
630 492.040557861 167.304962158 47.9352722168 125.761230469 0.949289917946
630 194.59362793 198.944869995 22.6342468262 50.1229858398 0.933140695095
630 514.432861328 174.012756348 60.4331054688 124.006286621 0.855025231838
630 312.976196289 165.90486145 41.4098510742 93.2056732178 0.606544733047
660 142.63218689 170.52520752 59.4306030273 133.986602783 0.999165534973
660 320.71673584 168.53755188 61.7967529297 133.030563354 0.998980224133
660 208.171524048 149.559844971 67.4785919189 155.180450439 0.998429954052
660 45.6592140198 189.568359375 36.5643882751 102.693359375 0.997923076153
660 73.5835189819 160.419647217 50.985824585 143.350158691 0.996906101704
660 273.082000732 180.857666016 46.4296875 110.40335083 0.99687319994
660 311.084320068 179.8387146 34.395690918 95.2302856445 0.971768081188
750 536.09753418 172.962234497 33.8736572266 86.0841522217 0.999226927757
750 312.306152344 193.035614014 15.4676513672 29.5994262695 0.993528544903
780 600.161499023 173.005386353 33.1977539062 105.595596313 0.998674035072
780 261.745635986 191.298202515 17.823425293 31.9778137207 0.997525751591
810 227.138824463 190.438674927 18.5100402832 33.2566223145 0.99709045887
810 241.276626587 185.975982666 18.0072479248 30.9251403809 0.961872041225
810 494.293579102 171.155731201 26.3762207031 79.2992248535 0.950779736042
840 204.069519043 187.334259033 21.5911254883 36.7377624512 0.996320962906
840 217.018005371 187.513687134 20.645904541 36.711730957 0.99123352766
840 371.458496094 178.375640869 17.7728271484 39.8760070801 0.259178131819
870 187.966033936 191.667358398 21.6322937012 37.3865661621 0.99762493372
870 160.693756104 190.490539551 22.5283508301 39.1514282227 0.996878266335
870 386.318786621 179.19631958 16.7266845703 38.6565551758 0.112536355853
870 424.706665039 183.07232666 15.5305175781 52.0683288574 0.0842776671052
870 174.36138916 193.820617676 17.9405822754 35.4244995117 0.0717854127288
900 144.621765137 190.135040283 25.3861999512 43.9699401855 0.997062861919
900 108.989730835 190.839797974 21.1361541748 46.9954833984 0.9964864254
930 95.0657272339 186.431350708 24.7438812256 55.3118896484 0.996283352375
930 33.0623092651 197.464828491 21.5574188232 56.3235168457 0.995967507362
930 556.173095703 186.415878296 24.8741455078 68.6065368652 0.27513602376
930 491.167480469 178.498260498 23.5424804688 63.5250854492 0.136778876185
930 50.6581802368 197.93182373 14.7519836426 43.9735107422 0.0877657309175
960 28.9181652069 192.18006897 27.7889575958 62.9456787109 0.998276233673
960 125.044807434 195.838226318 17.8259048462 37.6218261719 0.940989196301
960 563.921936035 162.408050537 45.2857666016 112.275054932 0.864831149578
990 142.426055908 188.06350708 22.6367797852 52.930267334 0.992541193962
1020 147.847106934 176.722839355 35.5800476074 65.7474975586 0.997179389
1020 436.276184082 172.527008057 22.1198120117 50.7826538086 0.934791564941
1020 306.891113281 177.597412109 16.7796020508 36.4960632324 0.568714380264
1050 174.88381958 158.949676514 42.3799438477 82.0547180176 0.999474942684
1050 444.23550415 171.623794556 20.5649414062 47.2263183594 0.978010892868
1050 310.455871582 182.463424683 18.0697631836 28.7554321289 0.242699280381
1080 220.708084106 157.131622314 48.590927124 92.5618896484 0.998899936676
1080 463.390777588 168.287979126 20.4506835938 48.5264282227 0.996932983398
1080 497.784240723 160.73248291 21.3204956055 58.6497802734 0.981898605824
1080 474.906585693 164.529510498 21.3611450195 54.4442443848 0.260753422976
1080 566.181274414 173.539398193 19.4595947266 59.2530822754 0.141102194786
1080 314.306793213 162.596313477 24.6563720703 39.638092041 0.0807756856084
1110 276.635528564 154.308288574 53.3020629883 100.953338623 0.999217033386
1110 512.732299805 157.614959717 20.0618896484 57.6435852051 0.997392296791
1110 471.951934814 158.561920166 24.5764160156 68.6681518555 0.997250497341
1110 555.879211426 153.22567749 25.8309326172 81.0184020996 0.910710096359
1110 456.74822998 163.30329895 18.0502319336 52.6289367676 0.791590452194
1140 350.01361084 161.498748779 46.4776611328 104.442687988 0.999561727047
1140 509.22555542 166.742340088 24.7735900879 61.1870117188 0.997106850147
1140 313.579376221 168.112823486 23.496887207 44.7296142578 0.995165348053
1140 481.770172119 157.370025635 30.6592102051 70.0921630859 0.994084775448
1140 568.915527344 152.538909912 27.0600585938 81.0988464355 0.992822885513
1140 526.36541748 160.21282959 18.3226318359 62.3920288086 0.494674772024
1170 409.13885498 169.163284302 46.2645263672 104.425949097 0.999378204346
1170 578.793518066 152.080856323 30.154296875 74.5966491699 0.989969789982
1170 512.554016113 161.216186523 25.3182373047 63.0326843262 0.961246073246
1200 471.081939697 165.4425354 40.905090332 114.621246338 0.998732626438
1200 597.171203613 154.524917603 28.7106933594 85.9985656738 0.995234668255
1200 518.056762695 171.500869751 25.2980957031 61.8756713867 0.704579353333
1200 313.380126953 174.200958252 26.2822875977 49.4455871582 0.405565500259
1230 545.930419922 163.591430664 51.8421630859 132.008972168 0.99934977293
1230 523.487060547 170.779983521 25.2313232422 70.3381958008 0.899779856205
1230 146.911087036 194.570907593 15.7258605957 30.0127868652 0.875882804394
1260 590.797485352 172.60017395 25.1614990234 71.0153808594 0.807690799236
1260 557.56628418 173.133331299 24.4754638672 72.4040222168 0.0630065053701
1320 495.134552002 173.322677612 20.5129089355 48.263885498 0.051978006959
1350 34.0561294556 204.243774414 16.067565918 32.2075805664 0.988058507442
1410 102.912246704 189.302490234 16.1595306396 28.1169433594 0.993886291981
1440 99.170135498 188.52633667 18.9662322998 34.6517028809 0.0665821060538
1500 130.408203125 186.563812256 16.7626342773 41.1520690918 0.972838997841
1500 106.514205933 188.430236816 15.0866241455 36.5927124023 0.345012694597
1530 32.3762359619 199.858093262 16.0713500977 32.5822753906 0.990444123745
1560 28.5353126526 203.329650879 16.1134109497 32.8706359863 0.651408076286
1560 2.88254547119 190.931976318 17.015914917 43.5383605957 0.0780270397663
1590 182.869003296 187.302383423 24.241607666 49.0736083984 0.996704518795
1590 234.453811646 187.161392212 19.1293640137 49.4005432129 0.994916081429
1650 286.115722656 189.325775146 21.5612182617 51.500213623 0.939243912697
1650 218.605682373 197.234313965 20.7066040039 56.0056152344 0.938442587852
1680 198.881118774 185.875427246 32.1499023438 68.0874633789 0.987773239613
1680 285.475646973 185.933044434 21.7540283203 67.047454834 0.877310335636
1710 182.676589966 174.307678223 29.6623535156 76.6711425781 0.998792111874
1710 588.897644043 152.745986938 17.8984375 68.1760559082 0.993204832077
1710 96.8798065186 198.990005493 24.9418640137 57.7724456787 0.951099574566
1710 474.355255127 164.439437866 22.5161743164 53.6648864746 0.745291054249
