30 367.23 178.48 17.83 43.48 45.43
30 177.88 27.67 22.47 54.79 42.79
30 357.38 169.02 20.00 48.78 19.81
30 188.91 66.96 71.30 173.91 18.73
60 159.18 22.91 89.69 218.76 49.59
60 476.79 181.96 17.83 43.48 40.03
60 382.74 172.93 20.00 48.78 36.00
60 443.46 164.00 25.23 61.54 27.19
60 466.36 185.43 17.83 43.48 22.64
60 345.67 167.07 20.00 48.78 2.18
90 454.04 185.48 22.47 54.79 53.50
90 511.52 184.63 20.00 48.78 33.14
90 523.75 185.43 17.83 43.48 24.34
90 408.01 172.33 22.47 54.79 16.42
90 339.82 170.98 20.00 48.78 13.81
90 425.67 172.93 20.00 48.78 12.68
90 323.75 171.52 17.83 43.48 7.70
120 429.84 187.17 17.83 43.48 57.04
120 519.33 176.83 20.00 48.78 53.71
120 488.97 185.43 17.83 43.48 36.95
120 6.16 34.39 20.00 48.78 33.02
120 458.07 166.06 31.71 77.35 32.76
120 352.38 161.54 25.23 61.54 25.04
120 173.96 186.59 20.00 48.78 23.33
120 31.08 25.71 100.71 245.62 11.43
120 524.18 5.75 22.47 54.79 0.41
150 334.18 89.78 17.83 43.48 39.66
150 18.34 55.60 45.20 110.24 24.22
150 116.29 181.03 28.28 68.97 21.55
150 372.99 172.93 20.00 48.78 15.17
150 589.57 180.73 20.00 48.78 13.99
180 335.15 75.38 25.23 61.54 34.73
180 139.61 150.58 31.71 77.35 34.04
180 17.66 181.96 17.83 43.48 14.95
180 90.98 179.57 35.65 86.96 12.62
210 394.86 167.95 22.47 54.79 51.86
210 370.71 178.48 17.83 43.48 46.86
210 339.82 61.71 20.00 48.78 31.30
210 335.68 163.56 22.47 54.79 28.50
210 593.53 186.55 28.28 68.97 14.85
210 430.24 162.97 31.71 77.35 13.72
210 173.62 153.68 31.71 77.35 5.16
240 401.62 168.92 25.23 61.54 43.55
240 454.98 166.06 31.71 77.35 35.05
240 354.85 38.46 25.23 61.54 19.46
240 419.82 176.83 20.00 48.78 15.37
270 449.39 150.73 40.00 97.56 59.02
270 20.62 97.11 50.80 123.90 22.77
270 614.18 228.91 17.83 43.48 15.89
270 256.38 159.08 25.23 61.54 11.80
270 318.53 183.70 17.83 43.48 6.38
270 382.88 181.96 17.83 43.48 4.70
300 357.98 107.01 50.80 123.90 52.37
300 429.93 172.33 22.47 54.79 31.40
300 426.23 82.77 25.23 61.54 21.93
300 568.01 174.52 22.47 54.79 20.83
300 546.63 148.26 35.65 86.96 18.33
300 333.96 180.73 20.00 48.78 16.83
300 218.84 174.88 20.00 48.78 13.90
330 494.22 164.48 28.28 68.97 55.77
330 475.34 20.00 56.55 137.93 50.49
330 455.60 7.24 28.28 68.97 35.87
330 610.71 49.78 17.83 43.48 33.50
330 605.76 151.74 35.65 86.96 27.10
330 7.23 161.09 17.83 43.48 24.91
330 256.38 161.54 25.23 61.54 16.94
330 143.15 168.92 25.23 61.54 9.16
360 591.16 146.60 50.80 123.90 38.52
360 456.89 178.78 20.00 48.78 31.64
360 551.47 12.99 50.80 123.90 28.82
360 370.09 170.00 28.28 68.97 28.80
360 86.54 193.54 25.23 61.54 26.19
360 539.40 8.04 17.83 43.48 24.88
360 246.54 151.69 25.23 61.54 17.74
360 22.13 162.97 31.71 77.35 16.92
360 109.84 143.70 17.83 43.48 4.07
390 467.19 242.47 22.47 54.79 51.08
390 140.79 169.02 20.00 48.78 45.35
390 239.15 154.15 25.23 61.54 7.32
420 453.29 135.12 40.00 97.56 33.07
420 9.11 196.44 22.47 54.79 27.84
420 593.78 139.02 40.00 97.56 6.25
420 234.23 156.62 25.23 61.54 2.53
450 591.01 190.84 31.71 77.35 51.32
450 462.74 55.85 20.00 48.78 31.32
450 339.82 12.93 20.00 48.78 30.43
450 226.18 144.39 31.71 77.35 24.43
450 347.62 7.07 20.00 48.78 21.79
450 517.31 151.69 25.23 61.54 15.79
450 330.06 10.98 20.00 48.78 14.94
450 525.76 16.09 35.65 86.96 5.83
480 116.72 97.24 56.55 137.93 43.59
480 15.68 198.63 22.47 54.79 38.58
480 364.18 23.29 22.47 54.79 38.22
480 101.77 104.63 20.00 48.78 29.71
480 36.79 202.83 17.83 43.48 16.26
480 417.87 39.10 31.71 77.35 9.86
510 68.50 159.87 31.71 77.35 25.64
510 537.00 8.92 25.23 61.54 22.39
540 340.58 156.77 31.71 77.35 19.49
540 140.79 184.63 20.00 48.78 18.57
540 594.32 172.33 22.47 54.79 7.93
540 180.08 112.31 25.23 61.54 5.72
540 205.76 127.39 35.65 86.96 5.10
570 3.75 8.04 17.83 43.48 51.82
570 405.51 141.29 31.71 77.35 42.47
570 567.23 194.13 17.83 43.48 26.11
570 4.21 161.22 20.00 48.78 21.93
570 386.65 188.54 20.00 48.78 9.82
570 563.63 5.75 22.47 54.79 8.42
570 589.57 190.49 20.00 48.78 6.38
570 492.32 123.41 40.00 97.56 5.71
570 63.15 71.74 35.65 86.96 1.94
570 435.33 92.61 35.65 86.96 0.39
600 107.62 188.54 20.00 48.78 44.35
600 254.18 178.48 17.83 43.48 28.55
600 39.63 57.07 40.00 97.56 15.65
600 410.21 185.48 22.47 54.79 15.01
600 163.19 92.76 28.28 68.97 12.57
630 250.06 169.02 20.00 48.78 37.49
630 9.76 110.32 31.71 77.35 31.93
630 393.52 134.86 45.20 110.24 30.87
630 124.15 175.35 31.71 77.35 22.61
630 148.60 98.78 20.00 48.78 21.67
630 157.67 81.72 28.28 68.97 18.20
630 186.07 90.83 45.20 110.24 4.73
660 146.65 87.07 20.00 48.78 50.35
660 4.73 34.25 22.47 54.79 36.35
660 167.23 143.70 17.83 43.48 13.72
660 15.94 63.87 31.71 77.35 5.12
660 94.59 115.34 22.47 54.79 4.75
660 427.90 28.52 80.85 197.19 2.25
660 559.15 127.08 25.23 61.54 2.22
660 343.72 5.12 20.00 48.78 1.25
690 229.28 141.29 31.71 77.35 43.19
690 21.77 178.78 20.00 48.78 29.28
690 458.79 75.17 56.55 137.93 25.31
720 36.29 78.97 28.28 68.97 22.55
720 593.32 209.78 17.83 43.48 12.07
720 272.39 25.22 71.30 173.91 3.11
720 476.71 96.10 40.00 97.56 1.89
750 569.14 42.07 56.55 137.93 41.73
750 515.87 39.13 71.30 173.91 16.41
750 226.10 126.30 22.47 54.79 14.11
750 476.79 114.13 17.83 43.48 13.52
750 317.07 82.17 35.65 86.96 1.49
780 491.94 77.32 50.80 123.90 41.43
780 7.77 77.85 25.23 61.54 30.81
780 562.56 10.24 40.00 97.56 8.92
810 496.90 87.22 50.80 123.90 52.57
810 26.36 220.22 17.83 43.48 4.00
810 119.03 35.06 63.78 155.55 3.61
840 540.79 167.07 20.00 48.78 62.50
840 529.09 169.02 20.00 48.78 46.28
840 204.54 144.39 31.71 77.35 32.39
840 492.01 131.95 20.00 48.78 18.85
840 174.22 147.93 28.28 68.97 4.17
870 4.73 176.71 22.47 54.79 35.28
870 530.75 176.71 22.47 54.79 33.32
870 539.52 165.75 22.47 54.79 28.56
870 598.53 131.52 17.83 43.48 26.79
870 421.14 141.96 17.83 43.48 23.83
870 193.22 146.03 22.47 54.79 15.14
900 559.15 154.15 25.23 61.54 61.92
900 504.45 238.08 22.47 54.79 57.09
900 586.23 117.23 25.23 61.54 35.53
900 606.47 104.13 31.71 77.35 20.88
900 10.23 28.62 25.23 61.54 18.07
900 548.29 170.14 22.47 54.79 14.61
900 557.07 106.52 35.65 86.96 9.47
900 81.62 188.62 25.23 61.54 4.90
930 411.46 104.92 25.23 61.54 57.65
930 598.80 82.17 35.65 86.96 31.85
930 11.90 124.83 56.55 137.93 20.48
960 65.41 184.65 31.71 77.35 50.05
960 118.80 151.74 35.65 86.96 37.15
960 83.75 175.00 17.83 43.48 36.45
960 35.43 7.07 20.00 48.78 36.39
960 552.41 77.61 45.20 110.24 30.91
960 185.00 149.23 25.23 61.54 28.92
960 48.56 205.21 22.47 54.79 12.02
960 353.53 114.83 28.28 68.97 8.42
990 456.20 110.00 35.65 86.96 44.77
990 574.48 121.65 45.20 110.24 42.31
990 433.53 128.62 28.28 68.97 39.62
990 274.32 161.37 22.47 54.79 30.44
990 425.55 146.03 22.47 54.79 12.99
990 8.41 146.83 40.00 97.56 0.05
1020 544.38 171.38 25.23 61.54 50.99
1020 226.63 123.91 35.65 86.96 40.42
1020 564.02 113.48 35.65 86.96 36.74
1020 250.92 128.90 31.71 77.35 24.52
1020 552.16 153.45 28.28 68.97 14.53
1020 109.57 170.98 20.00 48.78 13.61
1020 534.18 4.57 17.83 43.48 11.82
1020 346.64 148.22 22.47 54.79 11.76
1020 10.71 41.09 17.83 43.48 9.11
1020 168.41 119.51 40.00 97.56 3.77
1050 250.37 107.80 40.00 97.56 29.49
1050 105.67 5.12 20.00 48.78 23.15
1050 578.83 53.77 63.78 155.55 18.45
1050 238.55 125.81 31.71 77.35 14.22
1050 106.62 33.58 45.20 110.24 10.10
1080 37.31 6.46 25.23 61.54 98.58
1080 25.00 11.38 25.23 61.54 61.79
1080 97.93 137.83 35.65 86.96 35.23
1080 15.15 13.85 25.23 61.54 29.22
1080 10.06 184.63 20.00 48.78 21.38
1080 72.67 176.71 22.47 54.79 14.11
1080 22.54 87.69 25.23 61.54 9.77
1080 54.18 187.17 17.83 43.48 6.38
1080 495.91 32.44 20.00 48.78 2.91
1110 538.36 112.07 28.28 68.97 75.13
1110 585.98 111.71 40.00 97.56 45.47
1110 175.68 154.79 22.47 54.79 43.03
1110 93.96 182.68 20.00 48.78 24.24
1110 118.70 45.21 22.47 54.79 21.84
1110 396.69 122.15 25.23 61.54 18.79
1110 3.75 34.13 17.83 43.48 14.47
1110 416.38 6.46 25.23 61.54 7.53
1140 541.55 77.32 50.80 123.90 45.58
1140 169.11 154.79 22.47 54.79 15.91
1140 309.40 117.59 28.28 68.97 15.44
1140 346.36 75.87 17.83 43.48 9.83
1140 13.49 163.56 22.47 54.79 6.53
1170 349.57 149.51 20.00 48.78 35.89
1170 4.21 204.15 20.00 48.78 17.41
1170 15.15 171.38 25.23 61.54 10.41
1170 217.00 114.77 25.23 61.54 7.73
1200 82.01 181.96 17.83 43.48 59.47
1200 250.21 167.95 22.47 54.79 53.82
1200 262.88 176.74 17.83 43.48 38.53
1200 537.00 136.92 25.23 61.54 36.36
1200 28.31 128.90 31.71 77.35 34.01
1200 593.78 107.80 40.00 97.56 31.32
1200 56.20 96.09 35.65 86.96 23.38
1200 370.75 45.21 22.47 54.79 22.15
1200 214.18 195.87 17.83 43.48 13.52
1200 495.92 159.35 17.83 43.48 11.62
1230 7.77 213.23 25.23 61.54 64.39
1230 593.62 149.23 25.23 61.54 35.03
1230 125.49 178.48 17.83 43.48 21.10
1230 569.00 151.69 25.23 61.54 10.81
1230 6.67 85.55 31.71 77.35 9.30
1260 598.53 67.17 17.83 43.48 44.45
1260 50.75 5.75 22.47 54.79 40.64
1260 330.06 167.07 20.00 48.78 26.37
1260 241.64 144.39 31.71 77.35 23.86
1260 4.73 45.21 22.47 54.79 22.79
1290 9.11 172.33 22.47 54.79 71.23
1290 211.34 123.41 40.00 97.56 67.71
1290 31.03 121.92 22.47 54.79 32.50
1290 203.23 165.12 20.00 48.78 28.13
1290 225.79 108.44 45.20 110.24 16.07
1320 9.76 156.77 31.71 77.35 61.50
1320 299.67 134.35 35.65 86.96 51.28
1320 31.52 186.59 20.00 48.78 46.41
1320 113.48 188.54 20.00 48.78 41.84
1320 578.85 149.23 25.23 61.54 27.75
1320 572.45 169.78 17.83 43.48 16.54
1320 609.66 154.79 22.47 54.79 13.65
1320 261.10 117.25 45.20 110.24 12.71
1320 529.09 34.39 20.00 48.78 9.46
1320 42.01 188.91 17.83 43.48 2.40
1350 574.18 176.74 17.83 43.48 55.36
1350 593.48 176.83 20.00 48.78 48.24
1350 191.83 119.51 40.00 97.56 22.43
1350 158.35 186.59 20.00 48.78 14.51
1350 6.16 67.56 20.00 48.78 11.07
1380 295.77 171.38 25.23 61.54 42.93
1380 17.93 141.30 35.65 86.96 39.62
1380 612.99 169.02 20.00 48.78 17.99
1380 107.74 185.48 22.47 54.79 17.86
1410 560.10 181.55 31.71 77.35 69.54
1410 44.57 291.38 28.28 68.97 24.99
1410 370.52 86.21 56.55 137.93 18.12
1410 68.10 206.30 17.83 43.48 11.04
1440 184.62 169.78 17.83 43.48 79.27
1440 191.58 173.26 17.83 43.48 42.23
1440 382.88 162.83 17.83 43.48 42.12
1440 138.42 174.52 22.47 54.79 41.86
1440 230.55 10.98 20.00 48.78 32.07
1440 13.40 141.04 63.78 155.55 19.59
1440 313.32 18.48 17.83 43.48 14.07
1440 177.66 173.26 17.83 43.48 2.37
1470 59.52 156.99 22.47 54.79 73.64
1470 13.49 159.18 22.47 54.79 73.43
1470 68.29 154.79 22.47 54.79 52.56
1470 302.81 143.84 22.47 54.79 33.30
1470 85.95 136.90 28.28 68.97 16.34
1470 3.75 164.57 17.83 43.48 15.29
1470 31.52 161.22 20.00 48.78 13.21
1470 207.13 161.22 20.00 48.78 13.14
1470 51.04 159.27 20.00 48.78 9.80
1500 52.45 168.04 17.83 43.48 52.87
1500 541.12 150.69 28.28 68.97 52.78
1500 212.99 151.46 20.00 48.78 34.69
1500 335.91 141.71 20.00 48.78 32.49
1500 390.48 159.18 22.47 54.79 32.15
1500 40.27 166.30 17.83 43.48 18.04
1500 394.91 120.34 28.28 68.97 17.76
1530 324.21 143.66 20.00 48.78 36.14
1530 463.15 130.87 35.65 86.96 31.94
1530 145.80 147.48 31.71 77.35 30.97
1530 400.43 167.24 28.28 68.97 15.55
1560 453.28 102.76 56.55 137.93 42.72
1560 44.69 112.31 25.23 61.54 40.89
1560 472.97 156.88 45.20 110.24 26.70
1560 6.67 39.10 31.71 77.35 20.73
1590 184.62 44.57 17.83 43.48 43.57
1620 261.77 5.12 20.00 48.78 52.80
1620 492.69 149.23 25.23 61.54 41.53
1620 534.18 128.04 17.83 43.48 34.20
1650 484.51 115.61 40.00 97.56 26.42
1650 278.54 134.46 25.23 61.54 3.28
1680 517.31 173.85 25.23 61.54 63.68
1680 532.08 171.38 25.23 61.54 24.16
1680 502.54 191.08 25.23 61.54 20.50
1680 549.84 188.91 17.83 43.48 9.08
1710 4.21 256.83 20.00 48.78 33.61
1710 242.56 107.80 40.00 97.56 33.54
1710 258.76 87.22 50.80 123.90 19.94
1710 92.40 135.07 22.47 54.79 16.43
1710 7.23 112.39 17.83 43.48 15.92
1710 221.92 134.46 25.23 61.54 11.30
1740 125.92 129.54 25.23 61.54 30.06
1740 513.72 135.10 31.71 77.35 23.79
1740 502.50 142.41 28.28 68.97 19.67
1740 414.27 127.32 40.00 97.56 14.81
1740 485.95 142.41 28.28 68.97 11.34
1740 92.01 128.05 20.00 48.78 10.64
1770 6.16 89.02 20.00 48.78 36.85
1770 278.80 127.39 35.65 86.96 28.18
1770 210.72 113.42 31.71 77.35 24.38
1800 12.85 107.23 31.71 77.35 44.18
1800 516.29 92.76 28.28 68.97 44.09
1800 488.41 127.32 40.00 97.56 36.58
1800 111.52 145.61 20.00 48.78 17.72
1800 539.52 126.30 22.47 54.79 17.49
1800 149.83 58.62 56.55 137.93 15.05
1800 406.46 115.61 40.00 97.56 13.69
1800 138.36 70.69 28.28 68.97 8.41
1830 283.17 68.81 45.20 110.24 42.42
1830 305.24 24.77 45.20 110.24 39.31
1830 254.22 142.41 28.28 68.97 38.56
1830 463.88 142.41 28.28 68.97 22.76
1830 333.09 28.52 80.85 197.19 19.56
1830 123.46 102.46 25.23 61.54 12.45
