30 466.63 158.70 35.65 86.96 177.21
30 261.31 13.85 25.23 61.54 55.58
30 342.54 186.15 25.23 61.54 49.29
30 288.38 90.15 25.23 61.54 36.24
30 307.19 181.10 22.47 54.79 34.11
30 162.01 98.48 17.83 43.48 22.68
30 476.71 127.32 40.00 97.56 22.16
30 125.92 186.15 25.23 61.54 16.05
30 107.62 89.02 20.00 48.78 11.90
30 322.26 89.02 20.00 48.78 10.12
30 295.77 176.31 25.23 61.54 9.97
60 561.24 148.07 45.20 110.24 236.32
60 353.53 172.76 28.28 68.97 230.09
60 412.01 188.54 20.00 48.78 74.66
60 325.31 181.23 25.23 61.54 45.53
60 97.66 263.70 17.83 43.48 45.33
60 534.76 117.25 45.20 110.24 41.04
60 120.27 213.26 17.83 43.48 36.52
60 342.54 178.77 25.23 61.54 35.42
60 345.00 63.08 25.23 61.54 35.02
60 292.45 6.30 17.83 43.48 31.39
60 386.63 176.09 35.65 86.96 18.42
60 363.54 174.15 40.00 97.56 17.83
90 437.68 162.44 40.00 97.56 172.46
90 390.85 158.54 40.00 97.56 142.07
90 361.99 178.90 22.47 54.79 63.27
90 381.12 189.31 28.28 68.97 52.88
90 143.15 47.39 35.65 86.96 48.67
90 10.23 176.31 25.23 61.54 28.89
90 309.84 183.70 17.83 43.48 25.26
90 407.50 134.35 35.65 86.96 18.89
90 278.70 152.60 22.47 54.79 11.56
90 199.48 102.76 56.55 137.93 8.41
90 160.54 148.26 35.65 86.96 6.51
90 367.91 27.84 50.80 123.90 2.55
90 26.64 200.82 22.47 54.79 1.53
120 504.27 153.51 63.78 155.55 200.23
120 479.42 147.27 63.78 155.55 134.84
120 78.66 205.37 40.00 97.56 62.79
120 459.72 187.71 45.20 110.24 62.18
120 388.40 52.13 80.85 197.19 61.66
120 168.41 11.56 45.20 110.24 61.50
120 238.10 102.76 56.55 137.93 37.24
120 198.36 57.68 31.71 77.35 35.81
120 192.17 73.16 31.71 77.35 35.72
120 342.88 181.96 17.83 43.48 31.57
120 587.92 172.26 31.71 77.35 19.07
120 215.24 68.78 40.00 97.56 18.76
120 195.05 197.61 17.83 43.48 10.80
120 529.13 134.81 63.78 155.55 10.45
120 132.99 192.44 20.00 48.78 8.07
120 498.06 197.14 63.78 155.55 1.31
150 255.73 97.40 63.78 155.55 88.31
150 585.26 172.76 28.28 68.97 69.83
150 455.31 51.19 45.20 110.24 46.96
150 184.02 18.05 40.00 97.56 30.20
150 417.93 165.65 35.65 86.96 28.10
150 230.21 139.27 45.20 110.24 22.19
150 127.13 211.95 20.00 48.78 17.60
150 591.85 9.13 35.65 86.96 14.08
150 191.03 196.44 22.47 54.79 11.02
150 476.62 39.10 31.71 77.35 9.31
150 195.33 141.30 35.65 86.96 8.02
150 212.55 37.98 45.20 110.24 6.46
150 438.80 40.43 35.65 86.96 2.24
180 170.98 9.13 35.65 86.96 60.96
180 134.04 218.36 22.47 54.79 59.33
180 591.16 166.39 50.80 123.90 55.02
180 260.17 130.34 56.55 137.93 46.14
180 431.85 151.74 35.65 86.96 45.66
180 611.85 84.66 22.47 54.79 40.11
180 379.52 181.10 22.47 54.79 37.98
180 453.28 146.90 56.55 137.93 26.33
180 175.92 197.61 17.83 43.48 15.90
180 242.01 77.61 17.83 43.48 8.27
180 459.72 11.56 45.20 110.24 6.76
180 140.69 136.92 25.23 61.54 3.14
210 474.91 158.97 28.28 68.97 84.19
210 462.81 174.52 22.47 54.79 59.50
210 438.54 171.38 25.23 61.54 57.44
210 512.38 257.54 25.23 61.54 46.41
210 523.23 155.37 20.00 48.78 44.72
210 121.81 7.24 28.28 68.97 35.93
210 175.15 11.38 25.23 61.54 35.62
210 207.23 16.74 17.83 43.48 29.17
210 52.84 120.34 28.28 68.97 22.29
210 189.08 144.39 31.71 77.35 20.65
210 143.88 7.24 28.28 68.97 19.38
210 303.41 121.86 50.80 123.90 15.93
210 442.61 20.52 31.71 77.35 9.05
210 143.15 36.00 25.23 61.54 7.77
240 605.76 103.04 35.65 86.96 81.78
240 398.66 127.32 40.00 97.56 79.74
240 84.02 130.87 35.65 86.96 55.92
240 372.87 107.01 50.80 123.90 48.00
240 607.33 205.86 28.28 68.97 47.74
240 6.67 141.29 31.71 77.35 47.61
240 40.41 11.56 45.20 110.24 39.43
240 273.53 175.52 28.28 68.97 35.27
240 184.02 131.22 40.00 97.56 32.47
240 519.79 150.41 22.47 54.79 25.32
240 560.19 128.57 63.78 155.55 22.86
240 220.79 213.90 20.00 48.78 21.03
240 74.23 82.77 25.23 61.54 19.22
240 420.97 144.39 31.71 77.35 16.52
240 83.19 12.76 28.28 68.97 15.68
240 160.61 197.56 40.00 97.56 11.08
240 594.11 54.58 31.71 77.35 10.91
240 88.71 45.86 28.28 68.97 4.65
240 595.33 85.65 35.65 86.96 3.26
270 187.62 159.27 20.00 48.78 85.40
270 243.88 116.91 50.80 123.90 72.77
270 212.23 84.94 63.78 155.55 55.09
270 379.52 154.79 22.47 54.79 53.92
270 41.28 211.95 20.00 48.78 53.20
270 3.75 220.22 17.83 43.48 47.08
270 562.56 205.37 40.00 97.56 42.45
270 463.15 144.78 35.65 86.96 40.54
270 412.45 157.61 17.83 43.48 31.46
270 345.00 159.08 25.23 61.54 30.52
270 179.82 190.49 20.00 48.78 26.44
270 535.36 63.87 31.71 77.35 12.28
270 587.92 125.81 31.71 77.35 0.63
300 83.75 194.13 17.83 43.48 133.54
300 104.96 116.91 50.80 123.90 87.86
300 26.64 156.99 22.47 54.79 69.15
300 588.02 250.00 28.28 68.97 52.53
300 284.57 145.17 28.28 68.97 36.22
300 535.60 183.79 28.28 68.97 35.70
300 92.40 181.10 22.47 54.79 31.68
300 570.37 142.93 40.00 97.56 28.13
300 64.62 194.13 17.83 43.48 22.46
300 250.06 170.98 20.00 48.78 20.42
300 556.40 190.49 20.00 48.78 18.95
300 241.44 156.99 22.47 54.79 17.56
300 516.81 193.94 31.71 77.35 16.39
300 276.51 156.99 22.47 54.79 13.95
300 491.94 111.96 50.80 123.90 10.88
300 379.46 159.08 25.23 61.54 7.51
300 123.75 58.48 17.83 43.48 6.80
330 552.16 192.07 28.28 68.97 96.00
330 563.19 181.55 31.71 77.35 68.53
330 232.37 138.19 31.71 77.35 59.25
330 31.85 110.00 35.65 86.96 52.89
330 220.79 155.37 20.00 48.78 50.57
330 596.29 203.10 28.28 68.97 42.97
330 182.54 151.69 25.23 61.54 36.63
330 131.04 172.93 20.00 48.78 23.13
330 468.55 95.23 45.20 110.24 21.59
330 10.23 183.69 25.23 61.54 16.05
330 313.33 107.01 50.80 123.90 15.34
330 111.58 181.96 17.83 43.48 11.99
330 294.20 159.87 31.71 77.35 11.80
330 16.98 156.21 28.28 68.97 8.11
330 141.12 156.21 28.28 68.97 7.01
360 29.57 176.83 20.00 48.78 79.43
360 185.26 139.66 28.28 68.97 60.21
360 125.49 171.52 17.83 43.48 59.85
360 324.21 133.90 20.00 48.78 59.43
360 202.23 146.77 25.23 61.54 52.84
360 5.31 114.77 25.23 61.54 52.61
360 39.33 178.78 20.00 48.78 34.28
360 549.84 169.78 17.83 43.48 30.78
360 99.40 175.00 17.83 43.48 25.04
360 18.34 33.58 45.20 110.24 22.82
360 118.53 173.26 17.83 43.48 19.01
360 425.26 203.10 28.28 68.97 17.41
360 221.92 144.31 25.23 61.54 16.03
360 375.92 16.74 17.83 43.48 14.29
360 109.84 175.00 17.83 43.48 12.56
360 342.88 136.74 17.83 43.48 12.52
360 244.57 129.57 71.30 173.91 8.42
360 133.29 127.32 40.00 97.56 7.46
360 3.75 16.74 17.83 43.48 4.09
390 173.62 128.90 31.71 77.35 82.07
390 85.49 169.78 17.83 43.48 58.80
390 78.53 166.30 17.83 43.48 52.95
390 221.38 200.92 45.20 110.24 45.91
390 4.73 161.37 22.47 54.79 44.85
390 341.14 128.04 17.83 43.48 41.22
390 104.62 164.57 17.83 43.48 27.85
390 6.92 176.71 22.47 54.79 20.89
390 237.09 109.87 63.78 155.55 17.25
420 52.45 173.26 17.83 43.48 73.01
420 193.97 141.38 56.55 137.93 60.84
420 84.21 169.02 20.00 48.78 55.37
420 334.46 130.87 35.65 86.96 39.54
420 368.41 184.65 31.71 77.35 36.13
420 512.38 188.62 25.23 61.54 31.88
420 155.96 159.18 22.47 54.79 26.80
420 34.49 51.48 31.71 77.35 20.39
420 66.10 163.56 22.47 54.79 18.42
420 101.14 173.26 17.83 43.48 14.14
450 35.43 188.54 20.00 48.78 60.29
450 45.49 188.91 17.83 43.48 56.69
450 505.00 186.15 25.23 61.54 54.81
450 330.29 128.57 63.78 155.55 43.31
450 172.45 187.17 17.83 43.48 37.49
450 52.95 181.10 22.47 54.79 36.24
450 397.93 148.07 45.20 110.24 33.05
450 90.06 180.73 20.00 48.78 23.74
450 447.13 202.20 20.00 48.78 20.14
450 605.18 229.51 20.00 48.78 13.37
450 210.52 141.38 56.55 137.93 10.89
450 590.78 109.31 28.28 68.97 8.71
450 346.64 284.11 22.47 54.79 7.34
480 41.99 185.48 22.47 54.79 75.36
480 170.98 155.22 35.65 86.96 41.05
480 238.66 162.44 40.00 97.56 39.03
480 17.88 192.05 22.47 54.79 31.60
480 357.60 209.59 22.47 54.79 29.83
480 489.11 198.63 22.47 54.79 27.64
480 62.74 188.54 20.00 48.78 23.55
480 205.49 187.17 17.83 43.48 21.38
480 37.60 161.37 22.47 54.79 18.57
480 141.93 139.27 45.20 110.24 11.44
480 537.33 200.82 22.47 54.79 10.77
510 535.14 192.05 22.47 54.79 94.45
510 188.10 190.65 17.83 43.48 60.84
510 397.67 161.44 50.80 123.90 54.07
510 238.66 162.44 40.00 97.56 46.81
510 4.21 194.39 20.00 48.78 41.70
510 232.16 216.90 28.28 68.97 38.14
510 331.30 203.23 31.71 77.35 30.43
510 11.47 175.52 28.28 68.97 27.22
510 164.02 151.74 35.65 86.96 22.73
510 39.79 196.44 22.47 54.79 21.83
510 61.55 113.79 56.55 137.93 20.41
510 576.38 6.46 25.23 61.54 20.39
510 336.22 162.44 40.00 97.56 20.05
510 4.21 110.49 20.00 48.78 19.52
510 377.83 166.39 50.80 123.90 14.50
510 481.79 104.04 45.20 110.24 9.64
540 586.23 8.92 25.23 61.54 51.99
540 172.01 190.49 20.00 48.78 43.02
540 94.27 14.15 40.00 97.56 41.86
540 58.07 143.67 45.20 110.24 28.20
540 404.08 218.15 25.23 61.54 26.78
540 241.62 193.54 25.23 61.54 25.23
540 486.92 189.86 22.47 54.79 23.10
540 29.92 188.62 25.23 61.54 21.37
540 516.70 203.38 63.78 155.55 16.62
540 355.43 194.39 20.00 48.78 13.15
540 468.60 159.27 20.00 48.78 6.99
570 250.37 158.54 40.00 97.56 55.54
570 578.83 60.00 63.78 155.55 46.30
570 534.76 178.90 45.20 110.24 43.53
570 171.30 185.48 22.47 54.79 39.09
570 24.94 67.87 80.85 197.19 32.91
570 130.71 201.09 17.83 43.48 16.14
570 381.12 194.83 28.28 68.97 1.88
600 201.81 153.45 28.28 68.97 40.41
600 252.28 148.07 45.20 110.24 38.45
600 4.73 176.71 22.47 54.79 30.38
600 351.83 205.37 40.00 97.56 15.94
600 248.71 214.14 28.28 68.97 8.62
600 529.24 224.78 35.65 86.96 7.92
600 419.74 194.83 28.28 68.97 7.33
600 405.51 190.84 31.71 77.35 5.75
600 340.12 158.54 40.00 97.56 4.68
630 205.49 197.61 17.83 43.48 64.93
630 76.79 199.35 17.83 43.48 46.03
630 278.60 146.60 50.80 123.90 42.81
630 405.51 197.03 31.71 77.35 28.18
630 208.56 176.71 22.47 54.79 24.68
630 71.58 194.13 17.83 43.48 22.54
630 437.38 208.05 20.00 48.78 18.19
630 105.69 119.31 56.55 137.93 11.88
630 605.76 165.65 35.65 86.96 7.91
630 105.60 11.23 31.71 77.35 5.90
660 68.29 192.05 22.47 54.79 48.56
660 247.23 180.22 17.83 43.48 36.27
660 268.37 144.78 35.65 86.96 35.38
660 119.03 47.53 63.78 155.55 35.08
660 539.52 148.22 22.47 54.79 30.75
660 328.71 145.17 28.28 68.97 28.08
660 381.12 219.66 28.28 68.97 28.00
660 513.22 192.05 22.47 54.79 27.43
660 5.95 150.69 28.28 68.97 13.08
660 261.14 183.70 17.83 43.48 8.44
690 294.18 188.91 17.83 43.48 103.82
690 268.37 141.30 35.65 86.96 62.34
690 497.87 143.66 20.00 48.78 51.66
690 246.16 176.83 20.00 48.78 47.27
690 331.30 144.39 31.71 77.35 26.61
690 5.31 196.00 25.23 61.54 22.25
690 581.74 190.84 31.71 77.35 19.03
690 129.39 10.24 40.00 97.56 10.29
690 439.35 122.61 71.30 173.91 8.12
720 281.28 188.54 20.00 48.78 103.70
720 226.95 135.12 40.00 97.56 59.77
720 80.16 37.73 50.80 123.90 51.38
720 531.04 145.61 20.00 48.78 48.65
720 257.87 182.68 20.00 48.78 41.88
720 351.03 178.90 22.47 54.79 35.89
720 439.33 276.34 20.00 48.78 33.75
720 457.21 146.60 50.80 123.90 31.80
720 205.18 176.83 20.00 48.78 27.18
720 3.75 248.04 17.83 43.48 26.02
720 398.53 188.91 17.83 43.48 18.49
750 171.30 174.52 22.47 54.79 103.10
750 21.96 18.26 71.30 173.91 61.25
750 253.96 196.34 20.00 48.78 55.12
750 341.14 192.39 17.83 43.48 52.91
750 613.31 132.00 25.23 61.54 42.49
750 181.66 130.46 45.20 110.24 38.46
750 550.11 106.52 35.65 86.96 36.13
750 542.74 141.71 20.00 48.78 34.81
750 402.42 141.29 31.71 77.35 27.53
750 466.63 179.57 35.65 86.96 25.33
750 300.62 189.86 22.47 54.79 23.85
750 347.62 184.63 20.00 48.78 20.36
750 173.96 36.34 20.00 48.78 13.11
750 480.54 137.83 35.65 86.96 12.73
750 199.31 130.46 45.20 110.24 5.36
780 361.99 189.86 22.47 54.79 86.57
780 167.77 168.92 25.23 61.54 55.64
780 40.47 12.99 50.80 123.90 49.77
780 482.80 156.77 31.71 77.35 49.23
780 224.62 187.17 17.83 43.48 47.37
780 349.92 183.69 25.23 61.54 40.80
780 505.26 156.21 28.28 68.97 38.92
780 570.37 178.05 40.00 97.56 37.58
780 473.77 141.64 22.47 54.79 35.68
780 515.73 139.02 40.00 97.56 21.65
780 20.62 17.94 50.80 123.90 20.27
780 232.67 176.71 22.47 54.79 17.59
780 158.15 167.95 22.47 54.79 12.30
780 18.90 75.27 89.69 218.76 11.17
810 460.69 188.62 25.23 61.54 151.71
810 268.69 188.62 25.23 61.54 126.53
810 258.85 188.62 25.23 61.54 90.57
810 447.33 175.52 28.28 68.97 79.34
810 181.41 144.78 35.65 86.96 68.48
810 49.24 11.56 45.20 110.24 63.86
810 82.26 53.90 20.00 48.78 61.90
810 278.54 186.15 25.23 61.54 59.66
810 365.31 209.42 31.71 77.35 44.89
810 547.73 150.58 31.71 77.35 44.69
810 374.54 183.69 25.23 61.54 43.47
810 298.23 203.38 25.23 61.54 29.49
810 55.24 185.85 40.00 97.56 26.64
810 235.46 172.26 31.71 77.35 26.32
810 579.74 156.21 28.28 68.97 9.39
810 523.00 150.58 31.71 77.35 5.90
840 578.17 166.34 40.00 97.56 185.13
840 238.55 178.45 31.71 77.35 180.85
840 226.18 178.45 31.71 77.35 163.36
840 476.62 178.45 31.71 77.35 159.85
840 595.33 176.09 35.65 86.96 108.45
840 189.08 172.26 31.71 77.35 104.04
840 213.82 178.45 31.71 77.35 82.25
840 72.16 164.48 28.28 68.97 80.32
840 176.71 175.35 31.71 77.35 73.99
840 37.60 176.71 22.47 54.79 68.96
840 79.25 38.63 22.47 54.79 59.41
840 102.88 42.83 17.83 43.48 49.95
840 586.20 107.01 50.80 123.90 42.76
840 9.11 165.75 22.47 54.79 42.73
840 63.90 176.71 22.47 54.79 40.93
840 118.70 32.05 22.47 54.79 37.87
840 552.16 145.17 28.28 68.97 26.15
840 189.08 132.00 31.71 77.35 24.28
840 129.66 32.05 22.47 54.79 23.12
840 149.38 194.25 22.47 54.79 21.39
840 297.20 135.12 40.00 97.56 17.01
840 562.56 166.34 40.00 97.56 15.83
840 74.45 12.93 20.00 48.78 14.23
870 141.10 166.34 40.00 97.56 212.38
870 121.59 166.34 40.00 97.56 185.70
870 31.85 169.13 35.65 86.96 185.37
870 582.07 170.24 40.00 97.56 182.27
870 19.03 178.45 31.71 77.35 90.51
870 237.05 163.56 22.47 54.79 53.88
870 45.76 169.13 35.65 86.96 47.27
870 155.17 156.88 45.20 110.24 35.38
870 107.74 16.71 22.47 54.79 33.29
870 582.07 135.12 40.00 97.56 17.45
870 332.45 166.30 17.83 43.48 16.95
870 12.32 45.37 40.00 97.56 14.02
870 86.54 16.31 25.23 61.54 7.78
900 47.15 6.46 25.23 61.54 57.86
900 269.93 165.75 22.47 54.79 45.81
900 176.22 131.22 40.00 97.56 37.14
900 14.18 11.52 17.83 43.48 32.64
900 29.92 6.46 25.23 61.54 32.34
900 166.16 172.93 20.00 48.78 30.47
900 12.45 25.43 17.83 43.48 24.06
900 156.40 180.73 20.00 48.78 23.15
900 468.60 290.00 20.00 48.78 22.99
900 514.81 52.13 80.85 197.19 22.62
930 93.96 178.78 20.00 48.78 65.91
930 117.97 138.19 31.71 77.35 49.44
930 537.33 176.71 22.47 54.79 49.18
930 527.13 196.34 20.00 48.78 44.31
930 63.90 178.90 22.47 54.79 38.93
930 452.84 321.72 28.28 68.97 24.93
930 191.52 174.88 20.00 48.78 24.34
930 234.23 161.54 25.23 61.54 21.96
930 568.01 154.79 22.47 54.79 19.49
960 63.88 145.17 28.28 68.97 52.42
960 15.68 176.71 22.47 54.79 52.36
960 393.52 121.65 45.20 110.24 45.15
960 473.00 151.69 25.23 61.54 38.56
960 48.97 171.52 17.83 43.48 22.76
960 12.69 102.46 25.23 61.54 22.53
960 607.23 178.48 17.83 43.48 20.47
960 94.27 107.80 40.00 97.56 16.46
960 29.92 168.92 25.23 61.54 9.31
960 436.29 128.62 28.28 68.97 6.74
990 472.16 153.45 28.28 68.97 57.80
990 19.40 185.43 17.83 43.48 39.92
990 35.05 185.43 17.83 43.48 34.72
990 59.46 161.54 25.23 61.54 22.17
990 94.59 163.56 22.47 54.79 18.92
990 47.13 176.83 20.00 48.78 16.97
990 212.45 75.87 17.83 43.48 13.40
1020 607.23 194.13 17.83 43.48 52.67
1020 480.43 164.48 28.28 68.97 40.03
1020 192.17 162.97 31.71 77.35 38.96
1020 9.11 121.92 22.47 54.79 30.25
1020 615.92 195.87 17.83 43.48 26.87
1020 117.38 7.07 20.00 48.78 17.52
1020 129.39 131.22 40.00 97.56 16.89
1020 71.77 264.92 25.23 61.54 10.77
1020 89.14 80.69 56.55 137.93 7.61
1050 477.67 167.24 28.28 68.97 73.77
1050 15.92 197.61 17.83 43.48 63.73
1050 7.77 122.15 25.23 61.54 48.89
1050 212.45 88.04 17.83 43.48 41.04
1050 35.05 197.61 17.83 43.48 40.85
1050 96.78 192.05 22.47 54.79 32.99
1050 84.08 161.54 25.23 61.54 32.50
1050 62.88 188.91 17.83 43.48 27.39
1050 466.64 164.48 28.28 68.97 24.91
1050 608.97 195.87 17.83 43.48 21.36
1050 451.88 401.42 31.71 77.35 21.30
1050 482.80 144.39 31.71 77.35 20.50
1050 605.27 137.26 22.47 54.79 10.70
1050 596.51 43.01 22.47 54.79 10.36
1050 189.08 166.06 31.71 77.35 3.47
1080 612.45 199.35 17.83 43.48 113.78
1080 17.87 198.29 20.00 48.78 50.89
1080 480.54 144.78 35.65 86.96 46.37
1080 84.08 166.46 25.23 61.54 45.87
1080 191.85 162.17 35.65 86.96 35.21
1080 59.23 159.87 31.71 77.35 30.98
1080 36.79 197.61 17.83 43.48 29.52
1080 614.18 138.48 17.83 43.48 21.76
1080 45.49 190.65 17.83 43.48 20.53
1080 93.38 121.65 45.20 110.24 18.60
1080 10.06 192.44 20.00 48.78 15.82
1110 85.82 167.95 22.47 54.79 61.84
1110 7.77 127.08 25.23 61.54 60.47
1110 93.96 180.73 20.00 48.78 56.85
1110 480.43 172.76 28.28 68.97 56.61
1110 21.14 201.09 17.83 43.48 49.63
1110 38.53 201.09 17.83 43.48 44.56
1110 470.54 173.85 25.23 61.54 35.53
1110 14.18 199.35 17.83 43.48 33.62
1110 189.30 131.75 50.80 123.90 26.31
1110 45.18 192.44 20.00 48.78 22.50
1110 64.62 190.65 17.83 43.48 20.24
1110 451.88 407.61 31.71 77.35 14.80
1110 501.35 156.77 31.71 77.35 6.46
1110 259.40 208.04 17.83 43.48 5.75
1140 7.77 127.08 25.23 61.54 72.96
1140 480.43 172.76 28.28 68.97 60.17
1140 12.45 201.09 17.83 43.48 52.14
1140 86.54 166.46 25.23 61.54 47.56
1140 21.14 201.09 17.83 43.48 38.32
1140 45.49 195.87 17.83 43.48 36.16
1140 64.62 190.65 17.83 43.48 28.74
1140 215.92 206.30 17.83 43.48 24.65
1140 449.24 398.70 35.65 86.96 20.89
1140 467.34 162.97 31.71 77.35 17.73
1140 83.75 199.35 17.83 43.48 12.85
1140 189.08 172.26 31.71 77.35 12.79
1140 27.46 188.62 25.23 61.54 10.47
1170 83.75 187.17 17.83 43.48 65.00
1170 15.92 202.83 17.83 43.48 57.45
1170 476.71 146.83 40.00 97.56 42.88
1170 45.49 195.87 17.83 43.48 40.49
1170 97.66 187.17 17.83 43.48 37.31
1170 466.64 170.00 28.28 68.97 24.94
1170 36.79 201.09 17.83 43.48 21.42
1170 60.79 190.49 20.00 48.78 20.33
1170 448.79 407.61 31.71 77.35 12.18
1200 480.43 172.76 28.28 68.97 65.49
1200 15.92 202.83 17.83 43.48 61.23
1200 97.66 187.17 17.83 43.48 60.85
1200 35.05 199.35 17.83 43.48 48.19
1200 8.71 123.10 28.28 68.97 44.96
1200 80.43 167.24 28.28 68.97 34.57
1200 469.40 170.00 28.28 68.97 30.54
1200 384.69 148.07 45.20 110.24 23.50
1200 57.66 194.13 17.83 43.48 20.77
1200 422.48 151.55 50.80 123.90 16.93
1200 448.79 404.52 31.71 77.35 13.14
1200 501.41 155.22 35.65 86.96 13.06
1230 477.67 172.76 28.28 68.97 71.48
1230 44.18 185.48 22.47 54.79 46.14
1230 83.19 164.48 28.28 68.97 41.09
1230 614.94 200.24 20.00 48.78 40.98
1230 466.64 170.00 28.28 68.97 33.29
1230 12.45 201.09 17.83 43.48 31.62
1230 35.43 196.34 20.00 48.78 30.33
1230 252.45 202.83 17.83 43.48 25.27
1230 194.90 139.27 45.20 110.24 20.61
1230 22.88 201.09 17.83 43.48 14.22
1230 261.14 208.04 17.83 43.48 11.27
1230 501.41 151.74 35.65 86.96 4.96
1260 12.01 198.29 20.00 48.78 106.43
1260 610.71 201.09 17.83 43.48 80.44
1260 480.43 172.76 28.28 68.97 57.96
1260 45.49 194.13 17.83 43.48 45.81
1260 469.40 167.24 28.28 68.97 41.94
1260 83.19 164.48 28.28 68.97 35.78
1260 191.85 165.65 35.65 86.96 24.36
1260 215.92 208.04 17.83 43.48 22.72
1260 212.99 90.98 20.00 48.78 17.65
1260 19.82 200.24 20.00 48.78 17.40
1260 62.32 166.06 31.71 77.35 13.92
1260 422.48 151.55 50.80 123.90 8.55
1260 36.79 202.83 17.83 43.48 1.55
1290 15.92 199.35 17.83 43.48 90.52
1290 477.67 172.76 28.28 68.97 60.40
1290 7.77 127.08 25.23 61.54 40.35
1290 45.49 194.13 17.83 43.48 39.96
1290 84.08 166.46 25.23 61.54 34.87
1290 64.70 190.49 20.00 48.78 28.79
1290 466.64 170.00 28.28 68.97 28.59
1290 608.97 201.09 17.83 43.48 25.42
1290 36.79 201.09 17.83 43.48 24.83
1290 192.17 172.26 31.71 77.35 17.58
1320 14.18 199.35 17.83 43.48 86.17
1320 477.67 175.52 28.28 68.97 80.52
1320 607.23 201.09 17.83 43.48 50.16
1320 45.49 194.13 17.83 43.48 46.34
1320 7.77 127.08 25.23 61.54 43.97
1320 36.79 201.09 17.83 43.48 38.18
1320 83.63 167.95 22.47 54.79 28.34
1320 66.65 188.54 20.00 48.78 22.19
1320 193.53 178.28 28.28 68.97 20.20
1320 448.79 401.42 31.71 77.35 17.15
1350 12.01 196.34 20.00 48.78 88.52
1350 475.46 173.85 25.23 61.54 64.76
1350 19.82 198.29 20.00 48.78 43.61
1350 608.97 201.09 17.83 43.48 42.03
1350 5.31 129.54 25.23 61.54 33.87
1350 43.23 194.39 20.00 48.78 31.48
1350 97.66 181.96 17.83 43.48 21.27
1350 594.11 51.48 31.71 77.35 13.43
1350 179.38 131.75 50.80 123.90 7.20
1350 485.31 173.85 25.23 61.54 7.07
1350 454.98 407.61 31.71 77.35 6.20
1350 473.77 58.36 22.47 54.79 0.40
1380 612.45 204.57 17.83 43.48 90.26
1380 480.43 172.76 28.28 68.97 71.07
1380 469.40 167.24 28.28 68.97 67.85
1380 9.11 132.88 22.47 54.79 51.74
1380 191.85 165.65 35.65 86.96 39.48
1380 451.88 407.61 31.71 77.35 15.42
1380 216.89 92.93 20.00 48.78 5.31
1380 83.63 167.95 22.47 54.79 2.60
1410 480.43 172.76 28.28 68.97 115.16
1410 15.92 201.09 17.83 43.48 94.97
1410 610.71 201.09 17.83 43.48 82.15
1410 469.40 167.24 28.28 68.97 46.31
1410 45.49 194.13 17.83 43.48 43.85
1410 36.79 199.35 17.83 43.48 30.48
1410 417.52 151.55 50.80 123.90 15.46
1410 22.88 201.09 17.83 43.48 13.53
1410 85.49 183.70 17.83 43.48 13.43
1410 470.54 58.15 25.23 61.54 9.09
1410 129.54 123.67 100.71 245.62 9.00
1440 608.97 204.57 17.83 43.48 112.18
1440 13.96 198.29 20.00 48.78 74.04
1440 474.91 170.00 28.28 68.97 52.20
1440 47.23 195.87 17.83 43.48 36.00
1440 194.26 131.75 50.80 123.90 34.25
1440 93.38 126.06 45.20 110.24 6.64
1440 594.11 48.39 31.71 77.35 3.99
1470 13.96 198.29 20.00 48.78 74.42
1470 548.29 176.71 22.47 54.79 51.20
1470 480.43 172.76 28.28 68.97 50.50
1470 189.08 175.35 31.71 77.35 34.22
1470 43.75 195.87 17.83 43.48 32.20
1470 212.45 93.26 17.83 43.48 25.10
1470 464.25 162.97 31.71 77.35 22.24
1470 497.93 151.74 35.65 86.96 14.65
1470 611.85 121.92 22.47 54.79 14.12
1470 88.97 126.06 45.20 110.24 11.99
1470 22.88 201.09 17.83 43.48 6.71
1470 594.11 48.39 31.71 77.35 3.49
1500 607.23 204.57 17.83 43.48 66.05
1500 15.92 202.83 17.83 43.48 65.73
1500 480.43 175.52 28.28 68.97 60.20
1500 36.79 202.83 17.83 43.48 38.76
1500 470.54 176.31 25.23 61.54 38.65
1500 405.49 206.30 17.83 43.48 37.92
1500 66.65 192.44 20.00 48.78 26.94
1500 47.23 197.61 17.83 43.48 25.11
1500 540.79 190.49 20.00 48.78 19.16
1500 93.38 126.06 45.20 110.24 13.72
1530 108.02 205.86 28.28 68.97 139.18
1530 608.97 211.52 17.83 43.48 106.34
1530 98.85 213.23 25.23 61.54 101.47
1530 35.05 208.04 17.83 43.48 67.80
1530 10.71 209.78 17.83 43.48 59.75
1530 467.34 172.26 31.71 77.35 53.13
1530 377.83 191.13 50.80 123.90 31.88
1530 41.81 167.24 28.28 68.97 25.58
1530 176.22 205.37 40.00 97.56 18.01
1560 8.11 208.05 20.00 48.78 83.59
1560 3.75 140.22 17.83 43.48 73.56
1560 482.85 183.69 25.23 61.54 50.10
1560 31.52 202.20 20.00 48.78 49.14
1560 609.09 258.78 20.00 48.78 31.71
1560 367.15 331.38 25.23 61.54 31.46
1560 415.92 190.65 17.83 43.48 29.06
1560 85.49 169.78 17.83 43.48 26.07
1560 473.00 181.23 25.23 61.54 23.38
1560 123.08 207.40 22.47 54.79 13.88
1560 428.37 155.22 35.65 86.96 12.22
1560 125.49 11.52 17.83 43.48 7.78
1560 197.60 192.05 22.47 54.79 7.18
1590 612.45 208.04 17.83 43.48 70.60
1590 66.65 215.85 20.00 48.78 36.75
1590 348.37 196.96 35.65 86.96 35.38
1590 461.16 169.16 31.71 77.35 30.78
1590 193.48 194.39 20.00 48.78 25.25
1590 477.67 175.52 28.28 68.97 16.65
1620 614.18 206.30 17.83 43.48 71.41
1620 434.77 45.31 100.71 245.62 42.65
1620 196.79 95.00 17.83 43.48 40.48
1620 3.75 208.04 17.83 43.48 35.25
1620 12.01 198.29 20.00 48.78 35.03
1620 177.24 139.27 45.20 110.24 32.68
1620 358.80 304.78 35.65 86.96 5.19
1650 422.48 131.75 50.80 123.90 51.89
1650 477.07 165.65 35.65 86.96 43.66
1650 150.54 186.15 25.23 61.54 29.01
1650 468.08 168.92 25.23 61.54 18.98
1650 322.85 183.69 25.23 61.54 18.08
1650 382.74 174.88 20.00 48.78 3.22
1650 49.24 214.35 35.65 86.96 0.89
1680 406.16 190.49 20.00 48.78 54.01
1680 125.18 147.56 20.00 48.78 37.67
1680 343.10 181.24 50.80 123.90 33.16
1680 179.82 141.71 20.00 48.78 31.31
1680 323.19 175.52 28.28 68.97 27.95
1680 17.04 225.25 80.85 197.19 21.81
1680 475.96 205.21 22.47 54.79 11.75
1710 177.87 141.71 20.00 48.78 47.67
1710 414.27 154.63 40.00 97.56 39.43
1710 482.01 173.26 17.83 43.48 36.21
1710 603.46 139.38 25.23 61.54 36.13
1710 382.88 199.35 17.83 43.48 27.23
1710 322.85 178.77 25.23 61.54 25.72
1710 343.10 181.24 50.80 123.90 19.20
1710 46.67 107.44 114.81 280.01 6.29
1740 4.73 196.44 22.47 54.79 67.35
1740 393.14 166.06 31.71 77.35 63.93
1740 315.85 178.45 31.71 77.35 32.55
1740 193.48 90.98 20.00 48.78 29.66
1740 343.10 181.24 50.80 123.90 18.14
1740 355.73 334.15 40.00 97.56 10.67
1740 177.88 141.64 22.47 54.79 4.43
1770 150.76 148.07 45.20 110.24 34.11
1770 375.60 175.52 28.28 68.97 13.37
1770 210.71 208.04 17.83 43.48 10.89
1770 428.83 152.48 45.20 110.24 2.52
1800 480.38 183.69 25.23 61.54 65.87
1800 45.76 228.26 35.65 86.96 58.58
1800 404.08 188.62 25.23 61.54 41.78
1800 469.40 172.76 28.28 68.97 22.95
1800 330.06 190.49 20.00 48.78 19.53
1800 541.55 169.16 31.71 77.35 17.61
1800 38.53 274.13 17.83 43.48 12.43
1800 164.00 139.27 45.20 110.24 4.99
1830 150.76 143.67 45.20 110.24 67.30
1830 420.00 139.27 45.20 110.24 49.58
1830 474.91 172.76 28.28 68.97 40.80
1830 5.49 221.96 17.83 43.48 30.14
