30 427.65045166 168.894439697 26.8408813477 57.4594421387 0.991391539574
30 119.466323853 185.039398193 17.8957519531 39.2528076172 0.952485024929
60 462.820770264 161.203872681 33.1052246094 67.1384887695 0.996310651302
60 104.582290649 182.148452759 19.1397247314 37.3381347656 0.980974495411
90 350.143859863 155.301132202 36.4251708984 82.1107788086 0.999438107014
180 498.631652832 197.965682983 15.3960571289 27.8899536133 0.598349392414
210 408.839416504 196.703796387 17.8554077148 31.2727355957 0.97236853838
240 76.4672851562 200.871551514 19.039855957 36.6292419434 0.628701746464
240 403.690338135 190.669784546 17.6748046875 35.3228149414 0.256320387125
240 496.537322998 171.339691162 16.2496032715 73.7610473633 0.182555153966
270 430.986694336 187.871261597 16.061340332 33.2161254883 0.927301228046
270 440.566040039 187.678497314 15.1315917969 34.8127441406 0.164033249021
300 571.055725098 185.999038696 25.7303466797 47.0023498535 0.921975493431
300 453.764373779 186.325759888 16.2178344727 36.0774536133 0.900675237179
300 234.878570557 181.220535278 18.8213500977 32.5842285156 0.749671876431
300 551.134155273 178.747329712 22.6083984375 55.6828918457 0.546108782291
300 27.5206642151 198.433197021 17.009979248 40.3045654297 0.0697466805577
330 485.089630127 184.175872803 17.1643676758 40.8744506836 0.274393469095
360 529.822387695 172.567565918 16.2172851562 48.177520752 0.991719961166
360 539.630493164 169.319641113 16.7493896484 52.0679321289 0.586724162102
390 2.98867988586 181.072052002 18.2380199432 63.3815612793 0.0559657886624
450 593.329650879 169.381149292 27.6206054688 54.0660095215 0.993212580681
450 468.546722412 153.482330322 27.7736206055 63.9193115234 0.428187072277
480 467.334106445 169.727371216 20.9643554688 54.8621520996 0.995535612106
510 506.272125244 158.659210205 25.261505127 67.3360900879 0.997566223145
540 547.79095459 148.361312866 33.6860351562 92.5172729492 0.996002852917
570 531.079406738 146.986816406 30.9344482422 102.732910156 0.998766064644
570 516.899414062 145.369552612 27.408203125 98.2950134277 0.992397367954
600 482.209442139 132.119354248 50.0672912598 130.642211914 0.998600780964
600 461.137115479 134.263259888 38.0068359375 134.358566284 0.996830523014
630 399.483947754 144.432403564 44.0949707031 94.7427062988 0.994786381721
690 149.779449463 142.519210815 55.4922180176 142.261611938 0.999345719814
720 32.1134719849 151.849777222 58.6778182983 146.429641724 0.999565184116
870 430.406768799 170.932800293 30.7436523438 70.1400146484 0.536356449127
900 437.797576904 169.797622681 25.3186035156 68.3699035645 0.658561885357
960 119.766181946 163.350219727 56.8517990112 136.447967529 0.998624444008
990 413.039489746 156.395599365 56.8631591797 117.187164307 0.983432233334
1020 529.474975586 164.647689819 51.9927978516 118.782302856 0.999466717243
1050 618.635131836 160.214294434 20.3648681641 76.3579406738 0.994701504707
1080 437.345489502 184.668624878 15.1493530273 38.1462402344 0.502898335457
1110 433.608276367 177.086380005 15.8423461914 35.0475769043 0.146254360676
1140 460.118041992 168.825546265 17.4688110352 49.1093444824 0.941262841225
1140 468.504760742 179.650161743 18.1661987305 43.5137939453 0.172148928046
1170 449.543945312 172.139678955 14.7694702148 40.6914672852 0.374875575304
1170 457.541931152 170.324172974 16.4961547852 45.750213623 0.312835335732
1230 616.543579102 161.957809448 21.9851074219 81.8949890137 0.876107156277
1260 592.864501953 167.817489624 27.6641845703 80.2584838867 0.998323738575
1290 575.155761719 170.311462402 28.2940673828 73.3660583496 0.998102247715
1290 434.493530273 176.258117676 18.2782592773 42.5912780762 0.715399086475
1320 563.675170898 167.231430054 25.01171875 75.9940490723 0.997585535049
1350 590.294372559 168.684646606 24.9008789062 70.9920654297 0.997246623039
1350 558.677612305 173.984771729 25.2083740234 65.4697265625 0.992492496967
1350 491.58694458 182.915054321 15.8040161133 38.111907959 0.404397338629
1380 549.352478027 168.206512451 27.70703125 72.0001525879 0.996103048325
1380 577.704833984 172.539535522 23.6171875 65.6145324707 0.995681524277
1380 569.300109863 175.058959961 17.2784423828 60.8991088867 0.128108456731
1410 540.72442627 169.864135742 27.2746582031 68.8604736328 0.995902955532
1410 565.421630859 171.564346313 23.9422607422 62.7527160645 0.99143242836
1410 493.824401855 171.880249023 17.7754516602 52.1528625488 0.957210958004
1440 558.183959961 173.541900635 21.4284667969 56.5915222168 0.997303962708
1440 539.612792969 173.707931519 25.47265625 59.9476013184 0.989553928375
1440 506.214569092 173.378799438 16.7873840332 55.1295471191 0.0565719529986
1470 525.684814453 169.440048218 22.7086181641 61.4442138672 0.995744407177
1470 540.213500977 172.884521484 16.3724365234 64.8692932129 0.820251643658
1470 549.491882324 172.013580322 17.8090820312 64.3671569824 0.349612891674
1470 505.286407471 169.515319824 18.6511535645 59.2817382812 0.112654641271
1500 398.871612549 184.922576904 29.6442260742 46.5824584961 0.904125154018
1590 594.011474609 178.254852295 26.9946289062 80.4592285156 0.960512161255
1650 125.090629578 186.354232788 14.8734207153 36.295135498 0.0548403151333
1710 146.953308105 188.943389893 16.0125732422 36.2670288086 0.802978932858
1740 112.074249268 199.258834839 15.8212738037 36.4983520508 0.974197626114
1770 113.773139954 198.442077637 16.3534164429 38.2260437012 0.988581955433
1800 105.33518219 198.602401733 16.2138824463 38.1420898438 0.885172426701
1800 116.639808655 195.679367065 14.5956192017 38.7504577637 0.38739079237
1830 564.452453613 181.558258057 18.50390625 54.411895752 0.940138936043
1830 80.3502578735 199.053497314 16.5373535156 43.285949707 0.701811015606
1830 98.6204528809 199.02532959 18.9881744385 43.2763671875 0.286581546068
