240 15.4210700989 120.691665649 114.446777344 264.992553711 0.999705374241
240 54.3875389099 169.304138184 43.155002594 117.016967773 0.0611617863178
270 213.961730957 127.623931885 122.963989258 256.248474121 0.999680042267
300 405.266845703 114.815063477 126.282287598 274.217712402 0.999803364277
300 2.70239257812 151.654541016 102.034729004 204.20123291 0.998765349388
300 161.556350708 184.764770508 16.3939208984 34.7631530762 0.554083704948
330 151.329879761 147.796569824 98.9360351562 208.261260986 0.999319553375
330 514.949645996 123.581451416 97.1488037109 222.627685547 0.99917858839
360 290.516876221 146.992401123 90.5269165039 203.539093018 0.999136269093
360 575.534912109 114.144943237 63.4650878906 219.558547974 0.998150765896
360 540.473327637 230.552947998 51.8006591797 97.7072143555 0.97943097353
390 433.98538208 151.018951416 80.244354248 204.798706055 0.999388575554
390 594.636657715 229.246734619 41.1994628906 92.9573364258 0.397692888975
420 583.278808594 115.765411377 55.7211914062 243.262664795 0.998679578304
450 2.63689994812 184.132446289 33.9697113037 91.5962219238 0.857179522514
630 172.569885254 199.417922974 23.115447998 36.373626709 0.993556916714
690 537.518737793 187.379379272 23.9360351562 55.6635742188 0.388095498085
810 114.330741882 194.559463501 16.5201950073 28.2229003906 0.78813457489
990 442.565948486 177.399337769 24.6141967773 54.8587036133 0.982113063335
1020 466.165252686 155.899536133 26.4453735352 86.3466186523 0.753636837006
1050 487.765777588 144.625366211 31.9728088379 97.0037536621 0.998170733452
1080 500.630279541 139.940155029 41.5221862793 117.022613525 0.559392094612
1110 425.60848999 137.399429321 66.4172973633 144.201705933 0.997536897659
1110 623.215698242 204.985305786 15.7843017578 47.3666381836 0.0509389936924
1140 297.468780518 127.888015747 83.1730957031 193.657516479 0.998079419136
1170 120.90007019 125.31388092 115.350769043 211.818359375 0.99896645546
1200 3.3094959259 125.547454834 52.1738815308 226.615386963 0.970063984394
1770 97.9018249512 197.733947754 36.0860290527 60.0147094727 0.933991134167
