90 435.39654541 187.438415527 21.6137695312 39.9685974121 0.213013216853
120 597.40020752 170.857208252 27.6583251953 77.6061706543 0.965619087219
120 59.5143508911 189.136627197 22.4424743652 48.4917297363 0.912935256958
120 442.225830078 175.54725647 22.082824707 50.0883178711 0.1328202039
120 492.096282959 178.992385864 23.3009338379 50.0218811035 0.0593571215868
150 480.131378174 166.553466797 20.7442626953 51.2211914062 0.995746672153
150 18.5542964935 199.184890747 17.6849308014 40.2492675781 0.993693470955
150 561.730834961 172.722381592 22.6236572266 57.4044494629 0.956226527691
150 433.237945557 149.151733398 22.7716064453 62.8681030273 0.8927333951
150 589.001586914 177.553100586 22.04296875 64.174987793 0.283036798239
180 512.142944336 166.414230347 21.3249511719 47.1939697266 0.997213900089
180 314.355133057 176.600250244 36.6546020508 54.5410766602 0.905132591724
210 552.535217285 162.361587524 31.1357421875 49.1116027832 0.653897106647
480 454.397216797 184.592468262 17.2308959961 32.4282531738 0.994282722473
510 514.11315918 186.615234375 17.0310058594 38.9957580566 0.994445562363
510 501.051361084 176.083908081 23.3857116699 43.4265441895 0.112145394087
540 562.42578125 181.98223877 27.3817138672 53.8438110352 0.997422337532
660 85.0224380493 185.298721313 25.9022369385 41.00390625 0.993958234787
690 43.5594902039 174.83972168 23.4444313049 46.7241821289 0.990956842899
690 618.881713867 191.5572052 18.4017333984 43.4613647461 0.98762601614
690 496.604370117 184.98097229 21.0477905273 38.348815918 0.379337131977
720 527.329956055 185.493499756 34.7912597656 60.026184082 0.967258810997
780 349.203796387 169.924865723 15.4235839844 32.5466003418 0.820429205894
780 43.2621192932 174.776031494 14.9632034302 35.2202148438 0.050137732178
810 1.22961044312 182.024993896 14.4363975525 47.2870178223 0.0668545886874
840 400.737365723 165.723571777 16.5017089844 41.5137634277 0.964629709721
840 35.1138305664 176.753005981 17.8755340576 34.1786193848 0.897550284863
870 173.549118042 154.340515137 23.9013671875 49.0095214844 0.471074581146
870 403.1668396 158.879379272 21.4240112305 44.3563537598 0.0517139993608
900 619.685668945 157.421905518 19.15234375 48.073059082 0.971543192863
900 431.992553711 163.362197876 15.7426757812 38.918762207 0.658274829388
930 463.712524414 167.996658325 18.088684082 34.5260925293 0.86690813303
960 89.2481918335 165.960342407 17.1972808838 36.0309143066 0.615386068821
990 77.3816070557 170.137741089 17.6108093262 38.4409790039 0.193717449903
1050 77.2217330933 186.1746521 19.6011047363 36.0735168457 0.970425248146
1050 427.861633301 182.798034668 24.2717285156 47.7084960938 0.847062408924
1080 188.212738037 182.717041016 18.0926818848 38.2792358398 0.216791525483
1110 193.038864136 182.576965332 16.6916809082 40.815826416 0.413964301348
1110 184.609161377 185.840301514 15.4278564453 39.5893859863 0.156707942486
1140 431.57119751 187.329666138 22.8245239258 42.0489501953 0.934153497219
1140 180.525787354 184.127685547 17.0767822266 40.112487793 0.252570986748
1140 290.011474609 177.403793335 17.4262084961 42.0375976562 0.0537927336991
1200 148.960571289 194.588363647 21.4755859375 39.9003295898 0.780201077461
1230 226.798858643 181.121444702 49.5163269043 66.2544555664 0.769524514675
1230 428.052093506 188.622375488 22.1687011719 45.217376709 0.10269934684
1260 285.069274902 184.371765137 40.2087402344 68.5731201172 0.668686270714
1290 308.431640625 189.285903931 39.1022338867 50.1588745117 0.988581597805
1290 449.556854248 190.546585083 24.1272583008 46.7703857422 0.132841303945
1290 427.106811523 188.571456909 20.8735351562 46.4874572754 0.0750923901796
1320 429.102844238 186.865234375 24.5317993164 51.8198852539 0.966807961464
1320 312.481872559 180.430664062 35.0908203125 55.5949401855 0.795427918434
1350 432.357513428 196.291946411 21.7326660156 45.3955383301 0.877884149551
1380 466.705596924 194.226242065 24.4592895508 58.1672363281 0.945953190327
1380 321.607055664 187.187988281 31.5900878906 40.3047485352 0.0820815488696
1410 329.070220947 198.523193359 21.6257324219 27.8533325195 0.99515414238
1410 117.431015015 195.151931763 19.1612701416 39.7828674316 0.769357025623
1440 328.197113037 186.569824219 24.6531982422 29.4773254395 0.467029541731
1440 561.617553711 197.293212891 19.1256103516 46.9128417969 0.429886430502
1500 93.1956558228 180.180297852 17.1524810791 38.8091430664 0.437357336283
1500 219.658187866 172.340515137 16.9757995605 32.9473876953 0.0516566112638
1530 568.279174805 169.027008057 23.6463623047 62.8315734863 0.967354059219
1620 138.795944214 166.354003906 16.0905761719 39.756439209 0.923666596413
1620 155.808944702 168.447937012 15.7575378418 35.1390991211 0.262022405863
1650 115.041702271 167.924133301 18.3704223633 38.0662231445 0.996922433376
1680 480.279174805 163.895263672 18.583984375 50.693939209 0.661403477192
1680 335.099029541 164.922225952 16.7575073242 21.4423828125 0.459122091532
1680 596.645874023 148.42237854 26.0399169922 62.3866882324 0.074728526175
1710 134.316299438 165.735122681 25.6958007812 48.3115539551 0.686751663685
1740 345.323425293 176.295944214 16.0114135742 28.4980773926 0.953984856606
1740 364.667358398 177.50553894 14.9987182617 25.7216491699 0.647539615631
1800 330.130950928 183.946182251 18.0646362305 31.1096191406 0.056383099407
1830 331.810241699 178.834564209 24.078125 52.0737915039 0.99110865593
1830 513.317443848 169.084274292 25.2698974609 57.0090026855 0.0540886260569
