30 61.9736061096 175.271606445 31.2695274353 61.8069152832 0.947771906853
60 183.001403809 185.557098389 22.6235046387 53.847442627 0.997530996799
60 107.877891541 189.518920898 24.0763473511 54.229675293 0.992626607418
60 566.076416016 188.901290894 25.1971435547 43.8078613281 0.821236908436
60 38.512878418 184.729400635 25.9939117432 56.4291687012 0.52169239521
120 109.829536438 173.919036865 24.4863052368 66.5050048828 0.995923519135
120 38.8121337891 178.84072876 27.4288330078 70.859161377 0.517624080181
150 144.900192261 181.823913574 22.8480224609 61.5513916016 0.99441999197
150 95.7634658813 182.455886841 26.9311065674 70.0372009277 0.992932200432
180 98.1351699829 177.072189331 28.0892486572 69.3250732422 0.994475662708
180 35.6283187866 180.829498291 23.4963989258 65.3562316895 0.99179828167
180 134.113265991 182.891296387 24.4855957031 61.5605773926 0.965529620647
210 33.2901725769 182.024795532 27.0491638184 64.7522277832 0.991589844227
210 96.7304992676 186.003326416 23.8176269531 64.0320739746 0.938858866692
210 110.774620056 179.843170166 19.9979629517 70.2514038086 0.485416054726
240 30.0260047913 180.943756104 29.3760375977 66.4476928711 0.944941341877
240 88.5114135742 183.576934814 30.3383636475 70.328918457 0.623724758625
270 93.6986694336 186.762908936 26.498260498 69.391998291 0.925507366657
270 29.7291946411 183.706039429 26.7895584106 66.7809753418 0.8952652812
270 112.906028748 189.754516602 22.0621871948 58.161529541 0.0987163707614
300 87.8527679443 182.731246948 27.9754180908 71.8798522949 0.992524325848
300 24.6514205933 178.775756836 29.0046081543 73.7570800781 0.982235789299
300 124.253486633 189.563644409 24.9927444458 59.5971679688 0.459512382746
330 70.77003479 183.876647949 28.0001831055 75.3119506836 0.991394102573
330 120.475456238 180.659057617 29.5516891479 78.1649475098 0.987158894539
330 8.71550369263 179.816223145 27.7047996521 76.9507751465 0.985340893269
360 98.815322876 188.29574585 28.0690917969 63.5435791016 0.998053312302
360 50.3569793701 178.172683716 39.6463470459 82.8703155518 0.992293596268
360 2.09597015381 183.275909424 20.412147522 67.7964477539 0.159285932779
390 41.5213928223 182.704238892 32.5722122192 82.7454376221 0.997826159
390 75.0762405396 186.157745361 30.0838928223 76.248260498 0.997276365757
420 67.3576278687 177.876342773 27.4818725586 81.2347106934 0.998343348503
420 26.9606590271 176.679443359 28.6940002441 80.9975585938 0.792510509491
450 4.18918800354 180.02545166 37.4359283447 88.6555786133 0.99858802557
450 47.0686798096 176.494781494 31.1934432983 80.0229797363 0.995833516121
480 1.56529521942 182.268798828 19.3706512451 83.612121582 0.997507452965
480 32.0942840576 176.319458008 26.4834899902 78.2021179199 0.996938705444
480 10.0732460022 222.392608643 18.1152000427 39.1210327148 0.93963187933
480 14.7437925339 171.330123901 30.6567077637 87.8806304932 0.0829692259431
540 17.6689815521 169.722625732 28.878900528 82.2726135254 0.999079108238
570 15.9455480576 174.277175903 29.17137146 81.4903869629 0.998778402805
630 56.3449363708 131.65852356 45.0096168518 103.161376953 0.656262934208
750 1.4382686615 179.982788086 18.8284988403 60.9237060547 0.0892679616809
930 0.0 172.116638184 27.3623199463 94.977722168 0.993508934975
960 1.35562705994 182.771636963 24.5753974915 90.4420776367 0.965964972973
990 0.0 178.004241943 26.3108787537 88.2545166016 0.974772810936
1020 1.94350242615 189.193634033 23.4743213654 79.3065185547 0.973092913628
1050 83.6871643066 183.12361145 33.2038421631 93.1838226318 0.999567568302
1080 7.14170837402 185.266387939 47.7348632812 124.884307861 0.999443948269
1080 178.086715698 175.297393799 47.0089416504 126.696044922 0.998504519463
1080 368.758972168 176.616256714 38.8690185547 107.75227356 0.998406589031
1080 118.623802185 177.699768066 49.6914138794 131.182525635 0.992180585861
1110 291.144592285 170.399841309 69.110168457 156.294921875 0.99945551157
1110 522.93536377 159.092880249 60.5424804688 156.26399231 0.998453021049
1110 442.942474365 161.253387451 56.2792358398 165.308349609 0.902788996696
1230 412.505126953 142.656982422 23.7647094727 69.234161377 0.0762220099568
1260 477.543518066 127.988601685 40.8004760742 75.1077880859 0.624112486839
1320 542.376342773 138.985488892 28.8586425781 60.7462158203 0.925680339336
1350 534.608642578 133.158691406 28.6997070312 69.1177368164 0.996343314648
1380 512.510742188 149.185379028 31.2042236328 74.4344177246 0.99880027771
1410 492.60736084 160.331115723 28.6356811523 65.058013916 0.997404277325
1470 466.284210205 152.338180542 25.6295776367 72.9680786133 0.991968333721
1620 2.80059432983 176.911376953 22.2910251617 81.2550048828 0.0975855216384
1680 142.336578369 213.150741577 16.5559082031 32.2736206055 0.417928338051
1710 449.043792725 188.623138428 20.292175293 53.5077514648 0.273028552532
1740 415.98614502 196.869934082 21.1219482422 57.8541259766 0.989876568317
1770 290.840484619 200.127044678 23.807800293 55.6375732422 0.595197021961
1800 74.1405029297 208.836975098 19.5922851562 60.8032836914 0.964013576508
