30 518.552734375 164.174224854 29.1923828125 64.7095947266 0.999157071114
30 470.501708984 172.38243103 34.1787109375 67.6403808594 0.997901678085
30 73.3881225586 210.346496582 26.412322998 45.9577026367 0.982678353786
60 519.261779785 168.217926025 37.4182128906 72.2770385742 0.998999297619
60 122.233398438 185.791931152 27.537322998 71.2985534668 0.997563242912
60 457.134155273 174.982635498 24.3908691406 50.3031005859 0.984227776527
60 441.096313477 170.702468872 18.5855102539 54.7753601074 0.072975076735
90 578.359436035 174.797973633 30.8221435547 75.0268554688 0.999235272408
90 541.781677246 169.474945068 32.5325927734 72.3229980469 0.998655319214
90 459.892944336 182.41506958 21.0097045898 47.2678222656 0.997233211994
90 4.50357627869 209.84513855 17.0322170258 34.3376159668 0.990227222443
90 285.547912598 168.635467529 27.7953491211 75.3519897461 0.96964609623
90 179.089706421 177.992202759 26.7249145508 67.471496582 0.291742891073
120 546.162902832 175.858856201 34.9051513672 75.5975646973 0.998744368553
120 455.98727417 185.637939453 23.8098754883 53.0526428223 0.997684121132
120 225.872451782 183.089782715 50.8898468018 85.4152832031 0.98167014122
120 4.29075813293 213.066482544 14.9204540253 33.4278564453 0.968712985516
150 285.891174316 178.067062378 47.8837890625 86.1313018799 0.99901843071
150 560.911132812 169.080474854 38.1058349609 82.3616638184 0.998925745487
150 454.614837646 185.05418396 27.0997314453 58.1493225098 0.997306466103
180 351.705291748 179.065368652 43.4857788086 87.8063964844 0.99775415659
180 581.89855957 169.006362915 37.8919677734 88.3622894287 0.997392296791
180 459.075134277 186.63343811 27.8515625 59.8651123047 0.995656132698
180 0.808389663696 215.373687744 15.9631977081 35.2755432129 0.260268360376
210 592.054504395 173.018814087 38.4364013672 91.8473968506 0.998083472252
210 460.708343506 187.166473389 29.2768554688 62.0229797363 0.997989535332
210 420.379150391 188.407516479 34.8713989258 76.8173370361 0.74041223526
240 594.863525391 177.858428955 35.7957763672 88.3226013184 0.998633801937
240 483.65435791 175.624847412 31.4822387695 88.6118164062 0.998316049576
240 462.089447021 183.357467651 29.7802124023 63.2536315918 0.997011303902
300 595.461364746 178.028808594 36.4841308594 83.2900085449 0.999356925488
300 469.21496582 184.66734314 34.1973266602 67.8371887207 0.998500585556
330 477.126525879 184.136962891 33.5670166016 70.0534667969 0.999367058277
330 602.241821289 178.483032227 34.1193847656 81.8774108887 0.998726427555
330 334.337219238 209.924972534 18.3494262695 33.822479248 0.372299462557
360 487.733032227 183.677322388 33.0263671875 68.8924865723 0.998438775539
360 600.061584473 176.609542847 37.0397949219 87.8673248291 0.998035132885
390 67.6906433105 209.065093994 20.7566680908 40.8923339844 0.413914829493
390 607.385742188 169.170715332 29.1719970703 60.075378418 0.105525046587
420 509.22946167 179.898178101 35.5456237793 80.8561553955 0.998992860317
420 605.965881348 176.443252563 25.4689941406 85.7699432373 0.998722016811
420 591.230834961 173.027511597 25.5393066406 92.2434539795 0.0782401934266
450 518.706787109 173.454162598 37.8033447266 91.242767334 0.998748660088
450 599.484619141 176.735946655 37.4027099609 87.8880767822 0.998296558857
510 588.857177734 173.710998535 33.5948486328 95.2976379395 0.998970150948
510 543.58380127 174.933654785 45.6951904297 102.485748291 0.998094022274
510 389.113983154 190.554733276 22.8178100586 51.7606201172 0.827327847481
540 580.486938477 183.083618164 33.416015625 90.0224609375 0.999054372311
540 539.543395996 176.285476685 42.9445800781 104.617294312 0.993939042091
540 318.286346436 198.673065186 22.0234985352 43.9863891602 0.889232993126
570 578.695983887 177.360046387 40.7767333984 100.322631836 0.997883141041
570 544.854797363 181.949127197 41.5549316406 96.631072998 0.990564584732
600 311.713806152 210.153594971 21.2575683594 39.7649841309 0.974459946156
600 552.268676758 177.734039307 29.0322265625 82.9018249512 0.160754531622
630 551.234863281 182.464233398 39.6851806641 94.8397827148 0.998463988304
630 573.29486084 177.662185669 39.0891113281 95.0940093994 0.989600419998
630 302.97567749 206.504898071 19.6220092773 40.0451965332 0.355149239302
660 541.450744629 183.271682739 42.7973632812 96.5004730225 0.998698115349
660 568.746032715 176.945663452 36.1323242188 98.3866424561 0.996381402016
690 545.206420898 180.399871826 42.7965087891 110.543060303 0.998536944389
690 578.268798828 185.562164307 33.421875 90.4268493652 0.998076319695
690 282.887695312 205.560974121 22.817199707 35.2337646484 0.216871440411
690 383.85345459 191.480392456 23.35546875 44.7556152344 0.0510914996266
720 597.866149902 185.199935913 38.8458251953 109.737594604 0.998694121838
720 546.745666504 172.739379883 56.3819580078 127.75112915 0.996516227722
720 277.19430542 206.545776367 23.8267211914 43.8617248535 0.702329456806
720 373.637695312 195.14553833 20.0614624023 43.6573791504 0.0517471246421
750 553.511535645 166.752807617 62.1104736328 146.069641113 0.998689711094
750 609.515625 177.707748413 27.9719238281 120.563461304 0.993648707867
750 360.835327148 197.124755859 26.1192016602 45.666595459 0.592426419258
780 564.311828613 159.748931885 59.7943115234 165.42489624 0.999296426773
780 595.645935059 179.441864014 27.3250732422 95.744934082 0.249958604574
810 597.371704102 151.402496338 41.6282958984 186.175689697 0.999362766743
840 620.547912598 199.806304932 18.4520874023 77.8434753418 0.330291867256
870 194.304718018 207.35748291 21.1395568848 44.8016052246 0.843698143959
900 609.878601074 169.992980957 28.9136962891 141.724761963 0.999003231525
900 211.300827026 216.146179199 23.2403869629 42.2950439453 0.993374526501
900 187.729507446 199.449920654 21.4724731445 44.7346191406 0.293783009052
900 248.744873047 202.227935791 19.2341308594 41.1790161133 0.283592790365
900 114.925231934 200.227676392 20.2976837158 30.8256225586 0.064189568162
930 546.421691895 167.846282959 65.5357666016 139.860412598 0.999489665031
930 123.062294006 205.396652222 15.9337387085 31.2702941895 0.0534994192421
930 483.209991455 212.819107056 18.8635253906 41.7465820312 0.0522578731179
960 604.663879395 171.975158691 32.2924804688 103.754241943 0.999648213387
960 525.727600098 177.575897217 53.400390625 126.212463379 0.998951673508
990 481.312042236 168.713256836 48.7131652832 126.058349609 0.999506592751
990 590.55255127 173.510375977 38.2572021484 103.879180908 0.998683750629
990 160.232543945 214.144668579 19.5895080566 38.136932373 0.841164588928
990 235.758483887 193.999069214 23.2236022949 51.729888916 0.225055754185
1020 404.478240967 161.30380249 45.4099731445 121.870483398 0.999694943428
1020 81.929397583 197.305740356 26.4857177734 59.1994781494 0.956911504269
1020 184.632568359 189.383895874 25.0856933594 47.591583252 0.167789101601
1020 149.719726562 188.854675293 29.208404541 72.6141967773 0.131126716733
1050 320.613006592 164.105133057 49.1387329102 116.855072021 0.999290823936
1050 106.991279602 188.707778931 36.7182540894 73.2747650146 0.993530094624
1050 614.157287598 175.33782959 24.4562988281 109.108062744 0.984341919422
1050 143.385269165 185.492828369 27.0024414062 58.8691101074 0.867154300213
1050 60.0956268311 201.526885986 23.4324035645 60.6155090332 0.753240823746
1080 272.150085449 168.672454834 44.0176391602 107.401275635 0.999624609947
1080 533.265625 178.434646606 39.6643066406 110.818161011 0.999399662018
1080 86.3561782837 185.424407959 39.4758911133 84.8919067383 0.994477570057
1080 128.847396851 191.758590698 24.2423706055 46.3258666992 0.960328519344
1080 22.6280975342 194.775726318 23.0670928955 55.4929504395 0.657782554626
1080 334.108642578 215.155029297 17.6116333008 36.7294921875 0.228779926896
1110 188.699234009 168.438293457 42.4288330078 104.883331299 0.999663114548
1110 408.731628418 168.5809021 50.1064453125 121.048522949 0.999225139618
1110 39.2221565247 195.927078247 24.4028778076 62.107925415 0.996320366859
1140 89.0569381714 165.653533936 59.030128479 140.62612915 0.997956871986
1200 90.1496582031 162.648803711 34.9202728271 81.1070556641 0.989881932735
1200 244.281158447 181.920547485 23.553894043 47.8284301758 0.142176285386
1230 539.455932617 185.73223877 22.1439208984 47.0217590332 0.996409237385
1230 41.961063385 187.342803955 20.9022979736 44.3913574219 0.9572083354
1260 504.854431152 182.092895508 21.5638427734 47.0605773926 0.962714493275
1290 528.155578613 174.452987671 22.9644775391 58.7389526367 0.967287480831
1290 545.705932617 183.216537476 28.1643066406 53.7863464355 0.964418232441
1290 609.877746582 171.468780518 24.3662109375 63.0521850586 0.961379945278
1290 152.843475342 176.867218018 16.1396484375 36.696472168 0.882160127163
1290 480.86618042 183.887161255 23.7417602539 45.5297241211 0.832964479923
1290 471.731201172 186.836456299 18.73828125 39.0832824707 0.0578875243664
1320 501.682281494 173.850097656 22.021697998 55.1150512695 0.991618454456
1320 458.25 174.176742554 15.5366210938 51.5870056152 0.8293633461
1320 448.523193359 177.607223511 14.3277587891 50.0609436035 0.710310876369
1320 621.271728516 171.295211792 17.7282714844 58.0625915527 0.40256306529
1350 471.709136963 165.182540894 21.1685180664 61.150390625 0.997204244137
1350 568.783691406 157.783172607 29.6755371094 76.8022460938 0.994367182255
1350 549.315063477 160.773208618 27.6800537109 77.3764038086 0.987942755222
1350 414.438751221 173.189163208 16.6209716797 42.1821899414 0.763327002525
1350 492.970611572 167.311401367 20.5461120605 53.756439209 0.059956882149
1380 505.259490967 169.372131348 24.0379943848 65.1573181152 0.996734678745
1380 434.602264404 171.880096436 15.5778198242 40.365234375 0.902704954147
1380 422.395812988 168.978286743 16.2444458008 42.9957885742 0.687964141369
1410 602.641113281 154.680145264 28.7561035156 81.2119445801 0.997906923294
1410 448.529449463 172.508087158 19.0618286133 41.7613830566 0.984916448593
1410 464.074737549 171.972702026 19.7725830078 48.9040527344 0.98383384943
1410 487.800720215 172.260864258 20.4942626953 52.253692627 0.957819461823
1410 577.188354492 157.259109497 26.9401855469 77.8537597656 0.890539050102
1410 563.727233887 158.543930054 25.1829833984 71.0247802734 0.298171043396
1440 470.092315674 171.608795166 20.6878662109 50.4817504883 0.996599733829
1440 572.999267578 160.319915771 32.0153808594 82.1889953613 0.994561970234
1440 522.373901367 169.344467163 22.5300292969 48.2229003906 0.99401640892
1440 437.574066162 168.953567505 18.1223144531 42.2222290039 0.113271474838
1470 531.091796875 160.470977783 28.1639404297 67.384979248 0.995750427246
1470 571.442749023 164.498413086 22.8934326172 55.177154541 0.988081455231
1470 506.318786621 160.953720093 25.2053222656 56.5521850586 0.97982019186
1500 603.12121582 150.713226318 27.2698974609 75.8122558594 0.998083591461
1500 554.436401367 165.617523193 21.8283691406 59.123260498 0.943159401417
1500 621.996887207 153.546447754 14.9931640625 65.2313232422 0.0535611584783
1530 452.554504395 174.759368896 18.8590087891 34.8563537598 0.99606436491
1530 493.28503418 161.152160645 21.1828613281 48.7477416992 0.985754132271
1530 621.268066406 150.687332153 17.7319335938 57.0289611816 0.0535518974066
1560 464.478607178 170.327819824 19.0588989258 39.8082580566 0.99617010355
1560 522.700073242 161.854095459 28.3317871094 65.5788879395 0.994763612747
1590 574.178039551 156.693023682 37.5965576172 86.0346984863 0.999293208122
1590 478.374298096 170.445068359 18.8346557617 44.2827148438 0.997737050056
1590 131.009567261 175.167739868 19.0945129395 40.5410461426 0.286582708359
1620 557.067260742 171.179977417 23.5631103516 54.0601806641 0.996334195137
1680 502.457214355 177.862091064 19.6417236328 48.2733764648 0.995378613472
1680 544.910095215 191.05670166 20.7896728516 40.6443786621 0.95513510704
1710 509.321411133 170.671600342 30.8917236328 73.9453125 0.100739054382
1800 607.241577148 157.467300415 28.8342285156 107.831802368 0.998636186123
1800 570.164611816 125.752716064 47.6008300781 153.79107666 0.996420145035
1800 492.550567627 156.898330688 26.763092041 71.0748291016 0.896782159805
