30 539.768493652 176.413421631 25.4108886719 61.3885192871 0.993454992771
60 485.477539062 185.321044922 17.7419433594 37.6965026855 0.996842741966
60 600.484680176 186.111160278 22.2227783203 54.6320800781 0.987669885159
90 541.230773926 170.347549438 29.3748779297 54.2554321289 0.99815839529
240 376.991119385 175.275634766 20.4750366211 44.2364807129 0.502896606922
300 127.837394714 191.324645996 16.5681533813 36.0935974121 0.90453851223
300 17.8998222351 200.955627441 17.3050041199 39.6315612793 0.245441511273
480 517.169677734 170.189437866 21.7248535156 49.7288513184 0.992503285408
480 534.065673828 166.574905396 20.4061279297 54.9706726074 0.98822593689
480 51.0142364502 185.812973022 17.4097976685 31.0995788574 0.933470368385
480 1.08665084839 173.449645996 17.7611865997 50.1473999023 0.166707098484
510 585.681396484 175.897766113 16.9371337891 37.26953125 0.494015902281
570 521.656555176 168.216995239 27.9897460938 68.1335449219 0.995480418205
570 540.042419434 171.767074585 23.6101074219 64.3558044434 0.987106204033
600 615.806152344 150.368682861 23.1938476562 102.986541748 0.998254954815
1140 88.5260238647 198.466629028 17.0311126709 39.1996459961 0.852854192257
1140 5.45716571808 186.73890686 19.5379295349 57.5603027344 0.362388730049
1230 456.683380127 180.815475464 20.7263183594 38.2505493164 0.875972867012
1260 1.06978702545 202.951965332 17.4682922363 50.6907348633 0.0724118053913
1350 83.1083374023 189.233825684 20.8792877197 48.092376709 0.95734924078
1380 12.4008522034 198.415115356 20.7346038818 50.5394592285 0.980564296246
1410 5.19903993607 185.392440796 15.8017978668 49.3154602051 0.0615719854832
1620 425.309539795 174.936187744 16.2738037109 32.5411071777 0.441535830498
1650 429.911743164 172.691253662 24.7354125977 48.4561462402 0.946949064732
1770 562.014526367 171.365814209 17.3060302734 44.8409423828 0.959275603294
1800 612.29083252 165.905838013 23.4083251953 58.7810974121 0.23495092988
1800 532.258911133 173.895767212 19.8979492188 41.6079406738 0.102224029601
1800 582.116882324 169.105224609 26.0733642578 76.647064209 0.0878986343741
1830 78.85987854 177.858932495 19.9564208984 45.0466003418 0.993180513382
