60 134.307876587 194.918136597 24.3665161133 45.7242431641 0.214249387383
90 132.878845215 197.713363647 21.8719787598 37.8892211914 0.562606811523
180 433.147766113 174.045471191 16.3707885742 36.2559509277 0.362003445625
210 452.402374268 144.991622925 16.0001831055 49.0723571777 0.70069861412
330 436.666442871 141.369979858 19.794128418 50.5390319824 0.893617451191
390 71.8397827148 178.465545654 15.7808532715 33.7153625488 0.689155697823
510 104.251121521 188.375152588 16.3750152588 36.5642700195 0.822161495686
720 477.295440674 135.46963501 21.7421875 49.3289794922 0.155776053667
750 517.14453125 166.082229614 14.3074951172 44.3079833984 0.846080005169
780 517.645812988 166.964065552 17.3664550781 32.0399475098 0.974059164524
810 514.505615234 165.196838379 16.9415283203 33.6567993164 0.993298709393
840 509.757751465 170.668533325 16.1944580078 33.9696960449 0.995110571384
870 503.721191406 176.425201416 15.7968139648 34.1774597168 0.991570115089
870 513.69543457 178.820526123 14.9586181641 31.9672241211 0.780655682087
870 527.762390137 174.545608521 15.6126708984 32.9814453125 0.123936422169
900 500.666564941 179.401550293 16.2526855469 35.0918579102 0.933127045631
930 521.814086914 190.856018066 17.8562011719 31.1098022461 0.976576089859
960 520.661437988 186.530838013 17.9697265625 33.3016052246 0.886103749275
990 522.115112305 186.790084839 18.0905761719 35.0500793457 0.888164520264
1020 520.823547363 188.059020996 15.486328125 36.9190979004 0.601217210293
1050 522.981506348 194.603591919 17.1024169922 31.1457214355 0.816430032253
1110 557.465759277 206.671417236 15.7412109375 32.9620361328 0.979741454124
1200 50.3356590271 204.108108521 18.0497932434 36.8867492676 0.980018317699
1230 575.314147949 193.994415283 19.8337402344 46.7724609375 0.991586923599
1260 622.341430664 180.884231567 16.6585693359 49.6310424805 0.342016667128
1440 0.0 177.808044434 20.3153629303 46.6461791992 0.708334982395
1470 432.410064697 160.570526123 20.0686035156 44.2586669922 0.492664366961
1500 446.449371338 169.072540283 19.9150390625 41.4180908203 0.995278596878
1560 409.4737854 158.893798828 18.1088256836 54.0013427734 0.465936750174
1590 603.087341309 142.918807983 20.4978027344 65.2359619141 0.102934502065
1680 621.176513672 189.390335083 17.2014160156 45.8527526855 0.95477181673
1680 498.665222168 186.336410522 18.7091674805 53.2298583984 0.178993552923
1770 438.400878906 190.409332275 17.9691772461 47.3905944824 0.913630187511
1770 16.0286254883 198.715957642 24.3898696899 69.9567108154 0.466628134251
1770 511.099487305 208.753616333 20.7204589844 44.0049133301 0.0886574164033
1800 485.365386963 191.140625 22.1451416016 50.1650085449 0.991235136986
1800 474.926635742 194.487670898 15.5395507812 43.1113586426 0.587033331394
1800 612.611999512 205.186645508 25.2678222656 48.3077697754 0.402612328529
1830 622.33416748 199.825714111 16.6658325195 49.6976623535 0.40083321929
1830 559.220825195 167.711730957 21.6417236328 75.4281921387 0.125934123993
