30 601.406433105 169.488967896 22.7523193359 66.8704528809 0.978909671307
30 3.7590212822 198.186019897 14.5314254761 46.7552185059 0.499181985855
30 553.653991699 200.213653564 20.5681152344 52.1467285156 0.0570754259825
60 141.605255127 185.046432495 17.502532959 45.4707641602 0.951542913914
60 67.0309753418 195.21282959 15.9925231934 39.9768066406 0.491651535034
60 132.870010376 184.660064697 16.0256958008 40.9588012695 0.208237454295
90 110.566383362 185.459106445 21.6853103638 41.0856323242 0.995412051678
90 602.015930176 196.13470459 36.9840698242 147.43762207 0.115393705666
120 70.407043457 190.217956543 17.1278686523 35.8572387695 0.990954577923
120 79.3487548828 193.383056641 16.9011535645 27.1150512695 0.990954577923
120 469.683837891 188.413665771 30.0307617188 61.1240234375 0.770051181316
150 441.749450684 190.60458374 21.1995239258 44.5555419922 0.994432508945
150 18.2655296326 193.491439819 22.3621368408 43.3187561035 0.852737307549
150 76.1710586548 183.451904297 19.0039825439 39.9573364258 0.844605624676
180 44.0470695496 174.623306274 23.9463691711 56.8734130859 0.995490729809
180 482.356842041 183.640625 21.6988525391 47.0354309082 0.9701846838
180 122.629623413 189.469512939 16.3395080566 37.3106994629 0.397787809372
210 2.36123657227 162.716201782 18.8866920471 68.9714355469 0.986256062984
210 15.7063474655 166.236740112 19.1149330139 63.606628418 0.613518238068
240 65.3416671753 200.985290527 18.4726715088 31.7124633789 0.213729143143
270 584.653259277 178.840438843 31.1917724609 73.8787841797 0.997490286827
300 613.354187012 184.714233398 25.6458129883 67.4791564941 0.998825728893
300 42.1666030884 187.871368408 15.7103424072 37.3245849609 0.0514435209334
330 477.221984863 187.14440918 20.9858398438 39.0160522461 0.957954108715
360 541.842895508 194.605133057 23.8088378906 52.5054321289 0.880139708519
420 495.730102539 175.126373291 20.6343383789 54.0813598633 0.725965499878
420 507.619628906 174.778182983 24.4893798828 57.5498657227 0.581761837006
450 555.104309082 161.824066162 19.9376220703 73.2783813477 0.979212522507
570 128.253097534 184.955383301 16.2527770996 31.575958252 0.918839335442
660 71.8575515747 190.042312622 16.8793334961 34.2586975098 0.756767809391
660 602.028259277 176.259841919 17.3286132812 36.3260803223 0.327190428972
690 0.344792366028 162.064849854 19.6822738647 63.3675537109 0.571027457714
690 51.4824333191 185.026519775 15.7340965271 43.0901489258 0.45132625103
690 62.206413269 193.966552734 15.132522583 35.935546875 0.187549576163
720 26.6694564819 185.366027832 20.9857025146 43.4645690918 0.867229282856
750 487.132202148 169.918777466 19.0633544922 43.3622741699 0.99220252037
750 8.32595443726 175.958694458 21.2933425903 50.2066650391 0.570655286312
780 495.801574707 159.754043579 23.6451416016 51.6000366211 0.935100078583
810 512.891906738 155.752960205 24.6619873047 51.0408630371 0.867395043373
810 607.826416016 155.439697266 25.0111083984 63.6275024414 0.867287993431
810 164.318725586 175.440307617 21.4692382812 50.6699523926 0.461789697409
840 188.416275024 169.017242432 23.9149169922 44.3490600586 0.994415521622
840 514.907531738 157.051422119 21.0599365234 47.7438354492 0.937201976776
870 515.892089844 157.682739258 23.0086669922 51.8851928711 0.397565662861
930 517.694580078 169.60256958 24.7473144531 54.6905517578 0.984246730804
960 193.564193726 200.893371582 16.465057373 31.0241394043 0.900114893913
960 516.712646484 171.00239563 27.5122070312 57.2998352051 0.291518449783
990 521.116271973 173.368469238 23.8818359375 52.6034851074 0.664161384106
1020 519.133300781 178.425018311 24.2142333984 51.8959960938 0.900700628757
1020 451.664672852 189.333374023 19.6942138672 44.7575683594 0.612499833107
1050 480.75 186.478790283 24.0352783203 58.5668945312 0.998692452908
1080 514.243103027 191.770431519 25.3078613281 56.6730957031 0.989405453205
1110 550.090209961 189.426376343 27.0220947266 52.0276184082 0.997453033924
1110 519.463256836 183.036148071 23.7303466797 49.9208374023 0.0896262601018
1140 581.327331543 186.051177979 22.3912353516 57.6284790039 0.993660509586
1140 513.763549805 178.159072876 23.1232910156 56.7938537598 0.950463473797
1170 594.905822754 188.484512329 27.4279785156 55.7835693359 0.995737195015
1170 516.72833252 177.853378296 26.841796875 53.9996643066 0.942858576775
1170 451.326843262 190.81338501 19.5433959961 44.2819519043 0.317412704229
1200 596.48059082 184.350631714 29.6446533203 62.6184997559 0.997875571251
1200 516.664367676 179.238449097 21.7387695312 54.0904846191 0.903927505016
1230 601.416809082 182.267425537 30.6102294922 60.2101745605 0.998345017433
1230 521.359008789 181.830490112 23.0374755859 51.327911377 0.985154688358
1260 600.004577637 187.441513062 29.7600097656 61.2867126465 0.99880874157
1260 519.818054199 173.961853027 24.7829589844 54.117767334 0.967094063759
1290 602.553344727 185.063812256 30.0454101562 61.4499816895 0.998642504215
1290 518.268371582 176.338241577 26.5258789062 52.8876037598 0.811382591724
1320 601.542907715 183.872192383 27.2756347656 64.6943359375 0.998512327671
1320 516.871398926 173.3331604 25.4202880859 52.9876098633 0.954885363579
1350 614.501037598 185.233856201 19.5297851562 65.6377868652 0.982685446739
1350 520.257995605 180.483291626 24.4284667969 54.6884765625 0.904123783112
1380 517.555114746 183.100875854 25.4260253906 57.4690856934 0.519955277443
1410 444.923248291 196.639251709 19.1121826172 51.1325073242 0.328569412231
1410 525.631469727 193.659561157 22.3382568359 45.518157959 0.315583586693
1470 568.831481934 172.471694946 21.3076171875 70.3436584473 0.972998678684
1470 550.580932617 177.599807739 21.5874023438 63.4422302246 0.791315793991
1470 473.402648926 201.820800781 16.6340332031 50.4776916504 0.160502433777
1560 526.236206055 223.436019897 22.9869384766 46.4029388428 0.833476185799
1590 622.584838867 225.466064453 16.4151611328 52.0658569336 0.694651842117
1650 98.6534194946 189.665740967 20.603302002 46.2581176758 0.0928902477026
1680 34.8609886169 202.38999939 13.8717803955 43.8380737305 0.318930059671
1680 61.3822059631 202.803482056 15.146648407 37.318359375 0.0611231103539
